# Depth[km]  Vp[km/s]  Vs[km/s] Rho[g/cm3]    T[K]     g[m/s2]         P[Pa]        
     0.000    3.4274    2.0591    1.6383    273.1500    3.7291              0.0000
    10.808    3.4274    2.0591    1.6383    313.9140    3.7381       66030889.3525
    10.808    4.8208    2.8961    2.3043    313.9140    3.7381       66030889.3525
    26.000    4.8208    2.8961    2.3043    371.2133    3.7424      196880984.8423
    26.000    6.4125    3.8524    3.0651    371.2133    3.7424      196880984.8423
    42.736    6.4125    3.8524    3.0651    434.3402    3.7367      388859653.7924
    42.736    7.8420    4.4857    3.4770    434.3402    3.7367      388859653.7924
    52.706    7.8377    4.4788    3.4774    471.9442    3.7299      518397679.0764
    62.675    7.8330    4.4717    3.4777    509.5483    3.7231      647712724.9626
    72.645    7.8280    4.4645    3.4779    547.1524    3.7164      776802901.2538
    82.615    7.8226    4.4569    3.4780    584.7565    3.7097      905665809.3213
    92.584    7.8171    4.4494    3.4782    622.3606    3.7030     1034300677.0692
   102.554    7.8105    4.4413    3.4781    659.9647    3.6963     1162703450.9327
   112.524    7.8047    4.4335    3.4781    697.5687    3.6896     1290872478.5583
   122.493    7.7987    4.4257    3.4781    735.1728    3.6830     1418810832.5317
   132.463    7.7927    4.4178    3.4780    772.7769    3.6764     1546518719.1330
   142.433    7.7856    4.4095    3.4777    810.3810    3.6699     1673991424.0878
   152.402    7.7795    4.4016    3.4776    847.9851    3.6633     1801228818.7893
   162.372    7.7724    4.3932    3.4772    885.5892    3.6568     1928231392.8562
   172.342    7.7663    4.3852    3.4770    923.1933    3.6504     2054998631.9628
   182.311    7.7591    4.3768    3.4766    960.7973    3.6439     2181530090.5882
   192.281    7.7523    4.3686    3.4762    998.4014    3.6375     2307823588.8549
   202.251    7.7463    4.3606    3.4759   1036.0055    3.6312     2433883328.8219
   212.220    7.7390    4.3522    3.4753   1073.6096    3.6248     2559706004.7767
   222.190    7.7323    4.3440    3.4748   1111.2137    3.6186     2685288632.1002
   232.160    7.7250    4.3355    3.4743   1148.8178    3.6123     2810635109.5835
   242.129    7.7181    4.3271    3.4738   1186.4219    3.6061     2935746968.6670
   252.099    7.7110    4.3188    3.4733   1224.0259    3.5999     3060624984.2963
   262.069    7.7041    4.3106    3.4727   1261.6300    3.5938     3185269963.6336
   272.038    7.6970    4.3022    3.4722   1299.2341    3.5876     3309682911.6891
   282.008    7.6888    4.2934    3.4715   1336.8382    3.5816     3433862802.6480
   291.978    7.6802    4.2844    3.4709   1374.4423    3.5756     3557809606.8191
   301.947    7.6722    4.2756    3.4704   1412.0464    3.5696     3681527976.0216
   311.917    7.6639    4.2666    3.4699   1449.6505    3.5636     3805021123.4794
   321.887    7.6551    4.2576    3.4692   1487.2545    3.5577     3928287556.2536
   331.856    7.6469    4.2487    3.4687   1524.8586    3.5519     4051328618.3765
   341.826    7.6377    4.2395    3.4680   1562.4627    3.5460     4174145439.8886
   351.796    7.6284    4.2301    3.4673   1600.0668    3.5403     4296736216.8858
   361.765    7.6200    4.2211    3.4667   1637.6709    3.5345     4419104298.6839
   371.735    7.6109    4.2119    3.4660   1675.2750    3.5288     4541251530.0428
   381.705    7.6022    4.2027    3.4654   1712.8791    3.5232     4663179385.4526
   391.674    7.5860    4.1908    3.4636   1750.4831    3.5176     4784869446.7267
   401.644    7.5831    4.1838    3.4639   1788.0872    3.5121     4906339732.1715
   411.614    7.5743    4.1746    3.4633   1825.6913    3.5065     5027613207.3198
   421.583    7.5613    4.1638    3.4620   1863.2954    3.5011     5148663125.0577
   431.553    7.5530    4.1548    3.4614   1900.8995    3.4957     5269492391.0315
   441.523    7.5447    4.1457    3.4608   1938.5036    3.4903     5390115302.8345
   464.447    7.5731    4.1530    3.4688   1942.6744    3.4781     5667343921.1385
   487.370    7.6011    4.1603    3.4768   1946.7821    3.4660     5944237406.1751
   510.294    7.6404    4.1721    3.4863   1951.9785    3.4539     6220859406.5555
   533.218    7.6698    4.1801    3.4944   1956.1951    3.4419     6497216249.3770
   556.142    7.6991    4.1880    3.5025   1960.4825    3.4300     6773250575.1567
   579.066    7.7274    4.1957    3.5103   1964.4573    3.4183     7048956602.3774
   601.990    7.7547    4.2030    3.5180   1968.4071    3.4066     7324324507.4158
   624.914    7.7812    4.2100    3.5255   1972.2368    3.3951     7599348463.8678
   647.837    7.8091    4.2178    3.5333   1976.1864    3.3836     7874034112.7991
   670.761    7.8351    4.2247    3.5407   1979.8673    3.3724     8148382181.6916
   693.685    7.8607    4.2315    3.5480   1983.4990    3.3612     8422385841.8244
   716.609    7.8858    4.2381    3.5553   1987.1178    3.3503     8696049744.5848
   739.533    7.9112    4.2450    3.5625   1990.6250    3.3395     8969378080.5458
   762.457    7.9362    4.2517    3.5697   1994.0929    3.3288     9242376054.4596
   785.381    7.9610    4.2584    3.5769   1997.5510    3.3184     9515051976.0207
   808.305    7.9850    4.2647    3.5839   2000.8600    3.3081     9787410415.7465
   831.228    8.0095    4.2713    3.5909   2004.2327    3.2981    10059461357.8251
   854.152    8.0332    4.2777    3.5979   2007.4007    3.2883    10331215841.4046
   877.076    8.0575    4.2843    3.6049   2010.6847    3.2787    10602687508.9813
   900.000    8.0822    4.2913    3.6120   2013.9669    3.2693    10873899394.9485
   916.577    8.1000    4.2963    3.6172   2016.3033    3.2627    11069789133.8352
   933.153    8.1172    4.3011    3.6223   2018.5054    3.2562    11265558804.8465
   949.730    8.1344    4.3059    3.6273   2020.7135    3.2499    11461212775.6595
   966.306    8.1514    4.3107    3.6323   2022.9015    3.2437    11656756844.6477
   982.883    8.1702    4.3164    3.6378   2025.2065    3.2376    11852210548.1089
   999.459    8.1879    4.3216    3.6431   2027.3888    3.2317    12047589870.8742
  1016.036    8.2035    4.3256    3.6478   2029.5214    3.2260    12242878820.0210
  1032.612    8.2214    4.3309    3.6531   2031.5709    3.2204    12438088268.1456
  1049.189    8.2370    4.3350    3.6577   2033.6295    3.2150    12633227180.2512
  1065.765    8.2529    4.3392    3.6625   2035.6666    3.2098    12828288374.3028
  1082.342    8.3334    4.3879    3.6840   2044.1544    3.2046    13023731858.0028
  1098.918    8.4473    4.4592    3.7142   2054.8113    3.1994    13220235276.5696
  1115.495    8.5813    4.5443    3.7492   2068.1348    3.1939    13418144341.4671
  1132.071    8.6063    4.5548    3.7563   2072.2602    3.1885    13616830819.8577
  1148.648    8.6224    4.5590    3.7612   2074.8336    3.1832    13815495569.1740
  1165.224    8.6377    4.5628    3.7660   2077.0521    3.1781    14014086279.4121
  1181.801    8.6530    4.5669    3.7707   2079.2098    3.1732    14212608048.5619
  1198.378    8.6685    4.5710    3.7755   2081.3586    3.1685    14411073908.5169
  1214.954    8.6837    4.5750    3.7802   2083.4946    3.1641    14609497988.4337
  1231.531    8.7030    4.5836    3.7850   2089.0415    3.1599    14807895360.9678
  1248.107    8.7392    4.6106    3.7902   2094.7305    3.1559    15006292293.1893
  1264.684    8.7742    4.6358    3.7961   2099.6738    3.1522    15204729103.9486
  1281.260    8.8227    4.6750    3.8026   2103.0185    3.1488    15403254359.5662
  1297.837    8.8603    4.6927    3.8115   2108.1717    3.1455    15601965059.8819
  1314.413    8.8991    4.7110    3.8211   2113.5849    3.1425    15800954865.4426
  1330.990    8.9381    4.7295    3.8310   2118.7160    3.1397    16000260274.5172
  1347.566    8.9774    4.7482    3.8414   2123.9453    3.1371    16199915008.2779
  1364.143    9.0159    4.7663    3.8519   2129.3644    3.1347    16399947980.0876
  1380.719    9.0524    4.7838    3.8618   2134.6999    3.1326    16600361965.1666
  1397.296    9.0762    4.7912    3.8707   2137.1819    3.1308    16801129935.7385
  1413.872    9.0919    4.7946    3.8770   2139.2125    3.1292    17002172839.9414
  1430.449    9.1086    4.7982    3.8840   2141.2421    3.1280    17203459854.0143
  1447.025    9.1257    4.8014    3.8915   2143.2456    3.1271    17405044711.5755
  1463.602    9.1432    4.8048    3.8994   2145.2560    3.1265    17606971888.4820
  1480.179    9.1854    4.8215    3.9191   2155.5344    3.1262    17809577134.6916
  1496.755    9.2351    4.8472    3.9386   2161.2753    3.1261    18013178633.8535
  1513.332    9.2626    4.8614    3.9478   2166.4728    3.1263    18217515939.4540
  1529.908    9.2879    4.8736    3.9565   2171.9964    3.1268    18422328387.2723
  1546.485    9.3128    4.8862    3.9649   2177.0236    3.1278    18627621021.2439
  1546.485    4.9912    0.0000    4.0281         nan    3.1278    18627621021.2439
  1565.017    5.0068    0.0000    4.0344         nan    3.1283    18861299057.2590
  1583.550    5.0224    0.0000    4.0406         nan    3.1295    19095381949.9191
  1602.083    5.0381    0.0000    4.0469         nan    3.1312    19329912220.3867
  1620.616    5.0533    0.0000    4.0530         nan    3.1335    19564929613.6324
  1639.149    5.0682    0.0000    4.0589         nan    3.1365    19800472512.2396
  1657.682    5.0830    0.0000    4.0649         nan    3.1402    20036586704.1008
  1676.214    5.0978    0.0000    4.0708         nan    3.1446    20273323036.9020
  1694.747    5.1119    0.0000    4.0765         nan    3.1497    20510727879.2303
  1713.280    5.1261    0.0000    4.0822         nan    3.1556    20748851664.4759
  1713.280    5.1620    0.0000    6.4942         nan    3.1556    20748851664.4759
  1771.081    5.2410    0.0000    6.5375         nan    3.0578    21937337531.8938
  1828.881    5.3155    0.0000    6.5784         nan    2.9586    23096401804.1647
  1886.682    5.3859    0.0000    6.6171         nan    2.8583    24224696497.2160
  1944.483    5.4524    0.0000    6.6538         nan    2.7568    25320951763.7311
  2002.284    5.5151    0.0000    6.6885         nan    2.6543    26383970472.3531
  2060.084    5.5743    0.0000    6.7213         nan    2.5507    27412623616.8003
  2117.885    5.6302    0.0000    6.7523         nan    2.4462    28405846404.0730
  2175.686    5.6829    0.0000    6.7815         nan    2.3408    29362634906.1070
  2233.486    5.7324    0.0000    6.8091         nan    2.2346    30282043177.0935
  2291.287    5.7790    0.0000    6.8350         nan    2.1275    31163180766.5670
  2349.088    5.8227    0.0000    6.8594         nan    2.0198    32005210573.7697
  2406.888    5.8636    0.0000    6.8823         nan    1.9113    32807347002.6697
  2464.689    5.9018    0.0000    6.9036         nan    1.8022    33568854386.1392
  2522.490    5.9374    0.0000    6.9236         nan    1.6925    34289045663.4720
  2580.290    5.9705    0.0000    6.9421         nan    1.5823    34967281307.3601
  2638.091    6.0010    0.0000    6.9592         nan    1.4715    35602968517.8426
  2695.892    6.0291    0.0000    6.9749         nan    1.3603    36195560725.8892
  2753.692    6.0548    0.0000    6.9893         nan    1.2487    36744557497.1118
  2811.493    6.0781    0.0000    7.0024         nan    1.1368    37249505008.6568
  2869.294    6.0991    0.0000    7.0142         nan    1.0245    37709997429.0487
  2927.095    6.1178    0.0000    7.0247         nan    0.9121    38125679852.8387
  2984.895    6.1342    0.0000    7.0340         nan    0.7995    38496254140.2595
  3042.696    6.1484    0.0000    7.0419         nan    0.6870    38821490667.7643
  3100.497    6.1604    0.0000    7.0487         nan    0.5749    39101253311.7688
  3158.297    6.1701    0.0000    7.0542         nan    0.4638    39335557750.7713
  3216.098    6.1777    0.0000    7.0585         nan    0.3558    39524727713.1595
  3273.899    6.1831    0.0000    7.0615         nan    0.2586    39669910481.9116
  3331.699    6.1864    0.0000    7.0633         nan    0.2355    39775471649.2504
  3389.500    6.1875    0.0000    7.0639         nan    0.0000    39871622538.5440
