# Depth[km]  Vp[km/s]  Vs[km/s] Rho[g/cm3]    T[K]     g[m/s2]         P[Pa]        
     0.000    3.5738    2.1510    1.7575    273.1500    3.7291              0.0000
    10.350    3.5738    2.1510    1.7575    313.7045    3.7367       67832443.2594
    10.350    4.7437    2.8552    2.3328    313.7045    3.7367       67832443.2594
    27.917    4.7437    2.8552    2.3328    382.5461    3.7413      220969116.8235
    27.917    6.5231    3.9262    3.2079    382.5461    3.7413      220969116.8235
    47.051    6.5231    3.9262    3.2079    457.5255    3.7324      450602684.6978
    47.051    7.8368    4.4808    3.4765    457.5255    3.7324      450602684.6978
    57.171    7.8315    4.4732    3.4767    497.1801    3.7255      581914731.1979
    67.290    7.8257    4.4655    3.4769    536.8347    3.7187      712990254.6673
    77.409    7.8197    4.4575    3.4769    576.4892    3.7118      843826864.6614
    87.529    7.8132    4.4493    3.4769    616.1438    3.7050      974422871.2654
    97.648    7.8058    4.4407    3.4766    655.7984    3.6982     1104774049.9305
   107.767    7.7990    4.4323    3.4765    695.4530    3.6915     1234879270.4841
   117.887    7.7922    4.4239    3.4763    735.1076    3.6848     1364741197.7966
   128.006    7.7843    4.4150    3.4759    774.7621    3.6781     1494356210.2961
   138.125    7.7773    4.4065    3.4756    814.4167    3.6714     1623723375.7562
   148.245    7.7695    4.3976    3.4752    854.0713    3.6648     1752842285.9941
   158.364    7.7624    4.3890    3.4748    893.7259    3.6582     1881713071.9897
   168.483    7.7546    4.3801    3.4743    933.3805    3.6516     2010335806.4033
   178.603    7.7466    4.3712    3.4737    973.0350    3.6451     2138707200.3897
   188.722    7.7387    4.3622    3.4731   1012.6896    3.6386     2266827529.7475
   198.841    7.7312    4.3534    3.4725   1052.3442    3.6322     2394697849.2843
   208.961    7.7236    4.3447    3.4719   1091.9988    3.6257     2522318631.9112
   219.080    7.7159    4.3358    3.4712   1131.6534    3.6194     2649689641.1161
   229.199    7.7078    4.3267    3.4705   1171.3079    3.6130     2776811962.1861
   239.319    7.6993    4.3175    3.4697   1210.9625    3.6067     2903684678.4402
   249.438    7.6915    4.3087    3.4690   1250.6171    3.6005     3030308717.1279
   259.557    7.6835    4.2997    3.4683   1290.2717    3.5943     3156686692.0525
   269.677    7.6737    4.2900    3.4673   1329.9263    3.5881     3282815180.1279
   279.796    7.6647    4.2807    3.4666   1369.5808    3.5820     3408697639.5515
   289.915    7.6551    4.2710    3.4658   1409.2354    3.5759     3534338531.9519
   300.035    7.6460    4.2615    3.4651   1448.8900    3.5698     3659738794.8585
   310.154    7.6361    4.2518    3.4643   1488.5446    3.5638     3784899627.5771
   320.273    7.6250    4.2414    3.4633   1528.1992    3.5579     3909816899.4395
   330.393    7.6161    4.2321    3.4626   1567.8537    3.5520     4034494363.5124
   340.512    7.5975    4.2189    3.4603   1607.5083    3.5461     4158910914.3966
   350.631    7.5957    4.2122    3.4608   1647.1629    3.5403     4283090663.8796
   360.751    7.5796    4.2000    3.4590   1686.8175    3.5345     4407043767.8987
   370.870    7.5708    4.1906    3.4584   1726.4721    3.5288     4530750435.4245
   380.989    7.5645    4.1821    3.4581   1766.1266    3.5231     4654240298.4212
   391.109    7.5547    4.1723    3.4573   1805.7812    3.5175     4777512888.5255
   401.228    7.5434    4.1619    3.4562   1845.4358    3.5119     4900555433.9047
   411.347    7.5340    4.1521    3.4555   1885.0904    3.5064     5023370730.3183
   421.467    7.5246    4.1424    3.4547   1924.7450    3.5009     5145965979.8471
   431.586    7.5152    4.1327    3.4540   1964.3995    3.4955     5268342791.6430
   441.705    7.5058    4.1229    3.4532   2004.0541    3.4901     5390502453.9952
   451.825    7.4963    4.1131    3.4523   2043.7087    3.4848     5512445824.5019
   474.233    7.5242    4.1203    3.4602   2048.1103    3.4731     5782348813.2321
   496.642    7.5518    4.1274    3.4680   2052.4155    3.4615     6051958442.3432
   519.051    7.5790    4.1344    3.4758   2056.6510    3.4500     6321269881.6799
   541.460    7.6058    4.1412    3.4834   2060.8389    3.4386     6590280049.3633
   563.868    7.6451    4.1531    3.4928   2066.2403    3.4273     6859058111.4732
   586.277    7.6729    4.1607    3.5005   2070.3984    3.4161     7127607512.0013
   608.686    7.7011    4.1683    3.5083   2074.7086    3.4049     7395869706.9884
   631.095    7.7281    4.1755    3.5159   2078.8533    3.3939     7663847642.7936
   653.503    7.7540    4.1823    3.5233   2082.7708    3.3831     7931529721.5015
   675.912    7.7804    4.1894    3.5307   2086.7284    3.3723     8198914661.8608
   698.321    7.8058    4.1962    3.5380   2090.5320    3.3618     8466005349.8673
   720.730    7.8326    4.2036    3.5456   2094.5675    3.3513     8732816324.2207
   743.139    7.8573    4.2101    3.5526   2098.2592    3.3411     8999349888.5569
   765.547    7.8820    4.2167    3.5597   2101.9193    3.3310     9265596738.5574
   787.956    7.9064    4.2232    3.5668   2105.5236    3.3210     9531566185.3875
   810.365    7.9306    4.2296    3.5738   2109.0939    3.3113     9797266895.6434
   832.774    7.9542    4.2359    3.5807   2112.5352    3.3018    10062704852.5018
   855.182    7.9783    4.2423    3.5876   2116.0003    3.2925    10327891334.3604
   877.591    8.0022    4.2488    3.5946   2119.4235    3.2834    10592843593.1634
   900.000    8.0256    4.2551    3.6014   2122.7047    3.2745    10857571270.9497
   916.610    8.0435    4.2600    3.6066   2125.2248    3.2681    11053587501.0009
   933.219    8.0610    4.2648    3.6118   2127.6250    3.2618    11249502260.5071
   949.829    8.0781    4.2695    3.6168   2129.9893    3.2557    11445316950.5686
   966.438    8.0973    4.2752    3.6223   2132.6399    3.2497    11641048906.2259
   983.048    8.1151    4.2804    3.6276   2134.9714    3.2439    11836712014.8583
   999.657    8.1327    4.2854    3.6328   2137.3136    3.2382    12032306353.3464
  1016.267    8.1508    4.2907    3.6382   2139.6495    3.2327    12227843865.6103
  1032.876    8.1683    4.2957    3.6434   2142.0027    3.2274    12423331492.8746
  1049.486    8.1845    4.3000    3.6482   2144.2242    3.2222    12618763228.1866
  1066.096    8.2005    4.3043    3.6530   2146.4114    3.2172    12814138374.2492
  1082.705    8.2164    4.3084    3.6577   2148.5977    3.2124    13009466689.3060
  1099.315    8.2339    4.3139    3.6634   2150.5054    3.2078    13204782523.6473
  1115.924    8.3247    4.3691    3.6869   2160.9618    3.2033    13400595052.1504
  1132.534    8.4492    4.4475    3.7191   2174.8060    3.1986    13597611709.2107
  1149.143    8.5710    4.5241    3.7503   2186.1382    3.1938    13796027146.2710
  1165.753    8.5865    4.5281    3.7551   2188.5892    3.1890    13995099967.6094
  1182.363    8.6029    4.5324    3.7602   2191.0078    3.1845    14194136428.2543
  1198.972    8.6184    4.5364    3.7649   2193.3225    3.1801    14393148604.7435
  1215.582    8.6337    4.5405    3.7697   2195.5863    3.1760    14592140809.6618
  1232.191    8.6494    4.5447    3.7745   2197.9125    3.1722    14791129430.9342
  1248.801    8.6646    4.5485    3.7793   2200.1956    3.1686    14990130565.1257
  1265.410    8.6806    4.5529    3.7844   2202.4682    3.1652    15189164290.3972
  1282.020    8.6965    4.5573    3.7894   2204.7713    3.1621    15388252015.9821
  1298.629    8.7122    4.5617    3.7943   2207.0333    3.1593    15587407014.9399
  1315.239    8.7280    4.5662    3.7993   2209.2999    3.1568    15786645813.9368
  1331.849    8.7440    4.5707    3.8045   2211.6062    3.1546    15985992598.1128
  1348.458    8.7719    4.5830    3.8117   2215.5542    3.1527    16185524133.4121
  1365.068    8.8173    4.6065    3.8222   2221.5687    3.1510    16385397599.9687
  1381.677    8.8639    4.6311    3.8333   2228.0156    3.1496    16585730132.2018
  1398.287    8.9050    4.6522    3.8433   2234.5581    3.1484    16786524383.5901
  1414.896    8.9598    4.6826    3.8572   2241.5150    3.1475    16987869211.4478
  1431.506    9.0129    4.7119    3.8712   2249.1731    3.1469    17189884952.7565
  1448.115    9.0376    4.7221    3.8792   2251.9034    3.1465    17392434113.0529
  1464.725    9.0598    4.7308    3.8869   2254.7167    3.1465    17595370951.6250
  1481.335    9.0834    4.7405    3.8954   2257.7486    3.1468    17798727926.3457
  1497.944    9.1067    4.7500    3.9037   2261.0186    3.1475    18002543481.0218
  1514.554    9.1280    4.7584    3.9116   2263.6960    3.1486    18206829084.4107
  1531.163    9.1852    4.7943    3.9304   2273.5960    3.1500    18411883434.9305
  1547.773    9.2111    4.8070    3.9393   2279.1108    3.1518    18617754418.8847
  1547.773    4.9326    0.0000    4.0053         nan    3.1518    18617754418.8847
  1560.573    4.9440    0.0000    4.0097         nan    3.1527    18779425263.6091
  1573.372    4.9555    0.0000    4.0140         nan    3.1540    18941320905.8590
  1586.172    4.9669    0.0000    4.0184         nan    3.1555    19103455698.1520
  1598.972    4.9784    0.0000    4.0228         nan    3.1573    19265844480.2232
  1611.772    4.9898    0.0000    4.0271         nan    3.1594    19428502432.4961
  1624.572    5.0006    0.0000    4.0313         nan    3.1618    19591441141.3579
  1637.371    5.0115    0.0000    4.0354         nan    3.1645    19754672949.7852
  1650.171    5.0223    0.0000    4.0396         nan    3.1676    19918214935.8481
  1662.971    5.0332    0.0000    4.0438         nan    3.1711    20082084761.1099
  1662.971    5.0593    0.0000    6.3076         nan    3.1711    20082084761.1099
  1722.506    5.1117    0.0000    6.3531         nan    3.0741    21277195507.3200
  1782.042    5.1615    0.0000    6.3966         nan    2.9758    22443901818.6937
  1841.577    5.2088    0.0000    6.4382         nan    2.8761    23580824459.1906
  1901.113    5.2537    0.0000    6.4778         nan    2.7753    24686642401.9998
  1960.648    5.2964    0.0000    6.5157         nan    2.6733    25760091308.3219
  2020.184    5.3368    0.0000    6.5517         nan    2.5701    26799962270.4044
  2079.719    5.3751    0.0000    6.5860         nan    2.4660    27805100785.1957
  2139.255    5.4113    0.0000    6.6186         nan    2.3608    28774405941.8922
  2198.790    5.4456    0.0000    6.6495         nan    2.2547    29706829799.2993
  2258.326    5.4779    0.0000    6.6788         nan    2.1477    30601376952.8448
  2317.861    5.5082    0.0000    6.7064         nan    2.0398    31457104300.4229
  2377.397    5.5368    0.0000    6.7324         nan    1.9312    32273121021.4241
  2436.932    5.5635    0.0000    6.7568         nan    1.8219    33048588813.4713
  2496.468    5.5884    0.0000    6.7797         nan    1.7119    33782722455.2172
  2556.003    5.6116    0.0000    6.8010         nan    1.6013    34474790811.1700
  2615.539    5.6330    0.0000    6.8208         nan    1.4902    35124118469.5527
  2675.074    5.6528    0.0000    6.8391         nan    1.3787    35730088332.5686
  2734.610    5.6709    0.0000    6.8558         nan    1.2669    36292145705.7785
  2794.145    5.6873    0.0000    6.8711         nan    1.1548    36809804852.5412
  2853.681    5.7022    0.0000    6.8849         nan    1.0426    37282659793.1464
  2913.216    5.7154    0.0000    6.8972         nan    0.9307    37710402795.2180
  2972.752    5.7271    0.0000    6.9080         nan    0.8193    38092857651.4999
  3032.287    5.7371    0.0000    6.9174         nan    0.7093    38430043479.1525
  3091.823    5.7456    0.0000    6.9253         nan    0.6020    38722307325.0396
  3151.358    5.7525    0.0000    6.9318         nan    0.5010    38970630538.5506
  3210.894    5.7579    0.0000    6.9368         nan    0.4161    39177446586.5572
  3270.429    5.7618    0.0000    6.9404         nan    0.3876    39349335586.6118
  3329.965    5.7641    0.0000    6.9426         nan    0.7418    39509536980.6963
  3389.500    5.7649    0.0000    6.9433         nan    0.0000    39816169876.4141
