# Depth[km]  Vp[km/s]  Vs[km/s] Rho[g/cm3]    T[K]     g[m/s2]         P[Pa]        
     0.000    3.9445    2.3308    1.7765    273.1500    3.7291              0.0000
    12.376    3.9445    2.3308    1.7765    323.6262    3.7380       81985418.4096
    12.376    4.5218    2.6719    2.0364    323.6262    3.7380       81985418.4096
    28.030    4.5218    2.6719    2.0364    387.4769    3.7460      201144356.2107
    28.030    6.1353    3.6253    2.7631    387.4769    3.7460      201144356.2107
    44.554    6.1353    3.6253    2.7631    454.8781    3.7446      372181021.4423
    44.554    7.9573    4.5345    3.5031    454.8781    3.7446      372181021.4423
    54.139    7.9494    4.5249    3.5028    493.9752    3.7379      497910513.7610
    63.724    7.9412    4.5152    3.5024    533.0724    3.7313      623404051.6480
    73.310    7.9325    4.5051    3.5020    572.1696    3.7246      748660145.3756
    82.895    7.9231    4.4948    3.5014    611.2668    3.7180      873675870.6072
    92.480    7.9142    4.4849    3.5010    650.3639    3.7114      998451408.9194
   102.065    7.9050    4.4746    3.5005    689.4611    3.7049     1122988644.1174
   111.650    7.8959    4.4648    3.4999    728.5583    3.6984     1247287729.3882
   121.235    7.8861    4.4544    3.4992    767.6555    3.6919     1371346604.0136
   130.821    7.8767    4.4444    3.4986    806.7526    3.6854     1495164532.1273
   140.406    7.8668    4.4341    3.4979    845.8498    3.6790     1618742278.9157
   149.991    7.8565    4.4238    3.4971    884.9470    3.6726     1742077359.6095
   159.576    7.8467    4.4138    3.4964    924.0442    3.6662     1865170365.8074
   169.161    7.8368    4.4036    3.4956    963.1413    3.6599     1988023102.4229
   178.747    7.8272    4.3937    3.4949   1002.2385    3.6536     2110637408.4804
   188.332    7.8169    4.3834    3.4939   1041.3357    3.6473     2233011701.5210
   197.917    7.8057    4.3729    3.4929   1080.4329    3.6411     2355141356.9195
   207.502    7.7955    4.3627    3.4920   1119.5300    3.6349     2477028818.2115
   217.087    7.7851    4.3524    3.4911   1158.6272    3.6287     2598677464.6650
   226.672    7.7753    4.3425    3.4902   1197.7244    3.6226     2720088263.5536
   236.258    7.7650    4.3324    3.4892   1236.8215    3.6165     2841261825.7420
   245.843    7.7537    4.3217    3.4881   1275.9187    3.6105     2962195717.6141
   255.428    7.7442    4.3120    3.4871   1315.0159    3.6045     3082891072.8265
   265.013    7.7346    4.3022    3.4861   1354.1131    3.5985     3203352240.7566
   274.598    7.7240    4.2920    3.4850   1393.2102    3.5926     3323578393.3718
   284.184    7.7142    4.2822    3.4840   1432.3074    3.5867     3443569443.9580
   293.769    7.7035    4.2720    3.4828   1471.4046    3.5809     3563325223.9021
   303.354    7.6941    4.2623    3.4818   1510.5018    3.5751     3682847791.3494
   312.939    7.6834    4.2521    3.4806   1549.5989    3.5693     3802138927.8209
   322.524    7.6729    4.2420    3.4794   1588.6961    3.5636     3921197403.9415
   332.109    7.6626    4.2319    3.4783   1627.7933    3.5579     4040026558.9476
   341.695    7.6523    4.2219    3.4771   1666.8905    3.5523     4158627911.9328
   351.280    7.6420    4.2118    3.4760   1705.9876    3.5467     4277003124.1186
   360.865    7.6310    4.2015    3.4748   1745.0848    3.5411     4395152377.7705
   370.450    7.6200    4.1911    3.4735   1784.1820    3.5356     4513074431.6858
   380.035    7.6098    4.1810    3.4724   1823.2792    3.5302     4630773566.4780
   389.620    7.5990    4.1709    3.4713   1862.3763    3.5248     4748252824.1210
   399.206    7.5878    4.1604    3.4700   1901.4735    3.5194     4865510357.3528
   408.791    7.5771    4.1501    3.4688   1940.5707    3.5141     4982547537.7290
   418.376    7.5662    4.1397    3.4675   1979.6679    3.5089     5099366539.7009
   427.961    7.5547    4.1291    3.4662   2018.7650    3.5037     5215967384.6212
   451.563    7.5883    4.1392    3.4753   2023.8726    3.4909     5502974869.1672
   475.165    7.6205    4.1488    3.4842   2028.8743    3.4782     5789681995.5948
   498.767    7.6516    4.1579    3.4930   2033.7435    3.4657     6076072680.7421
   522.369    7.6819    4.1669    3.5016   2038.5507    3.4531     6362137253.0154
   545.971    7.7108    4.1754    3.5100   2043.1653    3.4407     6647863737.2213
   569.573    7.7392    4.1838    3.5182   2047.5958    3.4284     6933238242.1472
   593.175    7.7672    4.1920    3.5265   2052.0315    3.4162     7218260031.3795
   616.777    7.7948    4.2002    3.5345   2056.1851    3.4041     7502924602.3374
   640.379    7.8215    4.2079    3.5427   2060.5253    3.3922     7787231239.7329
   663.981    7.8482    4.2158    3.5506   2064.6017    3.3804     8071183055.6014
   687.583    7.8745    4.2236    3.5585   2068.7736    3.3687     8354779525.9657
   711.184    7.9012    4.2317    3.5665   2072.7574    3.3572     8638029502.1754
   734.786    7.9267    4.2392    3.5743   2076.5455    3.3459     8920936828.0910
   758.388    7.9525    4.2470    3.5821   2080.3032    3.3347     9203504368.9522
   781.990    7.9784    4.2548    3.5901   2084.1599    3.3237     9485748777.3079
   805.592    8.0040    4.2626    3.5979   2087.8298    3.3129     9767681466.2251
   829.194    8.0297    4.2705    3.6058   2091.4394    3.3023    10049312523.6133
   852.796    8.0555    4.2786    3.6138   2094.9562    3.2919    10330661089.3941
   876.398    8.0825    4.2874    3.6219   2098.5431    3.2817    10611751456.0030
   900.000    8.1086    4.2958    3.6302   2101.9797    3.2718    10892608615.8617
   916.788    8.1283    4.3024    3.6362   2104.4701    3.2649    11092166838.4613
   933.576    8.1465    4.3083    3.6420   2106.8913    3.2581    11291626518.4086
   950.363    8.1676    4.3158    3.6485   2109.2835    3.2514    11491006584.1463
   967.151    8.1889    4.3235    3.6553   2111.7263    3.2448    11690340490.7848
   983.939    8.2085    4.3303    3.6614   2114.0965    3.2384    11889623569.5913
  1000.727    8.2332    4.3401    3.6692   2116.5486    3.2321    12088889991.0917
  1017.515    8.2564    4.3490    3.6766   2118.9934    3.2259    12288179616.1927
  1034.302    8.2823    4.3596    3.6848   2121.5429    3.2199    12487513195.3934
  1051.090    8.3018    4.3664    3.6912   2123.9357    3.2140    12686870236.9962
  1067.878    8.3186    4.3718    3.6968   2126.0935    3.2083    12886185628.2831
  1084.666    8.3359    4.3774    3.7026   2128.2277    3.2027    13085451194.8297
  1101.454    8.3523    4.3827    3.7081   2130.4317    3.1973    13284674577.9278
  1118.241    8.3695    4.3884    3.7140   2132.5598    3.1921    13483868115.8199
  1135.029    8.4858    4.4603    3.7458   2144.5352    3.1869    13683746055.4047
  1151.817    8.6562    4.5686    3.7907   2161.8274    3.1815    13885351366.4814
  1168.605    8.8432    4.6882    3.8385   2176.2163    3.1756    14089086696.4590
  1185.393    8.8587    4.6931    3.8436   2178.5516    3.1697    14293859409.5909
  1202.180    8.8734    4.6975    3.8486   2180.8905    3.1639    14498519974.5099
  1218.968    8.8901    4.7021    3.8553   2183.7851    3.1584    14703121107.5825
  1235.756    8.9053    4.7068    3.8608   2186.2332    3.1531    14907687142.7826
  1252.544    8.9204    4.7113    3.8662   2188.6874    3.1480    15112195995.9560
  1269.332    8.9349    4.7159    3.8713   2191.0707    3.1432    15316653068.7831
  1286.119    8.9484    4.7205    3.8759   2193.3473    3.1386    15521051339.5640
  1302.907    8.9637    4.7252    3.8813   2195.6410    3.1342    15725413098.7787
  1319.695    8.9778    4.7297    3.8861   2197.8936    3.1301    15929760466.1936
  1336.483    8.9931    4.7342    3.8924   2200.8155    3.1263    16134132187.4077
  1353.271    9.0069    4.7387    3.8972   2203.1113    3.1228    16338545236.0820
  1370.059    9.0212    4.7434    3.9024   2205.5499    3.1196    16542991428.7554
  1386.846    9.0340    4.7479    3.9068   2207.7214    3.1166    16747477123.3660
  1403.634    9.0480    4.7524    3.9116   2209.9387    3.1140    16952012155.3121
  1420.422    9.0709    4.7631    3.9180   2213.8520    3.1118    17156669402.9046
  1437.210    9.1104    4.7838    3.9280   2219.3138    3.1098    17361604984.2901
  1453.998    9.1510    4.8060    3.9380   2225.3099    3.1081    17566935253.2072
  1470.785    9.1890    4.8269    3.9474   2231.1231    3.1068    17772660770.5234
  1487.573    9.2301    4.8492    3.9585   2237.5319    3.1057    17978828116.8667
  1504.361    9.2691    4.8704    3.9698   2242.7269    3.1049    18185508419.3840
  1521.149    9.3087    4.8924    3.9815   2247.0453    3.1045    18392738960.9936
  1537.937    9.3418    4.9101    3.9922   2251.4588    3.1044    18600524774.9582
  1554.724    9.3558    4.9155    3.9967   2253.4711    3.1047    18808700663.2129
  1554.724    5.0865    0.0000    4.0852         nan    3.1047    18808700663.2129
  1571.491    5.0995    0.0000    4.0908         nan    3.1042    19021510744.9650
  1588.258    5.1125    0.0000    4.0964         nan    3.1042    19234577723.5859
  1605.025    5.1255    0.0000    4.1020         nan    3.1046    19447932073.3134
  1621.792    5.1383    0.0000    4.1075         nan    3.1055    19661604154.0297
  1638.559    5.1507    0.0000    4.1128         nan    3.1069    19875620692.1391
  1655.326    5.1631    0.0000    4.1182         nan    3.1088    20090011547.3884
  1672.093    5.1755    0.0000    4.1235         nan    3.1113    20304813375.8821
  1688.860    5.1876    0.0000    4.1287         nan    3.1144    20520061604.4735
  1705.627    5.1994    0.0000    4.1338         nan    3.1180    20735789958.6443
  1705.627    5.2375    0.0000    6.3915         nan    3.1180    20735789958.6443
  1763.692    5.3018    0.0000    6.4327         nan    3.0212    21896684023.1478
  1821.756    5.3628    0.0000    6.4718         nan    2.9231    23028559306.0851
  1879.821    5.4206    0.0000    6.5091         nan    2.8239    24130176557.1979
  1937.886    5.4755    0.0000    6.5445         nan    2.7236    25200358326.4476
  1995.950    5.5275    0.0000    6.5781         nan    2.6222    26237985991.2370
  2054.015    5.5768    0.0000    6.6100         nan    2.5199    27241997190.5045
  2112.079    5.6233    0.0000    6.6403         nan    2.4167    28211383598.9468
  2170.144    5.6674    0.0000    6.6690         nan    2.3126    29145188990.2090
  2228.208    5.7089    0.0000    6.6961         nan    2.2076    30042507546.8272
  2286.273    5.7481    0.0000    6.7216         nan    2.1019    30902482382.9756
  2344.338    5.7849    0.0000    6.7457         nan    1.9955    31724304254.2731
  2402.402    5.8195    0.0000    6.7684         nan    1.8883    32507210433.4938
  2460.467    5.8518    0.0000    6.7895         nan    1.7805    33250483738.0891
  2518.531    5.8819    0.0000    6.8093         nan    1.6722    33953451698.0206
  2576.596    5.9099    0.0000    6.8278         nan    1.5632    34615485862.7418
  2634.660    5.9359    0.0000    6.8448         nan    1.4538    35236001256.5300
  2692.725    5.9598    0.0000    6.8606         nan    1.3439    35814455998.8529
  2750.790    5.9816    0.0000    6.8750         nan    1.2335    36350351133.4071
  2808.854    6.0015    0.0000    6.8881         nan    1.1228    36843230751.6716
  2866.919    6.0194    0.0000    6.8999         nan    1.0118    37292682570.4808
  2924.983    6.0354    0.0000    6.9104         nan    0.9004    37698339281.5482
  2983.048    6.0494    0.0000    6.9197         nan    0.7889    38059881333.7564
  3041.113    6.0615    0.0000    6.9277         nan    0.6773    38377042619.0832
  3099.177    6.0718    0.0000    6.9345         nan    0.5658    38649622646.4453
  3157.242    6.0801    0.0000    6.9400         nan    0.4547    38877515036.5212
  3215.306    6.0866    0.0000    6.9443         nan    0.3450    39060783978.0538
  3273.371    6.0913    0.0000    6.9474         nan    0.2406    39199916580.7468
  3331.435    6.0940    0.0000    6.9492         nan    0.1729    39296995299.1718
  3389.500    6.0950    0.0000    6.9498         nan    0.0000    39366776099.6128
