# Depth[km]  Vp[km/s]  Vs[km/s] Rho[g/cm3]    T[K]     g[m/s2]         P[Pa]        
     0.000    3.6943    2.2073    1.6936    273.1500    3.7291              0.0000
    12.335    3.6943    2.2073    1.6936    326.1798    3.7388       77905474.3789
    12.335    4.3291    2.5866    1.9847    326.1798    3.7388       77905474.3789
    25.170    4.3291    2.5866    1.9847    381.3628    3.7459      173143401.7454
    25.170    5.2683    3.1477    2.4152    381.3628    3.7459      173143401.7454
    44.120    5.2683    3.1477    2.4152    462.8378    3.7499      344588833.6919
    44.120    7.9935    4.5413    3.5180    462.8378    3.7499      344588833.6919
    53.453    7.9846    4.5310    3.5174    502.9650    3.7433      467703291.3518
    62.787    7.9753    4.5205    3.5168    543.0923    3.7367      590579246.3040
    72.120    7.9657    4.5098    3.5161    583.2196    3.7301      713215513.6134
    81.453    7.9555    4.4989    3.5152    623.3468    3.7236      835610042.1008
    90.786    7.9457    4.4882    3.5145    663.4741    3.7171      957762916.7123
   100.119    7.9357    4.4775    3.5137    703.6014    3.7107     1079675453.1527
   109.452    7.9255    4.4668    3.5128    743.7287    3.7042     1201346153.3448
   118.786    7.9153    4.4561    3.5119    783.8559    3.6978     1322775464.1662
   128.119    7.9047    4.4454    3.5109    823.9832    3.6915     1443962929.3849
   137.452    7.8942    4.4348    3.5099    864.1105    3.6851     1564907547.7644
   146.785    7.8837    4.4242    3.5089    904.2378    3.6788     1685609967.0920
   156.118    7.8732    4.4136    3.5078    944.3650    3.6725     1806069943.7582
   165.451    7.8622    4.4028    3.5067    984.4923    3.6663     1926286744.8567
   174.785    7.8519    4.3925    3.5056   1024.6196    3.6601     2046261677.0873
   184.118    7.8415    4.3821    3.5045   1064.7468    3.6539     2165996211.6080
   193.451    7.8308    4.3715    3.5034   1104.8741    3.6478     2285490628.7823
   202.784    7.8200    4.3611    3.5022   1145.0014    3.6417     2404745042.6726
   212.117    7.8094    4.3506    3.5010   1185.1287    3.6356     2523759514.3900
   221.450    7.7987    4.3403    3.4998   1225.2559    3.6296     2642534372.4089
   230.784    7.7876    4.3297    3.4986   1265.3832    3.6236     2761070785.8578
   240.117    7.7770    4.3192    3.4973   1305.5105    3.6177     2879369820.9525
   249.450    7.7674    4.3094    3.4961   1345.6377    3.6117     2997432954.8872
   258.783    7.7567    4.2990    3.4948   1385.7650    3.6059     3115260626.5374
   268.116    7.7466    4.2889    3.4935   1425.8923    3.6000     3232852186.5327
   277.449    7.7349    4.2780    3.4921   1466.0196    3.5942     3350208693.1127
   286.783    7.7260    4.2685    3.4909   1506.1468    3.5885     3467332792.5524
   296.116    7.7152    4.2581    3.4895   1546.2741    3.5828     3584225123.1738
   305.449    7.7046    4.2478    3.4882   1586.4014    3.5771     3700886073.1762
   314.782    7.6942    4.2376    3.4868   1626.5286    3.5714     3817317814.4740
   324.115    7.6831    4.2270    3.4854   1666.6559    3.5659     3933520095.2906
   333.448    7.6722    4.2166    3.4840   1706.7832    3.5603     4049492805.6990
   342.781    7.6612    4.2059    3.4825   1746.9105    3.5548     4165236969.4279
   352.115    7.6504    4.1956    3.4811   1787.0377    3.5493     4280754608.6611
   361.448    7.6395    4.1851    3.4797   1827.1650    3.5439     4396047551.7560
   370.781    7.6286    4.1747    3.4782   1867.2923    3.5386     4511116749.9479
   380.114    7.6179    4.1643    3.4767   1907.4196    3.5332     4625963096.8492
   389.447    7.6069    4.1537    3.4753   1947.5468    3.5280     4740588537.9135
   398.780    7.5957    4.1431    3.4737   1987.6741    3.5227     4854992733.7362
   408.114    7.5842    4.1323    3.4722   2027.8014    3.5175     4969176475.4825
   417.447    7.5728    4.1216    3.4705   2067.9286    3.5124     5083140520.4422
   441.574    7.6060    4.1321    3.4798   2073.3818    3.4992     5377650055.3054
   465.702    7.6368    4.1418    3.4887   2078.5454    3.4861     5671823875.0459
   489.830    7.6669    4.1513    3.4976   2083.7496    3.4731     5965644022.9977
   513.957    7.6954    4.1602    3.5062   2088.6675    3.4602     6259096323.4634
   538.085    7.7242    4.1694    3.5148   2093.5101    3.4473     6552174350.2384
   562.213    7.7515    4.1779    3.5232   2098.2251    3.4346     6844875690.0632
   586.340    7.7780    4.1860    3.5315   2102.8466    3.4220     7137186772.6395
   610.468    7.8048    4.1944    3.5398   2107.4366    3.4095     7429106813.8805
   634.596    7.8310    4.2026    3.5480   2111.9099    3.3971     7720640785.9255
   658.723    7.8573    4.2109    3.5562   2116.3077    3.3849     8011790873.3536
   682.851    7.8836    4.2191    3.5644   2120.6517    3.3728     8302561785.6209
   706.979    7.9086    4.2269    3.5724   2124.7867    3.3609     8592954592.1014
   731.106    7.9349    4.2354    3.5806   2128.9719    3.3492     8882978742.5406
   755.234    7.9598    4.2431    3.5887   2133.0101    3.3376     9172645737.4188
   779.362    7.9851    4.2512    3.5967   2136.9487    3.3262     9461958717.4564
   803.489    8.0113    4.2597    3.6050   2140.9345    3.3150     9750940720.9483
   827.617    8.0366    4.2679    3.6131   2144.7719    3.3040    10039608553.1684
   851.745    8.0624    4.2764    3.6214   2148.5529    3.2933    10327971467.3152
   875.872    8.0889    4.2855    3.6299   2152.2443    3.2827    10616061751.2207
   900.000    8.1149    4.2942    3.6383   2156.0495    3.2724    10903898794.0323
   917.017    8.1361    4.3020    3.6450   2158.6119    3.2653    11106692445.4047
   934.034    8.1564    4.3093    3.6515   2161.1640    3.2582    11309411570.1122
   951.052    8.1770    4.3170    3.6582   2163.7004    3.2514    11512060560.7196
   968.069    8.1982    4.3248    3.6651   2166.2776    3.2446    11714657341.0456
   985.086    8.2213    4.3340    3.6725   2168.8204    3.2379    11917226107.4995
  1002.103    8.2440    4.3429    3.6800   2171.4394    3.2314    12119790285.5236
  1019.121    8.2626    4.3490    3.6866   2174.1954    3.2250    12322334256.6546
  1036.138    8.2814    4.3555    3.6933   2176.9388    3.2188    12524842932.4298
  1053.155    8.2999    4.3619    3.6999   2179.6847    3.2127    12727325043.8337
  1070.172    8.3184    4.3682    3.7065   2182.3970    3.2068    12929785301.0855
  1087.189    8.3346    4.3734    3.7123   2184.9183    3.2010    13132209603.1233
  1104.207    8.3574    4.3832    3.7208   2186.2801    3.1954    13334659155.8288
  1121.224    8.3810    4.3934    3.7298   2187.5735    3.1900    13537230371.2675
  1138.241    8.4055    4.4043    3.7391   2188.8332    3.1847    13739953771.4757
  1155.258    8.5080    4.4672    3.7676   2198.6003    3.1794    13943366820.0122
  1172.276    8.6791    4.5757    3.8130   2217.0886    3.1739    14148441166.1777
  1189.293    8.8538    4.6869    3.8576   2229.7618    3.1680    14355587867.7894
  1206.310    8.8685    4.6912    3.8630   2232.0419    3.1621    14563699509.9978
  1223.327    8.8835    4.6959    3.8685   2233.8731    3.1563    14771714681.9355
  1240.344    8.8975    4.6997    3.8741   2236.2613    3.1508    14979649931.5675
  1257.362    8.9124    4.7044    3.8796   2238.2219    3.1455    15187519545.9921
  1274.379    8.9260    4.7082    3.8849   2240.3197    3.1405    15395331779.0728
  1291.396    8.9394    4.7120    3.8903   2242.1049    3.1357    15603097551.4755
  1308.413    8.9531    4.7158    3.8959   2243.7589    3.1312    15810839689.0741
  1325.431    8.9662    4.7194    3.9013   2245.4369    3.1269    16018574669.9681
  1342.448    8.9796    4.7232    3.9071   2246.9632    3.1229    16226322984.7784
  1359.465    8.9925    4.7270    3.9122   2248.2270    3.1193    16434095728.2643
  1376.482    9.0052    4.7302    3.9180   2249.8326    3.1159    16641913191.9917
  1393.499    9.0183    4.7339    3.9239   2251.0460    3.1128    16849814495.4292
  1410.517    9.0306    4.7371    3.9295   2252.2144    3.1100    17057813923.2315
  1427.534    9.0427    4.7403    3.9350   2253.1756    3.1076    17265923356.9734
  1444.551    9.0545    4.7434    3.9402   2253.8638    3.1055    17474153283.3789
  1461.568    9.0671    4.7466    3.9468   2255.3614    3.1038    17682554921.5450
  1478.586    9.0960    4.7604    3.9562   2258.2444    3.1024    17891264841.4177
  1495.603    9.1356    4.7815    3.9678   2262.3532    3.1014    18100438154.8460
  1512.620    9.1761    4.8032    3.9805   2266.9896    3.1006    18310180189.7150
  1529.637    9.2183    4.8266    3.9934   2270.8365    3.1002    18520546656.7796
  1546.655    9.2536    4.8456    4.0052   2274.7669    3.1001    18731536423.7355
  1563.672    9.2664    4.8502    4.0097   2276.9554    3.1004    18942950730.4685
  1563.672    4.5767    0.0000    3.9459         nan    3.1004    18942950730.4685
  1576.866    4.5881    0.0000    3.9510         nan    3.1017    19104472596.6801
  1590.060    4.5996    0.0000    3.9560         nan    3.1033    19266268290.2695
  1603.254    4.6110    0.0000    3.9611         nan    3.1052    19428353320.8362
  1616.449    4.6224    0.0000    3.9661         nan    3.1074    19590743755.4888
  1629.643    4.6337    0.0000    3.9711         nan    3.1099    19753455099.6648
  1642.837    4.6445    0.0000    3.9759         nan    3.1128    19916499614.2523
  1656.031    4.6553    0.0000    3.9807         nan    3.1160    20079891384.0066
  1669.226    4.6662    0.0000    3.9855         nan    3.1195    20243649051.1815
  1682.420    4.6770    0.0000    3.9903         nan    3.1235    20407791930.9827
  1682.420    5.2091    0.0000    6.3092         nan    3.1235    20407791930.9827
  1741.285    5.2778    0.0000    6.3509         nan    3.0267    21571645708.5887
  1800.150    5.3429    0.0000    6.3904         nan    2.9288    22706694114.2211
  1859.014    5.4046    0.0000    6.4280         nan    2.8296    23811657568.4235
  1917.879    5.4630    0.0000    6.4637         nan    2.7294    24885323654.6614
  1976.744    5.5183    0.0000    6.4976         nan    2.6281    25926543605.2819
  2035.609    5.5706    0.0000    6.5297         nan    2.5258    26934229322.8541
  2094.474    5.6200    0.0000    6.5602         nan    2.4226    27907350859.4722
  2153.339    5.6667    0.0000    6.5889         nan    2.3186    28844934292.0781
  2212.203    5.7108    0.0000    6.6161         nan    2.2137    29746059958.3991
  2271.068    5.7523    0.0000    6.6418         nan    2.1080    30609861030.9591
  2329.933    5.7912    0.0000    6.6659         nan    2.0017    31435522421.9968
  2388.798    5.8278    0.0000    6.6885         nan    1.8946    32222280035.6547
  2447.663    5.8620    0.0000    6.7097         nan    1.7870    32969420413.5530
  2506.528    5.8938    0.0000    6.7295         nan    1.6789    33676280855.6973
  2565.392    5.9234    0.0000    6.7480         nan    1.5703    34342250159.9558
  2624.257    5.9508    0.0000    6.7650         nan    1.4612    34966770223.2586
  2683.122    5.9761    0.0000    6.7807         nan    1.3519    35549338912.1301
  2741.987    5.9991    0.0000    6.7951         nan    1.2424    36089514902.3863
  2800.852    6.0201    0.0000    6.8082         nan    1.1327    36586925730.3623
  2859.717    6.0390    0.0000    6.8200         nan    1.0233    37041281345.1757
  2918.581    6.0558    0.0000    6.8305         nan    0.9142    37452397597.9254
  2977.446    6.0706    0.0000    6.8397         nan    0.8061    37820238803.1714
  3036.311    6.0834    0.0000    6.8477         nan    0.6999    38144999630.5772
  3095.176    6.0942    0.0000    6.8545         nan    0.5975    38427275620.0439
  3154.041    6.1030    0.0000    6.8600         nan    0.5034    38668457465.5150
  3212.906    6.1099    0.0000    6.8643         nan    0.4306    38871783849.7268
  3271.770    6.1148    0.0000    6.8673         nan    0.4321    39045810735.2376
  3330.635    6.1177    0.0000    6.8692         nan    0.9373    39220522372.4940
  3389.500    6.1187    0.0000    6.8698         nan    0.0000    39599550344.6220
