# Depth[km]  Vp[km/s]  Vs[km/s] Rho[g/cm3]    T[K]     g[m/s2]         P[Pa]        
     0.000    3.8069    2.2665    1.7135    273.1500    3.7291              0.0000
    11.401    3.8069    2.2665    1.7135    316.1102    3.7379       72852369.5686
    11.401    4.8548    2.8904    2.1852    316.1102    3.7379       72852369.5686
    27.885    4.8548    2.8904    2.1852    378.2276    3.7442      207490846.4323
    27.885    6.5543    3.9022    2.9502    378.2276    3.7442      207490846.4323
    43.902    6.5543    3.9022    2.9502    438.5846    3.7404      384413541.0164
    43.902    7.9529    4.5335    3.4844    438.5846    3.7404      384413541.0164
    53.626    7.9477    4.5259    3.4845    475.2275    3.7337      511144404.7892
    63.350    7.9423    4.5181    3.4846    511.8703    3.7271      637653551.4113
    73.073    7.9364    4.5100    3.4846    548.5131    3.7204      763939160.4774
    82.797    7.9303    4.5019    3.4845    585.1559    3.7139      889999714.4078
    92.521    7.9235    4.4934    3.4843    621.7988    3.7073     1015832054.1799
   102.245    7.9171    4.4851    3.4842    658.4416    3.7008     1141436078.4216
   111.969    7.9106    4.4769    3.4840    695.0844    3.6942     1266813753.5056
   121.692    7.9042    4.4686    3.4839    731.7273    3.6878     1391964862.5704
   131.416    7.8969    4.4600    3.4835    768.3701    3.6813     1516886924.5295
   141.140    7.8904    4.4517    3.4833    805.0129    3.6749     1641580043.9285
   150.864    7.8837    4.4434    3.4830    841.6557    3.6685     1766046530.0151
   160.588    7.8762    4.4347    3.4825    878.2986    3.6621     1890282812.1219
   170.311    7.8692    4.4263    3.4821    914.9414    3.6558     2014287784.4141
   180.035    7.8626    4.4180    3.4818    951.5842    3.6495     2138065143.1128
   189.759    7.8554    4.4095    3.4813    988.2271    3.6433     2261614353.4219
   199.483    7.8485    4.4011    3.4808   1024.8699    3.6370     2384933636.1377
   209.207    7.8409    4.3925    3.4801   1061.5127    3.6308     2508021685.4468
   218.930    7.8343    4.3843    3.4797   1098.1555    3.6247     2630880898.3031
   228.654    7.8273    4.3759    3.4792   1134.7984    3.6185     2753514701.4543
   238.378    7.8198    4.3672    3.4786   1171.4412    3.6124     2875921547.1204
   248.102    7.8134    4.3592    3.4781   1208.0840    3.6064     2998102828.6305
   257.826    7.8068    4.3510    3.4774   1244.7269    3.6004     3120059568.6549
   267.550    7.7994    4.3425    3.4768   1281.3697    3.5944     3241790170.0002
   277.273    7.7924    4.3341    3.4762   1318.0125    3.5884     3363296605.9653
   286.997    7.7857    4.3258    3.4756   1354.6553    3.5825     3484581243.1122
   296.721    7.7778    4.3171    3.4747   1391.2982    3.5767     3605640850.4768
   306.445    7.7710    4.3089    3.4741   1427.9410    3.5708     3726476651.5794
   316.169    7.7643    4.3007    3.4735   1464.5838    3.5650     3847093356.3606
   325.892    7.7576    4.2925    3.4728   1501.2267    3.5593     3967492455.4165
   335.616    7.7502    4.2840    3.4720   1537.8695    3.5536     4087672656.4792
   345.340    7.7430    4.2756    3.4713   1574.5123    3.5479     4207633444.5319
   355.064    7.7365    4.2675    3.4706   1611.1551    3.5423     4327378708.0938
   364.788    7.7287    4.2588    3.4698   1647.7980    3.5367     4446907994.2049
   374.511    7.7220    4.2505    3.4691   1684.4408    3.5312     4566222543.3340
   384.235    7.7145    4.2420    3.4682   1721.0836    3.5257     4685323643.2751
   393.959    7.7076    4.2337    3.4674   1757.7265    3.5202     4804211123.8029
   403.683    7.6999    4.2249    3.4667   1794.3693    3.5148     4922888407.1984
   413.407    7.6923    4.2164    3.4658   1831.0121    3.5095     5041355754.0102
   423.130    7.6857    4.2081    3.4651   1867.6549    3.5042     5159615243.2424
   432.854    7.6783    4.1995    3.4641   1904.2978    3.4989     5277667118.5711
   456.212    7.7066    4.2081    3.4724   1908.7457    3.4864     5561108658.5439
   479.569    7.7337    4.2161    3.4805   1913.1819    3.4739     5844203401.6799
   502.926    7.7604    4.2241    3.4886   1917.5247    3.4615     6126945877.2147
   526.283    7.7870    4.2321    3.4966   1921.7620    3.4493     6409329696.9595
   549.641    7.8122    4.2395    3.5043   1925.7560    3.4371     6691344684.6785
   572.998    7.8378    4.2471    3.5121   1929.8841    3.4250     6972988697.6209
   596.355    7.8625    4.2544    3.5198   1933.7865    3.4131     7254262596.4091
   619.713    7.8864    4.2612    3.5274   1937.7939    3.4013     7535165429.8146
   643.070    7.9111    4.2684    3.5351   1941.8078    3.3896     7815705568.0615
   666.427    7.9349    4.2754    3.5426   1945.5551    3.3781     8095883594.0473
   689.784    7.9587    4.2824    3.5500   1949.2325    3.3667     8375696550.3392
   713.142    7.9816    4.2888    3.5573   1952.9208    3.3555     8655148653.6246
   736.499    8.0060    4.2962    3.5649   1956.6758    3.3445     8934255089.8411
   759.856    8.0288    4.3027    3.5722   1960.2101    3.3337     9213022759.0358
   783.214    8.0521    4.3095    3.5795   1963.7210    3.3230     9491456241.6019
   806.571    8.0758    4.3167    3.5869   1967.1602    3.3125     9769573463.3831
   829.928    8.0981    4.3231    3.5942   1970.5712    3.3023    10047381614.8356
   853.285    8.1216    4.3302    3.6016   1973.9057    3.2923    10324893585.6333
   876.643    8.1447    4.3371    3.6090   1977.2389    3.2825    10602131909.2370
   900.000    8.1685    4.3444    3.6165   1980.4728    3.2729    10879117673.1375
   916.803    8.1855    4.3497    3.6219   1982.8174    3.2662    11078158623.9424
   933.607    8.2021    4.3548    3.6273   1985.0838    3.2596    11277085970.6306
   950.410    8.2215    4.3615    3.6334   1987.5927    3.2531    11475925434.4830
   967.213    8.2398    4.3676    3.6392   1989.8628    3.2468    11674699041.9550
   984.017    8.2579    4.3736    3.6451   1992.1627    3.2407    11873405303.1596
  1000.820    8.2770    4.3802    3.6512   1994.4423    3.2346    12072058790.9550
  1017.623    8.2966    4.3872    3.6576   1996.7357    3.2288    12270683700.4332
  1034.426    8.3169    4.3947    3.6642   1999.0372    3.2230    12469300295.6336
  1051.230    8.3328    4.3995    3.6694   2001.1631    3.2175    12667885563.5713
  1068.033    8.3483    4.4040    3.6747   2003.2943    3.2121    12866412166.6709
  1084.836    8.3661    4.4102    3.6805   2005.5810    3.2069    13064904900.3794
  1101.640    8.4883    4.4876    3.7135   2017.2907    3.2017    13264123183.6741
  1118.443    8.6300    4.5780    3.7509   2031.3011    3.1963    13464913037.3016
  1135.246    8.8112    4.6953    3.7973   2046.4722    3.1905    13667612172.4378
  1152.050    8.8274    4.7004    3.8028   2049.1824    3.1846    13871336016.8567
  1168.853    8.8427    4.7046    3.8082   2051.5224    3.1790    14074976137.3645
  1185.656    8.8581    4.7088    3.8136   2053.8394    3.1735    14278542692.6195
  1202.460    8.8738    4.7131    3.8192   2056.2024    3.1683    14482055483.8218
  1219.263    8.8892    4.7174    3.8248   2058.5508    3.1632    14685529397.7685
  1236.066    8.9045    4.7218    3.8302   2060.8634    3.1584    14888972785.5831
  1252.869    8.9200    4.7260    3.8359   2063.2501    3.1539    15092402102.5877
  1269.673    8.9353    4.7305    3.8414   2065.5360    3.1495    15295832344.1317
  1286.476    8.9505    4.7347    3.8470   2067.9332    3.1455    15499278200.6392
  1303.279    8.9659    4.7391    3.8526   2070.2663    3.1416    15702756555.4453
  1320.083    8.9814    4.7436    3.8584   2072.6503    3.1381    15906287137.3268
  1336.886    8.9962    4.7478    3.8638   2074.9739    3.1348    16109882481.6856
  1353.689    9.0269    4.7619    3.8722   2079.4329    3.1318    16313628624.0198
  1370.493    9.0665    4.7820    3.8822   2084.9032    3.1291    16517664739.2176
  1387.296    9.1050    4.8014    3.8922   2090.5085    3.1266    16722047954.7102
  1404.099    9.1453    4.8223    3.9028   2096.1610    3.1243    16926808302.4330
  1420.903    9.1832    4.8419    3.9130   2101.6841    3.1223    17131966793.7508
  1437.706    9.2228    4.8628    3.9237   2107.6381    3.1206    17337544501.4993
  1454.509    9.2624    4.8841    3.9345   2113.5624    3.1192    17543575074.1546
  1471.312    9.3022    4.9058    3.9456   2119.7936    3.1181    17750085840.8674
  1488.116    9.3259    4.9167    3.9531   2123.1787    3.1173    17957008841.1378
  1504.919    9.3396    4.9210    3.9581   2125.3687    3.1169    18164205474.1742
  1521.722    9.3536    4.9254    3.9633   2127.5805    3.1169    18371643154.6349
  1538.526    9.3674    4.9299    3.9684   2129.7454    3.1173    18579351442.0266
  1555.329    9.3806    4.9342    3.9733   2131.8895    3.1182    18787350112.6003
  1555.329    4.9090    0.0000    3.9599         nan    3.1182    18787350112.6003
  1569.700    4.9226    0.0000    3.9647         nan    3.1195    18964913266.5293
  1584.072    4.9363    0.0000    3.9695         nan    3.1212    19142766692.8299
  1598.443    4.9499    0.0000    3.9743         nan    3.1232    19320930810.5673
  1612.815    4.9635    0.0000    3.9791         nan    3.1256    19499426818.7780
  1627.186    4.9767    0.0000    3.9838         nan    3.1284    19678273498.6386
  1641.558    4.9896    0.0000    3.9884         nan    3.1316    19857488355.2398
  1655.929    5.0025    0.0000    3.9929         nan    3.1353    20037093077.8884
  1670.301    5.0154    0.0000    3.9975         nan    3.1394    20217112467.6147
  1684.672    5.0282    0.0000    4.0020         nan    3.1439    20397571256.8417
  1684.672    5.1612    0.0000    6.3566         nan    3.1439    20397571256.8417
  1743.459    5.2347    0.0000    6.3995         nan    3.0466    21576362822.6311
  1802.246    5.3043    0.0000    6.4402         nan    2.9481    22726177765.9841
  1861.034    5.3701    0.0000    6.4789         nan    2.8483    23845675428.6717
  1919.821    5.4324    0.0000    6.5155         nan    2.7474    24933588409.1683
  1978.608    5.4912    0.0000    6.5502         nan    2.6454    25988718091.7414
  2037.395    5.5468    0.0000    6.5831         nan    2.5424    27009930835.5471
  2096.182    5.5994    0.0000    6.6142         nan    2.4384    27996154704.4508
  2154.969    5.6489    0.0000    6.6435         nan    2.3335    28946376657.4624
  2213.757    5.6956    0.0000    6.6713         nan    2.2278    29859640122.0766
  2272.544    5.7396    0.0000    6.6974         nan    2.1212    30735042897.4172
  2331.331    5.7808    0.0000    6.7220         nan    2.0139    31571735345.3377
  2390.118    5.8195    0.0000    6.7450         nan    1.9059    32368918837.1249
  2448.905    5.8556    0.0000    6.7666         nan    1.7972    33125844436.9427
  2507.692    5.8893    0.0000    6.7867         nan    1.6879    33841811812.0762
  2566.480    5.9206    0.0000    6.8054         nan    1.5781    34516168375.7813
  2625.267    5.9495    0.0000    6.8227         nan    1.4677    35148308686.7505
  2684.054    5.9761    0.0000    6.8387         nan    1.3569    35737674159.9016
  2742.841    6.0005    0.0000    6.8532         nan    1.2456    36283753195.1054
  2801.628    6.0226    0.0000    6.8665         nan    1.1340    36786081921.4416
  2860.415    6.0425    0.0000    6.8785         nan    1.0221    37244245931.5626
  2919.203    6.0602    0.0000    6.8891         nan    0.9100    37657883740.7557
  2977.990    6.0758    0.0000    6.8985         nan    0.7979    38026693491.3215
  3036.777    6.0893    0.0000    6.9066         nan    0.6858    38350446282.6774
  3095.564    6.1007    0.0000    6.9134         nan    0.5741    38629014359.8072
  3154.351    6.1100    0.0000    6.9190         nan    0.4637    38862436739.1862
  3213.138    6.1172    0.0000    6.9233         nan    0.3567    39051094920.9842
  3271.926    6.1223    0.0000    6.9264         nan    0.2619    39196292428.9181
  3330.713    6.1254    0.0000    6.9283         nan    0.2506    39302946805.2409
  3389.500    6.1264    0.0000    6.9289         nan    0.0000    39405025155.3627
