# Depth[km]  Vp[km/s]  Vs[km/s] Rho[g/cm3]    T[K]     g[m/s2]         P[Pa]        
     0.000    3.2442    1.9526    1.5236    273.1500    3.7291              0.0000
     9.673    3.2442    1.9526    1.5236    309.6918    3.7381       54962852.7257
     9.673    4.6012    2.7693    2.1610    309.6918    3.7381       54962852.7257
    26.775    4.6012    2.7693    2.1610    374.3011    3.7450      193110938.6332
    26.775    6.5373    3.9346    3.0703    374.3011    3.7450      193110938.6332
    42.198    6.5373    3.9346    3.0703    432.5665    3.7397      370445895.1874
    42.198    7.8420    4.4859    3.4769    432.5665    3.7397      370445895.1874
    52.084    7.8377    4.4791    3.4773    469.9161    3.7330      499001144.6089
    61.971    7.8332    4.4722    3.4776    507.2656    3.7263      627337700.6415
    71.857    7.8281    4.4649    3.4778    544.6151    3.7196      755453546.3523
    81.743    7.8228    4.4574    3.4780    581.9646    3.7129      883346343.5636
    91.630    7.8173    4.4499    3.4781    619.3141    3.7063     1011015037.7026
   101.516    7.8107    4.4419    3.4780    656.6636    3.6997     1138455855.4332
   111.402    7.8049    4.4342    3.4780    694.0131    3.6931     1265667564.5618
   121.288    7.7989    4.4264    3.4780    731.3626    3.6866     1392652884.3788
   131.175    7.7928    4.4185    3.4779    768.7121    3.6801     1519411676.1572
   141.061    7.7860    4.4103    3.4776    806.0616    3.6736     1645940116.5165
   150.947    7.7798    4.4024    3.4775    843.4112    3.6671     1772237730.4326
   160.834    7.7727    4.3940    3.4771    880.7607    3.6607     1898304116.9863
   170.720    7.7666    4.3861    3.4769    918.1102    3.6543     2024139428.7505
   180.606    7.7596    4.3778    3.4765    955.4597    3.6479     2149743725.5591
   190.493    7.7527    4.3696    3.4761    992.8092    3.6416     2275114283.5780
   200.379    7.7466    4.3617    3.4758   1030.1587    3.6353     2400254798.6400
   210.265    7.7392    4.3532    3.4752   1067.5082    3.6290     2525162573.5642
   220.151    7.7325    4.3451    3.4747   1104.8577    3.6228     2649835161.6457
   230.038    7.7254    4.3366    3.4742   1142.2072    3.6166     2774275840.8443
   239.924    7.7184    4.3284    3.4737   1179.5567    3.6105     2898485894.7074
   249.810    7.7115    4.3201    3.4732   1216.9062    3.6043     3022466504.5421
   259.697    7.7047    4.3119    3.4726   1254.2558    3.5983     3146218274.2443
   269.583    7.6975    4.3036    3.4721   1291.6053    3.5922     3269742173.3844
   279.469    7.6897    4.2950    3.4714   1328.9548    3.5862     3393036817.4717
   289.356    7.6814    4.2861    3.4709   1366.3043    3.5802     3516103366.8364
   299.242    7.6731    4.2773    3.4703   1403.6538    3.5743     3638945030.1353
   309.128    7.6648    4.2684    3.4697   1441.0033    3.5684     3761563798.7108
   319.015    7.6559    4.2593    3.4691   1478.3528    3.5626     3883959838.2757
   328.901    7.6478    4.2505    3.4686   1515.7023    3.5568     4006134486.8851
   338.787    7.6396    4.2417    3.4680   1553.0518    3.5510     4128091234.0225
   348.673    7.6295    4.2321    3.4672   1590.4013    3.5453     4249825715.7984
   358.560    7.6211    4.2231    3.4666   1627.7509    3.5396     4371339087.7765
   368.446    7.6118    4.2139    3.4659   1665.1004    3.5340     4492635508.0199
   378.332    7.6032    4.2048    3.4653   1702.4499    3.5284     4613716199.1369
   388.219    7.5875    4.1931    3.4634   1739.7994    3.5229     4734563037.2661
   398.105    7.5850    4.1863    3.4638   1777.1489    3.5174     4855195198.5496
   407.991    7.5759    4.1771    3.4631   1814.4984    3.5119     4975634383.0060
   417.878    7.5630    4.1664    3.4618   1851.8479    3.5065     5095852357.5803
   427.764    7.5547    4.1574    3.4613   1889.1974    3.5012     5215853102.0994
   437.650    7.5463    4.1483    3.4607   1926.5469    3.4959     5335651347.4756
   460.768    7.5752    4.1559    3.4688   1930.6911    3.4836     5615659406.1306
   483.885    7.6034    4.1631    3.4768   1934.8267    3.4714     5895329035.4685
   507.003    7.6425    4.1747    3.4864   1940.1464    3.4592     6174724884.4721
   530.120    7.6724    4.1829    3.4946   1944.2751    3.4471     6453853406.3614
   553.238    7.7024    4.1912    3.5027   1948.5522    3.4352     6732658540.6782
   576.355    7.7303    4.1986    3.5106   1952.5763    3.4233     7011132625.8192
   599.473    7.7583    4.2063    3.5184   1956.4755    3.4116     7289262835.9780
   622.590    7.7855    4.2135    3.5261   1960.3927    3.4000     7567049009.8739
   645.708    7.8127    4.2209    3.5337   1964.3006    3.3885     7844493924.2932
   668.825    7.8390    4.2279    3.5412   1967.9832    3.3771     8121594639.3145
   691.943    7.8650    4.2350    3.5486   1971.6224    3.3659     8398348273.3391
   715.060    7.8906    4.2418    3.5560   1975.2234    3.3549     8674758408.1797
   738.178    7.9158    4.2485    3.5633   1978.7852    3.3440     8950830269.5797
   761.295    7.9410    4.2552    3.5705   1982.2502    3.3334     9226569955.2331
   784.413    7.9661    4.2620    3.5777   1985.7041    3.3229     9501985369.2311
   807.530    7.9903    4.2684    3.5847   1988.9905    3.3126     9777081244.4830
   830.648    8.0149    4.2751    3.5919   1992.3421    3.3025    10051867499.1151
   853.765    8.0392    4.2815    3.5990   1995.6848    3.2926    10326361727.9090
   876.883    8.0633    4.2882    3.6060   1998.8031    3.2830    10600572613.5690
   900.000    8.0881    4.2952    3.6131   2002.1235    3.2736    10874517838.2495
   916.550    8.1058    4.3001    3.6183   2004.4418    3.2671    11070406427.6815
   933.099    8.1229    4.3049    3.6233   2006.6401    3.2606    11266177766.1922
   949.649    8.1403    4.3098    3.6284   2008.8019    3.2543    11461836101.8385
   966.198    8.1571    4.3144    3.6334   2010.9656    3.2482    11657388264.7404
   982.748    8.1759    4.3203    3.6389   2013.2493    3.2422    11852853517.4471
   999.298    8.1936    4.3254    3.6441   2015.3944    3.2364    12048247276.5628
  1015.847    8.2092    4.3295    3.6487   2017.4847    3.2307    12243553614.8690
  1032.397    8.2270    4.3346    3.6541   2019.5560    3.2252    12438783860.1214
  1048.947    8.2426    4.3388    3.6587   2021.6001    3.2198    12633947355.6449
  1065.496    8.2583    4.3430    3.6634   2023.6020    3.2147    12829035385.5074
  1082.046    8.3559    4.4033    3.6894   2032.7118    3.2096    13024626181.4463
  1098.595    8.4719    4.4761    3.7202   2044.6298    3.2043    13221412946.3316
  1115.145    8.5967    4.5548    3.7528   2056.3538    3.1989    13419558800.3819
  1131.695    8.6114    4.5583    3.7574   2060.1416    3.1934    13618352306.7166
  1148.244    8.6274    4.5626    3.7622   2062.6574    3.1882    13817057608.3678
  1164.794    8.6428    4.5665    3.7670   2064.8884    3.1831    14015692468.3709
  1181.343    8.6582    4.5706    3.7717   2067.0055    3.1783    14214263008.3419
  1197.893    8.6745    4.5761    3.7763   2072.1225    3.1737    14412777265.5218
  1214.443    8.7100    4.6018    3.7817   2078.3303    3.1694    14611266144.9445
  1230.992    8.7553    4.6378    3.7877   2083.2587    3.1652    14809778285.6328
  1247.542    8.7959    4.6694    3.7934   2085.9334    3.1613    15008338212.2648
  1264.092    8.8110    4.6735    3.7986   2088.2727    3.1576    15206937527.1111
  1280.641    8.8369    4.6844    3.8052   2091.8964    3.1542    15405613635.6023
  1297.191    8.8748    4.7023    3.8143   2097.0713    3.1510    15604484901.2209
  1313.740    8.9120    4.7198    3.8237   2102.1912    3.1480    15803634636.5286
  1330.290    8.9507    4.7381    3.8336   2107.3352    3.1452    16003096928.8072
  1346.840    8.9892    4.7564    3.8437   2112.5567    3.1427    16202905856.7506
  1363.389    9.0281    4.7747    3.8545   2117.9378    3.1403    16403096341.0906
  1379.939    9.0645    4.7922    3.8645   2122.8714    3.1383    16603680724.2446
  1396.488    9.0812    4.7954    3.8716   2124.8573    3.1365    16804577649.3249
  1413.038    9.0971    4.7988    3.8780   2126.8228    3.1350    17005707190.7444
  1429.588    9.1136    4.8023    3.8848   2128.9108    3.1338    17207082815.5437
  1446.137    9.1304    4.8055    3.8922   2130.8235    3.1330    17408753915.1518
  1462.687    9.1482    4.8088    3.9005   2132.7321    3.1325    17610777819.7804
  1479.236    9.2194    4.8431    3.9321   2144.3499    3.1322    17813802558.5419
  1495.786    9.2471    4.8568    3.9416   2150.0811    3.1320    18017871845.1855
  1512.336    9.2724    4.8690    3.9503   2155.4343    3.1322    18222403516.6996
  1528.885    9.2995    4.8831    3.9593   2160.5383    3.1328    18427410052.6357
  1545.435    9.3238    4.8952    3.9675   2165.9436    3.1338    18632901291.5190
  1545.435    4.7261    0.0000    4.0269         nan    3.1338    18632901291.5190
  1559.705    4.7375    0.0000    4.0323         nan    3.1343    18813099099.3027
  1573.975    4.7489    0.0000    4.0377         nan    3.1350    18993564786.3304
  1588.244    4.7604    0.0000    4.0431         nan    3.1362    19174317248.5233
  1602.514    4.7718    0.0000    4.0485         nan    3.1377    19355376116.1169
  1616.784    4.7829    0.0000    4.0537         nan    3.1395    19536758739.2801
  1631.054    4.7938    0.0000    4.0589         nan    3.1417    19718480751.1676
  1645.324    4.8046    0.0000    4.0640         nan    3.1443    19900561737.3172
  1659.594    4.8155    0.0000    4.0691         nan    3.1473    20083024738.4277
  1673.864    4.8263    0.0000    4.0743         nan    3.1508    20265893219.1793
  1673.864    5.1410    0.0000    6.3275         nan    3.1508    20265893219.1793
  1733.023    5.2227    0.0000    6.3709         nan    3.0534    21449383588.8886
  1792.183    5.2997    0.0000    6.4119         nan    2.9548    22603929979.0578
  1851.343    5.3724    0.0000    6.4507         nan    2.8549    23728149558.4068
  1910.503    5.4409    0.0000    6.4874         nan    2.7539    24820741749.6435
  1969.663    5.5056    0.0000    6.5221         nan    2.6517    25880482384.8589
  2028.823    5.5667    0.0000    6.5549         nan    2.5486    26906218812.6477
  2087.983    5.6242    0.0000    6.5858         nan    2.4445    27896865794.5441
  2147.143    5.6784    0.0000    6.6151         nan    2.3395    28851402061.1346
  2206.302    5.7294    0.0000    6.6426         nan    2.2337    29768867432.3065
  2265.462    5.7773    0.0000    6.6685         nan    2.1271    30648360444.9969
  2324.622    5.8223    0.0000    6.6928         nan    2.0197    31489036448.9365
  2383.782    5.8643    0.0000    6.7156         nan    1.9117    32290106163.3564
  2442.942    5.9036    0.0000    6.7369         nan    1.8031    33050834718.9824
  2502.102    5.9402    0.0000    6.7568         nan    1.6940    33770541252.9872
  2561.262    5.9741    0.0000    6.7752         nan    1.5843    34448599185.8989
  2620.422    6.0055    0.0000    6.7923         nan    1.4743    35084437411.6105
  2679.581    6.0343    0.0000    6.8080         nan    1.3639    35677542797.2788
  2738.741    6.0607    0.0000    6.8224         nan    1.2534    36227464681.5386
  2797.901    6.0846    0.0000    6.8354         nan    1.1427    36733822597.4717
  2857.061    6.1061    0.0000    6.8471         nan    1.0322    37196319487.6970
  2916.221    6.1253    0.0000    6.8576         nan    0.9221    37614764810.9371
  2975.381    6.1422    0.0000    6.8668         nan    0.8130    37989116601.9658
  3034.541    6.1568    0.0000    6.8748         nan    0.7056    38319562585.7474
  3093.701    6.1691    0.0000    6.8815         nan    0.6020    38606689261.2347
  3152.860    6.1791    0.0000    6.8869         nan    0.5066    38851873067.5245
  3212.020    6.1869    0.0000    6.8912         nan    0.4321    39058325097.5415
  3271.180    6.1924    0.0000    6.8942         nan    0.4308    39234533858.0686
  3330.340    6.1957    0.0000    6.8960         nan    0.9248    39410253361.9395
  3389.500    6.1969    0.0000    6.8967         nan    0.0000    39787561388.3032
