# Depth[km]  Vp[km/s]  Vs[km/s] Rho[g/cm3]    T[K]     g[m/s2]         P[Pa]        
     0.000    3.7904    2.2942    1.7247    273.1500    3.7291              0.0000
    12.359    3.7904    2.2942    1.7247    320.3137    3.7385       79491348.3526
    12.359    4.5074    2.7282    2.0510    320.3137    3.7385       79491348.3526
    29.065    4.5074    2.7282    2.0510    384.0709    3.7469      207587771.3236
    29.065    5.5927    3.3851    2.5448    384.0709    3.7469      207587771.3236
    45.679    5.5927    3.3851    2.5448    447.4757    3.7486      366003526.4916
    45.679    7.9625    4.5374    3.5042    447.4757    3.7486      366003526.4916
    55.504    7.9558    4.5285    3.5042    484.9698    3.7417      495054553.1786
    65.328    7.9488    4.5194    3.5041    522.4639    3.7349      623868518.0028
    75.153    7.9415    4.5102    3.5040    559.9581    3.7281      752444171.8741
    84.978    7.9339    4.5008    3.5038    597.4522    3.7214      880780271.7748
    94.802    7.9256    4.4912    3.5034    634.9463    3.7146     1008874008.2755
   104.627    7.9177    4.4817    3.5032    672.4405    3.7079     1136725694.6575
   114.451    7.9098    4.4724    3.5029    709.9346    3.7013     1264337640.5906
   124.276    7.9018    4.4630    3.5026    747.4287    3.6946     1391709516.6417
   134.100    7.8932    4.4534    3.5022    784.9229    3.6880     1518839336.6894
   143.925    7.8850    4.4441    3.5018    822.4170    3.6814     1645726952.1888
   153.749    7.8764    4.4346    3.5014    859.9112    3.6749     1772373409.7831
   163.574    7.8679    4.4251    3.5009    897.4053    3.6684     1898778253.7643
   173.398    7.8593    4.4157    3.5004    934.8994    3.6619     2024941817.2339
   183.223    7.8503    4.4062    3.4998    972.3936    3.6554     2150863111.6994
   193.048    7.8417    4.3967    3.4993   1009.8877    3.6490     2276542656.4056
   202.872    7.8335    4.3875    3.4989   1047.3818    3.6426     2401983753.0377
   212.697    7.8241    4.3779    3.4982   1084.8760    3.6363     2527184584.0942
   222.521    7.8152    4.3683    3.4976   1122.3701    3.6299     2652144255.7413
   232.346    7.8060    4.3587    3.4969   1159.8642    3.6237     2776864319.0963
   242.170    7.7975    4.3495    3.4963   1197.3584    3.6174     2901345652.9633
   251.995    7.7887    4.3401    3.4956   1234.8525    3.6112     3025589356.2017
   261.819    7.7792    4.3304    3.4949   1272.3466    3.6050     3149595650.0810
   271.644    7.7708    4.3212    3.4942   1309.8408    3.5989     3273365523.5089
   281.468    7.7623    4.3121    3.4935   1347.3349    3.5928     3396899373.4532
   291.293    7.7529    4.3025    3.4926   1384.8291    3.5868     3520196095.1408
   301.118    7.7448    4.2936    3.4919   1422.3232    3.5808     3643257582.6688
   310.942    7.7363    4.2844    3.4911   1459.8173    3.5748     3766086913.1108
   320.767    7.7278    4.2753    3.4904   1497.3115    3.5689     3888685364.2965
   330.591    7.7194    4.2662    3.4897   1534.8056    3.5630     4011054534.6247
   340.416    7.7099    4.2565    3.4888   1572.2997    3.5571     4133193071.2019
   350.240    7.7009    4.2472    3.4880   1609.7939    3.5513     4255102488.9035
   360.065    7.6927    4.2382    3.4872   1647.2880    3.5456     4376786202.5174
   369.889    7.6832    4.2287    3.4863   1684.7821    3.5398     4498243069.6888
   379.714    7.6745    4.2194    3.4855   1722.2763    3.5342     4619474514.0090
   389.538    7.6655    4.2100    3.4847   1759.7704    3.5285     4740483920.1809
   399.363    7.6558    4.2004    3.4838   1797.2645    3.5230     4861270053.4393
   409.188    7.6472    4.1911    3.4830   1834.7587    3.5174     4981835645.7314
   419.012    7.6378    4.1815    3.4822   1872.2528    3.5119     5102184290.8551
   428.837    7.6290    4.1722    3.4813   1909.7469    3.5065     5222315354.0900
   438.661    7.6202    4.1629    3.4806   1947.2411    3.5011     5342233069.1653
   461.728    7.6505    4.1719    3.4890   1951.6942    3.4885     5623666811.4481
   484.795    7.6801    4.1806    3.4975   1956.2180    3.4761     5904768925.7365
   507.862    7.7092    4.1892    3.5058   1960.6527    3.4636     6185534989.1256
   530.929    7.7373    4.1975    3.5139   1964.8757    3.4513     6465954384.5287
   553.996    7.7651    4.2057    3.5220   1969.0822    3.4391     6746020948.1344
   577.063    7.7922    4.2137    3.5300   1973.2377    3.4269     7025733216.3056
   600.130    7.8186    4.2215    3.5378   1977.1661    3.4149     7305084143.7632
   623.197    7.8446    4.2291    3.5456   1981.1205    3.4030     7584070372.5596
   646.264    7.8705    4.2368    3.5534   1984.9846    3.3912     7862695163.5193
   669.331    7.8962    4.2444    3.5611   1988.8064    3.3796     8140960163.4337
   692.398    7.9214    4.2519    3.5687   1992.4634    3.3681     8418864887.4081
   715.464    7.9467    4.2594    3.5763   1996.1417    3.3567     8696415151.8633
   738.531    7.9719    4.2671    3.5840   1999.7403    3.3455     8973622376.9323
   761.598    7.9960    4.2741    3.5914   2003.2486    3.3345     9250487547.1896
   784.665    8.0216    4.2822    3.5991   2006.6430    3.3236     9527020423.4223
   807.732    8.0459    4.2895    3.6066   2010.0218    3.3130     9803236910.9978
   830.799    8.0714    4.2975    3.6144   2013.4461    3.3025    10079153104.6682
   853.866    8.0959    4.3051    3.6221   2016.7867    3.2922    10354785434.4767
   876.933    8.1219    4.3136    3.6300   2019.9866    3.2821    10630152636.3790
   900.000    8.1472    4.3218    3.6379   2023.0664    3.2723    10905274357.3237
   917.132    8.1672    4.3285    3.6442   2025.5506    3.2651    11109394921.8478
   934.264    8.1880    4.3359    3.6507   2027.9075    3.2581    11313426323.3415
   951.396    8.2076    4.3426    3.6568   2030.2016    3.2511    11517369948.8479
   968.529    8.2290    4.3503    3.6636   2032.5273    3.2443    11721240385.7886
   985.661    8.2492    4.3575    3.6700   2034.8604    3.2377    11925051366.9545
  1002.793    8.2751    4.3679    3.6782   2037.2624    3.2312    12128850461.1455
  1019.925    8.3017    4.3789    3.6867   2039.8474    3.2248    12332700959.8511
  1037.057    8.3233    4.3870    3.6938   2042.0908    3.2185    12536576883.8778
  1054.189    8.3405    4.3924    3.6995   2044.1905    3.2124    12740410085.9466
  1071.321    8.3575    4.3978    3.7052   2046.3265    3.2064    12944171339.6676
  1088.454    8.3746    4.4033    3.7111   2048.3880    3.2007    13147872367.2095
  1105.586    8.4284    4.4335    3.7266   2054.3278    3.1950    13351792147.8801
  1122.718    8.5786    4.5281    3.7672   2068.4624    3.1893    13556890125.4094
  1139.850    8.7611    4.6442    3.8151   2087.5228    3.1831    13764035537.3711
  1156.982    8.8660    4.7088    3.8427   2093.2517    3.1767    13972840225.9185
  1174.114    8.8842    4.7158    3.8484   2095.2650    3.1704    14182131579.6845
  1191.247    8.9004    4.7201    3.8547   2098.0468    3.1642    14391330823.5869
  1208.379    8.9163    4.7247    3.8605   2100.4839    3.1583    14600452928.6852
  1225.511    8.9316    4.7293    3.8660   2102.8684    3.1525    14809486618.3114
  1242.643    8.9469    4.7339    3.8716   2105.2727    3.1470    15018438268.0385
  1259.775    8.9621    4.7385    3.8771   2107.6776    3.1417    15227322130.1594
  1276.907    8.9773    4.7433    3.8827   2110.0477    3.1367    15436153601.6370
  1294.039    8.9921    4.7479    3.8880   2112.4330    3.1319    15644943667.4264
  1311.172    9.0066    4.7526    3.8931   2114.6955    3.1274    15853695916.5351
  1328.304    9.0210    4.7571    3.8984   2117.0712    3.1231    16062424828.9661
  1345.436    9.0342    4.7616    3.9029   2119.1873    3.1192    16271130931.6903
  1362.568    9.0489    4.7664    3.9082   2121.4444    3.1155    16479834177.8250
  1379.700    9.0754    4.7793    3.9150   2125.3229    3.1122    16688617666.3074
  1396.832    9.1150    4.8002    3.9246   2130.4803    3.1091    16897614719.0275
  1413.964    9.1574    4.8224    3.9360   2136.8754    3.1063    17106964617.6043
  1431.097    9.1960    4.8435    3.9455   2142.3774    3.1038    17316681072.5971
  1448.229    9.2361    4.8659    3.9555   2148.3126    3.1015    17526745293.9199
  1465.361    9.2782    4.8899    3.9662   2154.1526    3.0996    17737209837.0590
  1482.493    9.3195    4.9124    3.9779   2160.5552    3.0979    17948135811.8963
  1499.625    9.3608    4.9363    3.9890   2167.2834    3.0966    18159552674.2142
  1516.757    9.3779    4.9435    3.9945   2169.4112    3.0956    18371319656.6820
  1533.889    9.3906    4.9480    3.9989   2171.4114    3.0951    18583285249.3372
  1551.022    9.4030    4.9523    4.0033   2173.4065    3.0950    18795447393.3856
  1568.154    9.4157    4.9569    4.0078   2175.4403    3.0954    19007839308.0481
  1568.154    4.8902    0.0000    3.9903         nan    3.0954    19007839308.0481
  1581.472    4.9009    0.0000    3.9948         nan    3.0963    19172438872.6098
  1594.791    4.9117    0.0000    3.9994         nan    3.0974    19337270684.1352
  1608.110    4.9224    0.0000    4.0039         nan    3.0989    19502350829.4430
  1621.428    4.9331    0.0000    4.0084         nan    3.1006    19667695970.8148
  1634.747    4.9436    0.0000    4.0129         nan    3.1027    19833322129.4910
  1648.065    4.9538    0.0000    4.0173         nan    3.1052    19999242844.5406
  1661.384    4.9640    0.0000    4.0216         nan    3.1080    20165473593.4167
  1674.703    4.9742    0.0000    4.0259         nan    3.1112    20332033684.0119
  1688.021    4.9844    0.0000    4.0303         nan    3.1147    20498943120.1722
  1688.021    5.1256    0.0000    6.3133         nan    3.1147    20498943120.1722
  1746.693    5.2077    0.0000    6.3560         nan    3.0182    21656578613.4963
  1805.365    5.2852    0.0000    6.3964         nan    2.9203    22785687488.2953
  1864.036    5.3582    0.0000    6.4346         nan    2.8213    23884926502.9683
  1922.708    5.4271    0.0000    6.4706         nan    2.7211    24953032250.5392
  1981.380    5.4921    0.0000    6.5047         nan    2.6199    25988815161.6384
  2040.051    5.5534    0.0000    6.5370         nan    2.5176    26991154427.9225
  2098.723    5.6112    0.0000    6.5674         nan    2.4144    27958993664.5712
  2157.395    5.6656    0.0000    6.5961         nan    2.3103    28891337169.8256
  2216.066    5.7168    0.0000    6.6231         nan    2.2053    29787246659.5535
  2274.738    5.7649    0.0000    6.6486         nan    2.0995    30645838386.5539
  2333.410    5.8100    0.0000    6.6724         nan    1.9929    31466280562.1019
  2392.081    5.8522    0.0000    6.6948         nan    1.8857    32247791002.4283
  2450.753    5.8916    0.0000    6.7157         nan    1.7777    32989634925.4913
  2509.425    5.9282    0.0000    6.7352         nan    1.6692    33691122816.1763
  2568.097    5.9623    0.0000    6.7533         nan    1.5600    34351608255.6305
  2626.768    5.9937    0.0000    6.7700         nan    1.4502    34970485573.8725
  2685.440    6.0226    0.0000    6.7854         nan    1.3399    35547187115.8621
  2744.112    6.0490    0.0000    6.7995         nan    1.2291    36081179780.4786
  2802.783    6.0730    0.0000    6.8123         nan    1.1176    36571960251.5182
  2861.455    6.0946    0.0000    6.8238         nan    1.0056    37019047866.8571
  2920.127    6.1139    0.0000    6.8341         nan    0.8930    37421973100.3744
  2978.798    6.1308    0.0000    6.8431         nan    0.7794    37780257502.5250
  3037.470    6.1454    0.0000    6.8509         nan    0.6647    38093375902.1580
  3096.142    6.1577    0.0000    6.8575         nan    0.5479    38360678504.1539
  3154.813    6.1677    0.0000    6.8628         nan    0.4271    38581211579.8989
  3213.485    6.1755    0.0000    6.8670         nan    0.2964    38753239544.6391
  3272.157    6.1811    0.0000    6.8700         nan    0.1317    38872671099.6524
  3330.828    6.1844    0.0000    6.8718         nan   -0.2622    38925751653.1402
  3389.500    6.1855    0.0000    6.8724         nan    0.0000    38820022474.6724
