# Depth[km]  Vp[km/s]  Vs[km/s] Rho[g/cm3]    T[K]     g[m/s2]         P[Pa]        
     0.000    3.5674    2.1539    1.6220    273.1500    3.7291              0.0000
    11.103    3.5674    2.1539    1.6220    317.5241    3.7385       67155387.6678
    11.103    4.8128    2.9059    2.1882    317.5241    3.7385       67155387.6678
    27.391    4.8128    2.9059    2.1882    382.6300    3.7448      200406197.1716
    27.391    5.9539    3.5948    2.7071    382.6300    3.7448      200406197.1716
    46.938    5.9539    3.5948    2.7071    460.7568    3.7440      398551528.5981
    46.938    7.9575    4.5335    3.5034    460.7568    3.7440      398551528.5981
    56.632    7.9498    4.5240    3.5032    499.5061    3.7373      525709346.0884
    66.327    7.9419    4.5144    3.5029    538.2553    3.7306      652628790.5374
    76.021    7.9335    4.5045    3.5026    577.0046    3.7238      779308405.9413
    85.716    7.9246    4.4945    3.5021    615.7539    3.7172      905745381.8519
    95.410    7.9159    4.4846    3.5017    654.5032    3.7105     1031939797.3345
   105.105    7.9070    4.4746    3.5012    693.2525    3.7039     1157893266.4636
   114.799    7.8982    4.4648    3.5008    732.0017    3.6973     1283606070.7602
   124.494    7.8887    4.4547    3.5002    770.7510    3.6908     1409076241.5280
   134.188    7.8797    4.4448    3.4996    809.5003    3.6842     1534303235.7665
   143.883    7.8701    4.4347    3.4990    848.2496    3.6777     1659287795.5033
   153.577    7.8602    4.4246    3.4983    886.9988    3.6713     1784027462.3204
   163.272    7.8513    4.4149    3.4977    925.7481    3.6648     1908524905.8395
   172.966    7.8415    4.4048    3.4969    964.4974    3.6585     2032780715.3246
   182.661    7.8319    4.3949    3.4962   1003.2467    3.6521     2156793465.0690
   192.355    7.8219    4.3849    3.4954   1041.9960    3.6458     2280562899.1373
   202.050    7.8120    4.3748    3.4946   1080.7452    3.6395     2404088648.4542
   211.744    7.8018    4.3647    3.4937   1119.4945    3.6332     2527371980.7561
   221.439    7.7920    4.3547    3.4929   1158.2438    3.6270     2650414197.5900
   231.133    7.7824    4.3449    3.4921   1196.9931    3.6208     2773216875.4572
   240.828    7.7720    4.3348    3.4911   1235.7423    3.6147     2895778017.5129
   250.522    7.7609    4.3241    3.4900   1274.4916    3.6085     3018094980.4727
   260.217    7.7524    4.3148    3.4893   1313.2409    3.6025     3140173540.8417
   269.911    7.7430    4.3052    3.4884   1351.9902    3.5964     3262018304.1965
   279.606    7.7333    4.2954    3.4874   1390.7395    3.5905     3383625837.6490
   289.300    7.7234    4.2856    3.4864   1429.4887    3.5845     3504995770.5817
   298.995    7.7135    4.2757    3.4853   1468.2380    3.5786     3626128827.5012
   308.689    7.7041    4.2661    3.4843   1506.9873    3.5727     3747026752.2144
   318.384    7.6947    4.2563    3.4834   1545.7366    3.5669     3867693458.1077
   328.078    7.6843    4.2464    3.4823   1584.4859    3.5611     3988128439.7713
   337.773    7.6748    4.2366    3.4813   1623.2351    3.5554     4108332745.5232
   347.467    7.6643    4.2265    3.4802   1661.9844    3.5497     4228306980.4397
   357.162    7.6544    4.2167    3.4792   1700.7337    3.5440     4348051237.2099
   366.856    7.6440    4.2066    3.4781   1739.4830    3.5384     4467568910.0907
   376.551    7.6337    4.1966    3.4769   1778.2322    3.5329     4586859458.4740
   386.245    7.6234    4.1865    3.4759   1816.9815    3.5274     4705924443.6136
   395.940    7.6133    4.1765    3.4748   1855.7308    3.5219     4824767065.0419
   405.634    7.6034    4.1666    3.4737   1894.4801    3.5165     4943388782.2034
   415.329    7.5923    4.1563    3.4725   1933.2294    3.5111     5061789573.4922
   425.023    7.5820    4.1461    3.4714   1971.9786    3.5058     5179970204.7781
   434.718    7.5715    4.1360    3.4703   2010.7279    3.5005     5297932863.2302
   457.982    7.6036    4.1456    3.4791   2015.7399    3.4880     5580897543.0972
   481.246    7.6349    4.1548    3.4879   2020.5751    3.4755     5863561603.9859
   504.510    7.6655    4.1639    3.4964   2025.3166    3.4631     6145914151.6722
   527.774    7.6940    4.1722    3.5048   2029.9172    3.4507     6427939329.5912
   551.038    7.7229    4.1808    3.5130   2034.3400    3.4385     6709625587.8954
   574.303    7.7505    4.1889    3.5211   2038.7208    3.4264     6990967132.0581
   597.567    7.7782    4.1971    3.5293   2043.0291    3.4143     7271965093.4121
   620.831    7.8053    4.2051    3.5373   2047.2486    3.4024     7552618817.1314
   644.095    7.8312    4.2127    3.5450   2051.2425    3.3907     7832918104.1034
   667.359    7.8578    4.2206    3.5529   2055.3236    3.3790     8112865966.0798
   690.623    7.8833    4.2281    3.5607   2059.3026    3.3675     8392468558.9049
   713.887    7.9093    4.2359    3.5685   2063.1597    3.3562     8671729235.7202
   737.151    7.9349    4.2436    3.5763   2066.9446    3.3450     8950657366.7472
   760.415    7.9606    4.2512    3.5841   2070.7866    3.3340     9229262717.0457
   783.679    7.9856    4.2589    3.5917   2074.3310    3.3232     9507548125.0009
   806.944    8.0109    4.2666    3.5994   2077.9277    3.3125     9785521587.8427
   830.208    8.0358    4.2742    3.6072   2081.4944    3.3021    10063200291.2496
   853.472    8.0623    4.2827    3.6152   2085.0703    3.2918    10340609639.2741
   876.736    8.0881    4.2910    3.6231   2088.3815    3.2818    10617768048.5183
   900.000    8.1142    4.2994    3.6313   2091.8566    3.2719    10894695284.1015
   917.048    8.1336    4.3058    3.6374   2094.2900    3.2649    11097418148.3817
   934.096    8.1521    4.3118    3.6432   2096.6977    3.2580    11300034269.0736
   951.144    8.1745    4.3200    3.6501   2099.1669    3.2512    11502573508.5439
   968.192    8.1952    4.3273    3.6567   2101.6044    3.2445    11705064443.2730
   985.239    8.2156    4.3345    3.6631   2104.0331    3.2380    11907501880.8643
  1002.287    8.2403    4.3443    3.6709   2106.4629    3.2316    12109924913.7847
  1019.335    8.2631    4.3530    3.6781   2108.9728    3.2253    12312361607.3429
  1036.383    8.2896    4.3638    3.6866   2111.4829    3.2192    12514839060.3580
  1053.431    8.3086    4.3704    3.6928   2113.8680    3.2132    12717334929.7607
  1070.479    8.3262    4.3761    3.6988   2116.0262    3.2074    12919786714.1645
  1087.527    8.3432    4.3815    3.7045   2118.1840    3.2018    13122190066.9612
  1104.575    8.3602    4.3870    3.7102   2120.4329    3.1963    13324549743.2168
  1121.622    8.3923    4.4026    3.7200   2124.2227    3.1910    13526988841.5315
  1138.670    8.5467    4.5001    3.7616   2139.4551    3.1857    13730489967.0013
  1155.718    8.7320    4.6180    3.8100   2159.7538    3.1799    13936090654.3381
  1172.766    8.8516    4.6927    3.8407   2166.1979    3.1739    14143466267.5066
  1189.814    8.8672    4.6977    3.8460   2168.5721    3.1679    14351424494.6534
  1206.862    8.8833    4.7020    3.8523   2171.4108    3.1621    14559302891.7678
  1223.910    8.8989    4.7067    3.8579   2173.8800    3.1566    14767122115.2724
  1240.958    8.9144    4.7114    3.8635   2176.3758    3.1512    14974875519.2512
  1258.005    8.9294    4.7159    3.8689   2178.8687    3.1461    15182571749.0028
  1275.053    8.9438    4.7206    3.8739   2181.1956    3.1412    15390209481.6061
  1292.101    8.9575    4.7253    3.8785   2183.4513    3.1366    15597782482.6801
  1309.149    8.9734    4.7301    3.8841   2185.7691    3.1323    15805326149.4780
  1326.197    8.9886    4.7346    3.8901   2188.5346    3.1282    16012892663.8159
  1343.245    9.0027    4.7391    3.8952   2191.0246    3.1244    16220485631.0800
  1360.293    9.0164    4.7438    3.8999   2193.2511    3.1210    16428090571.3570
  1377.341    9.0308    4.7484    3.9052   2195.7102    3.1178    16635729395.5098
  1394.388    9.0450    4.7530    3.9101   2197.9454    3.1150    16843428835.4607
  1411.436    9.0613    4.7596    3.9152   2200.4836    3.1125    17051205275.1146
  1428.484    9.1043    4.7823    3.9262   2206.9138    3.1103    17259241684.2412
  1445.532    9.1424    4.8029    3.9356   2212.8075    3.1083    17467670416.9147
  1462.580    9.1829    4.8252    3.9453   2218.5337    3.1067    17676477372.7806
  1479.628    9.2245    4.8478    3.9565   2224.7840    3.1055    17885732506.2735
  1496.676    9.2646    4.8704    3.9668   2230.8768    3.1045    18095469075.5051
  1513.724    9.3046    4.8926    3.9782   2236.5297    3.1039    18305713097.3944
  1530.771    9.3447    4.9148    3.9906   2241.5487    3.1036    18516544188.1040
  1547.819    9.3604    4.9213    3.9958   2243.4905    3.1037    18727821902.4529
  1564.867    9.3734    4.9260    4.0004   2245.6124    3.1042    18939365963.4495
  1564.867    4.5655    0.0000    3.9699         nan    3.1042    18939365963.4495
  1579.362    4.5788    0.0000    3.9755         nan    3.1055    19118111839.0556
  1593.856    4.5920    0.0000    3.9811         nan    3.1070    19297182334.7305
  1608.350    4.6053    0.0000    3.9868         nan    3.1090    19476597989.5459
  1622.845    4.6186    0.0000    3.9924         nan    3.1113    19656380159.3461
  1637.339    4.6314    0.0000    3.9979         nan    3.1140    19836546904.2568
  1651.834    4.6440    0.0000    4.0032         nan    3.1172    20017115079.4647
  1666.328    4.6566    0.0000    4.0086         nan    3.1207    20198106699.5827
  1680.822    4.6692    0.0000    4.0139         nan    3.1247    20379546920.5925
  1695.317    4.6816    0.0000    4.0192         nan    3.1291    20561459982.3083
  1695.317    5.1611    0.0000    6.3696         nan    3.1291    20561459982.3083
  1753.737    5.2416    0.0000    6.4121         nan    3.0322    21729737557.3847
  1812.157    5.3175    0.0000    6.4523         nan    2.9340    22869140516.0713
  1870.577    5.3892    0.0000    6.4903         nan    2.8346    23978340686.7133
  1928.997    5.4569    0.0000    6.5263         nan    2.7341    25056088594.1404
  1987.417    5.5207    0.0000    6.5603         nan    2.6325    26101207956.8373
  2045.837    5.5809    0.0000    6.5925         nan    2.5299    27112591073.8637
  2104.258    5.6377    0.0000    6.6228         nan    2.4264    28089194951.9942
  2162.678    5.6912    0.0000    6.6515         nan    2.3221    29030038055.4207
  2221.098    5.7416    0.0000    6.6785         nan    2.2169    29934197589.9888
  2279.518    5.7889    0.0000    6.7039         nan    2.1110    30800807271.4860
  2337.938    5.8333    0.0000    6.7278         nan    2.0044    31629055545.3697
  2396.358    5.8749    0.0000    6.7502         nan    1.8972    32418184254.9842
  2454.778    5.9137    0.0000    6.7711         nan    1.7893    33167487786.8505
  2513.198    5.9498    0.0000    6.7906         nan    1.6810    33876312764.9549
  2571.618    5.9833    0.0000    6.8087         nan    1.5722    34544058430.2512
  2630.039    6.0143    0.0000    6.8254         nan    1.4630    35170177943.7716
  2688.459    6.0428    0.0000    6.8408         nan    1.3535    35754181022.0059
  2746.879    6.0689    0.0000    6.8549         nan    1.2438    36295638610.4147
  2805.299    6.0925    0.0000    6.8677         nan    1.1340    36794190854.5052
  2863.719    6.1138    0.0000    6.8793         nan    1.0244    37249560693.2543
  2922.139    6.1328    0.0000    6.8896         nan    0.9153    37661577584.4238
  2980.559    6.1494    0.0000    6.8986         nan    0.8072    38030220651.0175
  3038.979    6.1638    0.0000    6.9064         nan    0.7009    38355701851.4903
  3097.399    6.1760    0.0000    6.9130         nan    0.5985    38638639311.3371
  3155.820    6.1859    0.0000    6.9184         nan    0.5046    38880458276.9392
  3214.240    6.1936    0.0000    6.9225         nan    0.4324    39084461928.8475
  3272.660    6.1991    0.0000    6.9255         nan    0.4357    39259360105.5286
  3331.080    6.2024    0.0000    6.9273         nan    0.9509    39435656557.8719
  3389.500    6.2035    0.0000    6.9279         nan    0.0000    39820478537.8808
