# Depth[km]  Vp[km/s]  Vs[km/s] Rho[g/cm3]    T[K]     g[m/s2]         P[Pa]        
     0.000    3.7057    2.2364    1.7199    273.1500    3.7291              0.0000
    10.943    3.7057    2.2364    1.7199    314.6300    3.7374       70188467.8312
    10.943    4.6793    2.8239    2.1718    314.6300    3.7374       70188467.8312
    28.180    4.6793    2.8239    2.1718    379.9683    3.7443      210095113.1416
    28.180    6.8533    4.1359    3.1808    379.9683    3.7443      210095113.1416
    48.184    6.8533    4.1359    3.1808    455.8016    3.7356      448353497.5004
    48.184    7.9503    4.5299    3.4844    455.8016    3.7356      448353497.5004
    58.076    7.9447    4.5219    3.4845    493.2998    3.7288      577111386.0370
    67.968    7.9389    4.5139    3.4845    530.7980    3.7221      705637496.6763
    77.860    7.9326    4.5055    3.4844    568.2962    3.7153      833930169.5364
    87.752    7.9263    4.4971    3.4843    605.7944    3.7086      961988405.0428
    97.644    7.9191    4.4884    3.4841    643.2925    3.7020     1089809267.1216
   107.536    7.9126    4.4800    3.4839    680.7907    3.6953     1217392699.6507
   117.428    7.9058    4.4714    3.4837    718.2889    3.6887     1344740670.1363
   127.320    7.8989    4.4628    3.4835    755.7871    3.6821     1471852389.2681
   137.212    7.8915    4.4540    3.4831    793.2852    3.6756     1598725722.2019
   147.104    7.8845    4.4455    3.4828    830.7834    3.6690     1725360544.1176
   156.996    7.8772    4.4368    3.4824    868.2816    3.6626     1851757552.4290
   166.889    7.8695    4.4279    3.4818    905.7798    3.6561     1977914081.5040
   176.781    7.8628    4.4195    3.4815    943.2780    3.6497     2103832114.8375
   186.673    7.8556    4.4109    3.4810    980.7761    3.6433     2229512966.5554
   196.565    7.8481    4.4022    3.4804   1018.2743    3.6369     2354954768.5850
   206.457    7.8407    4.3934    3.4798   1055.7725    3.6306     2480157123.5270
   216.349    7.8338    4.3849    3.4793   1093.2707    3.6243     2605121245.1093
   226.241    7.8262    4.3762    3.4787   1130.7689    3.6181     2729849496.0449
   236.133    7.8186    4.3673    3.4781   1168.2670    3.6118     2854341732.4209
   246.025    7.8119    4.3591    3.4776   1205.7652    3.6057     2978599237.9894
   255.917    7.8052    4.3508    3.4769   1243.2634    3.5995     3102622734.1506
   265.809    7.7976    4.3420    3.4762   1280.7616    3.5934     3226411069.6608
   275.701    7.7901    4.3333    3.4756   1318.2598    3.5874     3349965497.7694
   285.593    7.7830    4.3248    3.4749   1355.7579    3.5813     3473287784.3900
   295.485    7.7753    4.3159    3.4741   1393.2561    3.5754     3596376739.0096
   305.377    7.7681    4.3074    3.4734   1430.7543    3.5694     3719234152.3254
   315.269    7.7614    4.2992    3.4727   1468.2525    3.5635     3841863928.6918
   325.161    7.7542    4.2907    3.4720   1505.7506    3.5577     3964266117.0694
   335.053    7.7464    4.2819    3.4711   1543.2488    3.5518     4086439048.9139
   344.945    7.7396    4.2735    3.4704   1580.7470    3.5461     4208384896.1467
   354.837    7.7325    4.2650    3.4697   1618.2452    3.5403     4330106755.8934
   364.729    7.7244    4.2561    3.4688   1655.7434    3.5347     4451602984.4543
   374.621    7.7172    4.2475    3.4681   1693.2415    3.5290     4572876052.5066
   384.513    7.7090    4.2385    3.4671   1730.7397    3.5234     4693926247.7909
   394.405    7.7027    4.2303    3.4663   1768.2379    3.5179     4814754669.3977
   404.297    7.6947    4.2214    3.4654   1805.7361    3.5124     4935363946.0854
   414.189    7.6875    4.2128    3.4647   1843.2343    3.5069     5055755722.6760
   424.081    7.6790    4.2036    3.4637   1880.7324    3.5015     5175929721.6358
   433.973    7.6717    4.1949    3.4629   1918.2306    3.4962     5295887544.3949
   443.865    7.6624    4.1853    3.4619   1955.7288    3.4909     5415632330.8220
   466.671    7.6907    4.1940    3.4700   1960.1510    3.4788     5691577347.0813
   489.478    7.7182    4.2023    3.4780   1964.5269    3.4667     5967199989.6110
   512.285    7.7452    4.2107    3.4859   1968.8401    3.4548     6242496930.1283
   535.092    7.7705    4.2180    3.4937   1973.1126    3.4429     6517462191.3855
   557.898    7.7958    4.2255    3.5014   1977.3831    3.4311     6792092430.3360
   580.705    7.8201    4.2327    3.5089   1981.3511    3.4195     7066381372.9371
   603.512    7.8447    4.2400    3.5165   1985.4814    3.4080     7340328540.0416
   626.319    7.8684    4.2469    3.5239   1989.3440    3.3966     7613934895.1069
   649.126    7.8918    4.2536    3.5314   1993.2897    3.3853     7887201075.7347
   671.932    7.9159    4.2607    3.5388   1997.2669    3.3742     8160136897.0350
   694.739    7.9388    4.2673    3.5461   2001.0379    3.3632     8432742571.1235
   717.546    7.9619    4.2741    3.5533   2004.6844    3.3523     8705017352.8272
   740.353    7.9843    4.2805    3.5605   2008.3220    3.3417     8976966994.5098
   763.159    8.0080    4.2876    3.5679   2012.0748    3.3312     9248608171.5264
   785.966    8.0304    4.2941    3.5750   2015.5865    3.3209     9519947776.4680
   808.773    8.0531    4.3007    3.5823   2019.0675    3.3108     9790991942.7337
   831.580    8.0754    4.3072    3.5895   2022.5649    3.3009    10061756916.3308
   854.386    8.0981    4.3140    3.5966   2025.9074    3.2912    10332252252.4330
   877.193    8.1213    4.3211    3.6040   2029.2677    3.2817    10602497679.1466
   900.000    8.1441    4.3280    3.6113   2032.5642    3.2725    10872515655.1432
   916.787    8.1613    4.3333    3.6168   2034.9707    3.2659    11071053155.3371
   933.574    8.1789    4.3389    3.6224   2037.4027    3.2593    11269491022.9919
   950.360    8.1962    4.3445    3.6280   2039.7758    3.2530    11467838624.9452
   967.147    8.2144    4.3504    3.6338   2042.1646    3.2467    11666110291.2779
   983.934    8.2342    4.3573    3.6401   2044.6937    3.2406    11864332004.8072
  1000.721    8.2536    4.3642    3.6463   2047.0698    3.2347    12062519776.2195
  1017.507    8.2729    4.3709    3.6525   2049.4497    3.2289    12260682449.6217
  1034.294    8.2935    4.3785    3.6592   2051.8477    3.2232    12458840718.0557
  1051.081    8.3097    4.3835    3.6646   2054.0541    3.2178    12656977969.7897
  1067.868    8.3251    4.3880    3.6697   2056.2106    3.2125    12855062365.7774
  1084.654    8.3409    4.3927    3.6751   2058.4053    3.2073    13053103360.4266
  1101.441    8.3670    4.4046    3.6830   2061.5092    3.2024    13251187391.8769
  1118.228    8.4877    4.4811    3.7153   2074.1219    3.1974    13450046245.1498
  1135.015    8.6497    4.5850    3.7577   2090.3163    3.1922    13650601530.6074
  1151.802    8.8031    4.6831    3.7970   2102.7558    3.1867    13853020152.6236
  1168.588    8.8186    4.6874    3.8025   2105.3096    3.1812    14056287657.0661
  1185.375    8.8325    4.6913    3.8072   2107.7061    3.1758    14259474122.8613
  1202.162    8.8493    4.6959    3.8133   2110.1211    3.1707    14462606558.5023
  1218.949    8.8648    4.7003    3.8188   2112.5360    3.1658    14665720368.8199
  1235.735    8.8803    4.7045    3.8244   2114.9510    3.1611    14868814681.1291
  1252.522    8.8958    4.7089    3.8300   2117.3669    3.1567    15071903611.7135
  1269.309    8.9112    4.7133    3.8355   2119.7618    3.1525    15275002018.9207
  1286.096    8.9262    4.7176    3.8410   2122.1935    3.1485    15478121365.8849
  1302.882    8.9415    4.7219    3.8465   2124.5949    3.1448    15681275522.9601
  1319.669    8.9571    4.7264    3.8523   2127.0571    3.1414    15884489794.6377
  1336.456    8.9720    4.7307    3.8577   2129.4780    3.1383    16087779366.5956
  1353.243    8.9871    4.7351    3.8633   2131.8990    3.1354    16291155932.8367
  1370.029    9.0023    4.7397    3.8689   2134.3086    3.1329    16494643135.8076
  1386.816    9.0380    4.7571    3.8783   2139.5097    3.1306    16698358667.0664
  1403.603    9.0778    4.7775    3.8883   2145.2398    3.1286    16902437233.2284
  1420.390    9.1172    4.7977    3.8985   2151.0748    3.1269    17106917038.2903
  1437.177    9.1557    4.8177    3.9087   2156.7847    3.1255    17311820299.4797
  1453.963    9.1954    4.8387    3.9193   2162.7000    3.1243    17517175849.9902
  1470.750    9.2341    4.8593    3.9299   2168.8424    3.1235    17723010326.4367
  1487.537    9.2731    4.8803    3.9406   2175.1809    3.1230    17929348895.6476
  1504.324    9.3130    4.9024    3.9517   2181.4380    3.1228    18136225375.0358
  1521.110    9.3296    4.9086    3.9575   2183.7630    3.1230    18343531692.4753
  1537.897    9.3434    4.9130    3.9626   2186.0109    3.1236    18551135567.2295
  1554.684    9.3570    4.9174    3.9676   2188.2395    3.1247    18759045362.7486
  1554.684    5.2182    0.0000    3.9747         nan    3.1247    18759045362.7486
  1570.192    5.2287    0.0000    3.9793         nan    3.1260    18951762579.4472
  1585.700    5.2392    0.0000    3.9840         nan    3.1278    19144786487.3491
  1601.208    5.2497    0.0000    3.9886         nan    3.1300    19338143252.6713
  1616.716    5.2602    0.0000    3.9932         nan    3.1326    19531860103.3030
  1632.224    5.2703    0.0000    3.9977         nan    3.1357    19725960875.3055
  1647.732    5.2803    0.0000    4.0021         nan    3.1393    19920470234.8215
  1663.240    5.2904    0.0000    4.0066         nan    3.1434    20115418634.1215
  1678.749    5.3004    0.0000    4.0110         nan    3.1480    20310838187.2308
  1694.257    5.3100    0.0000    4.0153         nan    3.1532    20506758309.9498
  1694.257    5.4547    0.0000    6.4332         nan    3.1532    20506758309.9498
  1752.713    5.5241    0.0000    6.4720         nan    3.0547    21696135793.4106
  1811.170    5.5898    0.0000    6.5089         nan    2.9550    22855104772.1790
  1869.627    5.6522    0.0000    6.5439         nan    2.8542    23982465775.7906
  1928.083    5.7112    0.0000    6.5772         nan    2.7524    25077082951.3953
  1986.540    5.7671    0.0000    6.6088         nan    2.6497    26137880770.4830
  2044.997    5.8200    0.0000    6.6387         nan    2.5460    27163841229.7961
  2103.453    5.8701    0.0000    6.6671         nan    2.4415    28154001479.2499
  2161.910    5.9173    0.0000    6.6939         nan    2.3362    29107451833.1086
  2220.367    5.9619    0.0000    6.7193         nan    2.2301    30023334129.7896
  2278.823    6.0039    0.0000    6.7432         nan    2.1233    30900840425.6268
  2337.280    6.0434    0.0000    6.7656         nan    2.0159    31739212027.7889
  2395.737    6.0804    0.0000    6.7868         nan    1.9079    32537738892.9148
  2454.193    6.1150    0.0000    6.8065         nan    1.7993    33295759447.7661
  2512.650    6.1472    0.0000    6.8250         nan    1.6903    34012660934.7216
  2571.107    6.1772    0.0000    6.8421         nan    1.5809    34687880455.2749
  2629.563    6.2050    0.0000    6.8580         nan    1.4711    35320906998.3598
  2688.020    6.2305    0.0000    6.8726         nan    1.3610    35911284931.6740
  2746.477    6.2539    0.0000    6.8860         nan    1.2509    36458619778.6260
  2804.933    6.2751    0.0000    6.8982         nan    1.1407    36962587734.0952
  2863.390    6.2942    0.0000    6.9092         nan    1.0308    37422951597.1563
  2921.847    6.3113    0.0000    6.9190         nan    0.9215    37839588308.2964
  2980.303    6.3263    0.0000    6.9276         nan    0.8134    38212538771.1196
  3038.760    6.3392    0.0000    6.9351         nan    0.7075    38542103640.5808
  3097.217    6.3502    0.0000    6.9414         nan    0.6060    38829042702.0905
  3155.673    6.3591    0.0000    6.9465         nan    0.5142    39075035824.7635
  3214.130    6.3660    0.0000    6.9505         nan    0.4474    39283913744.5108
  3272.587    6.3710    0.0000    6.9533         nan    0.4669    39465713648.3511
  3331.043    6.3739    0.0000    6.9550         nan    1.0720    39655512786.1900
  3389.500    6.3749    0.0000    6.9556         nan    0.0000    40091371178.9921
