# Depth[km]  Vp[km/s]  Vs[km/s] Rho[g/cm3]    T[K]     g[m/s2]         P[Pa]        
     0.000    3.6086    2.1695    1.6466    273.1500    3.7291              0.0000
    12.163    3.6086    2.1695    1.6466    323.8444    3.7391       74679854.3891
    12.163    4.5230    2.7192    2.0638    323.8444    3.7391       74679854.3891
    25.736    4.5230    2.7192    2.0638    380.4257    3.7458      179424485.8766
    25.736    5.3005    3.1867    2.4185    380.4257    3.7458      179424485.8766
    45.575    5.3005    3.1867    2.4185    463.1209    3.7499      359146369.8387
    45.575    7.9952    4.5418    3.5185    463.1209    3.7499      359146369.8387
    54.797    7.9869    4.5320    3.5181    501.5636    3.7434      480819291.1245
    64.020    7.9785    4.5221    3.5176    540.0064    3.7369      602263841.6725
    73.242    7.9696    4.5119    3.5170    578.4492    3.7304      723478890.1594
    82.465    7.9602    4.5016    3.5163    616.8920    3.7240      844462290.8225
    91.687    7.9512    4.4915    3.5157    655.3348    3.7175      965214204.7165
   100.909    7.9420    4.4814    3.5150    693.7776    3.7111     1085736013.7457
   110.132    7.9329    4.4713    3.5143    732.2204    3.7048     1206027907.9127
   119.354    7.9232    4.4611    3.5135    770.6632    3.6985     1326088517.3651
   128.577    7.9134    4.4509    3.5127    809.1060    3.6922     1445915866.0480
   137.799    7.9042    4.4410    3.5119    847.5488    3.6859     1565511976.4140
   147.022    7.8943    4.4309    3.5111    885.9916    3.6796     1684877296.6034
   156.244    7.8847    4.4209    3.5102    924.4344    3.6734     1804010826.2537
   165.466    7.8749    4.4109    3.5093    962.8772    3.6673     1922912891.4647
   174.689    7.8649    4.4008    3.5083   1001.3200    3.6611     2041583029.0291
   183.911    7.8553    4.3910    3.5073   1039.7628    3.6550     2160021959.8114
   193.134    7.8456    4.3811    3.5064   1078.2056    3.6489     2278230506.9023
   202.356    7.8356    4.3710    3.5054   1116.6483    3.6429     2396209058.1508
   211.578    7.8260    4.3613    3.5044   1155.0911    3.6368     2513958992.2350
   220.801    7.8166    4.3515    3.5034   1193.5339    3.6309     2631481871.0697
   230.023    7.8062    4.3414    3.5023   1231.9767    3.6249     2748775984.9611
   239.246    7.7964    4.3317    3.5013   1270.4195    3.6190     2865842283.4000
   248.468    7.7870    4.3220    3.5003   1308.8623    3.6131     2982684076.3964
   257.691    7.7774    4.3124    3.4991   1347.3051    3.6073     3099299078.6994
   266.913    7.7682    4.3027    3.4980   1385.7479    3.6015     3215688155.0515
   276.135    7.7587    4.2932    3.4969   1424.1907    3.5957     3331853452.4188
   285.358    7.7493    4.2836    3.4958   1462.6335    3.5900     3447796388.9040
   294.580    7.7399    4.2740    3.4946   1501.0763    3.5843     3563517935.8821
   303.803    7.7300    4.2641    3.4934   1539.5191    3.5787     3679016365.7612
   313.025    7.7202    4.2544    3.4922   1577.9619    3.5731     3794293351.8450
   322.247    7.7109    4.2449    3.4911   1616.4047    3.5675     3909351661.8679
   331.470    7.7008    4.2350    3.4899   1654.8475    3.5619     4024191357.0162
   340.692    7.6910    4.2252    3.4887   1693.2903    3.5565     4138813277.2551
   349.915    7.6814    4.2156    3.4875   1731.7330    3.5510     4253218953.4261
   359.137    7.6715    4.2057    3.4862   1770.1758    3.5456     4367409410.6030
   368.360    7.6614    4.1958    3.4850   1808.6186    3.5402     4481385391.5274
   377.582    7.6517    4.1860    3.4838   1847.0614    3.5349     4595148226.9521
   386.804    7.6418    4.1761    3.4824   1885.5042    3.5296     4708699060.8956
   396.027    7.6313    4.1661    3.4812   1923.9470    3.5244     4822038106.4158
   405.249    7.6216    4.1563    3.4799   1962.3898    3.5192     4935167395.6702
   414.472    7.6119    4.1465    3.4786   2000.8326    3.5141     5048088453.3112
   438.748    7.6428    4.1561    3.4876   2005.9246    3.5006     5345227107.5779
   463.024    7.6732    4.1657    3.4965   2010.9859    3.4873     5641990407.5645
   487.301    7.7026    4.1750    3.5052   2015.7837    3.4740     5938366250.7786
   511.577    7.7311    4.1839    3.5138   2020.5707    3.4608     6234343132.1097
   535.854    7.7592    4.1927    3.5223   2025.1624    3.4477     6529912824.5096
   560.130    7.7865    4.2013    3.5307   2029.6831    3.4346     6825067123.6784
   584.407    7.8130    4.2095    3.5390   2034.1434    3.4218     7119804556.0571
   608.683    7.8395    4.2178    3.5472   2038.5358    3.4090     7414124042.0408
   632.959    7.8655    4.2259    3.5554   2042.6987    3.3964     7708022197.1436
   657.236    7.8917    4.2340    3.5635   2046.9331    3.3839     8001502549.8169
   681.512    7.9170    4.2420    3.5715   2050.9775    3.3715     8294567627.7624
   705.789    7.9428    4.2501    3.5797   2055.0591    3.3593     8587224476.2251
   730.065    7.9684    4.2583    3.5878   2058.9807    3.3473     8879485449.6400
   754.341    7.9939    4.2663    3.5959   2062.9884    3.3354     9171358175.7941
   778.618    8.0190    4.2743    3.6039   2066.7252    3.3238     9462850635.1688
   802.894    8.0443    4.2825    3.6121   2070.4590    3.3123     9753976163.7708
   827.171    8.0701    4.2910    3.6203   2074.1116    3.3010    10044754438.7810
   851.447    8.0965    4.2998    3.6287   2077.8705    3.2900    10335211417.6132
   875.724    8.1228    4.3087    3.6372   2081.4148    3.2791    10625369960.7842
   900.000    8.1500    4.3182    3.6459   2084.9365    3.2685    10915257605.1931
   916.724    8.1689    4.3248    3.6520   2087.3434    3.2614    11114724566.5687
   933.448    8.1888    4.3321    3.6584   2089.7115    3.2543    11314094794.6651
   950.173    8.2092    4.3397    3.6650   2092.0982    3.2474    11513387400.8005
   966.897    8.2307    4.3480    3.6720   2094.5039    3.2405    11712624512.5120
   983.621    8.2500    4.3549    3.6784   2096.8752    3.2338    11911803858.3121
  1000.345    8.2760    4.3660    3.6867   2099.3493    3.2273    12110968055.4258
  1017.070    8.2957    4.3731    3.6936   2101.9170    3.2208    12310139369.9904
  1033.794    8.3119    4.3784    3.6993   2104.3942    3.2145    12509251060.3986
  1050.518    8.3325    4.3858    3.7068   2107.1184    3.2083    12708325395.2952
  1067.242    8.3498    4.3916    3.7130   2109.6922    3.2023    12907383248.3805
  1083.966    8.3647    4.3961    3.7182   2111.9437    3.1964    13106373003.4936
  1100.691    8.3794    4.4005    3.7236   2114.2312    3.1907    13305282542.3153
  1117.415    8.4004    4.4092    3.7315   2115.7403    3.1852    13504191654.7860
  1134.139    8.5121    4.4783    3.7625   2128.5343    3.1796    13703791259.2434
  1150.863    8.6706    4.5788    3.8045   2144.4834    3.1738    13904983842.3579
  1167.588    8.8811    4.7142    3.8579   2161.1012    3.1677    14108343381.5871
  1184.312    8.8956    4.7186    3.8631   2162.6068    3.1613    14312860656.8777
  1201.036    8.9095    4.7227    3.8683   2164.6703    3.1552    14517242968.9596
  1217.760    8.9233    4.7268    3.8734   2166.7295    3.1493    14721498592.8240
  1234.484    8.9369    4.7308    3.8785   2168.7348    3.1435    14925640316.3014
  1251.209    8.9501    4.7346    3.8836   2170.5667    3.1380    15129679705.0734
  1267.933    8.9642    4.7390    3.8889   2172.5703    3.1328    15333633143.6970
  1284.657    8.9773    4.7429    3.8940   2174.1508    3.1277    15537515236.2009
  1301.381    8.9899    4.7463    3.8991   2175.9331    3.1229    15741338584.0340
  1318.106    9.0027    4.7499    3.9042   2177.4827    3.1184    15945118312.2494
  1334.830    9.0156    4.7538    3.9094   2179.2214    3.1141    16148870319.0209
  1351.554    9.0280    4.7572    3.9146   2180.5086    3.1101    16352613047.5308
  1368.278    9.0400    4.7604    3.9199   2181.8462    3.1064    16556364414.8182
  1385.002    9.0516    4.7635    3.9249   2183.0702    3.1030    16760138372.2635
  1401.727    9.0644    4.7673    3.9303   2184.4493    3.0998    16963958626.6324
  1418.451    9.0768    4.7709    3.9358   2185.9147    3.0970    17167858228.5059
  1435.175    9.0921    4.7762    3.9419   2187.2587    3.0945    17371873538.9764
  1451.899    9.1321    4.7975    3.9529   2191.9483    3.0923    17576165994.0877
  1468.624    9.1717    4.8188    3.9643   2196.4740    3.0904    17780891670.3641
  1485.348    9.2101    4.8396    3.9754   2201.0441    3.0888    17986071503.1693
  1502.072    9.2503    4.8619    3.9873   2205.4483    3.0874    18191735606.6591
  1518.796    9.2910    4.8847    3.9998   2210.3159    3.0863    18397938509.7019
  1535.521    9.3193    4.8996    4.0089   2213.5490    3.0856    18604627288.3188
  1552.245    9.3321    4.9043    4.0135   2215.6191    3.0852    18811619435.9822
  1552.245    5.2134    0.0000    4.0561         nan    3.0852    18811619435.9822
  1570.979    5.2308    0.0000    4.0620         nan    3.0847    19046227510.2599
  1589.713    5.2481    0.0000    4.0678         nan    3.0847    19281131528.7425
  1608.447    5.2655    0.0000    4.0736         nan    3.0853    19516373896.5501
  1627.181    5.2823    0.0000    4.0793         nan    3.0865    19751994056.9551
  1645.915    5.2988    0.0000    4.0849         nan    3.0884    19988030655.3245
  1664.649    5.3153    0.0000    4.0904         nan    3.0909    20224529964.7269
  1683.383    5.3316    0.0000    4.0959         nan    3.0941    20461542097.6430
  1702.117    5.3472    0.0000    4.1012         nan    3.0981    20699113795.2475
  1720.851    5.3629    0.0000    4.1064         nan    3.1028    20937296598.1546
  1720.851    5.1000    0.0000    6.4046         nan    3.1028    20937296598.1546
  1778.390    5.1553    0.0000    6.4475         nan    3.0071    22084578022.5721
  1835.930    5.2078    0.0000    6.4885         nan    2.9101    23203720773.9033
  1893.470    5.2577    0.0000    6.5276         nan    2.8120    24293477955.5664
  1951.009    5.3051    0.0000    6.5649         nan    2.7127    25352659267.8586
  2008.549    5.3501    0.0000    6.6004         nan    2.6124    26380129153.9523
  2066.089    5.3928    0.0000    6.6342         nan    2.5110    27374805241.7897
  2123.628    5.4332    0.0000    6.6663         nan    2.4087    28335657050.6055
  2181.168    5.4715    0.0000    6.6967         nan    2.3056    29261704938.1429
  2238.707    5.5076    0.0000    6.7256         nan    2.2016    30152019277.1153
  2296.247    5.5417    0.0000    6.7529         nan    2.0967    31005719862.4843
  2353.787    5.5738    0.0000    6.7786         nan    1.9912    31821975561.7529
  2411.326    5.6039    0.0000    6.8028         nan    1.8850    32600004241.5200
  2468.866    5.6321    0.0000    6.8255         nan    1.7781    33339073031.5931
  2526.406    5.6584    0.0000    6.8467         nan    1.6707    34038499022.0762
  2583.945    5.6829    0.0000    6.8665         nan    1.5628    34697650556.2606
  2641.485    5.7055    0.0000    6.8849         nan    1.4545    35315949383.9598
  2699.024    5.7264    0.0000    6.9018         nan    1.3459    35892874112.0468
  2756.564    5.7455    0.0000    6.9173         nan    1.2370    36427965700.7243
  2814.104    5.7629    0.0000    6.9314         nan    1.1281    36920836326.6361
  2871.643    5.7786    0.0000    6.9442         nan    1.0194    37371184043.8756
  2929.183    5.7925    0.0000    6.9556         nan    0.9111    37778817951.0914
  2986.723    5.8048    0.0000    6.9656         nan    0.8038    38143703554.8510
  3044.262    5.8155    0.0000    6.9743         nan    0.6985    38466049814.7826
  3101.802    5.8244    0.0000    6.9816         nan    0.5972    38746490148.8894
  3159.341    5.8318    0.0000    6.9876         nan    0.5048    38986500722.9662
  3216.881    5.8375    0.0000    6.9922         nan    0.4351    39189517116.1072
  3274.421    5.8415    0.0000    6.9955         nan    0.4446    39364613636.6175
  3331.960    5.8440    0.0000    6.9975         nan    0.9904    39543589252.6919
  3389.500    5.8448    0.0000    6.9982         nan    0.0000    39942396918.9366
