# Depth[km]  Vp[km/s]  Vs[km/s] Rho[g/cm3]    T[K]     g[m/s2]         P[Pa]        
     0.000    3.9438    2.3427    1.8061    273.1500    3.7291              0.0000
    10.058    3.9438    2.3427    1.8061    313.6534    3.7360       67737940.0250
    10.058    4.5916    2.7275    2.1027    313.6534    3.7360       67737940.0250
    26.882    4.5916    2.7275    2.1027    381.4160    3.7437      199909152.5573
    26.882    5.9595    3.5401    2.7291    381.4160    3.7437      199909152.5573
    46.914    5.9595    3.5401    2.7291    462.0929    3.7426      404569248.7708
    46.914    7.9568    4.5330    3.5033    462.0929    3.7426      404569248.7708
    56.594    7.9490    4.5235    3.5030    501.0818    3.7358      531489345.6740
    66.275    7.9409    4.5138    3.5027    540.0707    3.7291      658170475.2310
    75.955    7.9324    4.5038    3.5024    579.0595    3.7224      784611153.3737
    85.636    7.9233    4.4937    3.5018    618.0484    3.7157      910808339.8541
    95.317    7.9144    4.4837    3.5014    657.0373    3.7091     1036762126.7619
   104.997    7.9054    4.4737    3.5009    696.0262    3.7025     1162474302.9808
   114.678    7.8964    4.4637    3.5004    735.0151    3.6959     1287945163.4761
   124.358    7.8868    4.4535    3.4998    774.0039    3.6893     1413172828.1844
   134.039    7.8776    4.4435    3.4992    812.9928    3.6828     1538156713.5287
   143.719    7.8678    4.4334    3.4985    851.9817    3.6763     1662897334.8535
   153.400    7.8578    4.4231    3.4978    890.9706    3.6698     1787392263.7562
   163.081    7.8480    4.4130    3.4971    929.9594    3.6634     1911642161.4099
   172.761    7.8388    4.4032    3.4964    968.9483    3.6570     2035649986.6471
   182.442    7.8290    4.3932    3.4956   1007.9372    3.6507     2159416035.5479
   192.122    7.8188    4.3830    3.4948   1046.9261    3.6443     2282937971.6207
   201.803    7.8088    4.3729    3.4939   1085.9150    3.6380     2406215943.2134
   211.483    7.7981    4.3626    3.4929   1124.9038    3.6318     2529248658.1548
   221.164    7.7877    4.3523    3.4920   1163.8927    3.6256     2652036369.7878
   230.845    7.7782    4.3425    3.4912   1202.8816    3.6194     2774584070.3031
   240.525    7.7681    4.3323    3.4903   1241.8705    3.6133     2896892463.6804
   250.206    7.7570    4.3219    3.4892   1280.8594    3.6072     3018958106.2008
   259.886    7.7479    4.3124    3.4883   1319.8482    3.6011     3140783281.4815
   269.567    7.7383    4.3026    3.4874   1358.8371    3.5951     3262371766.4608
   279.247    7.7285    4.2926    3.4864   1397.8260    3.5891     3383722727.9476
   288.928    7.7182    4.2826    3.4853   1436.8149    3.5831     3504835502.6053
   298.609    7.7090    4.2730    3.4844   1475.8038    3.5772     3625713038.4453
   308.289    7.6984    4.2629    3.4832   1514.7926    3.5714     3746354768.3301
   317.970    7.6890    4.2532    3.4822   1553.7815    3.5656     3866761395.2261
   327.650    7.6784    4.2430    3.4811   1592.7704    3.5598     3986935250.0535
   337.331    7.6684    4.2331    3.4800   1631.7593    3.5540     4106876649.2648
   347.011    7.6582    4.2231    3.4789   1670.7482    3.5484     4226587816.8289
   356.692    7.6473    4.2128    3.4777   1709.7370    3.5427     4346068160.9935
   366.373    7.6380    4.2031    3.4767   1748.7259    3.5371     4465320599.3674
   376.053    7.6268    4.1927    3.4755   1787.7148    3.5316     4584347098.0577
   385.734    7.6168    4.1827    3.4744   1826.7037    3.5261     4703147906.8497
   395.414    7.6057    4.1723    3.4732   1865.6926    3.5206     4821724365.3144
   405.095    7.5953    4.1622    3.4720   1904.6814    3.5152     4940076311.6421
   414.775    7.5845    4.1519    3.4709   1943.6703    3.5098     5058205923.1270
   424.456    7.5737    4.1416    3.4697   1982.6592    3.5045     5176115803.4655
   434.137    7.5637    4.1317    3.4686   2021.6481    3.4993     5293808930.9537
   457.430    7.5959    4.1411    3.4775   2026.6401    3.4867     5576891764.3406
   480.723    7.6276    4.1505    3.4863   2031.6053    3.4742     5859675348.4542
   504.016    7.6573    4.1592    3.4948   2036.2775    3.4617     6142144692.0938
   527.309    7.6872    4.1682    3.5032   2040.9661    3.4494     6424287375.3661
   550.602    7.7158    4.1766    3.5115   2045.4886    3.4372     6706096196.6495
   573.896    7.7441    4.1849    3.5197   2049.9070    3.4250     6987563310.2377
   597.189    7.7712    4.1929    3.5278   2054.2583    3.4130     7268684887.4460
   620.482    7.7983    4.2009    3.5358   2058.5184    3.4011     7549459944.3849
   643.775    7.8248    4.2086    3.5437   2062.6021    3.3893     7829885217.6008
   667.068    7.8515    4.2166    3.5516   2066.6861    3.3776     8109961016.3052
   690.361    7.8771    4.2241    3.5594   2070.7300    3.3661     8389691116.8039
   713.655    7.9034    4.2321    3.5673   2074.6283    3.3547     8669081991.0284
   736.948    7.9284    4.2394    3.5749   2078.4056    3.3435     8948137117.3652
   760.241    7.9538    4.2471    3.5826   2082.1202    3.3325     9226857033.4461
   783.534    7.9795    4.2548    3.5905   2085.9279    3.3216     9505260066.3423
   806.827    8.0049    4.2626    3.5982   2089.5425    3.3110     9783360422.4164
   830.120    8.0301    4.2703    3.6060   2093.0982    3.3005    10061166161.2389
   853.414    8.0554    4.2783    3.6138   2096.5948    3.2902    10338693400.6535
   876.707    8.0821    4.2869    3.6219   2100.1110    3.2802    10615966686.4248
   900.000    8.1079    4.2953    3.6300   2103.5255    3.2703    10893011506.7788
   916.730    8.1275    4.3019    3.6361   2106.0091    3.2634    11091786419.8242
   933.460    8.1457    4.3077    3.6418   2108.4230    3.2566    11290462349.1652
   950.190    8.1670    4.3154    3.6484   2110.7394    3.2499    11489059221.7819
   966.920    8.1881    4.3230    3.6551   2113.2278    3.2434    11687608801.2963
   983.650    8.2076    4.3298    3.6612   2115.5845    3.2370    11886105185.6147
  1000.380    8.2319    4.3393    3.6688   2118.0392    3.2307    12084581688.0123
  1017.110    8.2554    4.3485    3.6763   2120.4835    3.2245    12283080470.0630
  1033.840    8.2812    4.3590    3.6846   2123.0323    3.2185    12481624366.1012
  1050.570    8.3008    4.3659    3.6909   2125.3990    3.2125    12680190044.1288
  1067.300    8.3174    4.3712    3.6966   2127.5693    3.2068    12878712819.1919
  1084.029    8.3346    4.3768    3.7023   2129.6943    3.2012    13077184759.2173
  1100.759    8.3511    4.3821    3.7078   2131.8795    3.1958    13275612759.4611
  1117.489    8.3677    4.3875    3.7135   2134.0311    3.1906    13474005532.6761
  1134.219    8.4713    4.4509    3.7420   2144.8834    3.1854    13672986375.5021
  1150.949    8.6434    4.5602    3.7874   2161.5401    3.1800    13873614439.0877
  1167.679    8.8412    4.6872    3.8378   2177.6292    3.1742    14076451085.8314
  1184.409    8.8569    4.6923    3.8431   2179.9804    3.1682    14280393562.8020
  1201.139    8.8717    4.6968    3.8481   2182.3115    3.1625    14484226316.4138
  1217.869    8.8882    4.7013    3.8547   2185.1802    3.1569    14687997021.1860
  1234.599    8.9036    4.7060    3.8603   2187.6323    3.1516    14891730646.3280
  1251.329    8.9181    4.7105    3.8654   2189.9908    3.1465    15095399765.0831
  1268.059    8.9332    4.7151    3.8708   2192.4648    3.1416    15299016599.4366
  1284.789    8.9464    4.7195    3.8753   2194.7366    3.1369    15502579239.2984
  1301.519    8.9618    4.7243    3.8807   2197.0242    3.1326    15706101394.0661
  1318.249    8.9757    4.7287    3.8854   2199.2874    3.1284    15909604861.0709
  1334.979    8.9908    4.7333    3.8914   2202.0043    3.1246    16113119887.5667
  1351.709    9.0048    4.7377    3.8965   2204.4745    3.1210    16316674410.0890
  1368.439    9.0188    4.7423    3.9017   2206.9210    3.1177    16520264493.1479
  1385.169    9.0319    4.7469    3.9061   2209.0786    3.1148    16723890444.1927
  1401.899    9.0459    4.7515    3.9110   2211.2877    3.1121    16927565899.2513
  1418.628    9.0633    4.7587    3.9163   2213.9515    3.1098    17131332483.4098
  1435.358    9.1043    4.7803    3.9266   2220.0032    3.1078    17335350834.3604
  1452.088    9.1437    4.8018    3.9363   2225.9301    3.1060    17539758039.9405
  1468.818    9.1838    4.8240    3.9461   2231.8254    3.1046    17744558574.4611
  1485.548    9.2234    4.8453    3.9568   2238.0230    3.1035    17949794542.9756
  1502.278    9.2613    4.8659    3.9677   2243.4268    3.1026    18155515608.9322
  1519.008    9.3004    4.8874    3.9794   2247.8516    3.1021    18361768809.8588
  1535.738    9.3394    4.9090    3.9915   2252.2217    3.1019    18568605388.0240
  1552.468    9.3515    4.9131    3.9960   2254.5306    3.1021    18775860087.0319
  1552.468    5.1190    0.0000    4.0301         nan    3.1021    18775860087.0319
  1570.865    5.1333    0.0000    4.0359         nan    3.1024    19006026620.6200
  1589.262    5.1476    0.0000    4.0418         nan    3.1031    19236545249.0980
  1607.660    5.1620    0.0000    4.0477         nan    3.1045    19467457258.1170
  1626.057    5.1759    0.0000    4.0535         nan    3.1064    19698801698.9204
  1644.454    5.1895    0.0000    4.0591         nan    3.1090    19930616443.6798
  1662.851    5.2031    0.0000    4.0647         nan    3.1123    20162946034.9691
  1681.248    5.2167    0.0000    4.0703         nan    3.1163    20395840016.8551
  1699.645    5.2297    0.0000    4.0756         nan    3.1210    20629343857.6042
  1718.043    5.2426    0.0000    4.0810         nan    3.1264    20863506638.0145
  1718.043    5.2492    0.0000    6.4560         nan    3.1264    20863506638.0145
  1775.679    5.3160    0.0000    6.4972         nan    3.0293    22030559763.7060
  1833.316    5.3792    0.0000    6.5363         nan    2.9310    23168374163.7756
  1890.952    5.4392    0.0000    6.5735         nan    2.8316    24275715502.3354
  1948.588    5.4961    0.0000    6.6088         nan    2.7311    25351413907.7450
  2006.225    5.5499    0.0000    6.6423         nan    2.6297    26394360832.7509
  2063.861    5.6009    0.0000    6.6741         nan    2.5272    27403506413.7104
  2121.498    5.6491    0.0000    6.7042         nan    2.4239    28377857268.7205
  2179.134    5.6946    0.0000    6.7327         nan    2.3198    29316474690.9107
  2236.771    5.7376    0.0000    6.7597         nan    2.2149    30218473212.5492
  2294.407    5.7780    0.0000    6.7851         nan    2.1092    31083019543.0139
  2352.044    5.8161    0.0000    6.8090         nan    2.0030    31909331896.5555
  2409.680    5.8517    0.0000    6.8314         nan    1.8961    32696679758.2410
  2467.317    5.8851    0.0000    6.8525         nan    1.7886    33444384186.0578
  2524.953    5.9162    0.0000    6.8721         nan    1.6807    34151818800.4941
  2582.590    5.9451    0.0000    6.8904         nan    1.5724    34818411713.9996
  2640.226    5.9719    0.0000    6.9073         nan    1.4638    35443648815.5680
  2697.862    5.9965    0.0000    6.9229         nan    1.3551    36027079100.4467
  2755.499    6.0191    0.0000    6.9372         nan    1.2463    36568323218.5175
  2813.135    6.0395    0.0000    6.9501         nan    1.1376    37067087318.3228
  2870.772    6.0580    0.0000    6.9618         nan    1.0295    37523186006.9854
  2928.408    6.0745    0.0000    6.9723         nan    0.9223    37936581824.1163
  2986.045    6.0889    0.0000    6.9815         nan    0.8169    38307456456.4435
  3043.681    6.1014    0.0000    6.9894         nan    0.7148    38636347454.3589
  3101.318    6.1120    0.0000    6.9961         nan    0.6191    38924432597.3312
  3158.954    6.1206    0.0000    7.0016         nan    0.5374    39174187118.5468
  3216.591    6.1273    0.0000    7.0058         nan    0.4915    39391138320.4855
  3274.227    6.1321    0.0000    7.0089         nan    0.5695    39589646991.2090
  3331.864    6.1349    0.0000    7.0107         nan    1.4875    39819755204.7520
  3389.500    6.1359    0.0000    7.0113         nan    0.0000    40420847371.3439
