# Depth[km]  Vp[km/s]  Vs[km/s] Rho[g/cm3]    T[K]     g[m/s2]         P[Pa]        
     0.000    3.5758    2.1309    1.6246    273.1500    3.7291              0.0000
    11.004    3.5758    2.1309    1.6246    314.2407    3.7384       66662733.5966
    11.004    5.1347    3.0600    2.3329    314.2407    3.7384       66662733.5966
    28.082    5.1347    3.0600    2.3329    378.0221    3.7429      215605345.4662
    28.082    6.3005    3.7547    2.8625    378.0221    3.7429      215605345.4662
    44.593    6.3005    3.7547    2.8625    439.6878    3.7401      392513567.8105
    44.593    7.9533    4.5334    3.4845    439.6878    3.7401      392513567.8105
    54.534    7.9481    4.5257    3.4847    476.8120    3.7333      522064465.9014
    64.474    7.9426    4.5178    3.4848    513.9363    3.7265      651384779.0309
    74.415    7.9369    4.5098    3.4848    551.0605    3.7197      780472755.9136
    84.355    7.9308    4.5015    3.4848    588.1848    3.7130      909326639.0120
    94.296    7.9240    4.4930    3.4846    625.3090    3.7063     1037943248.1201
   104.236    7.9176    4.4847    3.4845    662.4333    3.6996     1166322515.7780
   114.177    7.9111    4.4762    3.4844    699.5575    3.6930     1294466296.1040
   124.117    7.9047    4.4679    3.4842    736.6817    3.6863     1422374533.8853
   134.058    7.8975    4.4592    3.4839    773.8060    3.6797     1550044902.6809
   143.998    7.8910    4.4509    3.4837    810.9302    3.6732     1677477402.5779
   153.939    7.8842    4.4424    3.4834    848.0545    3.6667     1804673924.0901
   163.879    7.8768    4.4337    3.4830    885.1787    3.6602     1931630870.7441
   173.819    7.8699    4.4252    3.4826    922.3030    3.6537     2058347554.6398
   183.760    7.8633    4.4168    3.4823    959.4272    3.6473     2184827764.1239
   193.700    7.8563    4.4084    3.4818    996.5514    3.6409     2311071041.1473
   203.641    7.8492    4.3999    3.4813   1033.6757    3.6345     2437075797.7136
   213.581    7.8417    4.3912    3.4807   1070.7999    3.6282     2562840450.1984
   223.522    7.8351    4.3828    3.4803   1107.9242    3.6219     2688367652.8396
   233.462    7.8279    4.3743    3.4798   1145.0484    3.6156     2813660928.6057
   243.403    7.8211    4.3659    3.4792   1182.1727    3.6094     2938718902.6344
   253.343    7.8146    4.3577    3.4787   1219.2969    3.6032     3063542524.0873
   263.284    7.8071    4.3490    3.4781   1256.4211    3.5971     3188131273.8554
   273.224    7.8000    4.3405    3.4775   1293.5454    3.5910     3312486171.8324
   283.165    7.7932    4.3322    3.4769   1330.6696    3.5849     3436609960.9224
   293.105    7.7868    4.3240    3.4764   1367.7939    3.5789     3560503417.5317
   303.045    7.7787    4.3151    3.4755   1404.9181    3.5729     3684163265.8840
   312.986    7.7723    4.3070    3.4749   1442.0424    3.5670     3807591107.4991
   322.926    7.7655    4.2987    3.4743   1479.1666    3.5611     3930792529.2501
   332.867    7.7587    4.2903    3.4737   1516.2909    3.5552     4053768208.1951
   342.807    7.7513    4.2818    3.4729   1553.4151    3.5494     4176516570.3867
   352.748    7.7445    4.2734    3.4722   1590.5393    3.5436     4299037395.4769
   362.688    7.7377    4.2651    3.4715   1627.6636    3.5379     4421334930.0168
   372.629    7.7302    4.2565    3.4707   1664.7878    3.5322     4543408864.3199
   382.569    7.7236    4.2482    3.4700   1701.9121    3.5266     4665260160.2052
   392.510    7.7153    4.2392    3.4691   1739.0363    3.5210     4786889423.5708
   402.450    7.7085    4.2308    3.4684   1776.1606    3.5155     4908298332.6283
   412.391    7.7019    4.2225    3.4678   1813.2848    3.5100     5029492418.1476
   422.331    7.6944    4.2138    3.4669   1850.4090    3.5045     5150469564.9987
   432.271    7.6867    4.2050    3.4660   1887.5333    3.4991     5271228251.8585
   442.212    7.6792    4.1963    3.4652   1924.6575    3.4938     5391771957.0409
   465.101    7.7071    4.2048    3.4733   1929.0464    3.4816     5669208280.4764
   487.991    7.7338    4.2128    3.4813   1933.4025    3.4694     5946315083.4190
   510.880    7.7602    4.2207    3.4892   1937.6634    3.4574     6223086683.0364
   533.770    7.7849    4.2280    3.4968   1941.7461    3.4454     6499512252.1736
   556.659    7.8103    4.2355    3.5045   1945.8500    3.4336     6775588547.3832
   579.548    7.8353    4.2429    3.5122   1949.9395    3.4218     7051320240.9602
   602.438    7.8593    4.2499    3.5197   1953.8308    3.4102     7326703437.1964
   625.327    7.8832    4.2569    3.5272   1957.7263    3.3987     7601734707.0203
   648.217    7.9072    4.2639    3.5347   1961.6871    3.3874     7876420951.4969
   671.106    7.9305    4.2706    3.5420   1965.4447    3.3762     8150766137.0293
   693.995    7.9537    4.2774    3.5493   1969.1071    3.3651     8424769246.6693
   716.885    7.9764    4.2839    3.5565   1972.7453    3.3542     8698433064.3332
   739.774    8.0000    4.2909    3.5639   1976.4503    3.3434     8971770041.4674
   762.664    8.0226    4.2975    3.5711   1979.9507    3.3329     9244787118.4879
   785.553    8.0453    4.3040    3.5783   1983.4629    3.3225     9517491795.7198
   808.442    8.0680    4.3108    3.5855   1986.8230    3.3123     9789895210.5762
   831.332    8.0901    4.3171    3.5925   1990.2126    3.3023    10062001296.5103
   854.221    8.1130    4.3240    3.5998   1993.5135    3.2926    10333830032.3858
   877.111    8.1364    4.3313    3.6072   1996.8063    3.2830    10605407949.7377
   900.000    8.1592    4.3381    3.6145   2000.0619    3.2737    10876752073.2181
   916.894    8.1765    4.3435    3.6201   2002.4789    3.2670    11076809361.1592
   933.788    8.1934    4.3487    3.6255   2004.7902    3.2604    11276757050.0306
   950.681    8.2115    4.3547    3.6312   2007.1215    3.2540    11476608002.2346
   967.575    8.2314    4.3616    3.6375   2009.6675    3.2477    11676395913.4880
   984.469    8.2496    4.3677    3.6434   2011.9918    3.2415    11876130921.1959
  1001.363    8.2689    4.3744    3.6496   2014.3188    3.2355    12075817452.6291
  1018.257    8.2885    4.3815    3.6559   2016.6525    3.2296    12275476687.5650
  1035.150    8.3090    4.3889    3.6626   2018.9952    3.2239    12475129488.3672
  1052.044    8.3250    4.3938    3.6679   2021.1563    3.2184    12674756166.1209
  1068.938    8.3405    4.3983    3.6731   2023.3192    3.2130    12874324871.8939
  1085.832    8.3562    4.4030    3.6784   2025.4576    3.2079    13073845015.2494
  1102.726    8.4487    4.4600    3.7037   2035.0485    3.2028    13273873472.2101
  1119.619    8.5914    4.5510    3.7415   2048.4497    3.1975    13475291659.1891
  1136.513    8.7576    4.6583    3.7843   2066.8307    3.1919    13678553550.8199
  1153.407    8.8196    4.6943    3.8011   2069.5842    3.1862    13883065804.2470
  1170.301    8.8349    4.6985    3.8065   2071.9765    3.1805    14087808419.3779
  1187.195    8.8491    4.7024    3.8113   2074.3453    3.1751    14292466435.3107
  1204.088    8.8662    4.7072    3.8176   2076.7416    3.1699    14497075454.4166
  1220.982    8.8815    4.7115    3.8230   2079.0807    3.1650    14701662676.1934
  1237.876    8.8971    4.7158    3.8287   2081.4958    3.1602    14906225073.0466
  1254.770    8.9128    4.7202    3.8343   2083.8495    3.1557    15110783146.0222
  1271.664    8.9280    4.7245    3.8398   2086.2385    3.1515    15315346875.0160
  1288.557    8.9436    4.7289    3.8455   2088.6310    3.1475    15519932233.9662
  1305.451    8.9587    4.7332    3.8511   2091.0382    3.1437    15724556409.4883
  1322.345    8.9743    4.7377    3.8568   2093.4404    3.1403    15929237929.3320
  1339.239    8.9894    4.7421    3.8624   2095.8315    3.1371    16133994440.4475
  1356.133    9.0075    4.7483    3.8685   2098.8315    3.1342    16338853054.4623
  1373.026    9.0465    4.7678    3.8784   2104.1704    3.1316    16543947167.0209
  1389.920    9.0871    4.7885    3.8888   2109.8189    3.1293    16749407516.8521
  1406.814    9.1265    4.8088    3.8990   2115.5751    3.1272    16955258507.7975
  1423.708    9.1646    4.8283    3.9092   2121.4849    3.1254    17161510853.1265
  1440.602    9.2053    4.8501    3.9201   2127.2092    3.1238    17368199395.5891
  1457.495    9.2442    4.8706    3.9307   2133.1061    3.1226    17575354174.7720
  1474.389    9.2832    4.8917    3.9415   2139.5992    3.1217    17782993501.6019
  1491.283    9.3194    4.9111    3.9519   2144.6960    3.1211    17991129709.6082
  1508.177    9.3332    4.9154    3.9569   2146.9324    3.1208    18199630924.4000
  1525.071    9.3473    4.9199    3.9621   2149.1629    3.1210    18408386941.0013
  1541.964    9.3611    4.9244    3.9673   2151.3882    3.1217    18617429579.1120
  1558.858    9.3747    4.9288    3.9722   2153.5773    3.1228    18826782647.2458
  1558.858    4.7046    0.0000    4.0301         nan    3.1228    18826782647.2458
  1572.225    4.7164    0.0000    4.0351         nan    3.1233    18995117259.0551
  1585.593    4.7283    0.0000    4.0402         nan    3.1242    19163693596.6531
  1598.960    4.7401    0.0000    4.0453         nan    3.1254    19332527500.6183
  1612.327    4.7519    0.0000    4.0503         nan    3.1268    19501635389.8299
  1625.695    4.7636    0.0000    4.0553         nan    3.1286    19671032861.9454
  1639.062    4.7748    0.0000    4.0601         nan    3.1307    19840732455.1731
  1652.429    4.7860    0.0000    4.0650         nan    3.1332    20010748843.9811
  1665.797    4.7972    0.0000    4.0698         nan    3.1361    20181101128.6741
  1679.164    4.8084    0.0000    4.0746         nan    3.1392    20351809109.1392
  1679.164    5.1579    0.0000    6.3333         nan    3.1392    20351809109.1392
  1738.141    5.2385    0.0000    6.3762         nan    3.0418    21528351839.5123
  1797.118    5.3144    0.0000    6.4168         nan    2.9430    22675854339.7997
  1856.095    5.3861    0.0000    6.4552         nan    2.8430    23792947454.2089
  1915.072    5.4538    0.0000    6.4915         nan    2.7418    24878340248.8646
  1974.049    5.5177    0.0000    6.5259         nan    2.6395    25930814081.6588
  2033.027    5.5779    0.0000    6.5583         nan    2.5361    26949217478.1800
  2092.004    5.6348    0.0000    6.5890         nan    2.4317    27932461629.9872
  2150.981    5.6883    0.0000    6.6180         nan    2.3264    28879516356.1760
  2209.958    5.7387    0.0000    6.6453         nan    2.2202    29789406387.0526
  2268.935    5.7861    0.0000    6.6709         nan    2.1130    30661207835.5197
  2327.912    5.8305    0.0000    6.6951         nan    2.0050    31494044710.8222
  2386.889    5.8721    0.0000    6.7177         nan    1.8962    32287085308.4437
  2445.866    5.9110    0.0000    6.7388         nan    1.7866    33039538257.5588
  2504.843    5.9471    0.0000    6.7585         nan    1.6762    33750647930.5090
  2563.821    5.9807    0.0000    6.7768         nan    1.5650    34419688775.5180
  2622.798    6.0117    0.0000    6.7937         nan    1.4529    35045957898.2839
  2681.775    6.0402    0.0000    6.8093         nan    1.3399    35628764809.3966
  2740.752    6.0663    0.0000    6.8235         nan    1.2258    36167416515.8353
  2799.729    6.0900    0.0000    6.8365         nan    1.1105    36661194772.0964
  2858.706    6.1113    0.0000    6.8481         nan    0.9935    37109319653.0576
  2917.683    6.1303    0.0000    6.8585         nan    0.8743    37510888169.9456
  2976.660    6.1470    0.0000    6.8677         nan    0.7516    37864764737.3086
  3035.637    6.1614    0.0000    6.8755         nan    0.6233    38169372089.8090
  3094.614    6.1736    0.0000    6.8822         nan    0.4848    38422257603.9147
  3153.592    6.1835    0.0000    6.8876         nan    0.3246    38619092226.2452
  3212.569    6.1912    0.0000    6.8919         nan    0.1101    38750999205.3633
  3271.546    6.1967    0.0000    6.8949         nan   -0.2922    38795753824.6030
  3330.523    6.2000    0.0000    6.8967         nan   -1.9647    38676918527.8205
  3389.500    6.2011    0.0000    6.8973         nan    0.0000    37877750415.3820
