# Depth[km]  Vp[km/s]  Vs[km/s] Rho[g/cm3]    T[K]     g[m/s2]         P[Pa]        
     0.000    3.4985    2.0864    1.6544    273.1500    3.7291              0.0000
    10.596    3.4985    2.0864    1.6544    313.4214    3.7378       65371558.7683
    10.596    5.0969    3.0397    2.4102    313.4214    3.7378       65371558.7683
    28.620    5.0969    3.0397    2.4102    381.9277    3.7413      227744462.8191
    28.620    6.5986    3.9353    3.1203    381.9277    3.7413      227744462.8191
    43.669    6.5986    3.9353    3.1203    439.1254    3.7355      403424126.1346
    43.669    7.8408    4.4846    3.4769    439.1254    3.7355      403424126.1346
    53.595    7.8364    4.4777    3.4772    476.8528    3.7287      532346960.0638
    63.521    7.8315    4.4705    3.4775    514.5803    3.7220      661047462.0040
    73.447    7.8261    4.4631    3.4776    552.3078    3.7153      789522725.1305
    83.373    7.8208    4.4556    3.4778    590.0352    3.7086      917771532.8726
    93.299    7.8152    4.4480    3.4779    627.7627    3.7019     1045793721.1347
   103.225    7.8082    4.4397    3.4777    665.4901    3.6952     1173583889.4096
   113.150    7.8024    4.4320    3.4777    703.2176    3.6886     1301141507.9604
   123.076    7.7964    4.4241    3.4777    740.9450    3.6820     1428470324.4352
   133.002    7.7901    4.4161    3.4776    778.6725    3.6755     1555569397.9408
   142.928    7.7828    4.4077    3.4772    816.4000    3.6690     1682433861.2736
   152.854    7.7766    4.3997    3.4770    854.1274    3.6625     1809063413.8125
   162.780    7.7695    4.3913    3.4767    891.8549    3.6560     1935459182.8592
   172.706    7.7625    4.3830    3.4763    929.5823    3.6496     2061617976.6843
   182.632    7.7558    4.3748    3.4759    967.3098    3.6432     2187541340.6241
   192.558    7.7490    4.3665    3.4755   1005.0372    3.6368     2313230429.2836
   202.484    7.7414    4.3580    3.4749   1042.7647    3.6304     2438681264.8236
   212.410    7.7346    4.3497    3.4744   1080.4922    3.6242     2563893057.4097
   222.336    7.7285    4.3418    3.4740   1118.2196    3.6179     2688871703.0876
   232.262    7.7209    4.3330    3.4735   1155.9471    3.6117     2813618488.0969
   242.188    7.7140    4.3248    3.4730   1193.6745    3.6055     2938131752.7626
   252.114    7.7066    4.3163    3.4724   1231.4020    3.5993     3062412307.2062
   262.040    7.6990    4.3078    3.4717   1269.1294    3.5932     3186458200.2042
   271.966    7.6921    4.2995    3.4711   1306.8569    3.5871     3310270406.8028
   281.892    7.6834    4.2904    3.4704   1344.5844    3.5811     3433850740.4179
   291.818    7.6754    4.2817    3.4699   1382.3118    3.5751     3557201403.0079
   301.744    7.6662    4.2724    3.4692   1420.0393    3.5691     3680324238.9302
   311.670    7.6580    4.2635    3.4687   1457.7667    3.5632     3803220403.6488
   321.596    7.6489    4.2543    3.4680   1495.4942    3.5574     3925890876.4820
   331.522    7.6409    4.2456    3.4674   1533.2216    3.5515     4048336988.9657
   341.448    7.6312    4.2360    3.4667   1570.9491    3.5457     4170559801.2731
   351.374    7.6121    4.2229    3.4643   1608.6766    3.5400     4292528212.1731
   361.300    7.6126    4.2174    3.4652   1646.4040    3.5343     4414273435.3793
   371.226    7.6041    4.2083    3.4646   1684.1315    3.5287     4535828518.5555
   381.152    7.5877    4.1962    3.4628   1721.8589    3.5230     4657145866.0310
   391.078    7.5794    4.1872    3.4622   1759.5864    3.5175     4778228559.8830
   401.004    7.5756    4.1799    3.4624   1797.3138    3.5120     4899114073.6898
   410.930    7.5670    4.1708    3.4618   1835.0413    3.5065     5019801731.9053
   420.856    7.5543    4.1601    3.4605   1872.7688    3.5011     5140268532.8487
   430.782    7.5463    4.1512    3.4599   1910.4962    3.4957     5260517279.0172
   440.708    7.5393    4.1426    3.4596   1948.2237    3.4904     5380564711.6484
   463.672    7.5662    4.1494    3.4674   1952.2702    3.4781     5658180639.5997
   486.637    7.5945    4.1568    3.4753   1956.4212    3.4660     5935453477.1473
   509.602    7.6222    4.1639    3.4832   1960.5003    3.4540     6212387110.0267
   532.566    7.6624    4.1761    3.4929   1965.8832    3.4420     6489055365.8401
   555.531    7.6925    4.1844    3.5011   1970.1602    3.4301     6765470217.2824
   578.496    7.7206    4.1920    3.5089   1974.2006    3.4183     7041558018.9047
   601.460    7.7477    4.1991    3.5166   1978.2107    3.4066     7317308085.6637
   624.425    7.7751    4.2066    3.5243   1982.0960    3.3951     7592718831.5281
   647.389    7.8024    4.2140    3.5319   1986.0228    3.3837     7867791924.3481
   670.354    7.8292    4.2213    3.5395   1989.8430    3.3724     8142529775.0131
   693.319    7.8547    4.2280    3.5468   1993.5252    3.3612     8416929182.4172
   716.283    7.8804    4.2349    3.5541   1997.1172    3.3503     8690989065.8142
   739.248    7.9055    4.2416    3.5614   2000.7197    3.3395     8964714560.0354
   762.212    7.9305    4.2482    3.5686   2004.2187    3.3288     9238111884.0895
   785.177    7.9549    4.2548    3.5757   2007.5970    3.3184     9511183884.1711
   808.142    7.9795    4.2613    3.5828   2011.0291    3.3081     9783939720.1756
   831.106    8.0042    4.2681    3.5899   2014.3978    3.2981    10056393276.4344
   854.071    8.0280    4.2745    3.5968   2017.6452    3.2883    10328551732.8486
   877.035    8.0524    4.2812    3.6039   2020.9033    3.2787    10600429652.3677
   900.000    8.0761    4.2875    3.6108   2024.0805    3.2693    10872041338.0140
   916.574    8.0941    4.2927    3.6161   2026.4998    3.2627    11067838798.1456
   933.148    8.1120    4.2978    3.6213   2028.8432    3.2562    11263523285.5524
   949.722    8.1291    4.3024    3.6264   2031.0909    3.2499    11459098063.1744
   966.296    8.1465    4.3074    3.6314   2033.2504    3.2437    11654566046.8687
   982.870    8.1639    4.3124    3.6366   2035.4479    3.2377    11849936781.4674
   999.444    8.1828    4.3183    3.6421   2037.7651    3.2318    12045231729.7813
  1016.018    8.1985    4.3224    3.6468   2039.9218    3.2261    12240445161.1830
  1032.592    8.2162    4.3275    3.6521   2042.0128    3.2205    12435579205.8486
  1049.166    8.2320    4.3316    3.6569   2044.0989    3.2152    12630645626.5853
  1065.740    8.2479    4.3359    3.6616   2046.1386    3.2100    12825638025.5860
  1082.314    8.3101    4.3719    3.6784   2053.2150    3.2049    13020886782.9305
  1098.888    8.4202    4.4408    3.7075   2064.6694    3.1997    13217044995.7654
  1115.462    8.5510    4.5235    3.7418   2078.7348    3.1943    13414568647.9306
  1132.036    8.6013    4.5513    3.7552   2083.0400    3.1889    13613026714.8650
  1148.610    8.6175    4.5558    3.7602   2085.4105    3.1837    13811636092.5376
  1165.184    8.6330    4.5597    3.7650   2087.5913    3.1786    14010173302.4848
  1181.758    8.6483    4.5637    3.7697   2089.7939    3.1737    14208643757.5997
  1198.332    8.6637    4.5676    3.7745   2091.9400    3.1691    14407060742.1911
  1214.906    8.6790    4.5716    3.7792   2094.0879    3.1647    14605437743.7936
  1231.480    8.6946    4.5759    3.7841   2096.2666    3.1605    14803791423.0767
  1248.054    8.7094    4.5798    3.7887   2098.3723    3.1566    15002131341.4805
  1264.628    8.7577    4.6186    3.7952   2101.5810    3.1529    15200514702.4117
  1281.203    8.7786    4.6296    3.7999   2108.0902    3.1494    15398959961.5244
  1297.777    8.8399    4.6746    3.8093   2115.0246    3.1462    15597556475.1271
  1314.351    8.8868    4.7029    3.8186   2123.0419    3.1433    15796439140.3539
  1330.925    8.9258    4.7214    3.8285   2128.2724    3.1405    15995633985.7473
  1347.499    8.9655    4.7402    3.8389   2133.5816    3.1380    16195180905.6165
  1364.073    9.0046    4.7588    3.8494   2139.1082    3.1356    16395110675.3765
  1380.647    9.0414    4.7763    3.8595   2144.4602    3.1336    16595429680.7439
  1397.221    9.0714    4.7877    3.8697   2147.9337    3.1318    16796142417.3000
  1413.795    9.0870    4.7910    3.8760   2149.9558    3.1302    16997165018.6716
  1430.369    9.1040    4.7947    3.8831   2152.0191    3.1290    17198436918.9625
  1446.943    9.1209    4.7979    3.8905   2154.0224    3.1282    17400009206.2310
  1463.517    9.1382    4.8011    3.8984   2156.0321    3.1276    17601921935.1218
  1480.091    9.1637    4.8083    3.9105   2160.8924    3.1274    17804318672.8236
  1496.665    9.2251    4.8397    3.9360   2170.7288    3.1274    18007676445.5751
  1513.239    9.2529    4.8537    3.9454   2176.3258    3.1276    18211936437.9953
  1529.813    9.2787    4.8665    3.9542   2181.2689    3.1282    18416684294.4940
  1546.387    9.3027    4.8785    3.9623   2186.1860    3.1292    18621909940.8353
  1546.387    5.0126    0.0000    4.0183         nan    3.1292    18621909940.8353
  1564.303    5.0266    0.0000    4.0243         nan    3.1299    18847365212.4261
  1582.220    5.0405    0.0000    4.0303         nan    3.1312    19073206591.4315
  1600.136    5.0545    0.0000    4.0363         nan    3.1330    19299472726.1379
  1618.053    5.0681    0.0000    4.0421         nan    3.1354    19526200648.9445
  1635.969    5.0814    0.0000    4.0478         nan    3.1384    19753425203.3690
  1653.886    5.0947    0.0000    4.0535         nan    3.1420    19981186886.7407
  1671.802    5.1080    0.0000    4.0592         nan    3.1463    20209532628.1236
  1689.719    5.1207    0.0000    4.0646         nan    3.1513    20438504892.2638
  1707.635    5.1334    0.0000    4.0701         nan    3.1570    20668147931.5529
  1707.635    5.2433    0.0000    6.4802         nan    3.1570    20668147931.5529
  1765.630    5.3137    0.0000    6.5223         nan    3.0589    21858471894.0332
  1823.626    5.3803    0.0000    6.5622         nan    2.9595    23019068955.4516
  1881.621    5.4434    0.0000    6.6001         nan    2.8589    24148641394.2233
  1939.616    5.5032    0.0000    6.6361         nan    2.7573    25245959828.4752
  1997.612    5.5597    0.0000    6.6702         nan    2.6545    26309859257.9915
  2055.607    5.6132    0.0000    6.7026         nan    2.5508    27339235637.9127
  2113.602    5.6638    0.0000    6.7332         nan    2.4461    28333042890.2110
  2171.598    5.7115    0.0000    6.7622         nan    2.3405    29290290265.6961
  2229.593    5.7565    0.0000    6.7895         nan    2.2341    30210039986.2499
  2287.589    5.7989    0.0000    6.8153         nan    2.1268    31091405111.7506
  2345.584    5.8387    0.0000    6.8395         nan    2.0188    31933547566.0635
  2403.579    5.8760    0.0000    6.8623         nan    1.9101    32735676265.0693
  2461.575    5.9109    0.0000    6.8836         nan    1.8007    33497045277.5148
  2519.570    5.9434    0.0000    6.9035         nan    1.6906    34216951931.9248
  2577.565    5.9736    0.0000    6.9220         nan    1.5799    34894734753.1903
  2635.561    6.0015    0.0000    6.9391         nan    1.4686    35529771057.5618
  2693.556    6.0273    0.0000    6.9549         nan    1.3568    36121473937.0206
  2751.551    6.0508    0.0000    6.9693         nan    1.2443    36669288188.1563
  2809.547    6.0722    0.0000    6.9824         nan    1.1312    37172684415.9974
  2867.542    6.0914    0.0000    6.9943         nan    1.0174    37631149906.4708
  2925.537    6.1086    0.0000    7.0048         nan    0.9029    38044173556.7870
  2983.533    6.1237    0.0000    7.0141         nan    0.7873    38411219295.0693
  3041.528    6.1367    0.0000    7.0221         nan    0.6702    38731675652.9324
  3099.523    6.1477    0.0000    7.0289         nan    0.5505    39004751485.0767
  3157.519    6.1567    0.0000    7.0344         nan    0.4254    39229235582.8250
  3215.514    6.1637    0.0000    7.0387         nan    0.2873    39402855574.6556
  3273.509    6.1687    0.0000    7.0418         nan    0.1042    39520166272.6245
  3331.505    6.1717    0.0000    7.0436         nan   -0.3823    39562744507.6756
  3389.500    6.1727    0.0000    7.0442         nan    0.0000    39406550539.2848
