# Depth[km]  Vp[km/s]  Vs[km/s] Rho[g/cm3]    T[K]     g[m/s2]         P[Pa]        
     0.000    3.9740    2.4028    1.8264    273.1500    3.7291              0.0000
    12.832    3.9740    2.4028    1.8264    325.8743    3.7377       87396073.5495
    12.832    4.5506    2.7515    2.0915    325.8743    3.7377       87396073.5495
    29.727    4.5506    2.7515    2.0915    395.3005    3.7456      219472759.8001
    29.727    5.3434    3.2309    2.4558    395.3005    3.7456      219472759.8001
    46.906    5.3434    3.2309    2.4558    465.8914    3.7487      377494716.0550
    46.906    7.9954    4.5414    3.5187    465.8914    3.7487      377494716.0550
    56.667    7.9869    4.5312    3.5183    506.0015    3.7418      506241400.1938
    66.428    7.9781    4.5208    3.5178    546.1117    3.7349      634734374.2118
    76.189    7.9690    4.5101    3.5172    586.2219    3.7281      762972021.5641
    85.951    7.9594    4.4995    3.5166    626.3321    3.7213      890952118.1776
    95.712    7.9502    4.4890    3.5160    666.4423    3.7145     1018675339.1431
   105.473    7.9408    4.4786    3.5153    706.5525    3.7077     1146143247.5835
   115.234    7.9310    4.4680    3.5145    746.6627    3.7010     1273353748.9742
   124.995    7.9214    4.4575    3.5138    786.7729    3.6943     1400306954.7690
   134.756    7.9114    4.4470    3.5130    826.8831    3.6876     1527003029.1623
   144.517    7.9020    4.4368    3.5123    866.9933    3.6810     1653442842.3719
   154.279    7.8920    4.4263    3.5114    907.1035    3.6744     1779626758.7044
   164.040    7.8819    4.4159    3.5105    947.2137    3.6679     1905552905.0540
   173.801    7.8718    4.4056    3.5096    987.3239    3.6613     2031221237.6249
   183.562    7.8619    4.3953    3.5086   1027.4341    3.6549     2156632713.3189
   193.323    7.8523    4.3852    3.5077   1067.5443    3.6484     2281789191.7934
   203.084    7.8417    4.3745    3.5067   1107.6545    3.6420     2406689998.5604
   212.845    7.8316    4.3644    3.5057   1147.7647    3.6356     2531334929.7363
   222.606    7.8219    4.3543    3.5047   1187.8749    3.6293     2655726353.1646
   232.368    7.8119    4.3441    3.5037   1227.9851    3.6230     2779865238.7029
   242.129    7.8013    4.3337    3.5026   1268.0953    3.6167     2903751507.6988
   251.890    7.7916    4.3236    3.5016   1308.2055    3.6105     3027386894.8013
   261.651    7.7828    4.3141    3.5006   1348.3157    3.6043     3150773533.1385
   271.412    7.7726    4.3037    3.4994   1388.4259    3.5982     3273910303.0418
   281.173    7.7635    4.2941    3.4984   1428.5360    3.5921     3396798682.9730
   290.934    7.7535    4.2840    3.4972   1468.6462    3.5860     3519440102.7198
   300.695    7.7440    4.2742    3.4960   1508.7564    3.5800     3641833962.3327
   310.457    7.7337    4.2637    3.4949   1548.8666    3.5740     3763981783.7622
   320.218    7.7238    4.2538    3.4937   1588.9768    3.5681     3885885337.4760
   329.979    7.7143    4.2439    3.4926   1629.0870    3.5622     4007546898.4562
   339.740    7.7039    4.2336    3.4914   1669.1972    3.5564     4128966788.4068
   349.501    7.6939    4.2235    3.4901   1709.3074    3.5506     4250144796.8352
   359.262    7.6844    4.2136    3.4890   1749.4176    3.5448     4371084140.9198
   369.023    7.6743    4.2034    3.4877   1789.5278    3.5391     4491786541.6196
   378.784    7.6640    4.1932    3.4865   1829.6380    3.5335     4612251602.0827
   388.546    7.6539    4.1829    3.4852   1869.7482    3.5279     4732480676.8315
   398.307    7.6434    4.1726    3.4840   1909.8584    3.5223     4852475948.1037
   408.068    7.6331    4.1623    3.4827   1949.9686    3.5168     4972238470.0593
   417.829    7.6232    4.1521    3.4814   1990.0788    3.5113     5091768855.1196
   427.590    7.6126    4.1417    3.4801   2030.1890    3.5059     5211068751.8587
   437.351    7.6023    4.1313    3.4787   2070.2992    3.5006     5330138693.6707
   460.484    7.6325    4.1409    3.4873   2075.3444    3.4880     5612180994.6367
   483.616    7.6609    4.1498    3.4958   2080.2613    3.4754     5893898547.0503
   506.749    7.6890    4.1586    3.5041   2085.0387    3.4630     6175277525.0422
   529.881    7.7164    4.1673    3.5124   2089.8129    3.4506     6456312366.3990
   553.013    7.7428    4.1755    3.5205   2094.3138    3.4384     6736996474.8399
   576.146    7.7689    4.1837    3.5285   2098.7810    3.4262     7017323769.1196
   599.278    7.7945    4.1917    3.5364   2103.1668    3.4141     7297290752.3575
   622.411    7.8197    4.1995    3.5443   2107.5171    3.4022     7576897644.8713
   645.543    7.8453    4.2076    3.5522   2111.7279    3.3904     7856148388.8037
   668.676    7.8700    4.2153    3.5600   2115.8110    3.3787     8135042148.7014
   691.808    7.8944    4.2228    3.5678   2119.9731    3.3671     8413584276.3315
   714.940    7.9189    4.2306    3.5755   2123.8981    3.3557     8691779758.9598
   738.073    7.9444    4.2390    3.5835   2127.9092    3.3445     8969643726.6189
   761.205    7.9677    4.2461    3.5910   2131.7124    3.3334     9247175595.1015
   784.338    7.9919    4.2538    3.5987   2135.4728    3.3225     9524373245.1276
   807.470    8.0169    4.2620    3.6067   2139.3060    3.3118     9801267362.9740
   830.603    8.0414    4.2699    3.6146   2142.9539    3.3012    10077875337.5452
   853.735    8.0662    4.2782    3.6225   2146.5119    3.2909    10354206451.7577
   876.868    8.0916    4.2868    3.6307   2150.0796    3.2807    10630285216.3563
   900.000    8.1163    4.2951    3.6386   2153.7459    3.2708    10906124912.1447
   917.354    8.1381    4.3031    3.6455   2156.3297    3.2635    11112853365.8586
   934.708    8.1586    4.3105    3.6521   2158.9642    3.2563    11319502235.7516
   952.061    8.1798    4.3183    3.6590   2161.5141    3.2493    11526076756.7821
   969.415    8.2009    4.3261    3.6659   2164.1389    3.2424    11732592052.9839
   986.769    8.2245    4.3354    3.6735   2166.7572    3.2356    11939075097.2916
  1004.123    8.2476    4.3445    3.6811   2169.4367    3.2289    12145553461.2537
  1021.477    8.2669    4.3509    3.6880   2172.2405    3.2224    12352014254.2379
  1038.831    8.2857    4.3574    3.6946   2175.0088    3.2160    12558436484.6971
  1056.184    8.3043    4.3637    3.7013   2177.7951    3.2098    12764821424.5086
  1073.538    8.3235    4.3704    3.7082   2180.6045    3.2038    12971184397.1916
  1090.892    8.3401    4.3759    3.7142   2182.8876    3.1979    13177515780.0578
  1108.246    8.3638    4.3861    3.7231   2184.3735    3.1922    13383884662.2009
  1125.600    8.3883    4.3968    3.7323   2185.3101    3.1866    13590389095.2052
  1142.953    8.4134    4.4080    3.7419   2186.8049    3.1813    13797052963.4391
  1160.307    8.5661    4.5043    3.7829   2201.5451    3.1758    14004763234.8605
  1177.661    8.7637    4.6305    3.8343   2219.0072    3.1699    14214662227.6266
  1195.015    8.8602    4.6894    3.8596   2228.3233    3.1638    14426283855.5783
  1212.369    8.8756    4.6940    3.8653   2230.6561    3.1578    14638351197.4278
  1229.723    8.8905    4.6985    3.8709   2232.9345    3.1520    14850323894.0901
  1247.076    8.9050    4.7027    3.8764   2234.8964    3.1464    15062209604.0043
  1264.430    8.9188    4.7066    3.8818   2236.8531    3.1411    15274020643.0096
  1281.784    8.9329    4.7106    3.8874   2238.7815    3.1361    15485773411.6876
  1299.138    8.9474    4.7150    3.8932   2240.6746    3.1312    15697492405.7167
  1316.492    8.9611    4.7189    3.8987   2242.1981    3.1267    15909193454.5215
  1333.845    8.9741    4.7221    3.9044   2243.9670    3.1225    16120892004.7381
  1351.199    8.9877    4.7263    3.9099   2245.4188    3.1185    16332606737.7246
  1368.553    9.0012    4.7302    3.9156   2246.4708    3.1148    16544355746.0230
  1385.907    9.0135    4.7332    3.9213   2248.1420    3.1115    16756163088.2078
  1403.261    9.0264    4.7367    3.9270   2249.3544    3.1085    16968051879.4722
  1420.615    9.0391    4.7400    3.9329   2250.6279    3.1058    17180048695.4786
  1437.968    9.0509    4.7430    3.9383   2251.3287    3.1035    17392167292.8639
  1455.322    9.0641    4.7467    3.9447   2252.2503    3.1016    17604447322.6003
  1472.676    9.0859    4.7560    3.9526   2254.6266    3.1000    17816981366.2175
  1490.030    9.1267    4.7776    3.9646   2258.7438    3.0988    18029942942.1736
  1507.384    9.1670    4.7992    3.9766   2263.1914    3.0978    18243463459.9224
  1524.737    9.2085    4.8216    3.9900   2267.8377    3.0972    18457603121.7441
  1542.091    9.2489    4.8438    4.0029   2272.3239    3.0970    18672409606.4825
  1559.445    9.2651    4.8507    4.0086   2274.4594    3.0971    18887696417.4109
  1576.799    9.2775    4.8550    4.0133   2276.3873    3.0978    19103273838.7943
  1576.799    4.8008    0.0000    4.0378         nan    3.0978    19103273838.7943
  1590.584    4.8077    0.0000    4.0428         nan    3.0984    19275809686.3104
  1604.369    4.8146    0.0000    4.0478         nan    3.0993    19448591925.1350
  1618.154    4.8215    0.0000    4.0528         nan    3.1005    19621638361.1730
  1631.940    4.8285    0.0000    4.0578         nan    3.1021    19794967471.1545
  1645.725    4.8352    0.0000    4.0627         nan    3.1040    19968596486.6234
  1659.510    4.8418    0.0000    4.0676         nan    3.1063    20142541159.9968
  1673.295    4.8484    0.0000    4.0724         nan    3.1090    20316819998.9247
  1687.080    4.8550    0.0000    4.0772         nan    3.1120    20491454559.8043
  1700.865    4.8616    0.0000    4.0820         nan    3.1155    20666467217.0922
  1700.865    5.2910    0.0000    6.3725         nan    3.1155    20666467217.0922
  1759.094    5.3671    0.0000    6.4127         nan    3.0185    21826156649.4740
  1817.323    5.4389    0.0000    6.4508         nan    2.9204    22956624481.5415
  1875.552    5.5069    0.0000    6.4868         nan    2.8211    24056635865.4183
  1933.781    5.5711    0.0000    6.5210         nan    2.7208    25125026672.4909
  1992.009    5.6318    0.0000    6.5534         nan    2.6195    26160699134.7209
  2050.238    5.6891    0.0000    6.5840         nan    2.5173    27162618196.7248
  2108.467    5.7432    0.0000    6.6129         nan    2.4142    28129808470.7098
  2166.696    5.7943    0.0000    6.6403         nan    2.3103    29061351723.5358
  2224.924    5.8423    0.0000    6.6661         nan    2.2057    29956384848.2329
  2283.153    5.8876    0.0000    6.6904         nan    2.1004    30814098295.4209
  2341.382    5.9300    0.0000    6.7132         nan    1.9944    31633734974.5760
  2399.611    5.9698    0.0000    6.7346         nan    1.8878    32414589663.9242
  2457.840    6.0069    0.0000    6.7547         nan    1.7808    33156009013.8561
  2516.068    6.0415    0.0000    6.7733         nan    1.6733    33857392297.8002
  2574.297    6.0737    0.0000    6.7907         nan    1.5654    34518193163.0798
  2632.526    6.1034    0.0000    6.8067         nan    1.4573    35137922802.5236
  2690.755    6.1307    0.0000    6.8215         nan    1.3490    35716155253.0537
  2748.983    6.1557    0.0000    6.8350         nan    1.2408    36252536024.3652
  2807.212    6.1784    0.0000    6.8473         nan    1.1327    36746796189.1007
  2865.441    6.1989    0.0000    6.8584         nan    1.0251    37198775859.4726
  2923.670    6.2171    0.0000    6.8683         nan    0.9186    37608464652.0617
  2981.899    6.2331    0.0000    6.8770         nan    0.8139    37976074789.5760
  3040.127    6.2469    0.0000    6.8845         nan    0.7127    38302181538.1695
  3098.356    6.2586    0.0000    6.8908         nan    0.6182    38588015410.4639
  3156.585    6.2681    0.0000    6.8960         nan    0.5380    38836137606.3882
  3214.814    6.2755    0.0000    6.9000         nan    0.4949    39052243370.5114
  3273.042    6.2808    0.0000    6.9028         nan    0.5798    39251104137.3164
  3331.271    6.2840    0.0000    6.9046         nan    1.5323    39484161902.3367
  3389.500    6.2850    0.0000    6.9051         nan    0.0000    40100244461.6684
