# Depth[km]  Vp[km/s]  Vs[km/s] Rho[g/cm3]    T[K]     g[m/s2]         P[Pa]        
     0.000    3.6325    2.1866    1.6536    273.1500    3.7291              0.0000
    10.941    3.6325    2.1866    1.6536    316.1428    3.7380       67468230.1274
    10.941    4.9286    2.9667    2.2436    316.1428    3.7380       67468230.1274
    29.463    4.9286    2.9667    2.2436    388.9279    3.7443      222803290.2141
    29.463    5.9987    3.6108    2.7307    388.9279    3.7443      222803290.2141
    48.425    5.9987    3.6108    2.7307    463.4473    3.7433      416692620.6899
    48.425    7.9579    4.5331    3.5037    463.4473    3.7433      416692620.6899
    58.310    7.9505    4.5237    3.5035    502.2928    3.7364      546331544.1312
    68.195    7.9426    4.5141    3.5033    541.1382    3.7295      675725101.3901
    78.080    7.9345    4.5042    3.5030    579.9837    3.7227      804871706.2409
    87.965    7.9257    4.4942    3.5026    618.8291    3.7159      933768613.7402
    97.850    7.9171    4.4844    3.5022    657.6746    3.7091     1062415698.4815
   107.735    7.9085    4.4745    3.5018    696.5200    3.7024     1190814917.0200
   117.620    7.8999    4.4647    3.5014    735.3654    3.6957     1318966570.9498
   127.505    7.8906    4.4546    3.5009    774.2109    3.6890     1446868624.0192
   137.389    7.8817    4.4448    3.5004    813.0563    3.6823     1574520550.2456
   147.274    7.8724    4.4348    3.4998    851.9018    3.6757     1701922943.6604
   157.159    7.8627    4.4246    3.4991    890.7472    3.6691     1829073388.3261
   167.044    7.8539    4.4149    3.4986    929.5926    3.6626     1955974573.7470
   176.929    7.8444    4.4050    3.4979    968.4381    3.6561     2082627386.6338
   186.814    7.8349    4.3951    3.4973   1007.2835    3.6496     2209030028.7556
   196.699    7.8251    4.3851    3.4965   1046.1290    3.6431     2335182468.7952
   206.584    7.8154    4.3751    3.4958   1084.9744    3.6367     2461084943.8815
   216.469    7.8060    4.3652    3.4950   1123.8198    3.6303     2586739169.4338
   226.354    7.7958    4.3551    3.4942   1162.6653    3.6240     2712145534.1572
   236.238    7.7864    4.3452    3.4934   1201.5107    3.6177     2837304818.3930
   246.123    7.7769    4.3354    3.4926   1240.3562    3.6114     2962217994.4804
   256.008    7.7661    4.3249    3.4916   1279.2016    3.6052     3086882045.0568
   265.893    7.7575    4.3156    3.4909   1318.0471    3.5990     3211300333.2237
   275.778    7.7483    4.3061    3.4900   1356.8925    3.5929     3335477488.2477
   285.663    7.7391    4.2964    3.4891   1395.7379    3.5868     3459411592.3369
   295.548    7.7292    4.2865    3.4881   1434.5834    3.5807     3583101575.6569
   305.433    7.7199    4.2769    3.4873   1473.4288    3.5747     3706550024.0778
   315.318    7.7109    4.2673    3.4864   1512.2743    3.5687     3829760237.5135
   325.202    7.7008    4.2573    3.4853   1551.1197    3.5628     3952729811.3528
   335.087    7.6916    4.2478    3.4845   1589.9651    3.5569     4075461025.1468
   344.972    7.6820    4.2380    3.4835   1628.8106    3.5511     4197957593.0758
   354.857    7.6721    4.2281    3.4825   1667.6560    3.5453     4320218661.8270
   364.742    7.6623    4.2182    3.4815   1706.5015    3.5395     4442245293.4400
   374.627    7.6520    4.2082    3.4804   1745.3469    3.5338     4564037466.2898
   384.512    7.6426    4.1984    3.4795   1784.1923    3.5282     4685598423.5210
   394.397    7.6323    4.1883    3.4785   1823.0378    3.5225     4806930052.2076
   404.282    7.6224    4.1784    3.4775   1861.8832    3.5170     4928032323.7787
   414.167    7.6118    4.1682    3.4763   1900.7287    3.5115     5048906457.1214
   424.051    7.6021    4.1583    3.4754   1939.5741    3.5060     5169555929.4961
   433.936    7.5914    4.1480    3.4743   1978.4196    3.5006     5289981667.0825
   443.821    7.5820    4.1383    3.4733   2017.2650    3.4952     5410183902.6830
   466.630    7.6133    4.1476    3.4819   2022.1124    3.4829     5687426254.1580
   489.439    7.6433    4.1564    3.4904   2026.8817    3.4707     5964374815.2293
   512.248    7.6725    4.1650    3.4987   2031.4000    3.4586     6241015144.3120
   535.057    7.7008    4.1733    3.5069   2035.8985    3.4465     6517337922.7526
   557.866    7.7282    4.1814    3.5149   2040.2309    3.4346     6793333670.6010
   580.675    7.7559    4.1896    3.5229   2044.5262    3.4227     7068999611.7594
   603.484    7.7825    4.1975    3.5308   2048.7314    3.4110     7344334837.5561
   626.293    7.8092    4.2054    3.5386   2052.8403    3.3993     7619336250.7724
   649.102    7.8348    4.2129    3.5463   2056.8193    3.3878     7894002106.9857
   671.911    7.8605    4.2205    3.5540   2060.7835    3.3764     8168332230.9360
   694.720    7.8855    4.2279    3.5616   2064.6787    3.3652     8442329709.0237
   717.528    7.9113    4.2356    3.5693   2068.4941    3.3541     8716003169.4720
   740.337    7.9362    4.2430    3.5769   2072.1601    3.3432     8989359003.6300
   763.146    7.9609    4.2504    3.5845   2075.9646    3.3324     9262400767.1381
   785.955    7.9858    4.2580    3.5920   2079.4514    3.3218     9535136599.4866
   808.764    8.0106    4.2657    3.5996   2082.9804    3.3114     9807577535.2196
   831.573    8.0349    4.2730    3.6071   2086.4630    3.3011    10079735816.4093
   854.382    8.0601    4.2810    3.6149   2089.8405    3.2911    10351628477.1131
   877.191    8.0862    4.2896    3.6228   2093.2708    3.2813    10623281752.5916
   900.000    8.1119    4.2978    3.6309   2096.6837    3.2717    10894722282.2314
   916.839    8.1311    4.3041    3.6368   2099.0659    3.2647    11094920746.1394
   933.679    8.1495    4.3101    3.6426   2101.4733    3.2579    11295015905.0319
   950.518    8.1709    4.3179    3.6492   2103.8608    3.2512    11495031709.9104
   967.357    8.1920    4.3254    3.6559   2106.3365    3.2446    11694999861.3180
   984.197    8.2114    4.3321    3.6621   2108.6954    3.2381    11894914127.3808
  1001.036    8.2365    4.3421    3.6699   2111.1288    3.2318    12094812586.2442
  1017.875    8.2594    4.3510    3.6772   2113.5920    3.2256    12294732869.7163
  1034.715    8.2860    4.3618    3.6857   2116.1359    3.2195    12494699670.1346
  1051.554    8.3049    4.3684    3.6919   2118.5006    3.2136    12694688316.4396
  1068.393    8.3217    4.3738    3.6976   2120.6629    3.2078    12894628167.4832
  1085.233    8.3389    4.3793    3.7033   2122.7851    3.2022    13094516985.3128
  1102.072    8.3557    4.3848    3.7090   2124.9894    3.1968    13294365610.6974
  1118.911    8.3724    4.3901    3.7147   2127.1617    3.1916    13494183588.7452
  1135.751    8.5097    4.4761    3.7519   2140.6267    3.1864    13694828042.1685
  1152.590    8.6867    4.5887    3.7984   2158.5371    3.1808    13897387681.2526
  1169.429    8.8465    4.6903    3.8393   2170.7702    3.1749    14101935637.6383
  1186.269    8.8619    4.6951    3.8445   2173.0597    3.1689    14307335406.2150
  1203.108    8.8766    4.6995    3.8494   2175.3943    3.1632    14512619169.7248
  1219.947    8.8933    4.7041    3.8562   2178.2872    3.1576    14717841895.2780
  1236.787    8.9085    4.7088    3.8616   2180.7308    3.1523    14923028272.2638
  1253.626    8.9236    4.7134    3.8671   2183.2251    3.1472    15128157641.6073
  1270.465    8.9381    4.7179    3.8722   2185.5989    3.1423    15333234882.2921
  1287.305    8.9516    4.7225    3.8767   2187.8260    3.1377    15538250399.9251
  1304.144    8.9673    4.7273    3.8823   2190.1219    3.1334    15743231537.3315
  1320.983    8.9824    4.7318    3.8882   2192.8734    3.1293    15948230407.8756
  1337.823    8.9964    4.7363    3.8932   2195.2978    3.1254    16153250229.2287
  1354.662    9.0101    4.7408    3.8980   2197.5711    3.1219    16358277505.5126
  1371.501    9.0244    4.7454    3.9033   2200.0042    3.1187    16563336153.8265
  1388.341    9.0384    4.7500    3.9081   2202.2189    3.1157    16768448251.1011
  1405.180    9.0515    4.7546    3.9126   2204.3828    3.1132    16973613407.1244
  1422.019    9.0824    4.7696    3.9213   2209.3879    3.1109    17178952452.3006
  1438.859    9.1205    4.7901    3.9305   2215.0224    3.1089    17384609505.5455
  1455.698    9.1607    4.8122    3.9402   2220.6155    3.1072    17590630707.3579
  1472.537    9.2002    4.8343    3.9500   2226.5558    3.1058    17797050982.0775
  1489.377    9.2409    4.8562    3.9608   2232.7345    3.1048    18003919532.3503
  1506.216    9.2805    4.8782    3.9720   2238.3511    3.1040    18211290956.7160
  1523.055    9.3206    4.9003    3.9842   2243.4947    3.1036    18419221470.3048
  1539.895    9.3492    4.9152    3.9933   2246.5180    3.1035    18627679800.8933
  1556.734    9.3618    4.9197    3.9977   2248.7557    3.1038    18836486060.4849
  1556.734    4.9273    0.0000    4.0241         nan    3.1038    18836486060.4849
  1572.806    4.9413    0.0000    4.0296         nan    3.1042    19037370484.1315
  1588.879    4.9553    0.0000    4.0351         nan    3.1051    19238556257.5318
  1604.952    4.9693    0.0000    4.0406         nan    3.1063    19440070858.5941
  1621.024    4.9832    0.0000    4.0461         nan    3.1080    19641942509.9913
  1637.097    4.9965    0.0000    4.0514         nan    3.1102    19844194532.2384
  1653.169    5.0098    0.0000    4.0566         nan    3.1129    20046852104.8827
  1669.242    5.0230    0.0000    4.0619         nan    3.1161    20249948036.3922
  1685.315    5.0362    0.0000    4.0671         nan    3.1199    20453515703.6382
  1701.387    5.0488    0.0000    4.0721         nan    3.1242    20657584492.3940
  1701.387    5.1844    0.0000    6.3888         nan    3.1242    20657584492.3940
  1759.598    5.2673    0.0000    6.4308         nan    3.0271    21823276102.6453
  1817.809    5.3456    0.0000    6.4705         nan    2.9287    22959933987.1328
  1876.019    5.4193    0.0000    6.5081         nan    2.8292    24066240036.7498
  1934.230    5.4888    0.0000    6.5435         nan    2.7285    25140955267.4059
  1992.441    5.5544    0.0000    6.5771         nan    2.6268    26182913829.8883
  2050.652    5.6163    0.0000    6.6088         nan    2.5241    27191017948.2101
  2108.863    5.6746    0.0000    6.6387         nan    2.4205    28164233599.7424
  2167.073    5.7295    0.0000    6.6669         nan    2.3159    29101586803.5896
  2225.284    5.7811    0.0000    6.6934         nan    2.2106    30002160397.6201
  2283.495    5.8296    0.0000    6.7184         nan    2.1045    30865091213.6882
  2341.706    5.8751    0.0000    6.7419         nan    1.9977    31689567575.4828
  2399.917    5.9176    0.0000    6.7639         nan    1.8901    32474827050.6950
  2458.127    5.9574    0.0000    6.7844         nan    1.7819    33220154395.7104
  2516.338    5.9943    0.0000    6.8036         nan    1.6731    33924879627.1049
  2574.549    6.0286    0.0000    6.8213         nan    1.5638    34588376145.3484
  2632.760    6.0603    0.0000    6.8378         nan    1.4539    35210058815.0958
  2690.971    6.0895    0.0000    6.8529         nan    1.3434    35789381866.5209
  2749.181    6.1161    0.0000    6.8667         nan    1.2325    36325836401.9613
  2807.392    6.1403    0.0000    6.8793         nan    1.1211    36818947148.3897
  2865.603    6.1621    0.0000    6.8906         nan    1.0092    37268267806.7874
  2923.814    6.1814    0.0000    6.9006         nan    0.8968    37673373757.2753
  2982.024    6.1985    0.0000    6.9095         nan    0.7838    38033849579.1117
  3040.235    6.2132    0.0000    6.9172         nan    0.6699    38349265764.0356
  3098.446    6.2256    0.0000    6.9236         nan    0.5547    38619130957.6937
  3156.657    6.2357    0.0000    6.9289         nan    0.4370    38842782277.5289
  3214.868    6.2436    0.0000    6.9330         nan    0.3132    39019093233.7617
  3273.078    6.2492    0.0000    6.9359         nan    0.1686    39145512172.3775
  3331.289    6.2525    0.0000    6.9376         nan   -0.1158    39213598041.0606
  3389.500    6.2537    0.0000    6.9382         nan    0.0000    39166843652.9867
