# Depth[km]  Vp[km/s]  Vs[km/s] Rho[g/cm3]    T[K]     g[m/s2]         P[Pa]        
     0.000    3.5748    2.1341    1.6592    273.1500    3.7291              0.0000
    11.309    3.5748    2.1341    1.6592    315.3028    3.7383       69973995.2071
    11.309    5.0236    2.9989    2.3317    315.3028    3.7383       69973995.2071
    28.522    5.0236    2.9989    2.3317    379.4660    3.7429      220009339.8209
    28.522    6.4348    3.8414    2.9866    379.4660    3.7429      220009339.8209
    43.942    6.4348    3.8414    2.9866    436.9463    3.7386      392384194.4658
    43.942    7.9536    4.5340    3.4845    436.9463    3.7386      392384194.4658
    54.140    7.9485    4.5261    3.4847    474.9585    3.7316      525233385.5684
    64.337    7.9429    4.5181    3.4848    512.9706    3.7247      657839729.6970
    74.535    7.9370    4.5098    3.4849    550.9828    3.7177      790201539.4492
    84.732    7.9308    4.5014    3.4848    588.9950    3.7108      922316929.0938
    94.930    7.9238    4.4926    3.4847    627.0072    3.7039     1054182422.8314
   105.127    7.9174    4.4841    3.4846    665.0194    3.6970     1185797950.8928
   115.324    7.9108    4.4755    3.4844    703.0316    3.6902     1317165467.3460
   125.522    7.9041    4.4669    3.4843    741.0438    3.6834     1448284503.6045
   135.719    7.8968    4.4581    3.4840    779.0560    3.6766     1579153196.8472
   145.917    7.8902    4.4496    3.4838    817.0682    3.6699     1709772115.5337
   156.114    7.8828    4.4407    3.4834    855.0804    3.6632     1840140348.2859
   166.312    7.8757    4.4320    3.4830    893.0926    3.6565     1970256295.4741
   176.509    7.8686    4.4233    3.4826    931.1048    3.6499     2100121768.0516
   186.707    7.8621    4.4149    3.4823    969.1170    3.6433     2229738536.5240
   196.904    7.8547    4.4061    3.4818   1007.1292    3.6367     2359105632.3123
   207.101    7.8476    4.3974    3.4813   1045.1414    3.6302     2488221473.0500
   217.299    7.8399    4.3886    3.4807   1083.1536    3.6237     2617084579.5707
   227.496    7.8326    4.3797    3.4802   1121.1658    3.6173     2745696179.5806
   237.694    7.8252    4.3709    3.4797   1159.1780    3.6108     2874059739.2715
   247.891    7.8183    4.3624    3.4791   1197.1902    3.6045     3002176262.4939
   258.089    7.8117    4.3541    3.4786   1235.2024    3.5981     3130046793.2464
   268.286    7.8042    4.3452    3.4779   1273.2146    3.5918     3257670277.2936
   278.484    7.7973    4.3367    3.4774   1311.2268    3.5856     3385048070.9233
   288.681    7.7904    4.3282    3.4768   1349.2390    3.5794     3512183205.5860
   298.878    7.7836    4.3196    3.4762   1387.2512    3.5732     3639076395.6577
   309.076    7.7757    4.3106    3.4754   1425.2634    3.5671     3765725787.3186
   319.273    7.7691    4.3023    3.4748   1463.2756    3.5610     3892133289.8676
   329.471    7.7622    4.2940    3.4741   1501.2877    3.5549     4018301609.4717
   339.668    7.7548    4.2852    3.4734   1539.2999    3.5489     4144229678.0338
   349.866    7.7479    4.2768    3.4727   1577.3121    3.5430     4269919144.5522
   360.063    7.7408    4.2681    3.4720   1615.3243    3.5371     4395373274.0219
   370.261    7.7331    4.2593    3.4711   1653.3365    3.5312     4520590352.9813
   380.458    7.7260    4.2507    3.4705   1691.3487    3.5254     4645571958.6880
   390.656    7.7191    4.2421    3.4698   1729.3609    3.5197     4770323461.7299
   400.853    7.7108    4.2330    3.4689   1767.3731    3.5139     4894842242.7690
   411.050    7.7041    4.2245    3.4682   1805.3853    3.5083     5019130110.9069
   421.248    7.6963    4.2156    3.4673   1843.3975    3.5027     5143189449.8759
   431.445    7.6895    4.2070    3.4665   1881.4097    3.4971     5267021304.8837
   441.643    7.6813    4.1978    3.4656   1919.4219    3.4916     5390627079.4532
   451.840    7.6732    4.1887    3.4649   1957.4341    3.4861     5514008704.9375
   474.248    7.7007    4.1971    3.4728   1961.7537    3.4742     5784984159.8946
   496.656    7.7277    4.2054    3.4806   1966.0351    3.4624     6055645919.4705
   519.064    7.7525    4.2127    3.4881   1970.1137    3.4507     6325983090.6881
   541.472    7.7777    4.2202    3.4958   1974.3503    3.4391     6595993702.8265
   563.880    7.8024    4.2275    3.5034   1978.5103    3.4275     6865682746.6987
   586.288    7.8264    4.2346    3.5108   1982.3830    3.4161     7135040816.0196
   608.696    7.8504    4.2416    3.5182   1986.4043    3.4048     7404067081.9550
   631.104    7.8738    4.2486    3.5255   1990.2091    3.3936     7672765260.8937
   653.512    7.8964    4.2550    3.5328   1994.1028    3.3825     7941135034.1466
   675.920    7.9198    4.2618    3.5401   1997.9917    3.3716     8209184436.1572
   698.328    7.9426    4.2684    3.5473   2001.6455    3.3608     8476915271.1015
   720.736    7.9652    4.2750    3.5544   2005.2425    3.3502     8744326569.7146
   743.144    7.9869    4.2811    3.5614   2008.8524    3.3398     9011423765.3237
   765.552    8.0105    4.2883    3.5687   2012.5008    3.3295     9278223840.1091
   787.960    8.0320    4.2944    3.5756   2015.9639    3.3194     9544732167.5081
   810.368    8.0547    4.3012    3.5828   2019.3769    3.3094     9810955024.8479
   832.776    8.0766    4.3075    3.5898   2022.8035    3.2997    10076909188.2579
   855.184    8.0990    4.3143    3.5969   2026.1059    3.2902    10342603155.2251
   877.592    8.1219    4.3213    3.6041   2029.3840    3.2809    10608057314.9283
   900.000    8.1442    4.3281    3.6114   2032.6273    3.2718    10873291385.5971
   916.848    8.1614    4.3334    3.6168   2035.0461    3.2651    11072509585.6318
   933.696    8.1790    4.3390    3.6225   2037.4887    3.2586    11271626535.7235
   950.543    8.1965    4.3445    3.6280   2039.8638    3.2522    11470651610.0086
   967.391    8.2147    4.3505    3.6339   2042.2604    3.2459    11669599311.2514
   984.239    8.2345    4.3574    3.6402   2044.7974    3.2398    11868495731.5209
  1001.087    8.2540    4.3643    3.6464   2047.1813    3.2338    12067356975.4247
  1017.935    8.2733    4.3710    3.6527   2049.5688    3.2280    12266191961.9561
  1034.783    8.2942    4.3788    3.6594   2051.9596    3.2223    12465023340.9122
  1051.630    8.3102    4.3836    3.6647   2054.1879    3.2168    12663832631.8550
  1068.478    8.3258    4.3881    3.6700   2056.3639    3.2114    12862588633.4164
  1085.326    8.3415    4.3929    3.6753   2058.5541    3.2063    13061300209.1434
  1102.174    8.3721    4.4078    3.6844   2062.1106    3.2013    13260081803.9336
  1119.022    8.4946    4.4857    3.7170   2075.2937    3.1963    13459680871.5650
  1135.870    8.6576    4.5899    3.7598   2091.4907    3.1911    13661000550.0124
  1152.717    8.8040    4.6834    3.7973   2102.9584    3.1855    13864147934.7489
  1169.565    8.8194    4.6876    3.8028   2105.5040    3.1800    14068094351.2516
  1186.413    8.8334    4.6915    3.8075   2107.9075    3.1746    14271956369.3534
  1203.261    8.8505    4.6962    3.8137   2110.3349    3.1695    14475767812.1449
  1220.109    8.8658    4.7005    3.8192   2112.7651    3.1645    14679561777.1684
  1236.956    8.8813    4.7048    3.8247   2115.1718    3.1598    14883332509.1637
  1253.804    8.8969    4.7093    3.8304   2117.5995    3.1554    15087099105.2956
  1270.652    8.9122    4.7136    3.8359   2119.9984    3.1512    15290873860.0762
  1287.500    8.9277    4.7180    3.8415   2122.4551    3.1472    15494671601.4170
  1304.348    8.9430    4.7223    3.8470   2124.8742    3.1435    15698509281.5648
  1321.196    8.9582    4.7268    3.8527   2127.3150    3.1401    15902401927.4034
  1338.043    8.9735    4.7311    3.8583   2129.7662    3.1369    16106369113.2194
  1354.891    8.9887    4.7356    3.8639   2132.1987    3.1341    16310429394.7689
  1371.739    9.0038    4.7401    3.8695   2134.6041    3.1316    16514600104.2518
  1388.587    9.0427    4.7596    3.8793   2140.1519    3.1293    16719012607.2472
  1405.435    9.0817    4.7793    3.8893   2145.9149    3.1273    16923801357.6551
  1422.283    9.1216    4.7998    3.8997   2151.7291    3.1256    17128995682.3014
  1439.130    9.1602    4.8200    3.9100   2157.4578    3.1242    17334621788.8006
  1455.978    9.1995    4.8407    3.9204   2163.6047    3.1231    17540701080.4065
  1472.826    9.2382    4.8613    3.9310   2169.6404    3.1222    17747260051.0479
  1489.674    9.2800    4.8844    3.9424   2175.9629    3.1217    17954343337.6821
  1506.522    9.3174    4.9047    3.9530   2181.8284    3.1216    18161972159.1239
  1523.369    9.3315    4.9092    3.9582   2184.1362    3.1218    18370003832.0596
  1540.217    9.3454    4.9137    3.9633   2186.3834    3.1225    18578320208.8776
  1557.065    9.3591    4.9182    3.9684   2188.6302    3.1236    18786949221.8410
  1557.065    5.2544    0.0000    3.9694         nan    3.1236    18786949221.8410
  1572.698    5.2658    0.0000    3.9740         nan    3.1250    18980885487.3899
  1588.330    5.2773    0.0000    3.9786         nan    3.1269    19175136515.9903
  1603.963    5.2888    0.0000    3.9832         nan    3.1293    19369729367.0914
  1619.595    5.3003    0.0000    3.9878         nan    3.1321    19564692204.3258
  1635.228    5.3112    0.0000    3.9922         nan    3.1354    19760049539.6333
  1650.860    5.3222    0.0000    3.9965         nan    3.1392    19955826945.7139
  1666.493    5.3331    0.0000    4.0009         nan    3.1435    20152056138.6112
  1682.125    5.3441    0.0000    4.0053         nan    3.1483    20348770366.7007
  1697.758    5.3545    0.0000    4.0095         nan    3.1538    20545999777.4717
  1697.758    5.5112    0.0000    6.4521         nan    3.1538    20545999777.4717
  1756.094    5.5804    0.0000    6.4902         nan    3.0550    21736546364.5872
  1814.430    5.6459    0.0000    6.5264         nan    2.9551    22896425574.7286
  1872.766    5.7080    0.0000    6.5608         nan    2.8541    24024463285.3314
  1931.101    5.7668    0.0000    6.5934         nan    2.7522    25119547569.0499
  1989.437    5.8226    0.0000    6.6244         nan    2.6493    26180625511.6355
  2047.773    5.8753    0.0000    6.6538         nan    2.5455    27206700506.4842
  2106.109    5.9252    0.0000    6.6816         nan    2.4409    28196829960.2083
  2164.445    5.9724    0.0000    6.7080         nan    2.3355    29150123370.5006
  2222.781    6.0168    0.0000    6.7328         nan    2.2294    30065740744.9504
  2281.117    6.0587    0.0000    6.7563         nan    2.1226    30942891346.7806
  2339.453    6.0981    0.0000    6.7783         nan    2.0151    31780832775.8711
  2397.789    6.1350    0.0000    6.7991         nan    1.9071    32578870413.4380
  2456.125    6.1695    0.0000    6.8185         nan    1.7985    33336357289.2092
  2514.461    6.2017    0.0000    6.8366         nan    1.6895    34052694477.9110
  2572.797    6.2316    0.0000    6.8534         nan    1.5801    34727332201.3844
  2631.133    6.2593    0.0000    6.8690         nan    1.4703    35359771929.3687
  2689.469    6.2848    0.0000    6.8834         nan    1.3604    35949569968.1354
  2747.805    6.3081    0.0000    6.8965         nan    1.2503    36496343375.8078
  2806.141    6.3293    0.0000    6.9085         nan    1.1402    36999779686.1535
  2864.477    6.3484    0.0000    6.9193         nan    1.0304    37459653171.4406
  2922.812    6.3654    0.0000    6.9289         nan    0.9212    37875852934.1375
  2981.148    6.3803    0.0000    6.9374         nan    0.8132    38248433715.3602
  3039.484    6.3933    0.0000    6.9447         nan    0.7075    38577713565.0958
  3097.820    6.4042    0.0000    6.9508         nan    0.6064    38864477123.0747
  3156.156    6.4131    0.0000    6.9559         nan    0.5151    39110445577.0140
  3214.492    6.4200    0.0000    6.9598         nan    0.4493    39319531473.4716
  3272.828    6.4250    0.0000    6.9626         nan    0.4716    39501973459.4830
  3331.164    6.4279    0.0000    6.9643         nan    1.0913    39693537474.2025
  3389.500    6.4289    0.0000    6.9648         nan    0.0000    40136932436.2213
