# Depth[km]  Vp[km/s]  Vs[km/s] Rho[g/cm3]    T[K]     g[m/s2]         P[Pa]        
     0.000    3.6360    2.1750    1.6737    273.1500    3.7291              0.0000
    11.287    3.6360    2.1750    1.6737    314.8774    3.7381       70447526.1709
    11.287    4.8453    2.8984    2.2304    314.8774    3.7381       70447526.1709
    27.281    4.8453    2.8984    2.2304    374.0083    3.7437      203792376.1586
    27.281    6.7043    4.0105    3.0861    374.0083    3.7437      203792376.1586
    43.687    6.7043    4.0105    3.0861    434.6641    3.7379      393339332.4961
    43.687    7.8431    4.4859    3.4773    434.6641    3.7379      393339332.4961
    53.730    7.8392    4.4793    3.4777    471.7960    3.7310      523887849.0392
    63.774    7.8348    4.4724    3.4781    508.9279    3.7242      654212993.8453
    73.817    7.8303    4.4653    3.4784    546.0598    3.7174      784313109.3216
    83.860    7.8251    4.4579    3.4786    583.1917    3.7106      914185588.7664
    93.904    7.8201    4.4505    3.4789    620.3237    3.7039     1043829363.6132
   103.947    7.8137    4.4426    3.4788    657.4556    3.6972     1173240716.9922
   113.990    7.8082    4.4350    3.4789    694.5875    3.6905     1302418153.2786
   124.034    7.8026    4.4273    3.4790    731.7194    3.6838     1431364590.8215
   134.077    7.7969    4.4196    3.4790    768.8513    3.6772     1560080180.4081
   144.121    7.7903    4.4115    3.4788    805.9833    3.6706     1688560807.8410
   154.164    7.7845    4.4037    3.4787    843.1152    3.6640     1816805797.2781
   164.207    7.7777    4.3955    3.4784    880.2471    3.6575     1944814958.2137
   174.251    7.7720    4.3878    3.4783    917.3790    3.6510     2072588500.8295
   184.294    7.7655    4.3797    3.4780    954.5109    3.6445     2200127598.2669
   194.337    7.7596    4.3719    3.4778    991.6428    3.6381     2327431465.4859
   204.381    7.7531    4.3638    3.4775   1028.7748    3.6317     2454500221.4565
   214.424    7.7461    4.3555    3.4770   1065.9067    3.6253     2581329428.0409
   224.467    7.7395    4.3474    3.4765   1103.0386    3.6190     2707918096.7835
   234.511    7.7338    4.3396    3.4763   1140.1705    3.6127     2834272817.3441
   244.554    7.7269    4.3312    3.4759   1177.3024    3.6064     2960395988.2125
   254.598    7.7204    4.3232    3.4754   1214.4344    3.6002     3086285189.0231
   264.641    7.7137    4.3150    3.4749   1251.5663    3.5940     3211940534.4369
   274.684    7.7071    4.3069    3.4745   1288.6982    3.5878     3337363439.8274
   284.728    7.7003    4.2987    3.4740   1325.8301    3.5817     3462555356.0783
   294.771    7.6912    4.2896    3.4733   1362.9620    3.5757     3587512520.9625
   304.814    7.6835    4.2809    3.4729   1400.0940    3.5696     3712237530.2316
   314.858    7.6758    4.2723    3.4725   1437.2259    3.5636     3836737292.6000
   324.901    7.6679    4.2636    3.4720   1474.3578    3.5577     3961012852.2904
   334.944    7.6597    4.2548    3.4715   1511.4897    3.5518     4085063138.5723
   344.988    7.6514    4.2459    3.4710   1548.6216    3.5459     4208888432.3592
   355.031    7.6435    4.2372    3.4705   1585.7535    3.5401     4332492048.1330
   365.074    7.6338    4.2277    3.4697   1622.8855    3.5343     4455870273.8587
   375.118    7.6256    4.2188    3.4693   1660.0174    3.5286     4579024709.8580
   385.161    7.6175    4.2100    3.4687   1697.1493    3.5229     4701962199.2246
   395.205    7.6085    4.2008    3.4681   1734.2812    3.5173     4824681033.7364
   405.248    7.5924    4.1889    3.4663   1771.4131    3.5117     4947160357.5246
   415.291    7.5920    4.1830    3.4670   1808.5451    3.5061     5069426314.8199
   425.335    7.5826    4.1736    3.4663   1845.6770    3.5006     5191499280.5868
   435.378    7.5691    4.1626    3.4649   1882.8089    3.4952     5313343798.3101
   445.421    7.5610    4.1537    3.4645   1919.9408    3.4898     5434966079.7103
   468.150    7.5890    4.1609    3.4724   1924.0011    3.4777     5710076993.6806
   490.879    7.6168    4.1682    3.4802   1927.9869    3.4656     5984854004.1929
   513.608    7.6568    4.1803    3.4899   1933.2305    3.4537     6259368815.4872
   536.337    7.6866    4.1885    3.4979   1937.4802    3.4418     6533631765.2859
   559.066    7.7144    4.1959    3.5057   1941.4760    3.4300     6807571116.7101
   581.795    7.7421    4.2034    3.5134   1945.3456    3.4183     7081175917.6540
   604.524    7.7692    4.2107    3.5211   1949.2201    3.4067     7354443784.7370
   627.253    7.7964    4.2181    3.5286   1953.0340    3.3952     7627374969.4235
   649.982    7.8222    4.2250    3.5360   1956.8096    3.3839     7899965755.5274
   672.711    7.8485    4.2321    3.5434   1960.3974    3.3727     8172217223.4553
   695.440    7.8739    4.2389    3.5507   1963.9742    3.3617     8444132520.2234
   718.169    7.8990    4.2456    3.5579   1967.4746    3.3508     8715711242.7820
   740.897    7.9239    4.2522    3.5651   1970.9340    3.3401     8986957555.9103
   763.626    7.9481    4.2587    3.5721   1974.2691    3.3295     9257874633.8798
   786.355    7.9727    4.2654    3.5792   1977.5954    3.3192     9528467974.5446
   809.084    7.9970    4.2719    3.5862   1980.9014    3.3090     9798749126.6749
   831.813    8.0205    4.2781    3.5931   1984.0861    3.2990    10068725241.5247
   854.542    8.0446    4.2846    3.6001   1987.3300    3.2893    10338409096.3523
   877.271    8.0681    4.2910    3.6070   1990.4493    3.2798    10607814776.3648
   900.000    8.0925    4.2980    3.6139   1993.6376    3.2705    10876957041.5828
   916.840    8.1106    4.3031    3.6192   1995.9739    3.2637    11076138402.4609
   933.680    8.1279    4.3078    3.6243   1998.2007    3.2571    11275194782.8313
   950.520    8.1455    4.3128    3.6295   2000.4023    3.2507    11474131275.3325
   967.360    8.1625    4.3174    3.6345   2002.5853    3.2444    11672952779.2298
   984.200    8.1817    4.3234    3.6401   2004.9075    3.2382    11871680434.7917
  1001.040    8.1998    4.3288    3.6455   2007.0726    3.2323    12070332056.4432
  1017.880    8.2162    4.3330    3.6505   2009.1481    3.2264    12268897085.9631
  1034.720    8.2334    4.3381    3.6555   2011.2353    3.2208    12467376043.6625
  1051.560    8.2492    4.3422    3.6602   2013.3103    3.2153    12665772303.3277
  1068.400    8.2893    4.3630    3.6713   2017.4640    3.2100    12864258664.2132
  1085.240    8.3959    4.4293    3.6997   2027.5168    3.2046    13063483419.7110
  1102.080    8.5197    4.5073    3.7325   2040.7812    3.1991    13264027407.2705
  1118.920    8.6040    4.5583    3.7547   2048.9137    3.1935    13465706007.5848
  1135.760    8.6198    4.5622    3.7596   2052.2265    3.1879    13667757203.6758
  1152.600    8.6354    4.5662    3.7643   2054.5973    3.1826    13869716391.8674
  1169.440    8.6510    4.5703    3.7691   2056.7735    3.1774    14071592847.6890
  1186.280    8.7141    4.6235    3.7761   2060.3401    3.1725    14273458529.1051
  1203.120    8.7559    4.6557    3.7819   2066.4432    3.1678    14475350847.7950
  1219.960    8.7758    4.6657    3.7865   2073.4065    3.1633    14677219669.8129
  1236.801    8.7907    4.6698    3.7914   2075.8222    3.1590    14879054403.9478
  1253.641    8.8054    4.6740    3.7960   2078.2264    3.1550    15080870894.5248
  1270.481    8.8225    4.6793    3.8015   2080.9242    3.1513    15282701066.9469
  1287.321    8.8613    4.6977    3.8106   2086.0734    3.1478    15484679056.6100
  1304.161    8.8999    4.7160    3.8201   2091.2002    3.1445    15686926603.9926
  1321.001    8.9390    4.7345    3.8299   2096.5471    3.1414    15889474810.8099
  1337.841    8.9761    4.7522    3.8394   2101.5624    3.1386    16092337189.9555
  1354.681    9.0145    4.7704    3.8498   2107.1414    3.1360    16295542375.2545
  1371.521    9.0582    4.7910    3.8624   2112.7103    3.1337    16499186667.7638
  1388.361    9.0756    4.7973    3.8676   2115.2378    3.1316    16703147553.2061
  1405.201    9.0933    4.8001    3.8756   2117.0298    3.1298    16907321537.0573
  1422.041    9.1099    4.8037    3.8824   2119.0844    3.1284    17111769468.7393
  1438.881    9.1268    4.8071    3.8897   2121.0798    3.1273    17316492211.0738
  1455.721    9.1444    4.8104    3.8976   2123.0585    3.1265    17521541434.3413
  1472.561    9.1837    4.8258    3.9156   2132.1935    3.1260    17727221644.7550
  1489.401    9.2442    4.8575    3.9399   2139.9591    3.1257    17933984110.3488
  1506.241    9.2709    4.8705    3.9491   2145.4437    3.1256    18141608249.6638
  1523.081    9.2981    4.8844    3.9582   2150.7534    3.1259    18349709643.6536
  1539.921    9.3233    4.8971    3.9666   2156.2414    3.1266    18558293119.1010
  1556.761    9.3484    4.9099    3.9750   2161.3408    3.1278    18767367317.7624
  1556.761    5.2279    0.0000    4.0371         nan    3.1278    18767367317.7624
  1572.921    5.2406    0.0000    4.0420         nan    3.1284    18971547494.4944
  1589.081    5.2533    0.0000    4.0470         nan    3.1295    19176021028.0537
  1605.242    5.2660    0.0000    4.0519         nan    3.1311    19380817054.4595
  1621.402    5.2787    0.0000    4.0569         nan    3.1331    19585965442.3789
  1637.562    5.2908    0.0000    4.0616         nan    3.1357    19791492147.6614
  1653.722    5.3029    0.0000    4.0663         nan    3.1387    19997425089.8590
  1669.883    5.3149    0.0000    4.0711         nan    3.1423    20203798925.8556
  1686.043    5.3269    0.0000    4.0758         nan    3.1465    20410648814.0431
  1702.203    5.3384    0.0000    4.0803         nan    3.1512    20618006918.2929
  1702.203    5.2873    0.0000    6.4485         nan    3.1512    20618006918.2929
  1760.386    5.3649    0.0000    6.4896         nan    3.0533    21804085560.4752
  1818.568    5.4382    0.0000    6.5285         nan    2.9541    22960399099.8681
  1876.751    5.5075    0.0000    6.5654         nan    2.8537    24085667228.4406
  1934.934    5.5730    0.0000    6.6004         nan    2.7524    25178683810.0477
  1993.116    5.6348    0.0000    6.6335         nan    2.6500    26238312175.6355
  2051.299    5.6932    0.0000    6.6648         nan    2.5466    27263481189.5737
  2109.482    5.7483    0.0000    6.6943         nan    2.4424    28253181973.5384
  2167.664    5.8003    0.0000    6.7223         nan    2.3373    29206465205.4121
  2225.847    5.8492    0.0000    6.7486         nan    2.2315    30122438932.6874
  2284.030    5.8952    0.0000    6.7734         nan    2.1250    31000266882.4731
  2342.212    5.9384    0.0000    6.7967         nan    2.0179    31839167270.6281
  2400.395    5.9788    0.0000    6.8186         nan    1.9101    32638412146.7895
  2458.577    6.0166    0.0000    6.8390         nan    1.8018    33397327365.9672
  2516.760    6.0518    0.0000    6.8581         nan    1.6931    34115293343.6884
  2574.943    6.0845    0.0000    6.8758         nan    1.5840    34791746856.8388
  2633.125    6.1147    0.0000    6.8921         nan    1.4746    35426184329.5848
  2691.308    6.1425    0.0000    6.9072         nan    1.3651    36018167338.0992
  2749.491    6.1679    0.0000    6.9210         nan    1.2556    36567331588.2164
  2807.673    6.1909    0.0000    6.9335         nan    1.1463    37073401586.8018
  2865.856    6.2117    0.0000    6.9448         nan    1.0376    37536215095.9713
  2924.039    6.2302    0.0000    6.9549         nan    0.9299    37955765292.3082
  2982.221    6.2465    0.0000    6.9637         nan    0.8241    38332276937.9231
  3040.404    6.2606    0.0000    6.9714         nan    0.7218    38666352722.3477
  3098.587    6.2724    0.0000    6.9778         nan    0.6265    38959277758.9028
  3156.769    6.2821    0.0000    6.9831         nan    0.5460    39213723449.8855
  3214.952    6.2896    0.0000    6.9872         nan    0.5036    39435626742.0339
  3273.135    6.2950    0.0000    6.9901         nan    0.5930    39640382368.0437
  3331.317    6.2982    0.0000    6.9919         nan    1.5761    39881598632.3489
  3389.500    6.2992    0.0000    6.9924         nan    0.0000    40522785831.1472
