# Depth[km]  Vp[km/s]  Vs[km/s] Rho[g/cm3]    T[K]     g[m/s2]         P[Pa]        
     0.000    3.4753    2.0461    1.5373    273.1500    3.7291              0.0000
    10.429    3.4753    2.0461    1.5373    313.8188    3.7386       59785583.2428
    10.429    4.6105    2.7145    2.0395    313.8188    3.7386       59785583.2428
    31.711    4.6105    2.7145    2.0395    396.8199    3.7496      222059292.2763
    31.711    5.9617    3.5101    2.6372    396.8199    3.7496      222059292.2763
    49.146    5.9617    3.5101    2.6372    464.8183    3.7500      394465877.6949
    49.146    7.9986    4.5426    3.5196    464.8183    3.7500      394465877.6949
    58.987    7.9912    4.5330    3.5194    503.1979    3.7431      524348187.1421
    68.828    7.9834    4.5233    3.5191    541.5775    3.7362      653980667.6976
    78.669    7.9753    4.5134    3.5188    579.9572    3.7293      783362052.3312
    88.510    7.9669    4.5034    3.5183    618.3368    3.7224      912490367.7347
    98.351    7.9586    4.4936    3.5179    656.7164    3.7156     1041365593.7186
   108.192    7.9502    4.4837    3.5175    695.0961    3.7088     1169989063.9733
   118.033    7.9419    4.4740    3.5170    733.4757    3.7020     1298361182.0742
   127.873    7.9330    4.4640    3.5165    771.8554    3.6953     1426480687.5336
   137.714    7.9246    4.4543    3.5160    810.2350    3.6886     1554347889.6992
   147.555    7.9157    4.4445    3.5154    848.6146    3.6819     1681963041.5359
   157.396    7.9069    4.4347    3.5148    886.9943    3.6753     1809325169.1530
   167.237    7.8982    4.4250    3.5142    925.3739    3.6686     1936435441.9134
   177.078    7.8893    4.4154    3.5135    963.7535    3.6621     2063293223.7075
   186.919    7.8804    4.4057    3.5128   1002.1332    3.6555     2189899098.9689
   196.760    7.8716    4.3962    3.5121   1040.5128    3.6490     2316253678.5849
   206.600    7.8629    4.3866    3.5114   1078.8924    3.6425     2442357845.7739
   216.441    7.8539    4.3769    3.5106   1117.2721    3.6361     2568212561.8617
   226.282    7.8446    4.3672    3.5098   1155.6517    3.6297     2693816996.7988
   236.123    7.8361    4.3579    3.5091   1194.0314    3.6233     2819173371.9511
   245.964    7.8266    4.3480    3.5083   1232.4110    3.6170     2944282859.5515
   255.805    7.8179    4.3386    3.5075   1270.7906    3.6107     3069144787.9607
   265.646    7.8093    4.3292    3.5067   1309.1703    3.6044     3193760945.1285
   275.487    7.8014    4.3202    3.5059   1347.5499    3.5982     3318133218.4250
   285.328    7.7929    4.3107    3.5051   1385.9295    3.5921     3442262636.2951
   295.168    7.7840    4.3015    3.5042   1424.3092    3.5859     3566147815.8020
   305.009    7.7759    4.2924    3.5034   1462.6888    3.5798     3689790456.8212
   314.850    7.7679    4.2834    3.5025   1501.0684    3.5738     3813194182.1228
   324.691    7.7585    4.2735    3.5015   1539.4481    3.5678     3936357110.8015
   334.532    7.7502    4.2644    3.5008   1577.8277    3.5618     4059281877.6163
   344.373    7.7413    4.2550    3.4998   1616.2074    3.5559     4181970954.9270
   354.214    7.7328    4.2458    3.4989   1654.5870    3.5500     4304423661.0987
   364.055    7.7240    4.2364    3.4980   1692.9666    3.5441     4426641743.6934
   373.895    7.7152    4.2270    3.4970   1731.3463    3.5384     4548626154.6632
   383.736    7.7066    4.2177    3.4961   1769.7259    3.5326     4670379188.0174
   393.577    7.6974    4.2080    3.4951   1808.1055    3.5269     4791901475.0887
   403.418    7.6884    4.1986    3.4941   1846.4852    3.5213     4913192697.4776
   413.259    7.6802    4.1894    3.4933   1884.8648    3.5156     5034257285.7705
   423.100    7.6710    4.1797    3.4923   1923.2444    3.5101     5155097297.9259
   432.941    7.6618    4.1701    3.4912   1961.6241    3.5046     5275710672.0813
   442.782    7.6528    4.1606    3.4902   2000.0037    3.4991     5396098466.6195
   465.642    7.6813    4.1696    3.4985   2004.6373    3.4865     5675622468.1804
   488.503    7.7087    4.1782    3.5068   2009.2660    3.4740     5954801708.4673
   511.364    7.7356    4.1866    3.5148   2013.6246    3.4616     6233625937.5395
   534.225    7.7616    4.1947    3.5228   2017.9484    3.4492     6512083315.6937
   557.086    7.7877    4.2030    3.5306   2022.1709    3.4369     6790168486.8769
   579.947    7.8127    4.2107    3.5385   2026.3742    3.4248     7067883407.1277
   602.808    7.8378    4.2186    3.5463   2030.4855    3.4127     7345229094.9770
   625.669    7.8620    4.2261    3.5539   2034.4297    3.4008     7622198885.3072
   648.530    7.8866    4.2338    3.5616   2038.4087    3.3889     7898793467.3899
   671.391    7.9107    4.2413    3.5692   2042.2325    3.3772     8175018878.1569
   694.252    7.9350    4.2490    3.5768   2046.0980    3.3657     8450880441.2809
   717.113    7.9588    4.2564    3.5844   2049.7742    3.3543     8726383263.7570
   739.974    7.9832    4.2643    3.5921   2053.5564    3.3430     9001536771.9454
   762.834    8.0066    4.2716    3.5996   2057.1267    3.3319     9276347531.6465
   785.695    8.0302    4.2791    3.6071   2060.6467    3.3210     9550818494.5926
   808.556    8.0544    4.2870    3.6149   2064.1494    3.3102     9824969544.6038
   831.417    8.0789    4.2952    3.6227   2067.5753    3.2996    10098820153.8288
   854.278    8.1037    4.3035    3.6306   2071.0118    3.2892    10372386569.9989
   877.139    8.1281    4.3117    3.6385   2074.3440    3.2791    10645686588.2607
   900.000    8.1539    4.3207    3.6468   2077.6487    3.2691    10918747695.8055
   917.024    8.1732    4.3275    3.6531   2080.0969    3.2618    11121871898.1933
   934.047    8.1933    4.3348    3.6595   2082.4910    3.2546    11324895710.5424
   951.071    8.2141    4.3426    3.6663   2084.9148    3.2475    11527839268.1689
   968.095    8.2361    4.3511    3.6734   2087.3650    3.2406    11730725519.3420
   985.118    8.2548    4.3578    3.6796   2089.7151    3.2338    11933544267.5751
  1002.142    8.2829    4.3700    3.6886   2092.2478    3.2271    12136354334.6500
  1019.166    8.3021    4.3766    3.6954   2094.8683    3.2205    12339179723.2304
  1036.189    8.3187    4.3818    3.7014   2097.2307    3.2141    12541943183.2884
  1053.213    8.3394    4.3894    3.7088   2100.1199    3.2078    12744667777.0933
  1070.237    8.3560    4.3948    3.7147   2102.6690    3.2017    12947359692.9584
  1087.260    8.3712    4.3994    3.7202   2104.9443    3.1957    13149975849.4053
  1104.284    8.3860    4.4039    3.7254   2107.2072    3.1900    13352507707.4974
  1121.308    8.4320    4.4292    3.7399   2111.7280    3.1843    13555209084.1047
  1138.331    8.5725    4.5176    3.7779   2126.8775    3.1786    13758974628.1949
  1155.355    8.7403    4.6240    3.8221   2145.8246    3.1725    13964597074.9153
  1172.378    8.8897    4.7187    3.8601   2154.5191    3.1662    14172047528.5937
  1189.402    8.9046    4.7233    3.8654   2156.3270    3.1598    14380247994.6547
  1206.426    8.9185    4.7274    3.8705   2158.4521    3.1536    14588308953.4919
  1223.449    8.9327    4.7317    3.8759   2160.4904    3.1476    14796245641.3004
  1240.473    8.9465    4.7357    3.8811   2162.4481    3.1419    15004071546.2255
  1257.497    8.9598    4.7396    3.8862   2164.3741    3.1364    15211792593.2590
  1274.520    8.9732    4.7435    3.8913   2166.0612    3.1311    15419422746.6076
  1291.544    8.9867    4.7475    3.8967   2167.9994    3.1261    15626984161.5158
  1308.568    8.9997    4.7512    3.9019   2169.5497    3.1213    15834491936.1278
  1325.591    9.0123    4.7546    3.9071   2171.1851    3.1168    16041959871.2629
  1342.615    9.0252    4.7584    3.9124   2172.8316    3.1125    16249406921.0060
  1359.639    9.0378    4.7619    3.9177   2174.1858    3.1086    16456851353.4544
  1376.662    9.0504    4.7657    3.9227   2175.4496    3.1050    16664307612.0411
  1393.686    9.0626    4.7690    3.9282   2176.8467    3.1016    16871799463.1187
  1410.710    9.0746    4.7721    3.9336   2178.1682    3.0986    17079356720.6062
  1427.733    9.0864    4.7752    3.9389   2179.3730    3.0959    17286993829.5984
  1444.757    9.1238    4.7947    3.9494   2183.7867    3.0936    17494865525.7857
  1461.781    9.1643    4.8164    3.9610   2188.5447    3.0915    17703160297.8398
  1478.804    9.2042    4.8381    3.9723   2192.9424    3.0897    17911916599.0448
  1495.828    9.2456    4.8612    3.9842   2197.3636    3.0882    18121159874.7924
  1512.852    9.2854    4.8833    3.9964   2202.3368    3.0869    18330936496.8751
  1529.875    9.3221    4.9036    4.0079   2206.4049    3.0861    18541255672.0558
  1546.899    9.3349    4.9083    4.0126   2208.5571    3.0855    18751938637.9108
  1563.923    9.3476    4.9130    4.0171   2210.6305    3.0855    18962827026.0581
  1563.923    4.9764    0.0000    4.0328         nan    3.0855    18962827026.0581
  1580.104    4.9904    0.0000    4.0383         nan    3.0857    19164317291.1727
  1596.286    5.0044    0.0000    4.0437         nan    3.0863    19366091029.0391
  1612.468    5.0184    0.0000    4.0492         nan    3.0873    19568176200.5472
  1628.650    5.0323    0.0000    4.0546         nan    3.0888    19770601278.4359
  1644.831    5.0456    0.0000    4.0598         nan    3.0908    19973390243.0396
  1661.013    5.0589    0.0000    4.0650         nan    3.0933    20176569235.9889
  1677.195    5.0723    0.0000    4.0702         nan    3.0963    20380171690.6239
  1693.377    5.0854    0.0000    4.0753         nan    3.0999    20584231139.2355
  1709.558    5.0981    0.0000    4.0802         nan    3.1040    20788777786.2123
  1709.558    5.2168    0.0000    6.3766         nan    3.1040    20788777786.2123
  1767.487    5.2852    0.0000    6.4176         nan    3.0076    21939052033.6643
  1825.416    5.3500    0.0000    6.4566         nan    2.9101    23060586676.4210
  1883.345    5.4114    0.0000    6.4937         nan    2.8114    24152147327.1427
  1941.274    5.4696    0.0000    6.5288         nan    2.7116    25212564895.8004
  1999.203    5.5246    0.0000    6.5622         nan    2.6108    26240732174.5933
  2057.132    5.5767    0.0000    6.5938         nan    2.5091    27235600946.3398
  2115.062    5.6260    0.0000    6.6238         nan    2.4064    28196179543.7760
  2172.991    5.6725    0.0000    6.6521         nan    2.3030    29121530809.2585
  2230.920    5.7163    0.0000    6.6789         nan    2.1987    30010770415.5103
  2288.849    5.7576    0.0000    6.7041         nan    2.0937    30863065531.0938
  2346.778    5.7964    0.0000    6.7279         nan    1.9881    31677633835.0070
  2404.707    5.8328    0.0000    6.7502         nan    1.8818    32453742904.3563
  2462.636    5.8668    0.0000    6.7711         nan    1.7749    33190710031.4970
  2520.565    5.8986    0.0000    6.7906         nan    1.6675    33887902574.6187
  2578.494    5.9280    0.0000    6.8087         nan    1.5597    34544739014.0815
  2636.423    5.9553    0.0000    6.8255         nan    1.4516    35160691002.4509
  2694.352    5.9804    0.0000    6.8409         nan    1.3432    35735286893.5665
  2752.281    6.0034    0.0000    6.8551         nan    1.2346    36268117577.6355
  2810.210    6.0243    0.0000    6.8679         nan    1.1260    36758846089.4176
  2868.139    6.0431    0.0000    6.8795         nan    1.0177    37207223691.3317
  2926.068    6.0598    0.0000    6.8899         nan    0.9100    37613117665.8359
  2983.997    6.0746    0.0000    6.8990         nan    0.8035    37976561593.2651
  3041.926    6.0873    0.0000    6.9069         nan    0.6992    38297852010.7101
  3099.855    6.0981    0.0000    6.9135         nan    0.5995    38577749596.6277
  3157.784    6.1068    0.0000    6.9189         nan    0.5097    38817944290.1144
  3215.713    6.1136    0.0000    6.9231         nan    0.4453    39022297187.6046
  3273.642    6.1185    0.0000    6.9262         nan    0.4693    39200932733.3331
  3331.571    6.1214    0.0000    6.9280         nan    1.0918    39389242290.4309
  3389.500    6.1224    0.0000    6.9286         nan    0.0000    39827432401.2878
