# Depth[km]  Vp[km/s]  Vs[km/s] Rho[g/cm3]    T[K]     g[m/s2]         P[Pa]        
     0.000    3.4293    2.0717    1.5625    273.1500    3.7291              0.0000
    11.153    3.4293    2.0717    1.5625    317.2297    3.7391       64982903.6014
    11.153    4.7301    2.8575    2.1552    317.2297    3.7391       64982903.6014
    27.074    4.7301    2.8575    2.1552    380.1597    3.7457      193278506.0935
    27.074    5.9437    3.5907    2.7081    380.1597    3.7457      193278506.0935
    47.665    5.9437    3.5907    2.7081    461.5509    3.7449      402150201.6434
    47.665    7.9580    4.5335    3.5036    461.5509    3.7449      402150201.6434
    57.328    7.9507    4.5242    3.5034    499.7472    3.7382      528936775.9000
    66.992    7.9430    4.5148    3.5032    537.9435    3.7315      655488225.0819
    76.655    7.9348    4.5051    3.5029    576.1398    3.7248      781803183.0850
    86.318    7.9262    4.4952    3.5025    614.3361    3.7182      907878874.6218
    95.982    7.9177    4.4855    3.5021    652.5324    3.7115     1033715292.5398
   105.645    7.9091    4.4757    3.5017    690.7287    3.7049     1159314026.5650
   115.308    7.9006    4.4661    3.5013    728.9250    3.6984     1284675477.6802
   124.972    7.8914    4.4562    3.5007    767.1213    3.6919     1409797832.9015
   134.635    7.8829    4.4466    3.5003    805.3176    3.6854     1534681184.2051
   144.298    7.8734    4.4367    3.4997    843.5139    3.6789     1659325813.2563
   153.962    7.8643    4.4268    3.4991    881.7102    3.6724     1783730305.7208
   163.625    7.8550    4.4170    3.4985    919.9065    3.6660     1907895340.3672
   173.288    7.8455    4.4072    3.4977    958.1028    3.6597     2031819820.8672
   182.952    7.8362    4.3974    3.4971    996.2991    3.6533     2155504743.4780
   192.615    7.8269    4.3877    3.4964   1034.4954    3.6470     2278951561.6377
   202.279    7.8170    4.3778    3.4956   1072.6917    3.6407     2402158575.1333
   211.942    7.8071    4.3678    3.4948   1110.8880    3.6345     2525125008.6263
   221.605    7.7977    4.3581    3.4940   1149.0843    3.6283     2647853598.9935
   231.269    7.7881    4.3483    3.4932   1187.2806    3.6221     2770345705.6502
   240.932    7.7788    4.3387    3.4925   1225.4769    3.6160     2892602309.1338
   250.595    7.7676    4.3281    3.4914   1263.6732    3.6099     3014620136.0605
   260.259    7.7594    4.3190    3.4907   1301.8695    3.6039     3136402057.2091
   269.922    7.7501    4.3096    3.4898   1340.0658    3.5979     3257951200.0462
   279.585    7.7407    4.2998    3.4889   1378.2620    3.5919     3379265900.2716
   289.249    7.7318    4.2905    3.4880   1416.4583    3.5859     3500349497.1326
   298.912    7.7219    4.2807    3.4870   1454.6546    3.5800     3621200511.6731
   308.575    7.7127    4.2712    3.4862   1492.8509    3.5742     3741820171.6983
   318.239    7.7035    4.2617    3.4852   1531.0472    3.5684     3862210992.1701
   327.902    7.6936    4.2519    3.4842   1569.2435    3.5626     3982372006.0278
   337.565    7.6840    4.2422    3.4832   1607.4398    3.5569     4102305023.3867
   347.229    7.6744    4.2326    3.4822   1645.6361    3.5512     4222011685.9430
   356.892    7.6648    4.2229    3.4813   1683.8324    3.5456     4341492814.7726
   366.556    7.6553    4.2133    3.4803   1722.0287    3.5400     4460751585.6894
   376.219    7.6455    4.2036    3.4792   1760.2250    3.5344     4579787249.7017
   385.882    7.6354    4.1936    3.4782   1798.4213    3.5289     4698600404.3471
   395.546    7.6254    4.1837    3.4772   1836.6176    3.5234     4817193848.4124
   405.209    7.6156    4.1740    3.4762   1874.8139    3.5180     4935569352.5424
   414.872    7.6056    4.1642    3.4751   1913.0102    3.5127     5053727991.3561
   424.536    7.5950    4.1539    3.4740   1951.2065    3.5073     5171669477.4520
   434.199    7.5843    4.1437    3.4729   1989.4028    3.5021     5289394171.9117
   457.489    7.6168    4.1535    3.4818   1994.2871    3.4895     5573016427.4408
   480.779    7.6477    4.1627    3.4904   1999.1047    3.4769     5856330488.6286
   504.069    7.6776    4.1715    3.4989   2003.6881    3.4645     6139320494.0640
   527.359    7.7068    4.1801    3.5073   2008.2337    3.4521     6421977710.6663
   550.649    7.7353    4.1886    3.5155   2012.6456    3.4398     6704293601.2777
   573.939    7.7633    4.1968    3.5237   2016.9742    3.4276     6986260281.4053
   597.229    7.7901    4.2047    3.5317   2021.1346    3.4156     7267872400.6532
   620.519    7.8172    4.2127    3.5396   2025.2871    3.4036     7549128631.3598
   643.809    7.8436    4.2205    3.5475   2029.3035    3.3918     7830028628.9955
   667.100    7.8697    4.2282    3.5554   2033.3244    3.3801     8110574364.3793
   690.390    7.8957    4.2360    3.5632   2037.1892    3.3686     8390769588.6988
   713.680    7.9210    4.2434    3.5708   2040.9777    3.3572     8670614283.4439
   736.970    7.9462    4.2509    3.5785   2044.6537    3.3459     8950114113.0469
   760.260    7.9718    4.2587    3.5863   2048.4348    3.3349     9229281418.1069
   783.550    7.9970    4.2664    3.5940   2052.0389    3.3240     9508127262.0154
   806.840    8.0223    4.2741    3.6017   2055.5525    3.3133     9786660847.8627
   830.130    8.0472    4.2818    3.6095   2059.0063    3.3028    10064894001.8815
   853.420    8.0730    4.2899    3.6174   2062.5444    3.2925    10342847441.8672
   876.710    8.0988    4.2982    3.6253   2065.8929    3.2824    10620542837.5745
   900.000    8.1252    4.3069    3.6335   2069.1946    3.2726    10898005222.4477
   917.006    8.1443    4.3132    3.6395   2071.6138    3.2655    11100389637.0476
   934.012    8.1657    4.3208    3.6462   2074.0376    3.2586    11302688978.8332
   951.018    8.1855    4.3276    3.6523   2076.4073    3.2518    11504912465.9098
   968.024    8.2059    4.3348    3.6588   2078.8234    3.2451    11707063501.3095
   985.030    8.2264    4.3421    3.6653   2081.1597    3.2386    11909158997.5721
  1002.036    8.2512    4.3518    3.6731   2083.6257    3.2322    12111241893.5269
  1019.042    8.2744    4.3609    3.6805   2086.1070    3.2259    12313342907.6529
  1036.048    8.3015    4.3720    3.6892   2088.6671    3.2197    12515491415.0448
  1053.054    8.3187    4.3775    3.6949   2090.8509    3.2137    12717650198.9686
  1070.060    8.3355    4.3829    3.7006   2092.9881    3.2079    12919743848.8258
  1087.066    8.3528    4.3885    3.7064   2095.1375    3.2023    13121783390.1696
  1104.072    8.3697    4.3939    3.7121   2097.2790    3.1968    13323780214.3062
  1121.078    8.4421    4.4365    3.7326   2105.1424    3.1914    13526143129.9988
  1138.084    8.6086    4.5419    3.7770   2120.4367    3.1858    13729927291.5713
  1155.090    8.8040    4.6669    3.8275   2140.2428    3.1799    13935927189.8048
  1172.096    8.8614    4.7000    3.8429   2142.7203    3.1737    14143322136.2806
  1189.102    8.8768    4.7049    3.8482   2145.0097    3.1677    14350873627.3974
  1206.108    8.8931    4.7092    3.8546   2147.8336    3.1619    14558345385.4980
  1223.114    8.9085    4.7138    3.8602   2150.3314    3.1562    14765758663.1943
  1240.120    8.9240    4.7185    3.8657   2152.7590    3.1509    14973103026.6310
  1257.126    8.9391    4.7231    3.8712   2155.2095    3.1457    15180388537.2194
  1274.131    8.9538    4.7276    3.8765   2157.6435    3.1408    15387622871.8124
  1291.137    8.9685    4.7323    3.8817   2159.9737    3.1361    15594813028.5182
  1308.143    8.9834    4.7370    3.8871   2162.4045    3.1317    15801978705.5523
  1325.149    8.9975    4.7415    3.8922   2164.7615    3.1276    16009132481.0435
  1342.155    9.0119    4.7461    3.8974   2167.1705    3.1237    16216285991.3188
  1359.161    9.0253    4.7508    3.9020   2169.3239    3.1202    16423446143.1581
  1376.167    9.0395    4.7553    3.9071   2171.6912    3.1170    16630629004.2929
  1393.173    9.0538    4.7599    3.9121   2173.8912    3.1141    16837865281.1205
  1410.179    9.0891    4.7785    3.9206   2178.5328    3.1115    17045266107.5264
  1427.185    9.1290    4.7993    3.9312   2184.9129    3.1091    17252999405.3553
  1444.191    9.1697    4.8217    3.9411   2190.6770    3.1071    17461118473.4129
  1461.197    9.2079    4.8429    3.9506   2196.4235    3.1054    17669613988.9004
  1478.203    9.2487    4.8649    3.9616   2202.8549    3.1040    17878535798.3622
  1495.209    9.2897    4.8881    3.9722   2208.9249    3.1028    18087931940.7605
  1512.215    9.3308    4.9117    3.9832   2215.5301    3.1021    18297822360.9377
  1529.221    9.3676    4.9325    3.9933   2220.7783    3.1016    18508216562.0819
  1546.227    9.3801    4.9369    3.9976   2222.8137    3.1016    18718962826.7940
  1563.233    9.3925    4.9412    4.0020   2224.8760    3.1021    18929936997.8728
  1563.233    4.6569    0.0000    4.0327         nan    3.1021    18929936997.8728
  1577.544    4.6698    0.0000    4.0382         nan    3.1024    19109088507.3468
  1591.856    4.6827    0.0000    4.0437         nan    3.1031    19288506919.2082
  1606.167    4.6955    0.0000    4.0492         nan    3.1042    19468211361.4670
  1620.479    4.7084    0.0000    4.0548         nan    3.1056    19648221717.6136
  1634.790    4.7209    0.0000    4.0601         nan    3.1073    19828555061.3596
  1649.101    4.7331    0.0000    4.0654         nan    3.1095    20009226934.4764
  1663.413    4.7454    0.0000    4.0706         nan    3.1120    20190257416.2026
  1677.724    4.7576    0.0000    4.0759         nan    3.1150    20371669913.4807
  1692.036    4.7697    0.0000    4.0811         nan    3.1184    20553487612.4688
  1692.036    5.1761    0.0000    6.3371         nan    3.1184    20553487612.4688
  1750.569    5.2566    0.0000    6.3791         nan    3.0217    21714014477.4138
  1809.102    5.3325    0.0000    6.4188         nan    2.9237    22845775827.7746
  1867.635    5.4041    0.0000    6.4563         nan    2.8246    23947461524.9961
  1926.169    5.4717    0.0000    6.4919         nan    2.7244    25017839014.3151
  1984.702    5.5355    0.0000    6.5255         nan    2.6231    26055747905.1643
  2043.235    5.5957    0.0000    6.5572         nan    2.5209    27060095423.1687
  2101.768    5.6525    0.0000    6.5872         nan    2.4177    28029852585.8536
  2160.302    5.7060    0.0000    6.6156         nan    2.3137    28964050991.8416
  2218.835    5.7563    0.0000    6.6422         nan    2.2088    29861780131.8738
  2277.368    5.8036    0.0000    6.6673         nan    2.1033    30722185173.1900
  2335.901    5.8480    0.0000    6.6909         nan    1.9970    31544465184.1951
  2394.435    5.8895    0.0000    6.7130         nan    1.8901    32327871794.3194
  2452.968    5.9283    0.0000    6.7337         nan    1.7826    33071708314.2585
  2511.501    5.9645    0.0000    6.7530         nan    1.6746    33775329383.6625
  2570.034    5.9980    0.0000    6.7708         nan    1.5662    34438141275.1517
  2628.568    6.0289    0.0000    6.7874         nan    1.4573    35059603078.7734
  2687.101    6.0574    0.0000    6.8026         nan    1.3482    35639229151.2746
  2745.634    6.0835    0.0000    6.8165         nan    1.2388    36176593500.1369
  2804.167    6.1071    0.0000    6.8292         nan    1.1294    36671337292.3652
  2862.701    6.1284    0.0000    6.8406         nan    1.0201    37123181686.9254
  2921.234    6.1474    0.0000    6.8507         nan    0.9113    37531950258.8440
  2979.767    6.1640    0.0000    6.8596         nan    0.8033    37897609804.1617
  3038.300    6.1784    0.0000    6.8673         nan    0.6972    38220349021.3266
  3096.834    6.1905    0.0000    6.8738         nan    0.5947    38500742512.8353
  3155.367    6.2005    0.0000    6.8792         nan    0.5003    38740130182.5517
  3213.900    6.2081    0.0000    6.8833         nan    0.4264    38941630506.0704
  3272.433    6.2136    0.0000    6.8862         nan    0.4243    39113479660.8423
  3330.967    6.2169    0.0000    6.8880         nan    0.9084    39284538356.2919
  3389.500    6.2180    0.0000    6.8886         nan    0.0000    39650803111.9435
