# Depth[km]  Vp[km/s]  Vs[km/s] Rho[g/cm3]    T[K]     g[m/s2]         P[Pa]        
     0.000    3.3094    1.9928    1.5494    273.1500    3.7291              0.0000
     9.909    3.3094    1.9928    1.5494    309.6448    3.7381       57249657.9321
     9.909    4.6140    2.7784    2.1601    309.6448    3.7381       57249657.9321
    26.482    4.6140    2.7784    2.1601    370.6923    3.7448      191075705.3015
    26.482    6.6482    4.0033    3.1125    370.6923    3.7448      191075705.3015
    45.063    6.6482    4.0033    3.1125    439.1351    3.7378      407653024.0963
    45.063    7.8430    4.4853    3.4775    439.1351    3.7378      407653024.0963
    55.042    7.8392    4.4786    3.4779    475.8899    3.7310      537359633.8744
    65.020    7.8349    4.4718    3.4783    512.6446    3.7242      666846242.8755
    74.998    7.8304    4.4648    3.4786    549.3994    3.7175      796110960.2802
    84.977    7.8253    4.4575    3.4788    586.1541    3.7108      925151474.2467
    94.955    7.8202    4.4501    3.4790    622.9088    3.7041     1053966890.6360
   104.934    7.8141    4.4423    3.4790    659.6636    3.6974     1182553421.5214
   114.912    7.8087    4.4348    3.4791    696.4183    3.6908     1310909536.7790
   124.890    7.8032    4.4273    3.4792    733.1730    3.6842     1439038294.7348
   134.869    7.7976    4.4196    3.4792    769.9278    3.6776     1566939748.8097
   144.847    7.7911    4.4116    3.4790    806.6825    3.6710     1694609873.7927
   154.825    7.7853    4.4039    3.4790    843.4372    3.6645     1822048083.2341
   164.804    7.7787    4.3958    3.4787    880.1920    3.6580     1949254116.9747
   174.782    7.7731    4.3882    3.4786    916.9467    3.6516     2076228181.8051
   184.760    7.7666    4.3802    3.4783    953.7015    3.6451     2202971504.9835
   194.739    7.7608    4.3724    3.4781    990.4562    3.6387     2329483328.4776
   204.717    7.7545    4.3644    3.4778   1027.2109    3.6324     2455763630.8519
   214.695    7.7476    4.3562    3.4773   1063.9657    3.6260     2581808063.5211
   224.674    7.7421    4.3486    3.4771   1100.7204    3.6198     2707619440.9329
   234.652    7.7357    4.3406    3.4766   1137.4751    3.6135     2833200350.5738
   244.630    7.7288    4.3323    3.4763   1174.2299    3.6073     2958549577.5520
   254.609    7.7223    4.3243    3.4758   1210.9846    3.6011     3083668585.8758
   264.587    7.7157    4.3162    3.4754   1247.7393    3.5949     3208557810.3161
   274.566    7.7092    4.3082    3.4750   1284.4941    3.5888     3333218102.8402
   284.544    7.7026    4.3001    3.4745   1321.2488    3.5828     3457650381.8468
   294.522    7.6951    4.2917    3.4741   1358.0036    3.5767     3581856204.2015
   304.501    7.6865    4.2828    3.4735   1394.7583    3.5707     3705834408.9349
   314.479    7.6786    4.2741    3.4730   1431.5130    3.5648     3829585953.8860
   324.457    7.6708    4.2655    3.4726   1468.2678    3.5589     3953115590.4629
   334.436    7.6631    4.2569    3.4721   1505.0225    3.5530     4076425052.0771
   344.414    7.6555    4.2483    3.4717   1541.7772    3.5472     4199515618.4542
   354.392    7.6471    4.2395    3.4711   1578.5320    3.5414     4322386402.5424
   364.371    7.6383    4.2304    3.4705   1615.2867    3.5357     4445036200.2488
   374.349    7.6299    4.2215    3.4700   1652.0415    3.5300     4567467567.7370
   384.327    7.6212    4.2125    3.4694   1688.7962    3.5243     4689681450.0483
   394.306    7.6134    4.2039    3.4689   1725.5509    3.5187     4811679964.6898
   404.284    7.6053    4.1951    3.4684   1762.3057    3.5131     4933466943.8406
   414.262    7.5969    4.1861    3.4679   1799.0604    3.5076     5055043674.0853
   424.241    7.5871    4.1766    3.4671   1835.8151    3.5022     5176405961.1489
   434.219    7.5735    4.1656    3.4657   1872.5699    3.4967     5297541204.4511
   444.198    7.5657    4.1569    3.4652   1909.3246    3.4914     5418457476.2780
   466.988    7.5937    4.1642    3.4732   1913.3778    3.4792     5694498030.2359
   489.778    7.6215    4.1714    3.4810   1917.3506    3.4671     5970201617.8462
   512.568    7.6619    4.1837    3.4907   1922.5528    3.4551     6245639221.2903
   535.358    7.6914    4.1917    3.4988   1926.8092    3.4432     6520823125.7028
   558.148    7.7195    4.1994    3.5066   1930.7242    3.4313     6795679788.5025
   580.938    7.7469    4.2067    3.5143   1934.6504    3.4196     7070197462.7541
   603.728    7.7740    4.2140    3.5219   1938.4691    3.4080     7344374926.6107
   626.519    7.8014    4.2215    3.5295   1942.2841    3.3965     7618212492.0981
   649.309    7.8278    4.2285    3.5370   1946.0248    3.3851     7891710678.4170
   672.099    7.8533    4.2352    3.5444   1949.6645    3.3739     8164866737.7737
   694.889    7.8791    4.2424    3.5517   1953.1352    3.3628     8437678518.2636
   717.679    7.9040    4.2489    3.5589   1956.6418    3.3519     8710148914.8061
   740.469    7.9292    4.2558    3.5660   1960.0758    3.3411     8982283393.7200
   763.259    7.9540    4.2625    3.5732   1963.4734    3.3305     9254089164.7892
   786.049    7.9779    4.2688    3.5801   1966.7016    3.3201     9525568069.8081
   808.840    8.0022    4.2753    3.5872   1970.0075    3.3099     9796727788.2059
   831.630    8.0261    4.2817    3.5941   1973.1796    3.2999    10067580821.1959
   854.420    8.0501    4.2883    3.6010   1976.3596    3.2901    10338137145.1810
   877.210    8.0737    4.2947    3.6079   1979.4631    3.2806    10608410844.1784
   900.000    8.0986    4.3018    3.6151   1982.7742    3.2712    10878424760.8135
   916.775    8.1160    4.3065    3.6202   1984.9987    3.2645    11076940020.2543
   933.549    8.1333    4.3114    3.6252   1987.1636    3.2580    11275325889.5651
   950.324    8.1507    4.3163    3.6304   1989.3731    3.2515    11473590758.6269
   967.099    8.1677    4.3210    3.6354   1991.5261    3.2453    11671741575.1424
   983.873    8.1869    4.3270    3.6410   1993.7982    3.2391    11869799141.7597
  1000.648    8.2049    4.3323    3.6464   1995.9517    3.2331    12067781942.2759
  1017.423    8.2217    4.3369    3.6514   1998.0450    3.2273    12265681470.2977
  1034.197    8.2381    4.3413    3.6564   2000.0733    3.2217    12463494561.9859
  1050.972    8.2539    4.3455    3.6610   2002.1380    3.2162    12661221400.2896
  1067.747    8.3081    4.3760    3.6758   2007.3629    3.2109    12859136814.5672
  1084.521    8.4129    4.4415    3.7037   2017.5407    3.2055    13057872747.7121
  1101.296    8.5376    4.5198    3.7368   2031.0304    3.2000    13257915010.9152
  1118.071    8.6082    4.5614    3.7555   2037.8999    3.1943    13459000650.2075
  1134.845    8.6240    4.5656    3.7603   2040.9520    3.1887    13660362342.0627
  1151.620    8.6442    4.5745    3.7652   2045.1407    3.1834    13861634177.6046
  1168.395    8.6988    4.6189    3.7716   2050.6732    3.1782    14062869406.3284
  1185.169    8.7365    4.6469    3.7771   2057.2809    3.1733    14264095769.0613
  1201.944    8.7649    4.6650    3.7825   2059.7553    3.1685    14465298799.5710
  1218.719    8.7799    4.6692    3.7874   2062.1623    3.1640    14666473399.8183
  1235.493    8.7949    4.6735    3.7922   2064.5340    3.1598    14867618340.3480
  1252.268    8.8095    4.6776    3.7969   2066.8953    3.1558    15068743995.5745
  1269.043    8.8326    4.6865    3.8032   2070.3373    3.1520    15269906644.4854
  1285.817    8.8721    4.7054    3.8126   2075.4312    3.1485    15471245780.7639
  1302.592    8.9095    4.7231    3.8218   2080.4685    3.1452    15672848920.8859
  1319.367    8.9473    4.7408    3.8314   2085.6542    3.1421    15874735776.9440
  1336.141    8.9853    4.7592    3.8411   2090.6222    3.1392    16076932480.3221
  1352.916    9.0244    4.7775    3.8518   2096.1857    3.1366    16279482618.1078
  1369.691    9.0651    4.7966    3.8636   2101.2691    3.1341    16482454997.8179
  1386.465    9.0793    4.8007    3.8683   2103.5421    3.1320    16685703362.1438
  1403.240    9.0967    4.8038    3.8759   2105.4224    3.1302    16889135238.9150
  1420.015    9.1130    4.8072    3.8826   2107.4176    3.1287    17092825801.6554
  1436.789    9.1300    4.8104    3.8899   2109.3886    3.1275    17296789013.8788
  1453.564    9.1468    4.8138    3.8974   2111.3265    3.1267    17501063137.8912
  1470.339    9.2070    4.8416    3.9239   2119.1452    3.1261    17706174130.7425
  1487.113    9.2522    4.8647    3.9416   2128.9759    3.1257    17912405737.4604
  1503.888    9.2794    4.8781    3.9509   2134.7536    3.1255    18119314673.8977
  1520.663    9.3045    4.8901    3.9596   2139.9976    3.1257    18326684510.7555
  1537.437    9.3306    4.9038    3.9682   2145.1274    3.1263    18534522115.1367
  1554.212    9.3548    4.9159    3.9763   2150.1849    3.1273    18742837576.3581
  1554.212    5.0394    0.0000    4.0338         nan    3.1273    18742837576.3581
  1569.769    5.0500    0.0000    4.0390         nan    3.1279    18939222060.1384
  1585.327    5.0605    0.0000    4.0441         nan    3.1289    19135893782.9169
  1600.884    5.0711    0.0000    4.0493         nan    3.1303    19332878235.9308
  1616.442    5.0817    0.0000    4.0544         nan    3.1321    19530201970.0678
  1631.999    5.0918    0.0000    4.0594         nan    3.1344    19727887568.3899
  1647.556    5.1019    0.0000    4.0643         nan    3.1372    19925958476.4742
  1663.114    5.1120    0.0000    4.0693         nan    3.1405    20124444510.7352
  1678.671    5.1221    0.0000    4.0742         nan    3.1442    20323377127.4571
  1694.228    5.1318    0.0000    4.0789         nan    3.1485    20522784507.8692
  1694.228    5.1362    0.0000    6.3982         nan    3.1485    20522784507.8692
  1752.686    5.2091    0.0000    6.4417         nan    3.0513    21704400819.5123
  1811.144    5.2781    0.0000    6.4829         nan    2.9528    22857077884.9169
  1869.601    5.3434    0.0000    6.5220         nan    2.8530    23979470241.3468
  1928.059    5.4052    0.0000    6.5591         nan    2.7522    25070306388.2440
  1986.517    5.4636    0.0000    6.5942         nan    2.6502    26128384466.7625
  2044.974    5.5188    0.0000    6.6275         nan    2.5473    27152568624.6135
  2103.432    5.5709    0.0000    6.6590         nan    2.4433    28141785960.0764
  2161.890    5.6201    0.0000    6.6887         nan    2.3385    29095023970.2957
  2220.347    5.6664    0.0000    6.7168         nan    2.2329    30011328452.0616
  2278.805    5.7100    0.0000    6.7433         nan    2.1265    30889801825.8348
  2337.263    5.7510    0.0000    6.7681         nan    2.0194    31729601875.8788
  2395.720    5.7894    0.0000    6.7915         nan    1.9116    32529940928.4777
  2454.178    5.8253    0.0000    6.8133         nan    1.8032    33290085526.5745
  2512.635    5.8587    0.0000    6.8337         nan    1.6943    34009356708.9210
  2571.093    5.8897    0.0000    6.8527         nan    1.5849    34687131082.1624
  2629.551    5.9184    0.0000    6.8702         nan    1.4752    35322843001.0898
  2688.008    5.9449    0.0000    6.8864         nan    1.3651    35915988385.9430
  2746.466    5.9690    0.0000    6.9011         nan    1.2550    36466131088.9454
  2804.924    5.9910    0.0000    6.9146         nan    1.1448    36972913421.7992
  2863.381    6.0108    0.0000    6.9267         nan    1.0350    37436073817.3247
  2921.839    6.0284    0.0000    6.9375         nan    0.9257    37855477387.0566
  2980.297    6.0439    0.0000    6.9470         nan    0.8178    38231171235.9366
  3038.754    6.0572    0.0000    6.9552         nan    0.7124    38563490837.6874
  3097.212    6.0685    0.0000    6.9621         nan    0.6119    38853281476.0083
  3155.669    6.0778    0.0000    6.9678         nan    0.5221    39102410228.3313
  3214.127    6.0849    0.0000    6.9722         nan    0.4599    39315133027.3200
  3272.585    6.0900    0.0000    6.9753         nan    0.4933    39502599319.3095
  3331.042    6.0931    0.0000    6.9772         nan    1.1751    39703771114.0221
  3389.500    6.0941    0.0000    6.9778         nan    0.0000    40183068872.3067
