# Depth[km]  Vp[km/s]  Vs[km/s] Rho[g/cm3]    T[K]     g[m/s2]         P[Pa]        
     0.000    3.6189    2.1826    1.6483    273.1500    3.7291              0.0000
    11.389    3.6189    2.1826    1.6483    318.6368    3.7385       70003278.5787
    11.389    4.8018    2.8961    2.1871    318.6368    3.7385       70003278.5787
    29.773    4.8018    2.8961    2.1871    392.0711    3.7456      220322900.6904
    29.773    6.0980    3.6779    2.7775    392.0711    3.7456      220322900.6904
    45.712    6.0980    3.6779    2.7775    455.7352    3.7441      386137014.7317
    45.712    7.9582    4.5346    3.5034    455.7352    3.7441      386137014.7317
    55.485    7.9506    4.5251    3.5032    494.7751    3.7373      514334341.0353
    65.259    7.9426    4.5154    3.5029    533.8149    3.7305      642289250.9183
    75.033    7.9342    4.5055    3.5025    572.8548    3.7237      770000332.2984
    84.807    7.9251    4.4953    3.5020    611.8947    3.7170      897464661.8981
    94.580    7.9165    4.4855    3.5017    650.9346    3.7103     1024682394.2683
   104.354    7.9076    4.4754    3.5012    689.9745    3.7036     1151655515.5410
   114.128    7.8988    4.4656    3.5008    729.0144    3.6969     1278384086.6133
   123.902    7.8892    4.4553    3.5002    768.0543    3.6903     1404866088.2896
   133.675    7.8801    4.4453    3.4996    807.0942    3.6837     1531100761.1109
   143.449    7.8705    4.4353    3.4990    846.1341    3.6772     1657089050.8653
   153.223    7.8605    4.4250    3.4982    885.1739    3.6706     1782828452.1112
   162.997    7.8516    4.4152    3.4977    924.2138    3.6642     1908321481.7457
   172.770    7.8416    4.4051    3.4969    963.2537    3.6577     2033568978.5012
   182.544    7.8321    4.3952    3.4962   1002.2936    3.6513     2158569508.0907
   192.318    7.8220    4.3850    3.4954   1041.3335    3.6449     2283322710.6399
   202.092    7.8120    4.3748    3.4946   1080.3734    3.6385     2407828189.8881
   211.865    7.8018    4.3647    3.4937   1119.4133    3.6322     2532087285.6459
   221.639    7.7920    4.3546    3.4929   1158.4532    3.6260     2656101335.9543
   231.413    7.7817    4.3445    3.4919   1197.4930    3.6197     2779869806.5332
   241.187    7.7719    4.3346    3.4911   1236.5329    3.6135     2903392840.9548
   250.960    7.7606    4.3238    3.4900   1275.5728    3.6073     3026669808.3178
   260.734    7.7519    4.3144    3.4892   1314.6127    3.6012     3149704400.9440
   270.508    7.7422    4.3047    3.4882   1353.6526    3.5951     3272499134.1624
   280.282    7.7328    4.2949    3.4873   1392.6925    3.5891     3395052954.1651
   290.055    7.7228    4.2850    3.4863   1431.7324    3.5831     3517367660.8152
   299.829    7.7133    4.2752    3.4853   1470.7723    3.5771     3639442710.3196
   309.603    7.7034    4.2653    3.4843   1509.8122    3.5712     3761278714.2030
   319.377    7.6933    4.2553    3.4832   1548.8520    3.5653     3882876515.7424
   329.150    7.6834    4.2454    3.4822   1587.8919    3.5595     4004238681.6955
   338.924    7.6736    4.2356    3.4812   1626.9318    3.5537     4125366811.2995
   348.698    7.6633    4.2255    3.4801   1665.9717    3.5480     4246261591.5186
   358.472    7.6530    4.2155    3.4791   1705.0116    3.5423     4366923888.3041
   368.245    7.6437    4.2058    3.4780   1744.0515    3.5366     4487355657.2869
   378.019    7.6326    4.1954    3.4769   1783.0914    3.5310     4607557540.4893
   387.793    7.6224    4.1853    3.4758   1822.1313    3.5255     4727530366.8444
   397.567    7.6123    4.1753    3.4747   1861.1712    3.5200     4847277311.6602
   407.340    7.6015    4.1650    3.4735   1900.2110    3.5145     4966798593.7564
   417.114    7.5910    4.1548    3.4725   1939.2509    3.5091     5086095587.8328
   426.888    7.5804    4.1445    3.4712   1978.2908    3.5037     5205169383.3472
   436.662    7.5702    4.1345    3.4702   2017.3307    3.4984     5324022085.7871
   459.829    7.6022    4.1440    3.4790   2022.2640    3.4859     5605627481.3914
   482.995    7.6337    4.1533    3.4877   2027.1726    3.4735     5886934714.3135
   506.162    7.6634    4.1621    3.4962   2031.8669    3.4611     6167930199.1346
   529.329    7.6927    4.1707    3.5045   2036.4363    3.4489     6448600620.6180
   552.496    7.7209    4.1790    3.5127   2040.9202    3.4367     6728938444.4442
   575.663    7.7487    4.1872    3.5208   2045.2577    3.4246     7008935048.5290
   598.830    7.7762    4.1953    3.5289   2049.6206    3.4126     7288590491.6475
   621.997    7.8027    4.2031    3.5369   2053.7804    3.4008     7567902696.9410
   645.164    7.8289    4.2108    3.5447   2057.8329    3.3891     7846865088.8212
   668.331    7.8553    4.2186    3.5526   2061.9242    3.3775     8125482863.9332
   691.498    7.8812    4.2264    3.5603   2065.8742    3.3660     8403759868.1935
   714.665    7.9068    4.2339    3.5682   2069.7455    3.3547     8681701345.3649
   737.832    7.9320    4.2415    3.5757   2073.4784    3.3436     8959309375.0301
   760.998    7.9571    4.2489    3.5834   2077.1779    3.3326     9236587077.6421
   784.165    7.9828    4.2568    3.5912   2080.9484    3.3218     9513551737.6375
   807.332    8.0081    4.2646    3.5989   2084.5132    3.3112     9790215042.2020
   830.499    8.0329    4.2721    3.6066   2088.0414    3.3008    10066585312.8194
   853.666    8.0583    4.2801    3.6144   2091.4989    3.2906    10342679837.6034
   876.833    8.0849    4.2888    3.6225   2095.0064    3.2806    10618525418.3021
   900.000    8.1105    4.2970    3.6306   2098.4188    3.2708    10894146933.2125
   917.003    8.1303    4.3036    3.6367   2100.8828    3.2638    11096223974.1318
   934.005    8.1488    4.3097    3.6425   2103.3093    3.2569    11298196788.2126
   951.008    8.1705    4.3175    3.6492   2105.7330    3.2501    11500088961.4707
   968.011    8.1918    4.3251    3.6560   2108.2370    3.2435    11701933428.2297
   985.013    8.2115    4.3318    3.6622   2110.5899    3.2369    11903721673.0491
  1002.016    8.2367    4.3419    3.6701   2113.0810    3.2305    12105492884.4483
  1019.019    8.2595    4.3507    3.6773   2115.5498    3.2243    12307282461.4487
  1036.021    8.2862    4.3616    3.6859   2118.1346    3.2182    12509115360.1726
  1053.024    8.3052    4.3682    3.6921   2120.5308    3.2122    12710969232.6843
  1070.027    8.3228    4.3738    3.6981   2122.6956    3.2064    12912779014.8791
  1087.030    8.3399    4.3793    3.7037   2124.8405    3.2007    13114539889.9431
  1104.032    8.3567    4.3847    3.7094   2127.0922    3.1953    13316254962.0934
  1121.035    8.3736    4.3902    3.7152   2129.3055    3.1900    13517939411.8277
  1138.038    8.5223    4.4838    3.7554   2144.3785    3.1847    13720538904.9734
  1155.040    8.7073    4.6016    3.8038   2163.6050    3.1791    13925199532.6483
  1172.043    8.8484    4.6905    3.8401   2173.0459    3.1731    14131786379.1352
  1189.046    8.8636    4.6954    3.8451   2175.3124    3.1671    14339099013.0295
  1206.048    8.8786    4.6999    3.8502   2177.6724    3.1613    14546292221.1353
  1223.051    8.8954    4.7044    3.8570   2180.6188    3.1557    14753425489.8019
  1240.054    8.9106    4.7091    3.8625   2183.0903    3.1504    14960522011.0594
  1257.056    8.9259    4.7137    3.8680   2185.5766    3.1452    15167560758.7682
  1274.059    8.9402    4.7183    3.8730   2187.9639    3.1404    15374543859.8506
  1291.062    8.9539    4.7229    3.8776   2190.2162    3.1358    15581462556.3216
  1308.064    8.9698    4.7278    3.8832   2192.5461    3.1314    15788349632.2874
  1325.067    8.9850    4.7323    3.8892   2195.3221    3.1273    15995258589.8920
  1342.070    8.9992    4.7367    3.8943   2197.8104    3.1235    16202193186.9186
  1359.072    9.0129    4.7414    3.8990   2200.0510    3.1200    16409138344.5169
  1376.075    9.0270    4.7460    3.9042   2202.5158    3.1168    16616114222.4601
  1393.078    9.0414    4.7507    3.9092   2204.7443    3.1139    16823148468.2935
  1410.080    9.0547    4.7554    3.9138   2206.9460    3.1114    17030244863.5665
  1427.083    9.0920    4.7744    3.9237   2212.6988    3.1092    17237554232.2009
  1444.086    9.1330    4.7968    3.9335   2218.5005    3.1073    17445237155.7721
  1461.089    9.1716    4.8179    3.9429   2224.1653    3.1056    17653299780.9263
  1478.091    9.2122    4.8407    3.9530   2230.2154    3.1043    17861767622.9393
  1495.094    9.2534    4.8629    3.9643   2236.5324    3.1034    18070713666.2603
  1512.097    9.2907    4.8830    3.9755   2241.6079    3.1027    18280188187.2434
  1529.099    9.3318    4.9060    3.9880   2246.4981    3.1024    18490242990.0045
  1546.102    9.3522    4.9155    3.9949   2249.0492    3.1024    18700787162.5009
  1563.105    9.3651    4.9201    3.9993   2251.1390    3.1029    18911631061.5075
  1563.105    5.1067    0.0000    4.0164         nan    3.1029    18911631061.5075
  1579.290    5.1191    0.0000    4.0216         nan    3.1036    19113473330.9780
  1595.475    5.1316    0.0000    4.0267         nan    3.1047    19315618376.5617
  1611.661    5.1440    0.0000    4.0319         nan    3.1063    19518095188.6275
  1627.846    5.1563    0.0000    4.0370         nan    3.1084    19720933370.5483
  1644.032    5.1682    0.0000    4.0419         nan    3.1110    19924158618.3503
  1660.217    5.1800    0.0000    4.0468         nan    3.1140    20127798729.1021
  1676.403    5.1918    0.0000    4.0517         nan    3.1177    20331888250.8992
  1692.588    5.2035    0.0000    4.0565         nan    3.1219    20536461996.5177
  1708.773    5.2148    0.0000    4.0612         nan    3.1267    20741551913.5709
  1708.773    5.2713    0.0000    6.4193         nan    3.1267    20741551913.5709
  1766.729    5.3342    0.0000    6.4601         nan    3.0296    21908480444.8644
  1824.686    5.3938    0.0000    6.4990         nan    2.9314    23046195746.2206
  1882.642    5.4504    0.0000    6.5359         nan    2.8321    24153478195.1457
  1940.598    5.5041    0.0000    6.5711         nan    2.7318    25229169461.8712
  1998.554    5.5550    0.0000    6.6046         nan    2.6304    26272169971.5727
  2056.510    5.6032    0.0000    6.6363         nan    2.5281    27281436796.2339
  2114.466    5.6489    0.0000    6.6664         nan    2.4249    28255981932.6499
  2172.422    5.6920    0.0000    6.6949         nan    2.3209    29194870945.0411
  2230.378    5.7328    0.0000    6.7219         nan    2.2161    30097221967.7984
  2288.334    5.7712    0.0000    6.7474         nan    2.1106    30962205083.6722
  2346.290    5.8073    0.0000    6.7714         nan    2.0045    31789042122.5718
  2404.246    5.8411    0.0000    6.7939         nan    1.8978    32577006959.5116
  2462.203    5.8729    0.0000    6.8150         nan    1.7906    33325426443.7175
  2520.159    5.9024    0.0000    6.8347         nan    1.6829    34033682171.0536
  2578.115    5.9299    0.0000    6.8531         nan    1.5749    34701213442.0797
  2636.071    5.9554    0.0000    6.8701         nan    1.4667    35327521955.8755
  2694.027    5.9788    0.0000    6.8858         nan    1.3584    35912179151.5815
  2751.983    6.0003    0.0000    6.9002         nan    1.2501    36454837749.6230
  2809.939    6.0198    0.0000    6.9132         nan    1.1423    36955250225.9163
  2867.895    6.0374    0.0000    6.9250         nan    1.0351    37413299251.8979
  2925.851    6.0531    0.0000    6.9355         nan    0.9293    37829049834.7958
  2983.807    6.0668    0.0000    6.9448         nan    0.8260    38202843194.7947
  3041.763    6.0788    0.0000    6.9528         nan    0.7270    38535476804.7383
  3099.720    6.0888    0.0000    6.9596         nan    0.6366    38828578677.0375
  3157.676    6.0970    0.0000    6.9651         nan    0.5647    39085472219.9816
  3215.632    6.1034    0.0000    6.9694         nan    0.5398    39313484966.5817
  3273.588    6.1080    0.0000    6.9724         nan    0.6780    39531555544.2169
  3331.544    6.1107    0.0000    6.9743         nan    1.9210    39805558692.3240
  3389.500    6.1116    0.0000    6.9749         nan    0.0000    40582059390.7753
