# Depth[km]  Vp[km/s]  Vs[km/s] Rho[g/cm3]    T[K]     g[m/s2]         P[Pa]        
     0.000    3.6373    2.1584    1.6550    273.1500    3.7291              0.0000
    11.348    3.6373    2.1584    1.6550    315.6439    3.7384       70038878.9153
    11.348    5.0524    2.9981    2.2989    315.6439    3.7384       70038878.9153
    29.706    5.0524    2.9981    2.2989    384.3912    3.7437      227809853.5724
    29.706    6.2864    3.7303    2.8604    384.3912    3.7437      227809853.5724
    43.720    6.2864    3.7303    2.8604    436.8709    3.7414      377877124.8935
    43.720    7.9533    4.5339    3.4844    436.8709    3.7414      377877124.8935
    53.456    7.9483    4.5264    3.4846    473.3296    3.7347      504800635.5056
    63.191    7.9429    4.5186    3.4847    509.7883    3.7281      631502805.0022
    72.927    7.9372    4.5107    3.4847    546.2470    3.7215      757982219.0093
    82.663    7.9312    4.5026    3.4847    582.7057    3.7149      884237134.5708
    92.398    7.9251    4.4945    3.4846    619.1644    3.7083     1010266523.0804
   102.134    7.9182    4.4860    3.4844    655.6231    3.7018     1136068124.0164
   111.870    7.9119    4.4778    3.4843    692.0817    3.6953     1261641444.0270
   121.606    7.9055    4.4695    3.4841    728.5404    3.6888     1386988905.7209
   131.341    7.8989    4.4612    3.4839    764.9991    3.6823     1512110012.5776
   141.077    7.8919    4.4527    3.4836    801.4578    3.6759     1637002330.0834
   150.813    7.8854    4.4445    3.4833    837.9165    3.6695     1761666344.9105
   160.548    7.8781    4.4360    3.4829    874.3752    3.6631     1886101057.0288
   170.284    7.8717    4.4278    3.4826    910.8339    3.6568     2010306912.9288
   180.020    7.8647    4.4193    3.4822    947.2926    3.6505     2134285168.1203
   189.755    7.8577    4.4110    3.4817    983.7513    3.6442     2258033853.8182
   199.491    7.8505    4.4025    3.4812   1020.2100    3.6380     2381553297.3201
   209.227    7.8443    4.3945    3.4808   1056.6686    3.6318     2504845962.3745
   218.962    7.8368    4.3859    3.4802   1093.1273    3.6256     2627909981.3801
   228.698    7.8298    4.3775    3.4797   1129.5860    3.6195     2750744890.3754
   238.434    7.8226    4.3690    3.4791   1166.0447    3.6134     2873353658.4902
   248.170    7.8161    4.3609    3.4786   1202.5034    3.6073     2995737301.5920
   257.905    7.8095    4.3528    3.4781   1238.9621    3.6013     3117896656.0079
   267.641    7.8028    4.3446    3.4774   1275.4208    3.5953     3239830264.0502
   277.377    7.7955    4.3360    3.4769   1311.8795    3.5894     3361540034.0169
   287.112    7.7888    4.3279    3.4763   1348.3382    3.5835     3483028876.5047
   296.848    7.7821    4.3196    3.4757   1384.7969    3.5776     3604296690.8971
   306.584    7.7748    4.3111    3.4749   1421.2555    3.5717     3725341763.6964
   316.319    7.7678    4.3028    3.4743   1457.7142    3.5659     3846166164.4291
   326.055    7.7615    4.2949    3.4737   1494.1729    3.5602     3966772468.7536
   335.791    7.7546    4.2867    3.4730   1530.6316    3.5545     4087160564.5061
   345.526    7.7474    4.2783    3.4722   1567.0903    3.5488     4207330884.6936
   355.262    7.7407    4.2701    3.4716   1603.5490    3.5432     4327285530.8837
   364.998    7.7333    4.2616    3.4708   1640.0077    3.5376     4447024502.4974
   374.734    7.7265    4.2533    3.4700   1676.4664    3.5320     4566547941.6506
   384.469    7.7197    4.2451    3.4694   1712.9251    3.5265     4685860036.4076
   394.205    7.7118    4.2364    3.4685   1749.3838    3.5211     4804959082.6708
   403.941    7.7051    4.2281    3.4678   1785.8424    3.5157     4923846296.5212
   413.676    7.6978    4.2197    3.4669   1822.3011    3.5103     5042524456.4770
   423.412    7.6910    4.2113    3.4662   1858.7598    3.5050     5160994752.4368
   433.148    7.6831    4.2025    3.4653   1895.2185    3.4997     5279257869.2547
   456.490    7.7115    4.2111    3.4735   1899.6216    3.4872     5562682908.9513
   479.833    7.7384    4.2191    3.4817   1904.0311    3.4747     5845759630.9321
   503.176    7.7657    4.2274    3.4897   1908.3080    3.4624     6128481711.3531
   526.518    7.7921    4.2352    3.4977   1912.5184    3.4501     6410845523.2641
   549.861    7.8170    4.2425    3.5054   1916.5054    3.4379     6692841235.7787
   573.203    7.8427    4.2502    3.5133   1920.6038    3.4259     6974466579.8880
   596.546    7.8671    4.2573    3.5209   1924.6001    3.4139     7255724326.0897
   619.889    7.8923    4.2647    3.5286   1928.6229    3.4021     7536615773.7059
   643.231    7.9159    4.2715    3.5361   1932.4228    3.3905     7817139875.1063
   666.574    7.9394    4.2783    3.5436   1936.1673    3.3790     8097294320.3389
   689.916    7.9632    4.2853    3.5510   1939.8237    3.3676     8377084128.8023
   713.259    7.9873    4.2924    3.5586   1943.6271    3.3564     8656520165.1112
   736.602    8.0105    4.2991    3.5659   1947.2025    3.3454     8935609763.0756
   759.944    8.0335    4.3057    3.5732   1950.7343    3.3345     9214354979.2724
   783.287    8.0565    4.3124    3.5805   1954.1986    3.3239     9492765721.7451
   806.630    8.0803    4.3197    3.5880   1957.5921    3.3134     9770858257.5143
   829.972    8.1028    4.3262    3.5951   1960.9492    3.3031    10048640211.1025
   853.315    8.1260    4.3331    3.6025   1964.2814    3.2931    10326124285.3145
   876.657    8.1493    4.3402    3.6099   1967.5565    3.2833    10603334132.9723
   900.000    8.1723    4.3470    3.6172   1970.8399    3.2738    10880283934.3580
   916.720    8.1898    4.3527    3.6229   1973.1224    3.2671    11078432086.5185
   933.439    8.2061    4.3576    3.6281   1975.4120    3.2605    11276472407.3264
   950.159    8.2259    4.3645    3.6343   1977.8626    3.2541    11474427746.5196
   966.878    8.2429    4.3700    3.6398   1980.0978    3.2478    11672311086.5522
   983.598    8.2619    4.3765    3.6458   1982.3665    3.2417    11870125362.0200
  1000.318    8.2809    4.3831    3.6519   1984.6188    3.2357    12067894120.9266
  1017.037    8.3002    4.3900    3.6582   1986.9136    3.2298    12265630670.2777
  1033.757    8.3208    4.3977    3.6649   1989.1421    3.2241    12463360433.9574
  1050.476    8.3363    4.4022    3.6701   1991.2653    3.2186    12661062553.9819
  1067.196    8.3518    4.4068    3.6753   1993.3617    3.2132    12858704175.1633
  1083.916    8.3794    4.4197    3.6836   1996.3947    3.2080    13056379226.5106
  1100.635    8.5008    4.4965    3.7165   2008.5758    3.2028    13254839415.6588
  1117.355    8.6472    4.5901    3.7551   2022.4548    3.1973    13454891614.0759
  1134.074    8.8142    4.6979    3.7979   2036.7685    3.1916    13656778074.8990
  1150.794    8.8307    4.7031    3.8035   2039.0707    3.1857    13859590594.5112
  1167.514    8.8459    4.7074    3.8088   2041.3752    3.1801    14062321469.9646
  1184.233    8.8614    4.7117    3.8142   2043.6624    3.1746    14264978144.1312
  1200.953    8.8769    4.7160    3.8199   2046.0006    3.1694    14467581898.1548
  1217.673    8.8921    4.7202    3.8252   2048.2826    3.1644    14670142285.2168
  1234.392    8.9075    4.7245    3.8308   2050.6115    3.1595    14872670822.1864
  1251.112    8.9227    4.7287    3.8364   2052.9656    3.1550    15075185181.1790
  1267.831    8.9381    4.7330    3.8419   2055.2691    3.1506    15277698472.3661
  1284.551    8.9535    4.7374    3.8476   2057.5828    3.1465    15480227931.6538
  1301.271    8.9684    4.7416    3.8530   2059.9203    3.1427    15682786676.8146
  1317.990    8.9839    4.7461    3.8588   2062.2910    3.1391    15885394165.3215
  1334.710    8.9988    4.7504    3.8642   2064.5738    3.1358    16088065482.9997
  1351.429    9.0346    4.7678    3.8735   2069.5269    3.1328    16290909306.6724
  1368.149    9.0738    4.7876    3.8835   2075.0330    3.1300    16494060979.0186
  1384.869    9.1121    4.8070    3.8935   2080.5207    3.1274    16697552781.0177
  1401.588    9.1496    4.8261    3.9034   2086.2429    3.1251    16901398714.6917
  1418.308    9.1904    4.8476    3.9143   2091.7307    3.1231    17105638561.8027
  1435.027    9.2287    4.8677    3.9247   2097.3462    3.1213    17310300909.0255
  1451.747    9.2671    4.8882    3.9353   2103.5733    3.1198    17515396703.9954
  1468.467    9.3061    4.9094    3.9463   2109.7470    3.1186    17720957344.9257
  1485.186    9.3277    4.9189    3.9531   2112.3824    3.1177    17926902482.5158
  1501.906    9.3416    4.9233    3.9583   2114.5852    3.1173    18133104588.5618
  1518.625    9.3555    4.9277    3.9635   2116.7550    3.1172    18339544000.3927
  1535.345    9.3692    4.9322    3.9685   2118.9153    3.1175    18546243488.9082
  1552.065    9.3826    4.9366    3.9735   2121.0187    3.1183    18753226520.8864
  1552.065    5.0321    0.0000    4.0215         nan    3.1183    18753226520.8864
  1567.065    5.0436    0.0000    4.0264         nan    3.1188    18941452056.0284
  1582.066    5.0551    0.0000    4.0314         nan    3.1197    19129939488.1369
  1597.066    5.0666    0.0000    4.0363         nan    3.1210    19318711379.3732
  1612.067    5.0781    0.0000    4.0413         nan    3.1226    19507791194.9657
  1627.067    5.0891    0.0000    4.0460         nan    3.1247    19697199257.0010
  1642.068    5.1000    0.0000    4.0508         nan    3.1272    19886955750.3716
  1657.068    5.1110    0.0000    4.0555         nan    3.1302    20077086050.4023
  1672.069    5.1219    0.0000    4.0602         nan    3.1336    20267617799.6617
  1687.069    5.1325    0.0000    4.0648         nan    3.1375    20458576935.5613
  1687.069    5.3257    0.0000    6.3638         nan    3.1375    20458576935.5613
  1745.774    5.3948    0.0000    6.4041         nan    3.0399    21634399916.7173
  1804.478    5.4602    0.0000    6.4424         nan    2.9411    22780660480.1011
  1863.183    5.5222    0.0000    6.4787         nan    2.8412    23896118356.3887
  1921.887    5.5809    0.0000    6.5132         nan    2.7403    24979598822.4011
  1980.592    5.6365    0.0000    6.5459         nan    2.6383    26029989308.2177
  2039.296    5.6891    0.0000    6.5770         nan    2.5354    27046236525.4034
  2098.001    5.7389    0.0000    6.6064         nan    2.4316    28027344042.4120
  2156.705    5.7859    0.0000    6.6342         nan    2.3270    28972370260.1745
  2215.410    5.8302    0.0000    6.6605         nan    2.2216    29880426751.4434
  2274.114    5.8719    0.0000    6.6853         nan    2.1154    30750676945.4429
  2332.819    5.9111    0.0000    6.7086         nan    2.0086    31582335170.5259
  2391.523    5.9479    0.0000    6.7305         nan    1.9012    32374666078.3913
  2450.228    5.9823    0.0000    6.7510         nan    1.7932    33126984512.5393
  2508.932    6.0143    0.0000    6.7701         nan    1.6847    33838655929.6983
  2567.637    6.0441    0.0000    6.7879         nan    1.5758    34509097558.3121
  2626.341    6.0717    0.0000    6.8044         nan    1.4665    35137780599.5219
  2685.046    6.0971    0.0000    6.8195         nan    1.3570    35724233979.7707
  2743.750    6.1203    0.0000    6.8334         nan    1.2474    36268050529.1991
  2802.455    6.1414    0.0000    6.8461         nan    1.1377    36768897130.7365
  2861.159    6.1604    0.0000    6.8575         nan    1.0284    37226531687.1161
  2919.864    6.1773    0.0000    6.8676         nan    0.9197    37640832420.2287
  2978.568    6.1922    0.0000    6.8766         nan    0.8122    38011850855.6137
  3037.273    6.2051    0.0000    6.8843         nan    0.7071    38339913666.2083
  3095.977    6.2160    0.0000    6.8908         nan    0.6068    38625834629.2361
  3154.682    6.2248    0.0000    6.8961         nan    0.5168    38871404630.7617
  3213.386    6.2317    0.0000    6.9003         nan    0.4534    39080699987.5099
  3272.091    6.2367    0.0000    6.9032         nan    0.4821    39264393493.6088
  3330.795    6.2396    0.0000    6.9050         nan    1.1351    39459774307.0755
  3389.500    6.2406    0.0000    6.9056         nan    0.0000    39919898502.3814
