# Depth[km]  Vp[km/s]  Vs[km/s] Rho[g/cm3]    T[K]     g[m/s2]         P[Pa]        
     0.000    3.8668    2.3429    1.7618    273.1500    3.7291              0.0000
    10.612    3.8668    2.3429    1.7618    316.2831    3.7368       69719813.6746
    10.612    4.5662    2.7668    2.0805    316.2831    3.7368       69719813.6746
    32.335    4.5662    2.7668    2.0805    404.5888    3.7472      238609807.9927
    32.335    5.7401    3.4780    2.6154    404.5888    3.7472      238609807.9927
    50.100    5.7401    3.4780    2.6154    476.8008    3.7480      412706427.0878
    50.100    7.9936    4.5388    3.5188    476.8008    3.7480      412706427.0878
    59.687    7.9854    4.5288    3.5184    515.7730    3.7412      539138864.2263
    69.274    7.9770    4.5188    3.5179    554.7452    3.7345      665327887.3778
    78.862    7.9683    4.5086    3.5174    593.7174    3.7278      791272378.2375
    88.449    7.9590    4.4982    3.5168    632.6896    3.7211      916970277.2708
    98.036    7.9501    4.4881    3.5162    671.6618    3.7144     1042422145.7533
   107.624    7.9411    4.4779    3.5156    710.6341    3.7078     1167629432.1531
   117.211    7.9318    4.4677    3.5149    749.6063    3.7012     1292590367.4322
   126.798    7.9225    4.4576    3.5143    788.5785    3.6947     1417305149.5766
   136.386    7.9129    4.4473    3.5135    827.5507    3.6881     1541773671.8536
   145.973    7.9039    4.4375    3.5128    866.5229    3.6816     1665996746.1735
   155.560    7.8942    4.4273    3.5120    905.4951    3.6752     1789974791.5772
   165.147    7.8846    4.4173    3.5112    944.4674    3.6687     1913705965.4589
   174.735    7.8752    4.4073    3.5103    983.4396    3.6623     2037191161.9844
   184.322    7.8656    4.3974    3.5095   1022.4118    3.6560     2160431170.9161
   193.909    7.8561    4.3875    3.5086   1061.3840    3.6496     2283425994.5996
   203.497    7.8465    4.3777    3.5076   1100.3562    3.6434     2406175812.8555
   213.084    7.8371    4.3677    3.5068   1139.3284    3.6371     2528682872.5965
   222.671    7.8273    4.3578    3.5059   1178.3006    3.6309     2650948252.9412
   232.259    7.8182    4.3480    3.5049   1217.2729    3.6247     2772971972.8918
   241.846    7.8080    4.3379    3.5038   1256.2451    3.6185     2894752822.4808
   251.433    7.7983    4.3280    3.5029   1295.2173    3.6124     3016292019.8509
   261.020    7.7892    4.3183    3.5020   1334.1895    3.6063     3137594116.2140
   270.608    7.7802    4.3087    3.5009   1373.1617    3.6003     3258657833.0466
   280.195    7.7711    4.2993    3.4999   1412.1339    3.5943     3379481914.0730
   289.782    7.7621    4.2899    3.4989   1451.1062    3.5884     3500069337.8649
   299.370    7.7526    4.2801    3.4978   1490.0784    3.5824     3620420999.9116
   308.957    7.7431    4.2701    3.4967   1529.0506    3.5766     3740537612.6202
   318.544    7.7338    4.2606    3.4956   1568.0228    3.5707     3860420504.6132
   328.132    7.7239    4.2508    3.4945   1606.9950    3.5649     3980069339.4205
   337.719    7.7152    4.2413    3.4935   1645.9672    3.5592     4099487195.9937
   347.306    7.7053    4.2315    3.4923   1684.9394    3.5535     4218675563.0654
   356.893    7.6953    4.2215    3.4911   1723.9117    3.5478     4337632712.3072
   366.481    7.6865    4.2120    3.4901   1762.8839    3.5422     4456362952.4806
   376.068    7.6765    4.2020    3.4889   1801.8561    3.5366     4574867940.2508
   385.655    7.6673    4.1923    3.4878   1840.8283    3.5311     4693146555.8901
   395.243    7.6569    4.1822    3.4866   1879.8005    3.5256     4811200336.0177
   404.830    7.6471    4.1723    3.4854   1918.7727    3.5202     4929029943.5862
   414.417    7.6378    4.1626    3.4842   1957.7450    3.5148     5046637724.7371
   424.005    7.6275    4.1524    3.4829   1996.7172    3.5094     5164024687.2509
   433.592    7.6177    4.1425    3.4817   2035.6894    3.5042     5281191215.4640
   456.912    7.6478    4.1520    3.4904   2040.6674    3.4914     5566065198.1636
   480.233    7.6768    4.1611    3.4989   2045.5547    3.4787     5850602449.3174
   503.553    7.7046    4.1699    3.5072   2050.1816    3.4661     6134785451.2332
   526.873    7.7321    4.1785    3.5155   2054.8691    3.4535     6418607126.2171
   550.194    7.7585    4.1867    3.5236   2059.3315    3.4411     6702064183.4068
   573.514    7.7845    4.1949    3.5317   2063.7224    3.4287     6985147597.0217
   596.835    7.8106    4.2030    3.5397   2068.0477    3.4165     7267856778.0074
   620.155    7.8356    4.2108    3.5475   2072.2138    3.4044     7550189740.0132
   643.476    7.8607    4.2186    3.5554   2076.4248    3.3924     7832146925.7812
   666.796    7.8857    4.2265    3.5633   2080.5481    3.3805     8113733668.9189
   690.116    7.9104    4.2342    3.5710   2084.4715    3.3688     8394952191.6648
   713.437    7.9351    4.2420    3.5789   2088.5051    3.3573     8675811200.8225
   736.757    7.9594    4.2496    3.5866   2092.3130    3.3459     8956315574.6999
   760.078    7.9837    4.2573    3.5943   2096.0718    3.3346     9236469117.9984
   783.398    8.0089    4.2656    3.6023   2099.8769    3.3236     9516290073.5924
   806.718    8.0331    4.2733    3.6101   2103.5201    3.3127     9795792545.1719
   830.039    8.0577    4.2813    3.6180   2107.1534    3.3020    10074988664.6289
   853.359    8.0827    4.2897    3.6260   2110.6718    3.2915    10353896113.2897
   876.680    8.1088    4.2986    3.6344   2114.2894    3.2812    10632544304.4446
   900.000    8.1349    4.3077    3.6427   2117.7199    3.2711    10910961548.6979
   916.952    8.1545    4.3146    3.6490   2120.2268    3.2639    11113132471.5018
   933.904    8.1743    4.3217    3.6554   2122.7155    3.2569    11315210127.7674
   950.856    8.1948    4.3292    3.6621   2125.2015    3.2499    11517211941.2307
   967.808    8.2157    4.3372    3.6688   2127.6564    3.2431    11719152844.6534
   984.760    8.2383    4.3460    3.6762   2130.1850    3.2364    11921057124.9655
  1001.712    8.2625    4.3558    3.6841   2132.6712    3.2298    12122962357.2961
  1018.664    8.2814    4.3624    3.6907   2135.3820    3.2234    12324854430.6328
  1035.616    8.2993    4.3683    3.6971   2137.9698    3.2171    12526700504.2642
  1052.568    8.3185    4.3750    3.7040   2140.7277    3.2109    12728515055.0844
  1069.520    8.3366    4.3813    3.7104   2143.3096    3.2049    12930305334.0714
  1086.472    8.3518    4.3860    3.7159   2145.6346    3.1991    13132040382.3211
  1103.424    8.3703    4.3929    3.7226   2147.6346    3.1934    13333739250.1537
  1120.376    8.3929    4.4025    3.7312   2148.9663    3.1879    13535497009.4178
  1137.328    8.4575    4.4401    3.7505   2155.0321    3.1825    13737660476.5392
  1154.279    8.6067    4.5345    3.7902   2170.3013    3.1770    13941071912.6237
  1171.231    8.8136    4.6671    3.8436   2186.8535    3.1710    14146635573.1092
  1188.183    8.8778    4.7045    3.8610   2193.9041    3.1649    14353716515.0241
  1205.135    8.8921    4.7087    3.8663   2196.0786    3.1588    14561004008.0174
  1222.087    8.9063    4.7129    3.8716   2198.0511    3.1530    14768179743.3924
  1239.039    8.9205    4.7171    3.8769   2200.2579    3.1474    14975256783.2136
  1255.991    8.9347    4.7214    3.8824   2202.2580    3.1420    15182253235.9457
  1272.943    8.9483    4.7253    3.8877   2204.1664    3.1368    15389180702.6601
  1289.895    8.9615    4.7291    3.8929   2205.7535    3.1319    15596047812.9042
  1306.847    8.9747    4.7328    3.8981   2207.4457    3.1273    15802869886.9911
  1323.799    8.9875    4.7364    3.9035   2208.9904    3.1229    16009667724.5668
  1340.751    9.0008    4.7403    3.9089   2210.6722    3.1188    16216461600.7917
  1357.703    9.0132    4.7435    3.9144   2212.1173    3.1150    16423269429.5653
  1374.655    9.0263    4.7474    3.9198   2213.5007    3.1115    16630111225.2655
  1391.607    9.0384    4.7505    3.9253   2214.8349    3.1082    16837008424.4296
  1408.559    9.0505    4.7538    3.9306   2215.8316    3.1053    17043974893.4309
  1425.511    9.0629    4.7575    3.9357   2216.8722    3.1028    17251021856.1441
  1442.463    9.0747    4.7602    3.9419   2218.2154    3.1005    17458196231.7793
  1459.415    9.1044    4.7748    3.9510   2221.4343    3.0986    17665622353.5995
  1476.367    9.1429    4.7950    3.9622   2226.0100    3.0970    17873453828.4314
  1493.319    9.1830    4.8166    3.9741   2230.3000    3.0957    18081786296.7871
  1510.271    9.2241    4.8394    3.9863   2234.4434    3.0947    18290662486.3560
  1527.223    9.2645    4.8617    3.9991   2239.3916    3.0940    18500125620.7963
  1544.175    9.2919    4.8758    4.0082   2242.4108    3.0937    18710118162.7005
  1561.127    9.3042    4.8802    4.0126   2244.6593    3.0938    18920441508.5740
  1561.127    4.8414    0.0000    4.0372         nan    3.0938    18920441508.5740
  1575.667    4.8495    0.0000    4.0424         nan    3.0939    19102168910.2430
  1590.207    4.8577    0.0000    4.0476         nan    3.0944    19284139643.0743
  1604.747    4.8659    0.0000    4.0529         nan    3.0952    19466373682.1846
  1619.288    4.8740    0.0000    4.0581         nan    3.0964    19648891795.2077
  1633.828    4.8820    0.0000    4.0632         nan    3.0980    19831712413.0004
  1648.368    4.8898    0.0000    4.0682         nan    3.1000    20014853271.7412
  1662.908    4.8975    0.0000    4.0732         nan    3.1023    20198336238.8216
  1677.449    4.9053    0.0000    4.0782         nan    3.1051    20382185743.0353
  1691.989    4.9130    0.0000    4.0832         nan    3.1083    20566425652.1411
  1691.989    5.2091    0.0000    6.3195         nan    3.1083    20566425652.1411
  1750.524    5.2799    0.0000    6.3608         nan    3.0118    21719991243.9208
  1809.059    5.3468    0.0000    6.4000         nan    2.9141    22844829546.0407
  1867.593    5.4103    0.0000    6.4372         nan    2.8152    23939674752.3335
  1926.128    5.4703    0.0000    6.4725         nan    2.7151    25003328394.5678
  1984.663    5.5271    0.0000    6.5059         nan    2.6141    26034655427.0154
  2043.198    5.5808    0.0000    6.5376         nan    2.5120    27032580861.9419
  2101.733    5.6316    0.0000    6.5677         nan    2.4090    27996086852.3815
  2160.268    5.6795    0.0000    6.5961         nan    2.3052    28924210145.3330
  2218.803    5.7247    0.0000    6.6229         nan    2.2005    29816039843.2149
  2277.337    5.7672    0.0000    6.6481         nan    2.0950    30670715419.6109
  2335.872    5.8072    0.0000    6.6719         nan    1.9887    31487424942.9152
  2394.407    5.8446    0.0000    6.6942         nan    1.8818    32265403462.0648
  2452.942    5.8796    0.0000    6.7151         nan    1.7742    33003931515.3582
  2511.477    5.9123    0.0000    6.7346         nan    1.6660    33702333716.0390
  2570.012    5.9426    0.0000    6.7527         nan    1.5572    34359977360.8632
  2628.547    5.9706    0.0000    6.7695         nan    1.4479    34976270990.7634
  2687.082    5.9964    0.0000    6.7849         nan    1.3381    35550662797.6939
  2745.616    6.0201    0.0000    6.7990         nan    1.2277    36082638712.3235
  2804.151    6.0415    0.0000    6.8119         nan    1.1169    36571719890.3558
  2862.686    6.0608    0.0000    6.8235         nan    1.0057    37017459088.2929
  2921.221    6.0781    0.0000    6.8338         nan    0.8939    37419434954.1517
  2979.756    6.0932    0.0000    6.8429         nan    0.7816    37777242235.0283
  3038.291    6.1063    0.0000    6.8508         nan    0.6685    38090473480.2709
  3096.826    6.1173    0.0000    6.8574         nan    0.5544    38358681492.1233
  3155.361    6.1263    0.0000    6.8628         nan    0.4382    38581293065.2853
  3213.895    6.1333    0.0000    6.8670         nan    0.3172    38757379252.9577
  3272.430    6.1383    0.0000    6.8700         nan    0.1797    38884899029.1124
  3330.965    6.1413    0.0000    6.8718         nan   -0.0681    38957187796.2844
  3389.500    6.1423    0.0000    6.8724         nan    0.0000    38929781838.6575
