# Depth[km]  Vp[km/s]  Vs[km/s] Rho[g/cm3]    T[K]     g[m/s2]         P[Pa]        
     0.000    3.3489    2.0281    1.5227    273.1500    3.7291              0.0000
    10.402    3.3489    2.0281    1.5227    316.0865    3.7387       59062851.0389
    10.402    4.6298    2.8038    2.1051    316.0865    3.7387       59062851.0389
    28.391    4.6298    2.8038    2.1051    390.3470    3.7469      200638901.1412
    28.391    6.0607    3.6703    2.7556    390.3470    3.7469      200638901.1412
    48.996    6.0607    3.6703    2.7556    475.4118    3.7454      413398243.5601
    48.996    7.9932    4.5389    3.5186    475.4118    3.7454      413398243.5601
    58.672    7.9847    4.5287    3.5181    515.3525    3.7386      540893994.0284
    68.347    7.9758    4.5182    3.5176    555.2933    3.7317      668139055.9480
    78.022    7.9667    4.5078    3.5170    595.2340    3.7250      795132371.5865
    87.697    7.9570    4.4971    3.5163    635.1747    3.7182      921871707.6518
    97.372    7.9478    4.4867    3.5157    675.1155    3.7115     1048357297.5770
   107.048    7.9383    4.4762    3.5150    715.0562    3.7048     1174590629.0229
   116.723    7.9286    4.4657    3.5143    754.9970    3.6981     1300570107.9910
   126.398    7.9189    4.4552    3.5135    794.9377    3.6915     1426296174.8823
   136.073    7.9090    4.4449    3.5127    834.8785    3.6849     1551768751.0627
   145.748    7.8987    4.4342    3.5118    874.8192    3.6783     1676985875.7851
   155.423    7.8894    4.4241    3.5110    914.7599    3.6717     1801950212.0896
   165.099    7.8793    4.4137    3.5101    954.7007    3.6652     1926662534.4523
   174.774    7.8692    4.4034    3.5092    994.6414    3.6588     2051120815.5925
   184.449    7.8592    4.3932    3.5082   1034.5822    3.6523     2175325824.7101
   194.124    7.8497    4.3831    3.5073   1074.5229    3.6459     2299279197.7851
   203.799    7.8388    4.3725    3.5062   1114.4637    3.6396     2422979445.3714
   213.474    7.8288    4.3622    3.5052   1154.4044    3.6332     2546426934.4523
   223.150    7.8192    4.3523    3.5042   1194.3452    3.6270     2669625406.5911
   232.825    7.8092    4.3422    3.5032   1234.2859    3.6207     2792575012.3247
   242.500    7.7987    4.3318    3.5021   1274.2266    3.6145     2915275927.2695
   252.175    7.7891    4.3218    3.5011   1314.1674    3.6083     3037729491.6302
   261.850    7.7795    4.3119    3.4999   1354.1081    3.6022     3159935162.7797
   271.525    7.7697    4.3018    3.4988   1394.0489    3.5961     3281893468.8401
   281.201    7.7605    4.2922    3.4977   1433.9896    3.5900     3403607344.1331
   290.876    7.7508    4.2822    3.4965   1473.9304    3.5840     3525077350.2973
   300.551    7.7409    4.2722    3.4954   1513.8711    3.5781     3646303753.9842
   310.226    7.7307    4.2619    3.4942   1553.8119    3.5721     3767287617.0561
   319.901    7.7207    4.2520    3.4930   1593.7526    3.5662     3888029922.7205
   329.576    7.7110    4.2420    3.4919   1633.6933    3.5604     4008533228.4328
   339.252    7.7010    4.2319    3.4906   1673.6341    3.5546     4128797927.4382
   348.927    7.6908    4.2218    3.4894   1713.5748    3.5488     4248824762.9748
   358.602    7.6806    4.2116    3.4881   1753.5156    3.5431     4368614581.4589
   368.277    7.6706    4.2015    3.4869   1793.4563    3.5375     4488169051.6599
   377.952    7.6607    4.1914    3.4857   1833.3971    3.5319     4607491111.1084
   387.627    7.6508    4.1813    3.4845   1873.3378    3.5263     4726581376.3974
   397.303    7.6401    4.1709    3.4831   1913.2785    3.5208     4845439932.1103
   406.978    7.6296    4.1605    3.4818   1953.2193    3.5153     4964066762.9627
   416.653    7.6191    4.1502    3.4805   1993.1600    3.5099     5082463410.8551
   426.328    7.6086    4.1398    3.4791   2033.1008    3.5045     5200632092.5100
   436.003    7.5986    4.1296    3.4778   2073.0415    3.4992     5318574622.7410
   459.203    7.6291    4.1393    3.4865   2078.1439    3.4865     5601257133.2545
   482.403    7.6581    4.1484    3.4950   2083.0604    3.4739     5883612352.7939
   505.603    7.6858    4.1571    3.5033   2087.8970    3.4614     6165625051.9408
   528.803    7.7128    4.1655    3.5115   2092.6096    3.4490     6447285848.3542
   552.002    7.7401    4.1742    3.5198   2097.2300    3.4366     6728592311.7525
   575.202    7.7659    4.1821    3.5278   2101.7155    3.4244     7009539635.1091
   598.402    7.7919    4.1903    3.5358   2106.1374    3.4123     7290121955.0349
   621.602    7.8175    4.1983    3.5437   2110.4828    3.4002     7570341112.5358
   644.802    7.8429    4.2063    3.5516   2114.7486    3.3884     7850199116.8322
   668.002    7.8676    4.2140    3.5594   2118.8467    3.3766     8129695367.6402
   691.201    7.8923    4.2217    3.5672   2122.9909    3.3650     8408832937.4405
   714.401    7.9167    4.2294    3.5750   2126.9614    3.3535     8687618238.2145
   737.601    7.9423    4.2377    3.5830   2130.9957    3.3422     8966067849.5464
   760.801    7.9656    4.2448    3.5905   2134.8426    3.3310     9244180200.2813
   784.001    7.9900    4.2526    3.5983   2138.6036    3.3200     9521952724.4471
   807.201    8.0149    4.2607    3.6063   2142.4643    3.3092     9799415905.4963
   830.400    8.0395    4.2687    3.6141   2146.1426    3.2986    10076585304.3945
   853.600    8.0645    4.2770    3.6221   2149.7166    3.2882    10353472143.6887
   876.800    8.0900    4.2857    3.6303   2153.3039    3.2780    10630102426.8588
   900.000    8.1148    4.2940    3.6383   2156.9672    3.2680    10906487416.5927
   917.440    8.1366    4.3020    3.6452   2159.5863    3.2606    11114048715.0534
   934.881    8.1571    4.3095    3.6518   2162.2006    3.2534    11321526468.9700
   952.321    8.1784    4.3173    3.6587   2164.8052    3.2463    11528926070.4911
   969.761    8.1996    4.3251    3.6656   2167.4460    3.2393    11736263079.6801
   987.202    8.2234    4.3346    3.6732   2170.0568    3.2324    11943563664.5571
  1004.642    8.2464    4.3435    3.6809   2172.7301    3.2257    12150855861.2754
  1022.082    8.2653    4.3499    3.6876   2175.5282    3.2191    12358119875.7566
  1039.523    8.2846    4.3564    3.6945   2178.3557    3.2127    12565341996.5835
  1056.963    8.3036    4.3629    3.7013   2181.2032    3.2064    12772533761.3040
  1074.403    8.3227    4.3695    3.7081   2183.9785    3.2003    12979700520.2196
  1091.843    8.3402    4.3756    3.7145   2186.1962    3.1943    13186840412.8558
  1109.284    8.3645    4.3861    3.7237   2187.6299    3.1886    13394031669.5006
  1126.724    8.3890    4.3970    3.7327   2188.6267    3.1830    13601356090.7206
  1144.164    8.4137    4.4077    3.7423   2190.1560    3.1775    13808830274.4801
  1161.605    8.5665    4.5040    3.7834   2204.8418    3.1720    14017354241.2797
  1179.045    8.7709    4.6349    3.8363   2222.4756    3.1660    14228115659.8076
  1196.485    8.8594    4.6884    3.8597   2231.7300    3.1599    14440588841.3719
  1213.926    8.8741    4.6926    3.8653   2233.7987    3.1538    14653446036.6896
  1231.366    8.8887    4.6969    3.8707   2235.7139    3.1479    14866194639.8662
  1248.806    8.9041    4.7015    3.8766   2238.0981    3.1423    15078860171.1794
  1266.247    8.9185    4.7057    3.8821   2240.1898    3.1369    15291460657.2765
  1283.687    8.9323    4.7095    3.8878   2241.9085    3.1318    15504002314.5773
  1301.127    8.9464    4.7135    3.8934   2243.7713    3.1269    15716505623.0483
  1318.568    8.9604    4.7175    3.8991   2245.5648    3.1223    15928987887.7256
  1336.008    8.9735    4.7212    3.9046   2247.2135    3.1181    16141461329.7020
  1353.448    8.9870    4.7249    3.9104   2248.6775    3.1140    16353949064.9292
  1370.889    9.0001    4.7285    3.9158   2249.9083    3.1104    16566469327.4405
  1388.329    9.0132    4.7320    3.9219   2251.4386    3.1070    16779048675.7352
  1405.769    9.0263    4.7356    3.9277   2252.6621    3.1039    16991719757.1043
  1423.209    9.0390    4.7390    3.9336   2253.9353    3.1012    17204499179.3854
  1440.650    9.0509    4.7421    3.9388   2254.4186    3.0989    17417394745.2848
  1458.090    9.0639    4.7455    3.9455   2255.8713    3.0969    17630451336.7912
  1475.530    9.0871    4.7557    3.9537   2257.9250    3.0953    17843772885.7916
  1492.971    9.1274    4.7769    3.9657   2262.3418    3.0941    18057529446.5432
  1510.411    9.1694    4.7995    3.9785   2266.6638    3.0931    18271867958.2222
  1527.851    9.2104    4.8218    3.9914   2271.1369    3.0925    18486835407.3881
  1545.292    9.2510    4.8441    4.0044   2275.5038    3.0922    18702460301.3877
  1562.732    9.2637    4.8486    4.0092   2277.4345    3.0924    18918545911.2917
  1580.172    9.2778    4.8542    4.0140   2279.7010    3.0931    19134901329.5001
  1580.172    4.7659    0.0000    4.0290         nan    3.0931    19134901329.5001
  1595.748    4.7800    0.0000    4.0347         nan    3.0939    19329145315.1922
  1611.324    4.7942    0.0000    4.0404         nan    3.0951    19523713785.2059
  1626.900    4.8083    0.0000    4.0460         nan    3.0968    19718632727.9791
  1642.476    4.8225    0.0000    4.0517         nan    3.0989    19913929242.2657
  1658.052    4.8359    0.0000    4.0571         nan    3.1014    20109624938.3253
  1673.628    4.8493    0.0000    4.0625         nan    3.1045    20305742701.6000
  1689.204    4.8628    0.0000    4.0679         nan    3.1080    20502313444.6493
  1704.780    4.8762    0.0000    4.0732         nan    3.1121    20699369446.3720
  1720.356    4.8890    0.0000    4.0784         nan    3.1167    20896938018.4459
  1720.356    4.9401    0.0000    6.4263         nan    3.1167    20896938018.4459
  1777.913    5.0216    0.0000    6.4722         nan    3.0207    22053847637.9980
  1835.469    5.0985    0.0000    6.5156         nan    2.9234    23182888701.1244
  1893.026    5.1709    0.0000    6.5566         nan    2.8247    24282645525.3491
  1950.583    5.2393    0.0000    6.5954         nan    2.7249    25351787093.9298
  2008.139    5.3037    0.0000    6.6320         nan    2.6240    26389060628.7094
  2065.696    5.3644    0.0000    6.6666         nan    2.5220    27393286187.9000
  2123.253    5.4217    0.0000    6.6993         nan    2.4189    28363352083.1439
  2180.809    5.4756    0.0000    6.7301         nan    2.3150    29298210954.3304
  2238.366    5.5263    0.0000    6.7591         nan    2.2101    30196876386.0260
  2295.923    5.5739    0.0000    6.7864         nan    2.1044    31058419965.8274
  2353.480    5.6185    0.0000    6.8121         nan    1.9979    31881968703.7223
  2411.036    5.6603    0.0000    6.8361         nan    1.8907    32666702747.2391
  2468.593    5.6993    0.0000    6.8585         nan    1.7828    33411853331.6232
  2526.150    5.7356    0.0000    6.8794         nan    1.6743    34116700908.5623
  2583.706    5.7693    0.0000    6.8988         nan    1.5651    34780573395.1378
  2641.263    5.8004    0.0000    6.9168         nan    1.4554    35402844474.2635
  2698.820    5.8290    0.0000    6.9333         nan    1.3451    35982931854.4197
  2756.376    5.8552    0.0000    6.9484         nan    1.2344    36520295353.9834
  2813.933    5.8789    0.0000    6.9621         nan    1.1231    37014434587.9641
  2871.490    5.9003    0.0000    6.9745         nan    1.0114    37464885864.7433
  2929.046    5.9193    0.0000    6.9855         nan    0.8993    37871217548.8944
  2986.603    5.9360    0.0000    6.9952         nan    0.7866    38233022371.5819
  3044.160    5.9505    0.0000    7.0035         nan    0.6733    38549903335.8968
  3101.717    5.9626    0.0000    7.0106         nan    0.5591    38821445071.3426
  3159.273    5.9726    0.0000    7.0163         nan    0.4434    39047148319.3548
  3216.830    5.9803    0.0000    7.0208         nan    0.3239    39226255762.3384
  3274.387    5.9858    0.0000    7.0240         nan    0.1921    39357178962.2331
  3331.943    5.9891    0.0000    7.0259         nan   -0.0230    39434838218.1344
  3389.500    5.9902    0.0000    7.0266         nan    0.0000    39425531120.6825
