# Depth[km]  Vp[km/s]  Vs[km/s] Rho[g/cm3]    T[K]     g[m/s2]         P[Pa]        
     0.000    3.8681    2.3303    1.7569    273.1500    3.7291              0.0000
    12.201    3.8681    2.3303    1.7569    320.3351    3.7380       79935075.6723
    12.201    4.4887    2.7042    2.0387    320.3351    3.7380       79935075.6723
    28.899    4.4887    2.7042    2.0387    384.9179    3.7466      207189570.9997
    28.899    5.9695    3.5963    2.7113    384.9179    3.7466      207189570.9997
    45.522    5.9695    3.5963    2.7113    449.2088    3.7459      376045775.2469
    45.522    7.9614    4.5368    3.5040    449.2088    3.7459      376045775.2469
    55.404    7.9544    4.5277    3.5039    487.4267    3.7390      505745220.9482
    65.285    7.9473    4.5184    3.5037    525.6447    3.7322      635202112.7798
    75.167    7.9395    4.5089    3.5036    563.8627    3.7253      764415502.9625
    85.048    7.9315    4.4992    3.5033    602.0807    3.7185      893384229.8404
    94.930    7.9229    4.4894    3.5029    640.2987    3.7117     1022105338.2245
   104.812    7.9147    4.4798    3.5026    678.5167    3.7050     1150579406.9638
   114.693    7.9064    4.4702    3.5023    716.7347    3.6983     1278808557.7753
   124.575    7.8981    4.4605    3.5020    754.9527    3.6916     1406792824.2744
   134.456    7.8890    4.4506    3.5014    793.1706    3.6849     1534529661.3546
   144.338    7.8806    4.4411    3.5010    831.3886    3.6783     1662018823.2060
   154.219    7.8715    4.4313    3.5005    869.6066    3.6717     1789261831.9685
   164.101    7.8622    4.4214    3.4999    907.8246    3.6651     1916255902.9962
   173.982    7.8537    4.4120    3.4994    946.0426    3.6586     2043003307.2371
   183.864    7.8446    4.4023    3.4988    984.2606    3.6521     2169505444.5825
   193.745    7.8354    4.3925    3.4982   1022.4786    3.6456     2295760019.4843
   203.627    7.8259    4.3827    3.4975   1060.6966    3.6392     2421766735.7704
   213.508    7.8166    4.3730    3.4968   1098.9145    3.6328     2547526266.6758
   223.390    7.8074    4.3632    3.4961   1137.1325    3.6264     2673040485.3880
   233.272    7.7979    4.3534    3.4954   1175.3505    3.6201     2798310318.3018
   243.153    7.7887    4.3438    3.4947   1213.5685    3.6138     2923336473.3021
   253.035    7.7794    4.3342    3.4939   1251.7865    3.6076     3048119282.7907
   262.916    7.7702    4.3245    3.4932   1290.0045    3.6014     3172660301.5983
   272.798    7.7615    4.3152    3.4924   1328.2225    3.5952     3296960330.7142
   282.679    7.7520    4.3056    3.4915   1366.4405    3.5891     3421016311.1445
   292.561    7.7433    4.2962    3.4907   1404.6584    3.5830     3544830588.1226
   302.442    7.7346    4.2869    3.4899   1442.8764    3.5770     3668408048.0056
   312.324    7.7257    4.2774    3.4891   1481.0944    3.5710     3791749028.3256
   322.205    7.7158    4.2676    3.4882   1519.3124    3.5650     3914851937.1392
   332.087    7.7068    4.2581    3.4873   1557.5304    3.5591     4037716574.3363
   341.968    7.6979    4.2487    3.4865   1595.7484    3.5532     4160347971.9499
   351.850    7.6882    4.2390    3.4855   1633.9664    3.5474     4282746124.9475
   361.732    7.6794    4.2296    3.4847   1672.1843    3.5416     4404911754.5908
   371.613    7.6699    4.2199    3.4838   1710.4023    3.5359     4526848107.2569
   381.495    7.6605    4.2103    3.4829   1748.6203    3.5302     4648554735.4713
   391.376    7.6510    4.2007    3.4820   1786.8383    3.5245     4770033344.1791
   401.258    7.6411    4.1908    3.4810   1825.0563    3.5189     4891284926.1107
   411.139    7.6320    4.1813    3.4801   1863.2743    3.5134     5012312072.3832
   421.021    7.6224    4.1716    3.4792   1901.4923    3.5079     5133116839.0103
   430.902    7.6129    4.1618    3.4783   1939.7103    3.5024     5253700764.7438
   440.784    7.6029    4.1519    3.4772   1977.9282    3.4970     5374063536.3766
   463.745    7.6342    4.1612    3.4859   1982.6743    3.4845     5653611319.0810
   486.705    7.6640    4.1700    3.4944   1987.3137    3.4721     5932846670.8407
   509.666    7.6930    4.1786    3.5026   1991.7288    3.4598     6211755358.9343
   532.627    7.7210    4.1868    3.5108   1996.1260    3.4476     6490325935.1439
   555.588    7.7487    4.1950    3.5188   2000.3617    3.4354     6768550866.0601
   578.549    7.7761    4.2030    3.5268   2004.5913    3.4234     7046428561.3664
   601.509    7.8031    4.2111    3.5348   2008.7038    3.4114     7323960431.0346
   624.470    7.8285    4.2185    3.5424   2012.6168    3.3996     7601135671.3426
   647.431    7.8550    4.2264    3.5503   2016.6108    3.3879     7877955335.9988
   670.392    7.8802    4.2338    3.5579   2020.4327    3.3764     8154424330.9549
   693.353    7.9059    4.2415    3.5656   2024.2295    3.3649     8430544184.5188
   716.314    7.9311    4.2489    3.5732   2027.9606    3.3536     8706321007.4109
   739.274    7.9559    4.2564    3.5808   2031.6288    3.3425     8981759217.7212
   762.235    7.9808    4.2638    3.5884   2035.1949    3.3316     9256867080.8868
   785.196    8.0056    4.2713    3.5959   2038.6837    3.3208     9531652062.0389
   808.157    8.0305    4.2790    3.6036   2042.1593    3.3102     9806126433.6266
   831.118    8.0554    4.2868    3.6112   2045.5243    3.2998    10080304281.3235
   854.078    8.0807    4.2947    3.6191   2048.9763    3.2896    10354206198.2454
   877.039    8.1060    4.3029    3.6268   2052.2077    3.2795    10627850084.3185
   900.000    8.1322    4.3115    3.6349   2055.5204    3.2698    10901259597.6611
   916.802    8.1509    4.3177    3.6409   2057.8205    3.2627    11101119707.7792
   933.604    8.1723    4.3255    3.6474   2060.2271    3.2558    11300891347.1592
   950.406    8.1908    4.3314    3.6533   2062.5456    3.2490    11500580688.7334
   967.208    8.2099    4.3380    3.6593   2064.8229    3.2424    11700179979.7785
   984.010    8.2320    4.3463    3.6663   2067.1529    3.2359    11899724361.4123
  1000.812    8.2567    4.3561    3.6741   2069.5910    3.2294    12099268184.2008
  1017.614    8.2807    4.3655    3.6818   2072.0511    3.2232    12298837770.7570
  1034.416    8.3062    4.3760    3.6900   2074.5342    3.2170    12498450039.5242
  1051.218    8.3230    4.3813    3.6956   2076.6758    3.2110    12698052619.9607
  1068.020    8.3397    4.3866    3.7011   2078.7839    3.2051    12897582458.8062
  1084.822    8.3566    4.3919    3.7069   2080.8975    3.1995    13097054445.9134
  1101.624    8.3734    4.3975    3.7125   2082.9718    3.1940    13296479076.3653
  1118.426    8.4554    4.4466    3.7354   2091.5909    3.1885    13496326845.2283
  1135.228    8.6174    4.5491    3.7788   2106.5580    3.1829    13697611327.3410
  1152.030    8.8136    4.6746    3.8295   2125.6608    3.1769    13901055218.7486
  1168.832    8.8642    4.7037    3.8431   2128.0674    3.1707    14105828755.8972
  1185.634    8.8797    4.7083    3.8484   2130.3370    3.1646    14310704986.3949
  1202.436    8.8961    4.7127    3.8550   2133.1167    3.1587    14515503815.5469
  1219.238    8.9115    4.7173    3.8606   2135.5243    3.1530    14720244270.4300
  1236.040    8.9267    4.7219    3.8660   2137.9228    3.1475    14924908456.7976
  1252.842    8.9415    4.7263    3.8714   2140.3354    3.1423    15129503100.6824
  1269.644    8.9562    4.7309    3.8766   2142.6657    3.1373    15334036106.2111
  1286.446    8.9706    4.7354    3.8817   2144.9880    3.1325    15538516201.3923
  1303.248    8.9853    4.7399    3.8871   2147.4383    3.1280    15742962497.1349
  1320.050    8.9996    4.7446    3.8923   2149.7062    3.1237    15947390127.4814
  1336.852    9.0137    4.7491    3.8974   2152.0964    3.1197    16151808572.1313
  1353.654    9.0267    4.7535    3.9018   2154.2134    3.1160    16356215399.1283
  1370.456    9.0409    4.7581    3.9069   2156.5134    3.1126    16560628661.4396
  1387.258    9.0553    4.7629    3.9120   2158.6459    3.1095    16765084954.5227
  1404.060    9.0920    4.7824    3.9207   2163.6959    3.1067    16969696737.8359
  1420.862    9.1317    4.8031    3.9312   2169.7820    3.1042    17174625488.6906
  1437.664    9.1716    4.8250    3.9410   2175.5579    3.1019    17379915854.3069
  1454.466    9.2104    4.8465    3.9505   2181.1650    3.0999    17585560054.7285
  1471.268    9.2498    4.8687    3.9605   2187.0108    3.0982    17791581751.7307
  1488.070    9.2922    4.8919    3.9722   2193.1721    3.0968    17998054173.7242
  1504.872    9.3320    4.9146    3.9827   2199.6868    3.0957    18205011951.3294
  1521.674    9.3678    4.9349    3.9926   2204.9101    3.0950    18412428525.7613
  1538.476    9.3804    4.9393    3.9970   2206.9805    3.0946    18620165773.2059
  1555.278    9.3924    4.9433    4.0012   2209.0012    3.0947    18828102543.2316
  1555.278    5.2622    0.0000    4.0310         nan    3.0947    18828102543.2316
  1572.867    5.2747    0.0000    4.0363         nan    3.0948    19047673773.7162
  1590.457    5.2872    0.0000    4.0416         nan    3.0955    19267543858.0069
  1608.047    5.2997    0.0000    4.0470         nan    3.0966    19487749058.8610
  1625.636    5.3119    0.0000    4.0522         nan    3.0984    19708324756.9785
  1643.226    5.3238    0.0000    4.0573         nan    3.1007    19929304359.5821
  1660.816    5.3357    0.0000    4.0623         nan    3.1036    20150725834.3246
  1678.405    5.3476    0.0000    4.0674         nan    3.1071    20372632985.0877
  1695.995    5.3591    0.0000    4.0723         nan    3.1114    20595066661.0821
  1713.585    5.3704    0.0000    4.0772         nan    3.1163    20818068775.2189
  1713.585    5.2627    0.0000    6.4191         nan    3.1163    20818068775.2189
  1771.375    5.3242    0.0000    6.4598         nan    3.0194    21977751421.1561
  1829.165    5.3825    0.0000    6.4986         nan    2.9214    23108336222.1900
  1886.955    5.4380    0.0000    6.5356         nan    2.8223    24208612018.6538
  1944.745    5.4905    0.0000    6.5707         nan    2.7221    25277426879.9180
  2002.536    5.5404    0.0000    6.6041         nan    2.6209    26313685602.0205
  2060.326    5.5877    0.0000    6.6358         nan    2.5187    27316347573.5303
  2118.116    5.6324    0.0000    6.6659         nan    2.4156    28284424961.6993
  2175.906    5.6747    0.0000    6.6945         nan    2.3117    29216981188.9432
  2233.696    5.7147    0.0000    6.7215         nan    2.2070    30113129672.6586
  2291.487    5.7523    0.0000    6.7469         nan    2.1016    30972032822.4443
  2349.277    5.7877    0.0000    6.7709         nan    1.9954    31792901296.2682
  2407.067    5.8210    0.0000    6.7935         nan    1.8886    32574993536.2247
  2464.857    5.8521    0.0000    6.8146         nan    1.7812    33317615631.2516
  2522.647    5.8811    0.0000    6.8344         nan    1.6733    34020121582.5543
  2580.437    5.9081    0.0000    6.8528         nan    1.5650    34681914105.2083
  2638.228    5.9331    0.0000    6.8698         nan    1.4562    35302446186.4735
  2696.018    5.9561    0.0000    6.8855         nan    1.3471    35881223769.2934
  2753.808    5.9771    0.0000    6.8999         nan    1.2378    36417810190.6658
  2811.598    5.9963    0.0000    6.9130         nan    1.1283    36911833490.9228
  2869.388    6.0136    0.0000    6.9248         nan    1.0190    37362998651.0746
  2927.179    6.0289    0.0000    6.9354         nan    0.9101    37771108740.7832
  2984.969    6.0425    0.0000    6.9446         nan    0.8019    38136103177.2016
  3042.759    6.0542    0.0000    6.9527         nan    0.6955    38458131279.0308
  3100.549    6.0641    0.0000    6.9594         nan    0.5924    38737705362.1035
  3158.339    6.0721    0.0000    6.9650         nan    0.4968    38976054682.1977
  3216.129    6.0784    0.0000    6.9693         nan    0.4204    39176070485.5557
  3273.920    6.0829    0.0000    6.9723         nan    0.4109    39345420055.4698
  3331.710    6.0855    0.0000    6.9742         nan    0.8550    39511007914.8703
  3389.500    6.0864    0.0000    6.9748         nan    0.0000    39855607156.9753
