# Depth[km]  Vp[km/s]  Vs[km/s] Rho[g/cm3]    T[K]     g[m/s2]         P[Pa]        
     0.000    3.8948    2.3512    1.8584    273.1500    3.7291              0.0000
    11.463    3.8948    2.3512    1.8584    316.1755    3.7365       79438839.6851
    11.463    4.6044    2.7797    2.1970    316.1755    3.7365       79438839.6851
    29.179    4.6044    2.7797    2.1970    382.6792    3.7432      224874473.1595
    29.179    6.5418    3.9492    3.1215    382.6792    3.7432      224874473.1595
    46.400    6.5418    3.9492    3.1215    447.3238    3.7365      426087114.1726
    46.400    7.8407    4.4834    3.4772    447.3238    3.7365      426087114.1726
    55.855    7.8367    4.4769    3.4775    482.8177    3.7301      548942850.0069
    65.311    7.8323    4.4702    3.4778    518.3117    3.7237      671598688.9221
    74.766    7.8273    4.4632    3.4780    553.8056    3.7173      794051939.4340
    84.221    7.8224    4.4562    3.4782    589.2996    3.7110      916301500.4350
    93.677    7.8173    4.4490    3.4783    624.7936    3.7046     1038347668.6211
   103.132    7.8110    4.4414    3.4782    660.2875    3.6983     1160185919.4514
   112.587    7.8055    4.4340    3.4782    695.7815    3.6920     1281814845.1417
   122.043    7.8000    4.4267    3.4782    731.2754    3.6857     1403237318.0022
   131.498    7.7943    4.4192    3.4782    766.7694    3.6795     1524453295.8779
   140.953    7.7878    4.4114    3.4779    802.2633    3.6733     1645459041.6768
   150.409    7.7820    4.4039    3.4778    837.7573    3.6671     1766254255.5105
   159.864    7.7754    4.3961    3.4775    873.2513    3.6609     1886839065.4091
   169.320    7.7695    4.3885    3.4774    908.7452    3.6548     2007213226.9603
   178.775    7.7630    4.3807    3.4770    944.2392    3.6487     2127376798.9677
   188.230    7.7571    4.3731    3.4768    979.7331    3.6427     2247329406.5943
   197.686    7.7508    4.3653    3.4764   1015.2271    3.6366     2367071603.3124
   207.141    7.7439    4.3574    3.4758   1050.7211    3.6306     2486599471.3396
   216.596    7.7381    4.3499    3.4755   1086.2150    3.6246     2605915596.2953
   226.052    7.7318    4.3421    3.4751   1121.7090    3.6187     2725021973.1148
   235.507    7.7247    4.3339    3.4746   1157.2029    3.6128     2843917156.1467
   244.963    7.7185    4.3262    3.4741   1192.6969    3.6069     2962602476.5939
   254.418    7.7118    4.3183    3.4737   1228.1908    3.6011     3081078329.8038
   263.873    7.7053    4.3105    3.4732   1263.6848    3.5953     3199345377.1078
   273.329    7.6987    4.3027    3.4727   1299.1788    3.5895     3317405119.7455
   282.784    7.6919    4.2948    3.4722   1334.6727    3.5837     3435258544.2085
   292.239    7.6835    4.2861    3.4716   1370.1667    3.5780     3552904804.7539
   301.695    7.6753    4.2776    3.4710   1405.6606    3.5724     3670343555.3962
   311.150    7.6675    4.2692    3.4705   1441.1546    3.5667     3787577946.5290
   320.606    7.6599    4.2608    3.4700   1476.6486    3.5611     3904611403.7776
   330.061    7.6521    4.2524    3.4695   1512.1425    3.5556     4021445131.8463
   339.516    7.6437    4.2438    3.4689   1547.6365    3.5501     4138077699.9513
   348.972    7.6354    4.2352    3.4683   1583.1304    3.5446     4254508550.1670
   358.427    7.6268    4.2264    3.4677   1618.6244    3.5392     4370739975.4425
   367.882    7.6183    4.2177    3.4670   1654.1183    3.5338     4486771942.2340
   377.338    7.6104    4.2093    3.4665   1689.6123    3.5284     4602606538.8138
   386.793    7.6023    4.2007    3.4659   1725.1063    3.5231     4718247251.7940
   396.248    7.5861    4.1890    3.4641   1760.6002    3.5178     4833674157.6113
   405.704    7.5838    4.1826    3.4645   1796.0942    3.5126     4948904484.1483
   415.159    7.5749    4.1737    3.4638   1831.5881    3.5074     5063958007.2744
   424.615    7.5632    4.1637    3.4627   1867.0821    3.5022     5178811117.6297
   448.384    7.5928    4.1714    3.4710   1871.2042    3.4894     5467408572.4686
   472.153    7.6330    4.1832    3.4809   1876.4222    3.4766     5755703131.7697
   495.922    7.6639    4.1916    3.4893   1880.6796    3.4639     6043700461.6748
   519.692    7.6947    4.2002    3.4977   1884.8891    3.4513     6331338015.7242
   543.461    7.7244    4.2082    3.5059   1889.0113    3.4388     6618610542.2115
   567.230    7.7533    4.2160    3.5140   1892.9832    3.4264     6905508221.6665
   590.999    7.7815    4.2236    3.5220   1896.9120    3.4141     7192024357.2658
   614.769    7.8095    4.2311    3.5299   1900.8706    3.4020     7478160243.6673
   638.538    7.8369    4.2386    3.5376   1904.5225    3.3900     7763910291.3607
   662.307    7.8644    4.2461    3.5454   1908.2813    3.3781     8049273348.5979
   686.077    7.8908    4.2531    3.5529   1911.8983    3.3664     8334252800.7510
   709.846    7.9171    4.2602    3.5604   1915.4400    3.3548     8618847801.1798
   733.615    7.9424    4.2669    3.5678   1918.8622    3.3435     8903059523.4818
   757.384    7.9682    4.2738    3.5752   1922.3082    3.3323     9186894363.0309
   781.154    7.9937    4.2807    3.5826   1925.7056    3.3213     9470364200.7002
   804.923    8.0186    4.2873    3.5898   1928.9795    3.3105     9753474576.6794
   828.692    8.0437    4.2941    3.5971   1932.2908    3.3000    10036236302.4496
   852.461    8.0683    4.3008    3.6042   1935.4413    3.2896    10318661651.6300
   876.231    8.0942    4.3081    3.6117   1938.8321    3.2795    10600773672.9376
   900.000    8.1187    4.3148    3.6188   1941.9130    3.2697    10882589379.4743
   916.970    8.1362    4.3197    3.6239   1944.0973    3.2628    11083527471.4588
   933.940    8.1536    4.3246    3.6291   1946.2397    3.2561    11284327361.6253
   950.910    8.1721    4.3300    3.6345   1948.5043    3.2495    11485004353.2093
   967.880    8.1889    4.3345    3.6394   1950.6142    3.2431    11685562191.2160
   984.850    8.2079    4.3404    3.6450   1952.7813    3.2368    11886014849.5018
  1001.820    8.2260    4.3458    3.6504   1954.8713    3.2307    12086382233.8005
  1018.790    8.2425    4.3503    3.6553   1956.9266    3.2248    12286652789.6428
  1035.760    8.2588    4.3547    3.6602   1958.9371    3.2190    12486821996.1728
  1052.730    8.2976    4.3746    3.6710   1962.8689    3.2134    12687060075.8242
  1069.700    8.3936    4.4338    3.6970   1975.3582    3.2077    12887952120.1441
  1086.670    8.5490    4.5452    3.7303   1990.7011    3.2019    13090107770.4594
  1103.640    8.6933    4.6512    3.7590   2004.3341    3.1960    13293582151.0152
  1120.610    8.7112    4.6586    3.7636   2007.0518    3.1900    13497580476.6104
  1137.580    8.7272    4.6630    3.7689   2009.4036    3.1843    13701465218.7078
  1154.550    8.7427    4.6676    3.7736   2011.8628    3.1787    13905252440.1981
  1171.520    8.7578    4.6720    3.7784   2014.3061    3.1734    14108943021.2669
  1188.490    8.7729    4.6762    3.7832   2016.6179    3.1683    14312550196.8769
  1205.460    8.7881    4.6806    3.7880   2019.0158    3.1634    14516087341.6503
  1222.430    8.8033    4.6849    3.7929   2021.4066    3.1588    14719570323.7506
  1239.400    8.8183    4.6892    3.7977   2023.7437    3.1544    14923013983.0677
  1256.370    8.8526    4.7052    3.8057   2028.4306    3.1502    15126517276.6473
  1273.340    8.8924    4.7240    3.8153   2033.5099    3.1463    15330224260.9302
  1290.310    8.9307    4.7421    3.8248   2038.6728    3.1426    15534186577.9385
  1307.280    8.9689    4.7604    3.8344   2043.7148    3.1390    15738416421.2173
  1324.250    9.0064    4.7780    3.8444   2048.7264    3.1357    15942940147.5082
  1341.220    9.0457    4.7968    3.8550   2054.1176    3.1327    16147797274.6851
  1358.190    9.0742    4.8087    3.8636   2057.7164    3.1298    16352965182.7695
  1375.160    9.0901    4.8124    3.8696   2059.7585    3.1273    16558335271.3673
  1392.130    9.1061    4.8160    3.8759   2061.7295    3.1251    16763863863.8016
  1409.100    9.1221    4.8194    3.8823   2063.7051    3.1232    16969581629.2400
  1426.070    9.1388    4.8232    3.8891   2065.7221    3.1216    17175524152.2661
  1443.040    9.1558    4.8263    3.8967   2067.5868    3.1204    17381745680.9437
  1460.010    9.2319    4.8640    3.9297   2082.6452    3.1193    17588962413.7197
  1476.980    9.2778    4.8880    3.9470   2088.3199    3.1184    17797441611.7600
  1493.950    9.3056    4.9021    3.9563   2094.0076    3.1177    18006559926.0583
  1510.920    9.3326    4.9160    3.9653   2099.2158    3.1174    18216116374.7227
  1527.890    9.3588    4.9295    3.9740   2104.6706    3.1175    18426119787.6883
  1544.860    9.3833    4.9418    3.9821   2109.6591    3.1180    18636572640.5364
  1561.830    9.4074    4.9542    3.9900   2114.5574    3.1189    18847482920.0726
  1561.830    5.3350    0.0000    4.0034         nan    3.1189    18847482920.0726
  1578.418    5.3486    0.0000    4.0082         nan    3.1200    19054728911.3071
  1595.006    5.3622    0.0000    4.0130         nan    3.1217    19262298827.0962
  1611.595    5.3759    0.0000    4.0177         nan    3.1238    19470224988.1052
  1628.183    5.3894    0.0000    4.0225         nan    3.1265    19678539963.6935
  1644.771    5.4023    0.0000    4.0270         nan    3.1297    19887273206.8587
  1661.359    5.4153    0.0000    4.0316         nan    3.1334    20096456957.6057
  1677.947    5.4283    0.0000    4.0362         nan    3.1378    20306129755.9634
  1694.535    5.4410    0.0000    4.0406         nan    3.1428    20516329597.4208
  1711.124    5.4534    0.0000    4.0450         nan    3.1484    20727092941.5830
  1711.124    5.1106    0.0000    6.4576         nan    3.1484    20727092941.5830
  1768.999    5.1752    0.0000    6.5015         nan    3.0514    21907765427.9447
  1826.874    5.2365    0.0000    6.5433         nan    2.9532    23059632313.2364
  1884.749    5.2946    0.0000    6.5830         nan    2.8537    24181373487.3981
  1942.624    5.3496    0.0000    6.6208         nan    2.7531    25271736158.2918
  2000.499    5.4018    0.0000    6.6567         nan    2.6515    26329531877.4996
  2058.374    5.4512    0.0000    6.6907         nan    2.5488    27353634079.3310
  2116.249    5.4979    0.0000    6.7230         nan    2.4452    28342976079.0886
  2174.124    5.5421    0.0000    6.7536         nan    2.3407    29296549497.5168
  2231.999    5.5838    0.0000    6.7825         nan    2.2354    30213403100.7091
  2289.874    5.6230    0.0000    6.8098         nan    2.1293    31092642070.7005
  2347.749    5.6599    0.0000    6.8354         nan    2.0226    31933427750.7995
  2405.624    5.6945    0.0000    6.8596         nan    1.9152    32734977951.4973
  2463.499    5.7269    0.0000    6.8822         nan    1.8073    33496567960.8135
  2521.374    5.7571    0.0000    6.9033         nan    1.6989    34217532492.5465
  2579.249    5.7852    0.0000    6.9229         nan    1.5902    34897268948.7654
  2637.124    5.8111    0.0000    6.9411         nan    1.4812    35535242603.9540
  2694.999    5.8350    0.0000    6.9579         nan    1.3722    36130994718.0586
  2752.874    5.8569    0.0000    6.9732         nan    1.2632    36684155292.9758
  2810.750    5.8768    0.0000    6.9872         nan    1.1546    37194463495.7047
  2868.625    5.8947    0.0000    6.9998         nan    1.0469    37661801305.9900
  2926.500    5.9107    0.0000    7.0110         nan    0.9406    38086251150.9162
  2984.375    5.9248    0.0000    7.0209         nan    0.8371    38468199675.0864
  3042.250    5.9369    0.0000    7.0295         nan    0.7383    38808536747.5862
  3100.125    5.9472    0.0000    7.0367         nan    0.6490    39109069176.8769
  3158.000    5.9556    0.0000    7.0426         nan    0.5798    39373476667.2171
  3215.875    5.9621    0.0000    7.0472         nan    0.5621    39609863730.6874
  3273.750    5.9667    0.0000    7.0505         nan    0.7229    39839167898.9145
  3331.625    5.9695    0.0000    7.0524         nan    2.0931    40134205471.7370
  3389.500    5.9704    0.0000    7.0531         nan    0.0000    40988578986.6867
