# Depth[km]  Vp[km/s]  Vs[km/s] Rho[g/cm3]    T[K]     g[m/s2]         P[Pa]        
     0.000    3.8046    2.2305    1.8036    273.1500    3.7291              0.0000
    11.244    3.8046    2.2305    1.8036    317.1305    3.7369       75627071.5175
    11.244    4.9628    2.9095    2.3527    317.1305    3.7369       75627071.5175
    26.940    4.9628    2.9095    2.3527    378.5299    3.7407      213624322.9047
    26.940    6.4471    3.7797    3.0564    378.5299    3.7407      213624322.9047
    44.334    6.4471    3.7797    3.0564    446.5700    3.7349      412489622.0677
    44.334    7.9497    4.5312    3.4838    446.5700    3.7349      412489622.0677
    54.003    7.9438    4.5232    3.4838    484.3913    3.7283      538295267.1694
    63.671    7.9376    4.5150    3.4837    522.2125    3.7216      663875161.3569
    73.340    7.9309    4.5064    3.4836    560.0338    3.7150      789227970.9203
    83.009    7.9242    4.4979    3.4834    597.8550    3.7085      914352485.3562
    92.677    7.9166    4.4889    3.4830    635.6763    3.7019     1039245012.8452
   102.346    7.9095    4.4803    3.4827    673.4975    3.6954     1163905727.5519
   112.015    7.9024    4.4716    3.4824    711.3188    3.6889     1288336900.4419
   121.683    7.8950    4.4628    3.4821    749.1400    3.6825     1412537710.0059
   131.352    7.8872    4.4538    3.4816    786.9613    3.6760     1536505781.7340
   141.021    7.8798    4.4450    3.4812    824.7825    3.6696     1660241029.5620
   150.689    7.8720    4.4362    3.4806    862.6038    3.6633     1783744039.8824
   160.358    7.8639    4.4271    3.4800    900.4250    3.6569     1907012274.9987
   170.026    7.8567    4.4184    3.4795    938.2463    3.6506     2030047720.1251
   179.695    7.8488    4.4095    3.4789    976.0675    3.6443     2152851189.8388
   189.364    7.8410    4.4007    3.4783   1013.8888    3.6381     2275421222.1403
   199.032    7.8327    4.3916    3.4775   1051.7101    3.6319     2397756456.5373
   208.701    7.8253    4.3829    3.4768   1089.5313    3.6257     2519856980.4199
   218.370    7.8173    4.3740    3.4761   1127.3526    3.6196     2641725986.8534
   228.038    7.8094    4.3650    3.4754   1165.1738    3.6135     2763364389.1233
   237.707    7.8019    4.3563    3.4747   1202.9951    3.6074     2884773147.3949
   247.376    7.7944    4.3477    3.4738   1240.8163    3.6014     3005950945.6058
   257.044    7.7864    4.3388    3.4730   1278.6376    3.5954     3126897791.8763
   266.713    7.7786    4.3298    3.4723   1316.4588    3.5895     3247617740.1910
   276.381    7.7705    4.3210    3.4714   1354.2801    3.5836     3368109889.4160
   286.050    7.7635    4.3125    3.4706   1392.1013    3.5777     3488374043.2636
   295.719    7.7555    4.3036    3.4698   1429.9226    3.5719     3608412824.2336
   305.387    7.7484    4.2951    3.4690   1467.7438    3.5661     3728227934.4626
   315.056    7.7400    4.2861    3.4680   1505.5651    3.5603     3847818737.9258
   324.725    7.7323    4.2773    3.4672   1543.3863    3.5546     3967185280.5317
   334.393    7.7241    4.2684    3.4662   1581.2076    3.5489     4086328785.1734
   344.062    7.7167    4.2597    3.4653   1619.0288    3.5433     4205250149.6247
   353.731    7.7090    4.2509    3.4645   1656.8501    3.5377     4323953265.6233
   363.399    7.7008    4.2419    3.4634   1694.6713    3.5322     4442436678.4272
   373.068    7.6931    4.2332    3.4625   1732.4926    3.5267     4560701844.3399
   382.736    7.6847    4.2240    3.4614   1770.3138    3.5213     4678749696.3367
   392.405    7.6773    4.2154    3.4606   1808.1351    3.5159     4796582036.8269
   402.074    7.6689    4.2063    3.4595   1845.9563    3.5105     4914201190.0530
   411.742    7.6602    4.1969    3.4584   1883.7776    3.5052     5031603295.5321
   421.411    7.6521    4.1879    3.4575   1921.5988    3.4999     5148793570.5140
   431.080    7.6419    4.1778    3.4564   1959.4201    3.4947     5265774868.7578
   454.526    7.6727    4.1874    3.4649   1964.1480    3.4822     5549331599.0967
   477.972    7.7012    4.1961    3.4731   1968.6932    3.4697     5832554646.9366
   501.418    7.7293    4.2047    3.4813   1973.1582    3.4574     6115430065.3057
   524.864    7.7548    4.2122    3.4892   1977.4699    3.4451     6397947705.4925
   548.310    7.7811    4.2200    3.4972   1981.8947    3.4329     6680105723.2173
   571.756    7.8069    4.2277    3.5051   1986.2294    3.4209     6961908650.6989
   595.202    7.8316    4.2348    3.5128   1990.3007    3.4089     7243346271.9650
   618.648    7.8572    4.2425    3.5206   1994.4900    3.3971     7524420538.0883
   642.094    7.8812    4.2495    3.5282   1998.4477    3.3854     7805134347.0257
   665.540    7.9060    4.2567    3.5360   2002.6918    3.3739     8085493579.0821
   688.986    7.9295    4.2635    3.5434   2006.5380    3.3625     8365501780.0121
   712.432    7.9531    4.2703    3.5509   2010.4045    3.3513     8645155887.3461
   735.878    7.9763    4.2770    3.5583   2014.1444    3.3403     8924462634.3702
   759.324    8.0008    4.2843    3.5659   2018.0069    3.3294     9203437038.7869
   782.770    8.0238    4.2909    3.5733   2021.7106    3.3188     9482090670.7086
   806.216    8.0474    4.2980    3.5807   2025.2600    3.3083     9760426680.7783
   829.662    8.0703    4.3046    3.5881   2028.8258    3.2981    10038457600.0001
   853.108    8.0937    4.3116    3.5955   2032.3463    3.2880    10316199646.0237
   876.554    8.1173    4.3187    3.6031   2035.8402    3.2782    10593673748.2410
   900.000    8.1409    4.3259    3.6106   2039.2163    3.2687    10870899053.0319
   917.362    8.1588    4.3315    3.6163   2041.7023    3.2618    11075958774.0433
   934.723    8.1767    4.3371    3.6220   2044.2511    3.2550    11280908889.4037
   952.085    8.1952    4.3432    3.6279   2046.6796    3.2484    11485761931.3962
   969.446    8.2135    4.3490    3.6338   2049.1709    3.2419    11690530385.9302
   986.808    8.2339    4.3562    3.6402   2051.7618    3.2356    11895237065.5004
  1004.170    8.2535    4.3630    3.6466   2054.2903    3.2294    12099902125.2166
  1021.531    8.2730    4.3697    3.6529   2056.7822    3.2234    12304533839.8837
  1038.893    8.2953    4.3780    3.6601   2059.2513    3.2175    12509163883.8831
  1056.254    8.3114    4.3828    3.6655   2061.5227    3.2119    12713773597.8228
  1073.616    8.3275    4.3876    3.6709   2063.7423    3.2064    12918323330.1602
  1090.978    8.3436    4.3924    3.6763   2066.0443    3.2011    13122825302.3956
  1108.339    8.3984    4.4234    3.6918   2072.3017    3.1960    13327571699.9721
  1125.701    8.5417    4.5149    3.7299   2086.4994    3.1907    13533475152.3249
  1143.062    8.7101    4.6231    3.7735   2105.1677    3.1852    13741303642.6721
  1160.424    8.8079    4.6830    3.7991   2111.0309    3.1794    13950684599.7406
  1177.786    8.8232    4.6874    3.8043   2113.5269    3.1737    14160538886.9672
  1195.147    8.8399    4.6920    3.8104   2116.0684    3.1683    14370328559.7219
  1212.509    8.8558    4.6964    3.8160   2118.5672    3.1630    14580078348.7493
  1229.870    8.8717    4.7008    3.8216   2121.0434    3.1580    14789791429.9723
  1247.232    8.8878    4.7054    3.8274   2123.5551    3.1533    14999486409.9992
  1264.594    8.9035    4.7098    3.8331   2126.0870    3.1488    15209179741.4030
  1281.955    8.9195    4.7143    3.8389   2128.5790    3.1446    15418887705.0820
  1299.317    8.9355    4.7189    3.8448   2131.1263    3.1406    15628632281.4768
  1316.678    8.9511    4.7233    3.8504   2133.6245    3.1370    15838426939.9565
  1334.040    8.9670    4.7280    3.8562   2136.1508    3.1336    16048289474.2735
  1351.402    8.9827    4.7326    3.8621   2138.6715    3.1305    16258243602.6909
  1368.763    8.9981    4.7371    3.8677   2141.2025    3.1278    16468305232.6319
  1386.125    9.0284    4.7510    3.8760   2145.8057    3.1254    16678562564.7971
  1403.486    9.0690    4.7716    3.8865   2151.6160    3.1232    16889164992.3752
  1420.848    9.1100    4.7927    3.8970   2157.4974    3.1214    17100192806.6158
  1438.210    9.1503    4.8135    3.9077   2163.6693    3.1199    17311671621.1216
  1455.571    9.1899    4.8343    3.9183   2169.7889    3.1186    17523621252.6672
  1472.933    9.2320    4.8571    3.9296   2175.9894    3.1177    17736080533.9129
  1490.294    9.2723    4.8788    3.9408   2182.5348    3.1172    17949087775.3019
  1507.656    9.3134    4.9015    3.9522   2189.1543    3.1170    18162668360.6942
  1525.018    9.3301    4.9076    3.9581   2191.5605    3.1171    18376701745.3357
  1542.379    9.3441    4.9120    3.9632   2193.8844    3.1178    18591045701.0841
  1559.741    9.3583    4.9167    3.9685   2196.2219    3.1189    18805716923.5785
  1577.102    9.3723    4.9213    3.9737   2198.5683    3.1206    19020750585.8483
  1577.102    4.9373    0.0000    4.0507         nan    3.1206    19020750585.8483
  1594.012    4.9507    0.0000    4.0565         nan    3.1216    19234654250.0320
  1610.922    4.9642    0.0000    4.0623         nan    3.1232    19448934320.1840
  1627.832    4.9777    0.0000    4.0681         nan    3.1252    19663625053.2677
  1644.742    4.9909    0.0000    4.0738         nan    3.1278    19878760128.4412
  1661.652    5.0037    0.0000    4.0793         nan    3.1309    20094369988.0295
  1678.561    5.0166    0.0000    4.0849         nan    3.1346    20310489068.2729
  1695.471    5.0294    0.0000    4.0904         nan    3.1390    20527158627.6290
  1712.381    5.0418    0.0000    4.0958         nan    3.1439    20744417665.0368
  1729.291    5.0540    0.0000    4.1011         nan    3.1496    20962304555.4723
  1729.291    4.9810    0.0000    6.5315         nan    3.1496    20962304555.4723
  1786.540    5.0588    0.0000    6.5776         nan    3.0525    22144152318.6846
  1843.788    5.1322    0.0000    6.6213         nan    2.9540    23297415848.6092
  1901.037    5.2015    0.0000    6.6627         nan    2.8543    24420672906.5157
  1958.285    5.2669    0.0000    6.7019         nan    2.7533    25512582631.9066
  2015.534    5.3287    0.0000    6.7389         nan    2.6512    26571879788.7474
  2072.782    5.3870    0.0000    6.7740         nan    2.5481    27597369872.7559
  2130.031    5.4420    0.0000    6.8071         nan    2.4439    28587924907.9052
  2187.280    5.4939    0.0000    6.8383         nan    2.3387    29542479799.2957
  2244.528    5.5427    0.0000    6.8678         nan    2.2327    30460029126.5185
  2301.777    5.5885    0.0000    6.8955         nan    2.1258    31339624287.3164
  2359.025    5.6316    0.0000    6.9215         nan    2.0180    32180370904.7832
  2416.274    5.6718    0.0000    6.9460         nan    1.9095    32981426416.9526
  2473.523    5.7095    0.0000    6.9688         nan    1.8003    33741997762.8542
  2530.771    5.7445    0.0000    6.9901         nan    1.6904    34461339063.9307
  2588.020    5.7770    0.0000    7.0099         nan    1.5798    35138749167.5408
  2645.268    5.8071    0.0000    7.0281         nan    1.4686    35773568862.4594
  2702.517    5.8347    0.0000    7.0450         nan    1.3568    36365177477.1516
  2759.766    5.8600    0.0000    7.0604         nan    1.2443    36912988383.0152
  2817.014    5.8830    0.0000    7.0744         nan    1.1312    37416442580.3001
  2874.263    5.9036    0.0000    7.0870         nan    1.0174    37874998870.0820
  2931.511    5.9220    0.0000    7.0982         nan    0.9028    38288117728.6322
  2988.760    5.9382    0.0000    7.1081         nan    0.7870    38655232964.6695
  3046.008    5.9522    0.0000    7.1166         nan    0.6697    38975698047.7127
  3103.257    5.9640    0.0000    7.1238         nan    0.5495    39248675218.5866
  3160.506    5.9736    0.0000    7.1297         nan    0.4238    39472879970.3790
  3217.754    5.9811    0.0000    7.1343         nan    0.2841    39645899699.2371
  3275.003    5.9864    0.0000    7.1375         nan    0.0967    39761949599.0774
  3332.251    5.9896    0.0000    7.1395         nan   -0.4131    39801452636.8199
  3389.500    5.9907    0.0000    7.1401         nan    0.0000    39632592169.0086
