# Depth[km]  Vp[km/s]  Vs[km/s] Rho[g/cm3]    T[K]     g[m/s2]         P[Pa]        
     0.000    3.4168    2.0446    1.5779    273.1500    3.7291              0.0000
    10.393    3.4168    2.0446    1.5779    312.2273    3.7383       61151066.6216
    10.393    5.0198    3.0038    2.3181    312.2273    3.7383       61151066.6216
    27.012    5.0198    3.0038    2.3181    374.7207    3.7428      205164982.4727
    27.012    6.4655    3.8689    2.9857    374.7207    3.7428      205164982.4727
    41.607    6.4655    3.8689    2.9857    429.6049    3.7388      368268411.2755
    41.607    7.8424    4.4865    3.4769    429.6049    3.7388      368268411.2755
    51.646    7.8383    4.4797    3.4773    467.3546    3.7320      498777411.9444
    61.685    7.8338    4.4726    3.4777    505.1043    3.7252      629061574.2054
    71.724    7.8288    4.4654    3.4779    542.8540    3.7184      759118604.1324
    81.763    7.8235    4.4578    3.4781    580.6037    3.7116      888945974.6373
    91.801    7.8180    4.4503    3.4782    618.3534    3.7049     1018542591.9468
   101.840    7.8114    4.4422    3.4781    656.1031    3.6981     1147904674.1226
   111.879    7.8056    4.4344    3.4782    693.8528    3.6915     1277030973.8567
   121.918    7.7996    4.4265    3.4782    731.6025    3.6848     1405924200.3627
   131.957    7.7936    4.4186    3.4781    769.3522    3.6782     1534584378.5071
   141.995    7.7867    4.4103    3.4778    807.1019    3.6716     1663007401.1263
   152.034    7.7804    4.4023    3.4777    844.8516    3.6650     1791192692.9198
   162.073    7.7735    4.3940    3.4774    882.6013    3.6585     1919140113.4894
   172.112    7.7673    4.3860    3.4772    920.3510    3.6520     2046849741.0024
   182.151    7.7600    4.3775    3.4768    958.1007    3.6455     2174321146.7240
   192.190    7.7534    4.3693    3.4764    995.8505    3.6391     2301551956.9020
   202.228    7.7475    4.3614    3.4761   1033.6002    3.6327     2428546457.6079
   212.267    7.7401    4.3529    3.4755   1071.3499    3.6263     2555301501.5133
   222.306    7.7334    4.3447    3.4750   1109.0996    3.6200     2681814716.6516
   232.345    7.7262    4.3362    3.4745   1146.8493    3.6137     2808089399.7170
   242.384    7.7191    4.3277    3.4741   1184.5990    3.6074     2934126803.1081
   252.423    7.7122    4.3195    3.4736   1222.3487    3.6012     3059928209.4243
   262.461    7.7054    4.3112    3.4730   1260.0984    3.5950     3185494179.1397
   272.500    7.6983    4.3028    3.4725   1297.8481    3.5889     3310825762.6957
   282.539    7.6901    4.2940    3.4718   1335.5978    3.5828     3435921302.6834
   292.578    7.6815    4.2850    3.4712   1373.3475    3.5767     3560780814.6272
   302.617    7.6732    4.2760    3.4707   1411.0972    3.5707     3685409392.3296
   312.655    7.6653    4.2672    3.4702   1448.8469    3.5647     3809810471.2329
   322.694    7.6565    4.2581    3.4696   1486.5966    3.5588     3933982695.6993
   332.733    7.6483    4.2492    3.4690   1524.3463    3.5529     4057927248.3377
   342.772    7.6399    4.2402    3.4685   1562.0960    3.5470     4181647844.3894
   352.811    7.6299    4.2306    3.4677   1599.8457    3.5412     4305140088.7756
   362.850    7.6213    4.2215    3.4671   1637.5954    3.5355     4428405043.8904
   372.888    7.6123    4.2123    3.4664   1675.3451    3.5298     4551447014.1481
   382.927    7.6037    4.2031    3.4658   1713.0948    3.5241     4674267304.0249
   392.966    7.5875    4.1911    3.4640   1750.8445    3.5185     4796847556.7211
   403.005    7.5846    4.1842    3.4643   1788.5942    3.5129     4919206162.8524
   413.044    7.5752    4.1748    3.4636   1826.3439    3.5074     5041364224.9070
   423.083    7.5628    4.1641    3.4624   1864.0936    3.5019     5163296424.2646
   433.121    7.5545    4.1551    3.4619   1901.8433    3.4965     5285007734.0608
   443.160    7.5462    4.1460    3.4613   1939.5931    3.4911     5406510759.2884
   466.002    7.5745    4.1533    3.4693   1943.7473    3.4790     5682845124.7106
   488.844    7.6024    4.1605    3.4772   1947.8388    3.4669     5958849045.1540
   511.686    7.6415    4.1722    3.4867   1953.0203    3.4549     6234586040.6839
   534.528    7.6709    4.1802    3.4947   1957.2222    3.4430     6510062558.2690
   557.370    7.7005    4.1883    3.5028   1961.4903    3.4312     6785223209.8946
   580.212    7.7282    4.1958    3.5106   1965.4563    3.4195     7060060753.2355
   603.054    7.7554    4.2031    3.5183   1969.3928    3.4079     7334563954.6142
   625.896    7.7818    4.2100    3.5258   1973.2095    3.3964     7608728731.8093
   648.738    7.8097    4.2178    3.5335   1977.1467    3.3851     7882560811.4251
   671.580    7.8355    4.2247    3.5408   1980.8155    3.3739     8156061020.3410
   694.422    7.8610    4.2315    3.5482   1984.4354    3.3628     8429222652.8305
   717.264    7.8860    4.2380    3.5554   1988.0429    3.3520     8702050432.5500
   740.106    7.9114    4.2449    3.5626   1991.5391    3.3412     8974548614.0738
   762.948    7.9363    4.2516    3.5698   1994.9944    3.3307     9246722764.0525
   785.790    7.9610    4.2582    3.5769   1998.4441    3.3203     9518580914.9566
   808.632    7.9849    4.2645    3.5839   2001.7431    3.3101     9790127372.2930
   831.474    8.0095    4.2713    3.5909   2005.0732    3.3002    10061372101.1632
   854.316    8.0332    4.2777    3.5978   2008.2475    3.2904    10332326323.5676
   877.158    8.0572    4.2841    3.6049   2011.5392    3.2809    10603004195.8837
   900.000    8.0816    4.2909    3.6119   2014.7769    3.2716    10873427389.5472
   916.778    8.0997    4.2961    3.6172   2017.1769    3.2650    11071830601.1593
   933.555    8.1172    4.3010    3.6223   2019.4072    3.2585    11270113643.1940
   950.333    8.1346    4.3058    3.6274   2021.6417    3.2521    11468280731.8735
   967.110    8.1520    4.3107    3.6325   2023.8556    3.2458    11666339442.4875
   983.888    8.1709    4.3164    3.6381   2026.1894    3.2398    11864308486.5225
  1000.665    8.1887    4.3217    3.6434   2028.3971    3.2338    12062202249.0962
  1017.443    8.2044    4.3257    3.6481   2030.5549    3.2281    12260004957.6291
  1034.220    8.2225    4.3310    3.6535   2032.6294    3.2225    12457728417.5691
  1050.998    8.2384    4.3352    3.6582   2034.7075    3.2171    12655383376.8295
  1067.775    8.2544    4.3395    3.6630   2036.7687    3.2119    12852963411.8562
  1084.553    8.3456    4.3953    3.6873   2046.1439    3.2067    13051006529.4197
  1101.330    8.4637    4.4695    3.7185   2057.4219    3.2014    13250225322.9649
  1118.108    8.5936    4.5515    3.7524   2069.5968    3.1959    13450865643.1038
  1134.885    8.6085    4.5551    3.7570   2073.5423    3.1904    13652194007.3669
  1151.663    8.6246    4.5593    3.7620   2076.1054    3.1852    13853432099.9126
  1168.441    8.6404    4.5634    3.7668   2078.3313    3.1801    14054598660.8920
  1185.218    8.6559    4.5675    3.7716   2080.5144    3.1752    14255700582.2626
  1201.996    8.6715    4.5717    3.7764   2082.6907    3.1706    14456750963.4415
  1218.773    8.6870    4.5757    3.7813   2084.8624    3.1662    14657766705.4493
  1235.551    8.7008    4.5785    3.7858   2091.7097    3.1621    14858753598.7989
  1252.328    8.7517    4.6210    3.7917   2095.8589    3.1582    15059755401.4919
  1269.106    8.7807    4.6398    3.7973   2101.6018    3.1546    15260814565.4881
  1285.883    8.8323    4.6793    3.8049   2105.2875    3.1512    15461988967.9551
  1302.661    8.8717    4.6979    3.8143   2110.5206    3.1480    15663396645.8738
  1319.438    8.9097    4.7158    3.8238   2115.8073    3.1451    15865103439.7511
  1336.216    8.9489    4.7346    3.8338   2121.0919    3.1423    16067134733.0472
  1352.993    8.9881    4.7531    3.8442   2126.4239    3.1399    16269528229.4681
  1369.771    9.0288    4.7721    3.8556   2131.9996    3.1376    16472338382.0805
  1386.548    9.0625    4.7888    3.8644   2136.9409    3.1356    16675534659.4906
  1403.326    9.0815    4.7921    3.8730   2138.7970    3.1339    16879058419.4127
  1420.104    9.0978    4.7959    3.8795   2140.8930    3.1325    17082868873.5212
  1436.881    9.1151    4.7992    3.8870   2142.9219    3.1315    17286958305.4457
  1453.659    9.1324    4.8027    3.8946   2144.9676    3.1308    17491375313.0774
  1470.436    9.1505    4.8057    3.9032   2146.9423    3.1304    17696171492.5909
  1487.214    9.2199    4.8402    3.9333   2158.7206    3.1303    17901960846.7904
  1503.991    9.2474    4.8536    3.9427   2164.5443    3.1303    18108776420.2943
  1520.769    9.2719    4.8652    3.9512   2169.6572    3.1307    18316064444.9374
  1537.546    9.2994    4.8794    3.9604   2175.0662    3.1315    18523846045.4129
  1554.324    9.3253    4.8927    3.9691   2180.1605    3.1327    18732153089.1411
  1554.324    5.0309    0.0000    4.0249         nan    3.1327    18732153089.1411
  1569.132    5.0431    0.0000    4.0298         nan    3.1335    18918979849.1179
  1583.940    5.0553    0.0000    4.0347         nan    3.1346    19106078014.1677
  1598.748    5.0675    0.0000    4.0396         nan    3.1361    19293469762.8757
  1613.556    5.0797    0.0000    4.0444         nan    3.1380    19481178148.2227
  1628.364    5.0915    0.0000    4.0492         nan    3.1403    19669223278.8988
  1643.172    5.1031    0.0000    4.0538         nan    3.1431    19857624815.3061
  1657.980    5.1147    0.0000    4.0585         nan    3.1462    20046407343.2071
  1672.788    5.1263    0.0000    4.0631         nan    3.1499    20235597956.8606
  1687.595    5.1376    0.0000    4.0677         nan    3.1540    20425222503.5605
  1687.595    5.2605    0.0000    6.3932         nan    3.1540    20425222503.5605
  1746.282    5.3281    0.0000    6.4348         nan    3.0562    21612432057.1321
  1804.968    5.3921    0.0000    6.4745         nan    2.9571    22770116935.2011
  1863.655    5.4528    0.0000    6.5121         nan    2.8569    23896990407.8538
  1922.341    5.5103    0.0000    6.5479         nan    2.7556    24991832193.2188
  1981.027    5.5648    0.0000    6.5819         nan    2.6533    26053485098.8231
  2039.714    5.6164    0.0000    6.6141         nan    2.5499    27080852159.3329
  2098.400    5.6652    0.0000    6.6446         nan    2.4456    28072894200.9860
  2157.086    5.7112    0.0000    6.6735         nan    2.3405    29028627775.9285
  2215.773    5.7547    0.0000    6.7008         nan    2.2345    29947123427.2459
  2274.459    5.7956    0.0000    6.7265         nan    2.1277    30827504262.2177
  2333.145    5.8341    0.0000    6.7507         nan    2.0203    31668944825.4906
  2391.832    5.8701    0.0000    6.7735         nan    1.9121    32470670278.9610
  2450.518    5.9039    0.0000    6.7948         nan    1.8034    33231955921.0700
  2509.205    5.9353    0.0000    6.8147         nan    1.6941    33952127110.8155
  2567.891    5.9646    0.0000    6.8332         nan    1.5843    34630559708.1360
  2626.577    5.9916    0.0000    6.8503         nan    1.4741    35266681224.7169
  2685.264    6.0165    0.0000    6.8661         nan    1.3635    35859973010.4842
  2743.950    6.0393    0.0000    6.8806         nan    1.2527    36409974037.8573
  2802.636    6.0601    0.0000    6.8937         nan    1.1417    36916287281.0786
  2861.323    6.0787    0.0000    6.9056         nan    1.0308    37378590531.8441
  2920.009    6.0954    0.0000    6.9162         nan    0.9201    37796655217.8865
  2978.695    6.1100    0.0000    6.9255         nan    0.8102    38170380571.7725
  3037.382    6.1226    0.0000    6.9335         nan    0.7017    38499859444.3116
  3096.068    6.1333    0.0000    6.9403         nan    0.5961    38785515411.5587
  3154.755    6.1420    0.0000    6.9459         nan    0.4972    39028419881.1021
  3213.441    6.1488    0.0000    6.9502         nan    0.4152    39231138921.4607
  3272.127    6.1536    0.0000    6.9532         nan    0.3924    39400523813.6925
  3330.814    6.1565    0.0000    6.9551         nan    0.7709    39560670179.9464
  3389.500    6.1575    0.0000    6.9557         nan    0.0000    39875357847.9255
