# Depth[km]  Vp[km/s]  Vs[km/s] Rho[g/cm3]    T[K]     g[m/s2]         P[Pa]        
     0.000    3.4523    2.0573    1.5533    273.1500    3.7291              0.0000
     9.280    3.4523    2.0573    1.5533    310.1600    3.7375       53750371.2303
     9.280    4.6401    2.7652    2.0877    310.1600    3.7375       53750371.2303
    30.722    4.6401    2.7652    2.0877    395.6879    3.7475      221058692.0594
    30.722    5.7085    3.4018    2.5684    395.6879    3.7475      221058692.0594
    49.335    5.7085    3.4018    2.5684    469.9303    3.7491      400212350.6760
    49.335    7.9963    4.5409    3.5192    469.9303    3.7491      400212350.6760
    58.901    7.9886    4.5313    3.5189    508.0880    3.7424      526424391.9393
    68.468    7.9805    4.5215    3.5185    546.2458    3.7356      652396920.5469
    78.034    7.9722    4.5115    3.5181    584.4035    3.7289      778128712.9799
    87.600    7.9635    4.5015    3.5175    622.5613    3.7223      903617799.7857
    97.167    7.9549    4.4916    3.5171    660.7190    3.7156     1028864632.2153
   106.733    7.9464    4.4818    3.5166    698.8768    3.7090     1153870559.4419
   116.300    7.9379    4.4721    3.5161    737.0345    3.7024     1278635965.0090
   125.866    7.9288    4.4621    3.5154    775.1923    3.6959     1403159389.4494
   135.432    7.9201    4.4523    3.5148    813.3500    3.6894     1527440275.5144
   144.999    7.9108    4.4424    3.5141    851.5078    3.6829     1651479068.1632
   154.565    7.9016    4.4325    3.5134    889.6655    3.6764     1775274605.2474
   164.131    7.8931    4.4230    3.5128    927.8233    3.6700     1898829479.1469
   173.698    7.8839    4.4133    3.5120    965.9810    3.6636     2022143851.9231
   183.264    7.8747    4.4035    3.5112   1004.1388    3.6572     2145216334.6313
   192.831    7.8655    4.3938    3.5104   1042.2965    3.6509     2268047168.7928
   202.397    7.8566    4.3843    3.5096   1080.4543    3.6446     2390637359.3188
   211.963    7.8471    4.3745    3.5088   1118.6120    3.6383     2512987367.8676
   221.530    7.8381    4.3649    3.5080   1156.7698    3.6321     2635098212.8334
   231.096    7.8292    4.3555    3.5072   1194.9275    3.6259     2756972106.7162
   240.662    7.8202    4.3460    3.5063   1233.0853    3.6197     2878608661.1953
   250.229    7.8103    4.3360    3.5053   1271.2430    3.6136     3000006984.9194
   259.795    7.8015    4.3266    3.5045   1309.4008    3.6075     3121168874.5882
   269.362    7.7934    4.3177    3.5036   1347.5585    3.6015     3242097123.2338
   278.928    7.7844    4.3080    3.5027   1385.7163    3.5955     3362791294.5800
   288.494    7.7753    4.2987    3.5017   1423.8740    3.5895     3483251492.3372
   298.061    7.7672    4.2897    3.5008   1462.0318    3.5836     3603480480.7425
   307.627    7.7585    4.2804    3.4998   1500.1895    3.5777     3723478000.0896
   317.193    7.7491    4.2706    3.4988   1538.3473    3.5719     3843243724.7446
   326.760    7.7401    4.2613    3.4978   1576.5050    3.5660     3962780304.4733
   336.326    7.7313    4.2520    3.4969   1614.6628    3.5603     4082089589.6855
   345.893    7.7222    4.2425    3.4959   1652.8205    3.5545     4201172539.2174
   355.459    7.7135    4.2333    3.4949   1690.9783    3.5489     4320030193.8044
   365.025    7.7045    4.2238    3.4939   1729.1361    3.5432     4438663690.7552
   374.592    7.6947    4.2140    3.4927   1767.2938    3.5376     4557072194.4339
   384.158    7.6858    4.2046    3.4917   1805.4516    3.5321     4675257354.3299
   393.724    7.6771    4.1952    3.4907   1843.6093    3.5266     4793222800.7377
   403.291    7.6676    4.1855    3.4896   1881.7671    3.5211     4910969277.0233
   412.857    7.6583    4.1760    3.4886   1919.9248    3.5157     5028497094.4998
   422.424    7.6492    4.1664    3.4874   1958.0826    3.5103     5145807172.6017
   431.990    7.6394    4.1566    3.4863   1996.2403    3.5050     5262900422.7086
   455.390    7.6692    4.1660    3.4949   2001.0400    3.4921     5549196484.3930
   478.791    7.6974    4.1748    3.5034   2005.7634    3.4792     5835133194.1776
   502.191    7.7257    4.1838    3.5117   2010.3857    3.4664     6120702017.1871
   525.592    7.7528    4.1923    3.5199   2014.8023    3.4538     6405892508.6579
   548.992    7.7791    4.2005    3.5280   2019.1907    3.4412     6690695700.1375
   572.393    7.8049    4.2085    3.5360   2023.4773    3.4287     6975110600.2400
   595.793    7.8307    4.2166    3.5440   2027.6818    3.4163     7259136263.6186
   619.194    7.8554    4.2242    3.5518   2031.7613    3.4040     7542766332.8616
   642.594    7.8808    4.2322    3.5597   2035.8546    3.3919     7826003515.0451
   665.995    7.9055    4.2399    3.5675   2039.7683    3.3799     8108853198.7455
   689.395    7.9306    4.2479    3.5753   2043.7461    3.3680     8391319307.1314
   712.796    7.9548    4.2555    3.5831   2047.5029    3.3563     8673407546.1259
   736.196    7.9792    4.2632    3.5908   2051.2455    3.3447     8955122188.3165
   759.597    8.0039    4.2710    3.5986   2055.0336    3.3333     9236474908.6351
   782.997    8.0282    4.2788    3.6064   2058.6541    3.3221     9517477508.5868
   806.398    8.0527    4.2867    3.6143   2062.2362    3.3111     9798143580.3640
   829.798    8.0772    4.2948    3.6221   2065.6915    3.3002    10078484496.7441
   853.199    8.1029    4.3035    3.6303   2069.2706    3.2896    10358524049.9019
   876.599    8.1283    4.3121    3.6385   2072.6538    3.2791    10638289673.0497
   900.000    8.1542    4.3210    3.6468   2076.0371    3.2689    10917802743.3854
   917.047    8.1738    4.3280    3.6532   2078.4852    3.2616    11121196025.5981
   934.093    8.1940    4.3353    3.6597   2080.8811    3.2544    11324490122.2192
   951.140    8.2148    4.3431    3.6664   2083.3306    3.2473    11527703561.2389
   968.187    8.2367    4.3516    3.6735   2085.7708    3.2404    11730859346.3681
   985.233    8.2555    4.3583    3.6797   2088.1213    3.2335    11933947132.2819
  1002.280    8.2836    4.3704    3.6887   2090.6455    3.2268    12137025815.0118
  1019.327    8.3030    4.3771    3.6956   2093.2823    3.2202    12340120578.0903
  1036.373    8.3195    4.3824    3.7015   2095.6316    3.2138    12543152702.1174
  1053.420    8.3403    4.3900    3.7090   2098.5602    3.2075    12746144352.6268
  1070.467    8.3568    4.3953    3.7149   2101.0723    3.2014    12949102903.9007
  1087.513    8.3721    4.4000    3.7204   2103.3485    3.1954    13151985035.0493
  1104.560    8.3868    4.4045    3.7256   2105.6274    3.1897    13354782398.9786
  1121.607    8.4400    4.4345    3.7419   2110.7501    3.1840    13557797910.0727
  1138.653    8.5760    4.5198    3.7788   2126.1343    3.1782    13761896415.0468
  1155.700    8.7489    4.6297    3.8242   2144.9936    3.1722    13967854428.3936
  1172.747    8.8912    4.7197    3.8603   2153.0048    3.1658    14175622106.6248
  1189.793    8.9056    4.7239    3.8656   2154.8150    3.1594    14384089894.3686
  1206.840    8.9199    4.7283    3.8708   2156.9148    3.1532    14592418270.8892
  1223.887    8.9338    4.7324    3.8760   2159.0713    3.1472    14800616940.3044
  1240.934    8.9476    4.7364    3.8813   2160.9602    3.1414    15008704916.6114
  1257.980    8.9609    4.7402    3.8865   2162.8174    3.1359    15216692593.7442
  1275.027    8.9743    4.7441    3.8916   2164.6601    3.1306    15424588545.6033
  1292.074    8.9883    4.7485    3.8970   2166.4383    3.1256    15632415083.5087
  1309.120    9.0008    4.7518    3.9022   2168.1870    3.1208    15840188163.8584
  1326.167    9.0139    4.7557    3.9073   2169.6203    3.1163    16047918828.8797
  1343.214    9.0266    4.7592    3.9127   2171.3366    3.1121    16255629750.0604
  1360.260    9.0391    4.7627    3.9179   2172.6470    3.1081    16463338174.3904
  1377.307    9.0515    4.7663    3.9230   2174.1581    3.1045    16671056191.1120
  1394.354    9.0640    4.7697    3.9286   2175.3401    3.1012    16878813359.7724
  1411.400    9.0758    4.7727    3.9340   2176.6597    3.0981    17086637229.2456
  1428.447    9.0901    4.7777    3.9397   2177.8660    3.0955    17294552446.0862
  1445.494    9.1299    4.7987    3.9506   2182.7814    3.0931    17502726563.2073
  1462.540    9.1698    4.8201    3.9619   2187.1921    3.0910    17711326658.5831
  1479.587    9.2104    4.8423    3.9734   2191.7995    3.0892    17920386292.7314
  1496.634    9.2482    4.8628    3.9849   2196.6916    3.0877    18129928315.1843
  1513.680    9.2912    4.8871    3.9978   2201.3177    3.0864    18340008521.4747
  1530.727    9.3233    4.9042    4.0082   2205.3109    3.0856    18550621364.4201
  1547.774    9.3363    4.9091    4.0129   2207.4245    3.0851    18761572743.5375
  1564.820    9.3496    4.9142    4.0174   2209.4002    3.0850    18972732369.0851
  1564.820    4.8960    0.0000    4.0527         nan    3.0850    18972732369.0851
  1581.241    4.9092    0.0000    4.0584         nan    3.0850    19178179727.3919
  1597.662    4.9223    0.0000    4.0642         nan    3.0853    19383914605.5848
  1614.082    4.9355    0.0000    4.0700         nan    3.0861    19589965819.9368
  1630.503    4.9485    0.0000    4.0757         nan    3.0874    19796362342.6563
  1646.924    4.9611    0.0000    4.0812         nan    3.0891    20003128888.9665
  1663.344    4.9736    0.0000    4.0868         nan    3.0914    20210292848.8770
  1679.765    4.9861    0.0000    4.0923         nan    3.0942    20417888834.4264
  1696.186    4.9984    0.0000    4.0977         nan    3.0976    20625950816.1799
  1712.606    5.0103    0.0000    4.1029         nan    3.1015    20834510086.8326
  1712.606    5.0997    0.0000    6.3728         nan    3.1015    20834510086.8326
  1770.430    5.1666    0.0000    6.4157         nan    3.0057    21981264506.0944
  1828.254    5.2300    0.0000    6.4564         nan    2.9086    23099847416.6649
  1886.078    5.2902    0.0000    6.4950         nan    2.8104    24188979630.4509
  1943.902    5.3471    0.0000    6.5318         nan    2.7110    25247448576.3501
  2001.726    5.4010    0.0000    6.5666         nan    2.6106    26274104929.0482
  2059.550    5.4520    0.0000    6.5997         nan    2.5092    27267859761.7369
  2117.374    5.5003    0.0000    6.6310         nan    2.4068    28227682150.5039
  2175.198    5.5458    0.0000    6.6606         nan    2.3036    29152597181.1940
  2233.022    5.5888    0.0000    6.6887         nan    2.1996    30041684319.4766
  2290.846    5.6293    0.0000    6.7151         nan    2.0948    30894076131.6413
  2348.669    5.6673    0.0000    6.7399         nan    1.9892    31708957360.5126
  2406.493    5.7030    0.0000    6.7633         nan    1.8831    32485564385.6015
  2464.317    5.7363    0.0000    6.7851         nan    1.7763    33223185125.7890
  2522.141    5.7674    0.0000    6.8055         nan    1.6690    33921159494.9638
  2579.965    5.7963    0.0000    6.8245         nan    1.5613    34578880598.7496
  2637.789    5.8231    0.0000    6.8421         nan    1.4532    35195796975.1136
  2695.613    5.8477    0.0000    6.8583         nan    1.3448    35771416391.0485
  2753.437    5.8702    0.0000    6.8731         nan    1.2363    36305312074.3877
  2811.261    5.8907    0.0000    6.8866         nan    1.1278    36797132931.5757
  2869.085    5.9091    0.0000    6.8987         nan    1.0195    37246620610.8745
  2926.909    5.9255    0.0000    6.9096         nan    0.9119    37653638950.1100
  2984.733    5.9400    0.0000    6.9191         nan    0.8055    38018227210.6617
  3042.556    5.9525    0.0000    6.9274         nan    0.7016    38340702381.6439
  3100.380    5.9630    0.0000    6.9343         nan    0.6024    38621872075.3920
  3158.204    5.9716    0.0000    6.9400         nan    0.5137    38863526680.1161
  3216.028    5.9783    0.0000    6.9445         nan    0.4519    39069753392.3854
  3273.852    5.9831    0.0000    6.9476         nan    0.4834    39251266049.6781
  3331.676    5.9859    0.0000    6.9495         nan    1.1475    39445512197.3745
  3389.500    5.9869    0.0000    6.9501         nan    0.0000    39906647024.6679
