# Depth[km]  Vp[km/s]  Vs[km/s] Rho[g/cm3]    T[K]     g[m/s2]         P[Pa]        
     0.000    3.6627    2.1813    1.6871    273.1500    3.7291              0.0000
    11.313    3.6627    2.1813    1.6871    314.2996    3.7380       71174807.5917
    11.313    4.9226    2.9316    2.2674    314.2996    3.7380       71174807.5917
    27.978    4.9226    2.9316    2.2674    374.9177    3.7433      212415580.2130
    27.978    6.4555    3.8445    2.9735    374.9177    3.7433      212415580.2130
    44.202    6.4555    3.8445    2.9735    433.9349    3.7391      393003407.8264
    44.202    7.8441    4.4863    3.4775    433.9349    3.7391      393003407.8264
    54.179    7.8405    4.4798    3.4780    470.2272    3.7323      522742255.0203
    64.156    7.8366    4.4732    3.4785    506.5196    3.7255      652263109.8013
    74.133    7.8323    4.4664    3.4789    542.8120    3.7188      781564267.8741
    84.110    7.8276    4.4592    3.4791    579.1043    3.7121      910643267.2006
    94.087    7.8229    4.4521    3.4794    615.3967    3.7054     1039499020.0695
   104.064    7.8169    4.4444    3.4794    651.6891    3.6987     1168127824.3858
   114.041    7.8117    4.4370    3.4795    687.9814    3.6921     1296528216.5831
   124.018    7.8065    4.4296    3.4797    724.2738    3.6855     1424703045.3673
   133.995    7.8012    4.4222    3.4798    760.5662    3.6789     1552653117.3884
   143.972    7.7960    4.4148    3.4799    796.8585    3.6723     1680378576.4065
   153.949    7.7894    4.4068    3.4796    833.1509    3.6658     1807873449.9765
   163.926    7.7840    4.3992    3.4796    869.4433    3.6593     1935137332.0901
   173.903    7.7779    4.3914    3.4794    905.7356    3.6528     2062171872.1698
   183.880    7.7723    4.3838    3.4794    942.0280    3.6464     2188976849.2533
   193.857    7.7660    4.3759    3.4791    978.3204    3.6400     2315552027.4794
   203.834    7.7598    4.3680    3.4788   1014.6127    3.6336     2441894561.0349
   213.811    7.7544    4.3605    3.4786   1050.9051    3.6273     2568008096.8570
   223.788    7.7476    4.3524    3.4781   1087.1975    3.6210     2693890234.9303
   233.765    7.7415    4.3445    3.4778   1123.4898    3.6148     2819538085.4122
   243.742    7.7351    4.3365    3.4774   1159.7822    3.6085     2944955779.8536
   253.719    7.7295    4.3289    3.4772   1196.0746    3.6023     3070147738.1607
   263.696    7.7232    4.3210    3.4769   1232.3669    3.5962     3195114925.9463
   273.673    7.7171    4.3132    3.4765   1268.6593    3.5901     3319855189.3949
   283.650    7.7108    4.3053    3.4761   1304.9517    3.5840     3444368956.8949
   293.627    7.7042    4.2973    3.4757   1341.2440    3.5779     3568657413.5634
   303.604    7.6959    4.2885    3.4752   1377.5364    3.5719     3692720303.9455
   313.581    7.6880    4.2799    3.4747   1413.8288    3.5660     3816557476.0659
   323.558    7.6806    4.2715    3.4743   1450.1211    3.5600     3940172693.2463
   333.535    7.6732    4.2631    3.4739   1486.4135    3.5542     4063569155.3850
   343.512    7.6658    4.2547    3.4736   1522.7059    3.5483     4186748102.7081
   353.489    7.6580    4.2461    3.4732   1558.9982    3.5425     4309710874.7142
   363.467    7.6499    4.2374    3.4726   1595.2906    3.5368     4432456024.0954
   373.444    7.6420    4.2287    3.4722   1631.5830    3.5310     4554984435.7701
   383.421    7.6336    4.2199    3.4716   1667.8753    3.5254     4677297236.8157
   393.398    7.6258    4.2113    3.4712   1704.1677    3.5197     4799395932.1369
   403.375    7.6169    4.2022    3.4706   1740.4600    3.5142     4921282028.4928
   413.352    7.6096    4.1938    3.4701   1776.7524    3.5086     5042956582.7241
   423.329    7.6018    4.1852    3.4697   1813.0448    3.5031     5164423384.6658
   433.306    7.5933    4.1762    3.4692   1849.3371    3.4977     5285683689.9501
   443.283    7.5781    4.1646    3.4676   1885.6295    3.4923     5406719278.6967
   466.119    7.6065    4.1721    3.4755   1889.5975    3.4801     5683576699.8326
   488.954    7.6457    4.1837    3.4852   1894.7396    3.4679     5960161376.2030
   511.790    7.6765    4.1924    3.4934   1898.9367    3.4558     6236484869.2816
   534.626    7.7045    4.1998    3.5012   1902.9228    3.4438     6512477748.5342
   557.462    7.7327    4.2075    3.5090   1906.7722    3.4319     6788126446.6036
   580.298    7.7600    4.2148    3.5167   1910.6370    3.4201     7063428707.8394
   603.134    7.7871    4.2221    3.5244   1914.4205    3.4084     7338383537.4812
   625.970    7.8145    4.2296    3.5320   1918.1721    3.3968     7612991755.8421
   648.805    7.8409    4.2367    3.5395   1921.8542    3.3853     7887253317.0925
   671.641    7.8665    4.2436    3.5468   1925.3842    3.3740     8161164073.6419
   694.477    7.8920    4.2504    3.5541   1928.8859    3.3629     8434722678.3594
   717.313    7.9164    4.2568    3.5612   1932.2338    3.3519     8707928932.1888
   740.149    7.9415    4.2636    3.5684   1935.6034    3.3410     8980787471.8583
   762.985    7.9665    4.2705    3.5755   1938.9429    3.3304     9253309393.4999
   785.821    7.9909    4.2770    3.5826   1942.2508    3.3199     9525501571.1801
   808.657    8.0147    4.2834    3.5895   1945.3815    3.3096     9797366863.7236
   831.492    8.0390    4.2900    3.5965   1948.6170    3.2995    10068916728.9680
   854.328    8.0625    4.2963    3.6034   1951.6848    3.2897    10340163227.1202
   877.164    8.0869    4.3031    3.6104   1954.8821    3.2800    10611121827.1995
   900.000    8.1110    4.3098    3.6174   1957.9720    3.2706    10881813149.6949
   916.640    8.1280    4.3144    3.6224   1960.1350    3.2639    11078825476.8502
   933.281    8.1453    4.3193    3.6275   1962.2466    3.2574    11275707301.5996
   949.921    8.1626    4.3242    3.6326   1964.3673    3.2510    11472467983.2731
   966.561    8.1800    4.3291    3.6377   1966.6121    3.2447    11669117163.0811
   983.202    8.1985    4.3349    3.6431   1968.7176    3.2386    11865671685.8601
   999.842    8.2164    4.3402    3.6485   1970.8366    3.2326    12062146316.5596
  1016.482    8.2327    4.3446    3.6533   1972.8717    3.2268    12258532475.2194
  1033.122    8.2488    4.3490    3.6581   1974.8518    3.2211    12454823693.5526
  1049.763    8.2646    4.3532    3.6628   1976.8271    3.2156    12651026280.9770
  1066.403    8.3475    4.4034    3.6852   1984.6944    3.2102    12847620512.1264
  1083.043    8.4467    4.4650    3.7119   1998.7344    3.2047    13045194687.7977
  1099.684    8.5815    4.5504    3.7474   2009.6843    3.1990    13244087473.8437
  1116.324    8.6566    4.6085    3.7588   2017.9763    3.1933    13443875227.4648
  1132.964    8.7083    4.6492    3.7655   2024.7881    3.1877    13643784040.9974
  1149.605    8.7300    4.6604    3.7704   2027.2446    3.1822    13843649756.8043
  1166.245    8.7452    4.6648    3.7752   2029.6520    3.1770    14043431665.6374
  1182.885    8.7602    4.6691    3.7799   2032.0535    3.1720    14243134610.4377
  1199.525    8.7750    4.6733    3.7846   2034.3655    3.1672    14442770678.4452
  1216.166    8.7898    4.6776    3.7893   2036.7376    3.1626    14642351803.7940
  1232.806    8.8047    4.6818    3.7941   2039.0874    3.1583    14841895225.4526
  1249.446    8.8192    4.6858    3.7989   2041.3295    3.1542    15041417855.1255
  1266.087    8.8577    4.7040    3.8078   2046.4446    3.1503    15241042139.5889
  1282.727    8.8944    4.7214    3.8167   2051.2430    3.1466    15440888303.6028
  1299.367    8.9315    4.7389    3.8259   2056.3199    3.1432    15640975746.6066
  1316.008    8.9701    4.7573    3.8358   2061.3191    3.1399    15841342805.2889
  1332.648    9.0070    4.7748    3.8455   2066.4387    3.1369    16042014924.1974
  1349.288    9.0439    4.7923    3.8556   2071.7188    3.1341    16243009782.0165
  1365.929    9.0735    4.8047    3.8647   2075.2132    3.1315    16444324411.1024
  1382.569    9.0881    4.8085    3.8698   2077.3335    3.1293    16645845413.4244
  1399.209    9.1049    4.8117    3.8769   2079.2056    3.1273    16847537468.2936
  1415.849    9.1211    4.8153    3.8834   2081.1432    3.1256    17049455980.0929
  1432.490    9.1373    4.8185    3.8903   2083.0593    3.1243    17251616491.1393
  1449.130    9.1540    4.8216    3.8978   2084.9440    3.1233    17454065784.4518
  1465.770    9.2340    4.8615    3.9327   2099.1894    3.1225    17657551921.7498
  1482.411    9.2693    4.8796    3.9454   2104.9393    3.1217    17862219853.1351
  1499.051    9.2968    4.8935    3.9547   2110.2838    3.1213    18067411449.4947
  1515.691    9.3228    4.9064    3.9635   2115.4313    3.1213    18273044972.2435
  1532.332    9.3484    4.9197    3.9719   2120.5759    3.1216    18479121548.0720
  1548.972    9.3729    4.9323    3.9800   2125.5438    3.1223    18685647317.9427
  1548.972    5.2635    0.0000    3.9920         nan    3.1223    18685647317.9427
  1565.793    5.2752    0.0000    3.9970         nan    3.1233    18895443546.4049
  1582.615    5.2870    0.0000    4.0020         nan    3.1247    19105568788.2480
  1599.436    5.2987    0.0000    4.0070         nan    3.1267    19316055783.3609
  1616.258    5.3103    0.0000    4.0119         nan    3.1292    19526937406.6356
  1633.080    5.3215    0.0000    4.0167         nan    3.1322    19738243609.1029
  1649.901    5.3327    0.0000    4.0215         nan    3.1359    19950007328.1325
  1666.723    5.3439    0.0000    4.0263         nan    3.1401    20162267698.7344
  1683.544    5.3549    0.0000    4.0310         nan    3.1449    20375063046.0418
  1700.366    5.3655    0.0000    4.0355         nan    3.1504    20588430486.7199
  1700.366    5.3054    0.0000    6.4380         nan    3.1504    20588430486.7199
  1758.612    5.3836    0.0000    6.4788         nan    3.0525    21773523020.9007
  1816.858    5.4573    0.0000    6.5174         nan    2.9535    22928863402.2131
  1875.104    5.5270    0.0000    6.5540         nan    2.8533    24053185458.8145
  1933.350    5.5929    0.0000    6.5886         nan    2.7521    25145297857.8536
  1991.596    5.6551    0.0000    6.6214         nan    2.6499    26204079539.3381
  2049.842    5.7139    0.0000    6.6524         nan    2.5468    27228475970.7315
  2108.088    5.7693    0.0000    6.6817         nan    2.4429    28217496121.3623
  2166.334    5.8215    0.0000    6.7094         nan    2.3382    29170210090.2623
  2224.580    5.8708    0.0000    6.7355         nan    2.2328    30085747353.8272
  2282.826    5.9170    0.0000    6.7601         nan    2.1267    30963295648.0447
  2341.072    5.9604    0.0000    6.7832         nan    2.0200    31802100540.5247
  2399.318    6.0011    0.0000    6.8048         nan    1.9128    32601465807.0352
  2457.564    6.0391    0.0000    6.8251         nan    1.8052    33360754812.3549
  2515.810    6.0745    0.0000    6.8440         nan    1.6973    34079393221.6872
  2574.056    6.1073    0.0000    6.8615         nan    1.5892    34756873570.4213
  2632.302    6.1377    0.0000    6.8777         nan    1.4810    35392762549.1340
  2690.548    6.1656    0.0000    6.8926         nan    1.3730    35986712423.6553
  2748.794    6.1912    0.0000    6.9063         nan    1.2654    36538479006.7108
  2807.040    6.2144    0.0000    6.9187         nan    1.1585    37047950443.3924
  2865.286    6.2352    0.0000    6.9299         nan    1.0530    37515194651.9761
  2923.532    6.2538    0.0000    6.9399         nan    0.9498    37940540599.4787
  2981.778    6.2702    0.0000    6.9486         nan    0.8506    38324724648.6930
  3040.024    6.2843    0.0000    6.9562         nan    0.7584    38669171233.2510
  3098.270    6.2962    0.0000    6.9626         nan    0.6795    38976576368.3999
  3156.516    6.3060    0.0000    6.9678         nan    0.6293    39252255967.5864
  3214.762    6.3135    0.0000    6.9719         nan    0.6522    39507745180.1060
  3273.008    6.3189    0.0000    6.9748         nan    0.9281    39772657778.0518
  3331.254    6.3221    0.0000    6.9765         nan    2.9174    40149758497.5057
  3389.500    6.3232    0.0000    6.9771         nan    0.0000    41335292414.1614
