# Depth[km]  Vp[km/s]  Vs[km/s] Rho[g/cm3]    T[K]     g[m/s2]         P[Pa]        
     0.000    3.9378    2.3359    1.8194    273.1500    3.7291              0.0000
    11.180    3.9378    2.3359    1.8194    318.1607    3.7367       75856142.2316
    11.180    4.5831    2.7188    2.1176    318.1607    3.7367       75856142.2316
    26.882    4.5831    2.7188    2.1176    381.3779    3.7436      200097503.7641
    26.882    5.9492    3.5292    2.7488    381.3779    3.7436      200097503.7641
    47.078    5.9492    3.5292    2.7488    462.6904    3.7422      407923873.6775
    47.078    7.9567    4.5329    3.5033    462.6904    3.7422      407923873.6775
    56.791    7.9489    4.5232    3.5030    501.7970    3.7354      535255788.3523
    66.504    7.9407    4.5135    3.5027    540.9035    3.7287      662346970.5697
    76.217    7.9322    4.5036    3.5023    580.0100    3.7219      789195978.3083
    85.930    7.9230    4.4934    3.5018    619.1166    3.7152      915799861.8251
    95.643    7.9142    4.4834    3.5014    658.2231    3.7086     1042158655.5996
   105.355    7.9051    4.4733    3.5009    697.3296    3.7019     1168274348.7945
   115.068    7.8963    4.4634    3.5004    736.4362    3.6953     1294147319.5182
   124.781    7.8865    4.4531    3.4998    775.5427    3.6887     1419775556.6450
   134.494    7.8773    4.4431    3.4992    814.6492    3.6822     1545158347.4071
   144.207    7.8676    4.4330    3.4985    853.7558    3.6757     1670296407.2045
   153.920    7.8575    4.4227    3.4978    892.8623    3.6692     1795187238.0872
   163.633    7.8477    4.4126    3.4971    931.9688    3.6628     1919831271.1007
   173.346    7.8377    4.4025    3.4963    971.0754    3.6563     2044229214.1542
   183.059    7.8286    4.3926    3.4956   1010.1819    3.6500     2168383791.0429
   192.772    7.8184    4.3825    3.4947   1049.2884    3.6436     2292294646.6526
   202.485    7.8082    4.3723    3.4939   1088.3950    3.6373     2415959587.4517
   212.198    7.7977    4.3620    3.4929   1127.5015    3.6310     2539378617.7611
   221.911    7.7873    4.3517    3.4920   1166.6080    3.6248     2662551503.0475
   231.624    7.7776    4.3418    3.4912   1205.7146    3.6186     2785481955.3213
   241.337    7.7674    4.3317    3.4903   1244.8211    3.6124     2908171661.4220
   251.050    7.7563    4.3211    3.4891   1283.9276    3.6063     3030616613.7100
   260.763    7.7472    4.3116    3.4882   1323.0342    3.6002     3152818384.9913
   270.476    7.7376    4.3018    3.4873   1362.1407    3.5942     3274782379.4530
   280.189    7.7273    4.2916    3.4862   1401.2472    3.5882     3396505924.4652
   289.902    7.7174    4.2818    3.4853   1440.3538    3.5822     3517990223.6868
   299.615    7.7082    4.2721    3.4843   1479.4603    3.5763     3639240305.6257
   309.328    7.6976    4.2619    3.4832   1518.5668    3.5704     3760253476.2586
   319.041    7.6884    4.2523    3.4822   1557.6734    3.5646     3881030641.6620
   328.754    7.6775    4.2421    3.4810   1596.7799    3.5588     4001573247.9999
   338.467    7.6670    4.2319    3.4798   1635.8864    3.5530     4121879241.0217
   348.180    7.6574    4.2221    3.4788   1674.9930    3.5473     4241953317.1683
   357.893    7.6468    4.2119    3.4777   1714.0995    3.5417     4361796976.2831
   367.606    7.6369    4.2020    3.4765   1753.2060    3.5361     4481410059.8163
   377.319    7.6261    4.1917    3.4755   1792.3126    3.5305     4600796269.0205
   387.032    7.6152    4.1814    3.4743   1831.4191    3.5250     4719955578.2271
   396.745    7.6051    4.1714    3.4732   1870.5256    3.5195     4838889510.2341
   406.458    7.5941    4.1610    3.4719   1909.6322    3.5141     4957598703.6777
   416.171    7.5832    4.1506    3.4708   1948.7387    3.5087     5076083818.3128
   425.884    7.5722    4.1402    3.4696   1987.8452    3.5034     5194347405.7997
   435.597    7.5624    4.1303    3.4685   2026.9518    3.4981     5312392865.4358
   458.817    7.5946    4.1398    3.4774   2031.9913    3.4856     5594489112.4880
   482.037    7.6263    4.1492    3.4862   2036.9068    3.4731     5876289060.6663
   505.257    7.6561    4.1580    3.4946   2041.5756    3.4607     6157774326.0603
   528.477    7.6856    4.1667    3.5030   2046.2821    3.4485     6438935174.0005
   551.698    7.7140    4.1750    3.5113   2050.8038    3.4363     6719767936.9318
   574.918    7.7425    4.1835    3.5195   2055.2035    3.4242     7000262853.6362
   598.138    7.7695    4.1914    3.5276   2059.5502    3.4122     7280415811.2887
   621.358    7.7964    4.1994    3.5354   2063.6671    3.4003     7560219092.9517
   644.578    7.8232    4.2073    3.5434   2067.9078    3.3886     7839674758.2816
   667.798    7.8493    4.2150    3.5512   2071.9348    3.3769     8118788135.9992
   691.019    7.8752    4.2226    3.5591   2076.0349    3.3655     8397559891.1997
   714.239    7.9011    4.2304    3.5669   2079.9338    3.3542     8675996324.0641
   737.459    7.9265    4.2380    3.5746   2083.6850    3.3430     8954099848.7185
   760.679    7.9514    4.2453    3.5822   2087.4221    3.3320     9231873948.1315
   783.899    7.9771    4.2531    3.5900   2091.2264    3.3212     9509333182.4510
   807.119    8.0025    4.2610    3.5978   2094.8619    3.3106     9786491214.0924
   830.340    8.0278    4.2688    3.6055   2098.4010    3.3001    10063357415.2281
   853.560    8.0529    4.2766    3.6133   2101.8804    3.2899    10339947023.4670
   876.780    8.0796    4.2852    3.6215   2105.4456    3.2799    10616288313.4792
   900.000    8.1055    4.2936    3.6296   2108.8480    3.2701    10892407052.7022
   916.775    8.1250    4.3001    3.6356   2111.3278    3.2632    11091681654.9403
   933.551    8.1433    4.3060    3.6413   2113.7288    3.2563    11290854827.0925
   950.326    8.1645    4.3136    3.6479   2116.1382    3.2497    11489949390.8661
   967.102    8.1858    4.3213    3.6546   2118.5947    3.2431    11688996910.8240
   983.877    8.2071    4.3291    3.6613   2121.0173    3.2367    11888006421.2574
  1000.653    8.2296    4.3376    3.6684   2123.4512    3.2303    12086996070.9501
  1017.428    8.2531    4.3467    3.6759   2125.9045    3.2242    12285992329.9725
  1034.204    8.2789    4.3572    3.6841   2128.4147    3.2181    12485032883.6748
  1050.979    8.2986    4.3643    3.6905   2130.8216    3.2122    12684095213.8540
  1067.755    8.3154    4.3696    3.6962   2133.0329    3.2064    12883115431.3414
  1084.530    8.3326    4.3752    3.7019   2135.1739    3.2009    13082085189.7591
  1101.306    8.3494    4.3806    3.7076   2137.3623    3.1955    13281015302.3005
  1118.081    8.3661    4.3861    3.7133   2139.5341    3.1902    13479914491.9563
  1134.857    8.4637    4.4454    3.7402   2149.6539    3.1851    13679361001.6422
  1151.632    8.6386    4.5567    3.7863   2166.3061    3.1796    13880435575.6555
  1168.408    8.8400    4.6859    3.8377   2183.1955    3.1738    14083769142.6217
  1185.183    8.8553    4.6908    3.8428   2185.5870    3.1679    14288233414.2966
  1201.959    8.8701    4.6954    3.8479   2187.9329    3.1621    14492584420.1414
  1218.734    8.8866    4.6999    3.8544   2190.7479    3.1566    14696871449.8284
  1235.510    8.9019    4.7044    3.8599   2193.2634    3.1512    14901119690.0639
  1252.285    8.9165    4.7090    3.8650   2195.6538    3.1461    15105304228.2329
  1269.061    8.9316    4.7136    3.8705   2198.1422    3.1413    15309437992.3134
  1285.836    8.9452    4.7182    3.8751   2200.3938    3.1366    15513521507.7825
  1302.612    8.9604    4.7229    3.8805   2202.7272    3.1323    15717566819.6718
  1319.387    8.9745    4.7274    3.8853   2204.9873    3.1282    15921595709.2783
  1336.163    8.9895    4.7320    3.8912   2207.7300    3.1243    16125638172.5172
  1352.938    9.0036    4.7364    3.8964   2210.2182    3.1208    16329720099.1354
  1369.714    9.0179    4.7411    3.9016   2212.6539    3.1175    16533841935.6551
  1386.489    9.0306    4.7456    3.9060   2214.8441    3.1146    16738001089.1839
  1403.265    9.0446    4.7501    3.9108   2217.0587    3.1119    16942207518.3985
  1420.040    9.0595    4.7557    3.9157   2219.4282    3.1096    17146495397.7351
  1436.816    9.1006    4.7775    3.9259   2225.5019    3.1077    17351027417.5961
  1453.591    9.1395    4.7985    3.9354   2231.4431    3.1060    17555944146.3807
  1470.367    9.1802    4.8211    3.9455   2237.3293    3.1046    17761258185.8502
  1487.142    9.2204    4.8426    3.9567   2243.5315    3.1035    17967033539.7785
  1503.918    9.2577    4.8626    3.9676   2247.9916    3.1027    18173312956.9022
  1520.693    9.2966    4.8839    3.9795   2252.7037    3.1023    18380136040.4076
  1537.469    9.3355    4.9055    3.9914   2257.0718    3.1021    18587548399.2744
  1554.244    9.3479    4.9098    3.9958   2259.3988    3.1024    18795374413.0333
  1554.244    5.1238    0.0000    4.0411         nan    3.1024    18795374413.0333
  1572.744    5.1383    0.0000    4.0470         nan    3.1025    19027469480.8617
  1591.243    5.1528    0.0000    4.0529         nan    3.1032    19259913650.4814
  1609.742    5.1673    0.0000    4.0589         nan    3.1044    19492748917.9964
  1628.241    5.1814    0.0000    4.0647         nan    3.1063    19726014853.2850
  1646.740    5.1952    0.0000    4.0703         nan    3.1088    19959750026.0792
  1665.240    5.2090    0.0000    4.0760         nan    3.1120    20193999980.7313
  1683.739    5.2227    0.0000    4.0816         nan    3.1159    20428814853.6905
  1702.238    5.2359    0.0000    4.0870         nan    3.1205    20664241011.6872
  1720.737    5.2490    0.0000    4.0924         nan    3.1259    20900328859.1060
  1720.737    5.2221    0.0000    6.4609         nan    3.1259    20900328859.1060
  1778.281    5.2865    0.0000    6.5024         nan    3.0291    22066235590.4545
  1835.824    5.3475    0.0000    6.5419         nan    2.9310    23203080162.0217
  1893.368    5.4054    0.0000    6.5795         nan    2.8319    24309628559.3058
  1950.911    5.4603    0.0000    6.6152         nan    2.7316    25384710259.1570
  2008.455    5.5123    0.0000    6.6492         nan    2.6304    26427215488.8437
  2065.998    5.5615    0.0000    6.6814         nan    2.5282    27436092964.9944
  2123.542    5.6081    0.0000    6.7119         nan    2.4252    28410348068.7068
  2181.086    5.6522    0.0000    6.7409         nan    2.3213    29349041436.5857
  2238.629    5.6937    0.0000    6.7682         nan    2.2167    30251287960.8949
  2296.173    5.7329    0.0000    6.7940         nan    2.1114    31116256226.9755
  2353.716    5.7697    0.0000    6.8183         nan    2.0054    31943168442.7013
  2411.260    5.8043    0.0000    6.8411         nan    1.8989    32731300958.8479
  2468.803    5.8366    0.0000    6.8625         nan    1.7919    33479985545.3914
  2526.347    5.8667    0.0000    6.8824         nan    1.6845    34188611684.9677
  2583.890    5.8948    0.0000    6.9010         nan    1.5768    34856630304.0478
  2641.434    5.9207    0.0000    6.9182         nan    1.4689    35483559615.7687
  2698.977    5.9446    0.0000    6.9341         nan    1.3610    36068994191.5484
  2756.521    5.9664    0.0000    6.9486         nan    1.2533    36612619163.4028
  2814.065    5.9863    0.0000    6.9618         nan    1.1462    37114232902.2687
  2871.608    6.0042    0.0000    6.9737         nan    1.0400    37573784329.9646
  2929.152    6.0202    0.0000    6.9844         nan    0.9355    37991436781.3757
  2986.695    6.0342    0.0000    6.9937         nan    0.8341    38367682937.5262
  3044.239    6.0463    0.0000    7.0018         nan    0.7382    38703565194.9032
  3101.782    6.0566    0.0000    7.0086         nan    0.6528    39001133744.6587
  3159.326    6.0649    0.0000    7.0142         nan    0.5899    39264504994.3175
  3216.869    6.0714    0.0000    7.0185         nan    0.5847    39502686962.8877
  3274.413    6.0761    0.0000    7.0216         nan    0.7792    39738888537.7419
  3331.956    6.0788    0.0000    7.0235         nan    2.3258    40053749441.3089
  3389.500    6.0798    0.0000    7.0241         nan    0.0000    40993780897.9917
