# Depth[km]  Vp[km/s]  Vs[km/s] Rho[g/cm3]    T[K]     g[m/s2]         P[Pa]        
     0.000    3.4620    2.0821    1.5695    273.1500    3.7291              0.0000
    10.769    3.4620    2.0821    1.5695    315.1624    3.7387       63025084.1489
    10.769    4.9488    2.9763    2.2435    315.1624    3.7387       63025084.1489
    31.340    4.9488    2.9763    2.2435    395.4242    3.7457      235566623.3991
    31.340    5.6564    3.4019    2.5643    395.4242    3.7457      235566623.3991
    44.768    5.6564    3.4019    2.5643    447.8186    3.7468      364546266.5074
    44.768    7.9609    4.5369    3.5037    447.8186    3.7468      364546266.5074
    54.704    7.9537    4.5276    3.5036    486.5870    3.7399      494985769.8464
    64.641    7.9463    4.5182    3.5035    525.3554    3.7330      625179114.9773
    74.577    7.9383    4.5085    3.5033    564.1237    3.7261      755125265.9314
    84.513    7.9302    4.4987    3.5030    602.8921    3.7193      884823014.2670
    94.449    7.9213    4.4886    3.5025    641.6605    3.7125     1014269157.9563
   104.386    7.9129    4.4788    3.5022    680.4289    3.7057     1143464275.9298
   114.322    7.9042    4.4690    3.5018    719.1973    3.6989     1272410507.1525
   124.258    7.8952    4.4591    3.5013    757.9657    3.6922     1401105267.4570
   134.194    7.8865    4.4493    3.5009    796.7340    3.6855     1529549147.6603
   144.131    7.8771    4.4392    3.5003    835.5024    3.6788     1657741730.8737
   154.067    7.8682    4.4294    3.4998    874.2708    3.6722     1785682273.3993
   164.003    7.8590    4.4195    3.4992    913.0392    3.6656     1913372728.3961
   173.940    7.8495    4.4096    3.4986    951.8076    3.6591     2040811370.2582
   183.876    7.8403    4.3997    3.4980    990.5760    3.6525     2167998751.9521
   193.812    7.8308    4.3899    3.4973   1029.3444    3.6460     2294935909.5320
   203.748    7.8217    4.3800    3.4966   1068.1127    3.6396     2421623319.5877
   213.685    7.8120    4.3701    3.4959   1106.8811    3.6332     2548061658.9201
   223.621    7.8025    4.3602    3.4952   1145.6495    3.6268     2674251010.3188
   233.557    7.7924    4.3501    3.4943   1184.4179    3.6204     2800190161.1410
   243.493    7.7830    4.3404    3.4936   1223.1863    3.6141     2925879922.1436
   253.430    7.7723    4.3299    3.4925   1261.9547    3.6079     3051318623.1629
   263.366    7.7641    4.3207    3.4920   1300.7231    3.6017     3176511261.8177
   273.302    7.7552    4.3113    3.4912   1339.4914    3.5955     3301463843.6260
   283.238    7.7456    4.3013    3.4903   1378.2598    3.5893     3426172153.1615
   293.175    7.7365    4.2919    3.4894   1417.0282    3.5832     3550634816.2643
   303.111    7.7272    4.2822    3.4885   1455.7966    3.5772     3674853914.2568
   313.047    7.7182    4.2727    3.4876   1494.5650    3.5711     3798832345.0348
   322.983    7.7087    4.2631    3.4867   1533.3334    3.5652     3922569994.2557
   332.920    7.6989    4.2531    3.4858   1572.1018    3.5592     4046067880.6946
   342.856    7.6898    4.2435    3.4849   1610.8701    3.5533     4169329192.7013
   352.792    7.6798    4.2336    3.4839   1649.6385    3.5475     4292353446.9344
   362.728    7.6703    4.2239    3.4829   1688.4069    3.5417     4415140120.8687
   372.665    7.6606    4.2141    3.4820   1727.1753    3.5360     4537692434.4005
   382.601    7.6512    4.2044    3.4810   1765.9437    3.5303     4660011597.1448
   392.537    7.6408    4.1943    3.4800   1804.7121    3.5246     4782098809.9269
   402.473    7.6311    4.1844    3.4791   1843.4804    3.5190     4903957065.5927
   412.410    7.6215    4.1746    3.4781   1882.2488    3.5134     5025588263.1411
   422.346    7.6112    4.1646    3.4770   1921.0172    3.5079     5146992023.5531
   432.282    7.6011    4.1543    3.4760   1959.7856    3.5025     5268168209.8609
   442.218    7.5915    4.1447    3.4750   1998.5540    3.4971     5389121160.4216
   465.107    7.6229    4.1540    3.4837   2003.3583    3.4847     5667627113.6113
   487.997    7.6527    4.1628    3.4921   2007.9582    3.4724     5945829028.0755
   510.886    7.6819    4.1713    3.5005   2012.6500    3.4602     6223718484.2328
   533.775    7.7107    4.1799    3.5087   2017.0019    3.4481     6501286361.2192
   556.664    7.7379    4.1879    3.5167   2021.3080    3.4360     6778518582.0805
   579.553    7.7655    4.1960    3.5247   2025.5863    3.4241     7055413909.5954
   602.442    7.7920    4.2039    3.5325   2029.6524    3.4123     7331967669.6348
   625.331    7.8184    4.2116    3.5404   2033.7522    3.4006     7608179348.9106
   648.220    7.8443    4.2193    3.5481   2037.7484    3.3890     7884051711.5626
   671.109    7.8698    4.2268    3.5559   2041.7186    3.3775     8159583401.0954
   693.998    7.8954    4.2345    3.5635   2045.5454    3.3662     8434777951.9994
   716.887    7.9203    4.2418    3.5711   2049.2105    3.3551     8709637761.2670
   739.776    7.9451    4.2492    3.5787   2052.8929    3.3440     8984166962.8355
   762.666    7.9705    4.2569    3.5863   2056.5894    3.3332     9258377697.0410
   785.555    7.9952    4.2644    3.5939   2060.1437    3.3225     9532280353.3535
   808.444    8.0198    4.2719    3.6014   2063.5751    3.3120     9805880251.7212
   831.333    8.0444    4.2795    3.6090   2067.0084    3.3017    10079187655.6937
   854.222    8.0706    4.2880    3.6169   2070.4779    3.2916    10352230777.0820
   877.111    8.0954    4.2957    3.6247   2073.8456    3.2817    10625032287.2777
   900.000    8.1213    4.3042    3.6328   2077.1120    3.2721    10897608974.5113
   917.031    8.1408    4.3107    3.6388   2079.5464    3.2650    11100212732.7671
   934.061    8.1605    4.3174    3.6450   2081.9538    3.2581    11302718814.6677
   951.092    8.1815    4.3248    3.6515   2084.3556    3.2513    11505145980.5304
   968.122    8.2024    4.3322    3.6581   2086.7983    3.2446    11707514418.9047
   985.153    8.2228    4.3395    3.6646   2089.1796    3.2380    11909829664.1029
  1002.183    8.2477    4.3493    3.6724   2091.6220    3.2316    12112131732.3366
  1019.214    8.2709    4.3583    3.6798   2094.1116    3.2253    12314451842.6482
  1036.244    8.2984    4.3698    3.6886   2096.6953    3.2192    12516823055.5678
  1053.275    8.3154    4.3751    3.6943   2098.9092    3.2132    12719204883.5046
  1070.305    8.3325    4.3806    3.7001   2101.0553    3.2074    12921522418.8355
  1087.336    8.3495    4.3861    3.7058   2103.2410    3.2017    13123786452.4221
  1104.366    8.3665    4.3915    3.7115   2105.4035    3.1962    13326004537.9976
  1121.397    8.4280    4.4267    3.7291   2111.9715    3.1909    13528511465.6087
  1138.427    8.5875    4.5276    3.7718   2127.3314    3.1854    13732317584.9653
  1155.458    8.7793    4.6500    3.8215   2148.4300    3.1795    13938278401.2877
  1172.488    8.8583    4.6975    3.8422   2150.9733    3.1733    14145764750.6460
  1189.519    8.8738    4.7025    3.8475   2153.2790    3.1673    14353555146.2905
  1206.549    8.8901    4.7068    3.8540   2156.1203    3.1615    14561268307.9610
  1223.580    8.9057    4.7115    3.8596   2158.5973    3.1559    14768924210.6609
  1240.610    8.9208    4.7160    3.8650   2161.0683    3.1505    14976508499.5013
  1257.641    8.9362    4.7207    3.8706   2163.5156    3.1453    15184033398.5286
  1274.671    8.9501    4.7254    3.8753   2165.8092    3.1404    15391494643.5157
  1291.702    8.9656    4.7299    3.8811   2168.3394    3.1358    15598913407.5733
  1308.732    8.9807    4.7347    3.8866   2170.7904    3.1314    15806326966.9018
  1325.763    8.9949    4.7393    3.8915   2173.0483    3.1273    16013728700.4730
  1342.793    9.0092    4.7438    3.8968   2175.5832    3.1235    16221130154.4906
  1359.824    9.0226    4.7485    3.9014   2177.7558    3.1199    16428540883.0507
  1376.854    9.0369    4.7531    3.9066   2180.1435    3.1167    16635976435.4017
  1393.885    9.0511    4.7577    3.9115   2182.3550    3.1138    16843467100.9735
  1410.915    9.0813    4.7730    3.9192   2186.4135    3.1113    17051098172.5609
  1427.946    9.1216    4.7940    3.9298   2192.6963    3.1090    17259042196.6094
  1444.976    9.1616    4.8159    3.9395   2198.5193    3.1070    17467371106.4221
  1462.007    9.2005    4.8375    3.9492   2204.4012    3.1053    17676077277.3843
  1479.037    9.2425    4.8603    3.9604   2210.7131    3.1039    17885222180.1289
  1496.068    9.2817    4.8823    3.9706   2216.8356    3.1028    18094839477.2278
  1513.098    9.3256    4.9077    3.9821   2223.4040    3.1021    18304960322.0937
  1530.129    9.3616    4.9276    3.9928   2228.9083    3.1017    18515619833.7152
  1547.159    9.3744    4.9321    3.9972   2230.3279    3.1017    18726649533.0405
  1564.190    9.3865    4.9363    4.0016   2232.3649    3.1022    18937910784.6480
  1564.190    4.8360    0.0000    4.0374         nan    3.1022    18937910784.6480
  1578.658    4.8479    0.0000    4.0426         nan    3.1026    19119234141.5387
  1593.125    4.8598    0.0000    4.0478         nan    3.1033    19300810778.7751
  1607.593    4.8717    0.0000    4.0529         nan    3.1043    19482660765.4676
  1622.061    4.8836    0.0000    4.0581         nan    3.1057    19664804961.2714
  1636.529    4.8951    0.0000    4.0632         nan    3.1075    19847261508.5479
  1650.997    4.9065    0.0000    4.0681         nan    3.1097    20030047546.8890
  1665.465    4.9178    0.0000    4.0730         nan    3.1123    20213184731.6415
  1679.932    4.9291    0.0000    4.0780         nan    3.1153    20396697590.9106
  1694.400    4.9403    0.0000    4.0828         nan    3.1188    20580610049.6214
  1694.400    5.0541    0.0000    6.3364         nan    3.1188    20580610049.6214
  1752.852    5.1341    0.0000    6.3803         nan    3.0226    21739732288.7478
  1811.304    5.2096    0.0000    6.4219         nan    2.9250    22870645634.1375
  1869.755    5.2808    0.0000    6.4612         nan    2.8263    23971981391.4676
  1928.207    5.3481    0.0000    6.4985         nan    2.7263    25042451672.2838
  1986.659    5.4115    0.0000    6.5336         nan    2.6253    26080843707.4381
  2045.111    5.4714    0.0000    6.5669         nan    2.5233    27086015084.4892
  2103.562    5.5278    0.0000    6.5983         nan    2.4203    28056889746.7572
  2162.014    5.5810    0.0000    6.6280         nan    2.3164    28992454627.8066
  2220.466    5.6310    0.0000    6.6559         nan    2.2117    29891756834.4025
  2278.917    5.6780    0.0000    6.6822         nan    2.1061    30753901314.8136
  2337.369    5.7221    0.0000    6.7069         nan    1.9999    31578048972.8913
  2395.821    5.7634    0.0000    6.7300         nan    1.8930    32363415222.1609
  2454.273    5.8020    0.0000    6.7517         nan    1.7854    33109268996.2753
  2512.724    5.8379    0.0000    6.7718         nan    1.6773    33814932272.7779
  2571.176    5.8712    0.0000    6.7906         nan    1.5687    34479780228.7712
  2629.628    5.9020    0.0000    6.8079         nan    1.4597    35103242234.9306
  2688.079    5.9303    0.0000    6.8238         nan    1.3504    35684804043.9326
  2746.531    5.9561    0.0000    6.8384         nan    1.2408    36224011797.1742
  2804.983    5.9796    0.0000    6.8516         nan    1.1312    36720478958.7895
  2863.435    6.0008    0.0000    6.8636         nan    1.0216    37173898228.1873
  2921.886    6.0196    0.0000    6.8742         nan    0.9124    37584062413.7625
  2980.338    6.0362    0.0000    6.8836         nan    0.8039    37950902470.5294
  3038.790    6.0505    0.0000    6.8916         nan    0.6972    38274560897.9425
  3097.241    6.0626    0.0000    6.8984         nan    0.5938    38555544780.5600
  3155.693    6.0724    0.0000    6.9040         nan    0.4979    38795079881.1736
  3214.145    6.0801    0.0000    6.9083         nan    0.4211    38996056386.0251
  3272.597    6.0855    0.0000    6.9114         nan    0.4112    39166145572.8711
  3331.048    6.0888    0.0000    6.9133         nan    0.8540    39332273600.1734
  3389.500    6.0899    0.0000    6.9139         nan    0.0000    39677372444.0951
