# Depth[km]  Vp[km/s]  Vs[km/s] Rho[g/cm3]    T[K]     g[m/s2]         P[Pa]        
     0.000    4.0271    2.3418    1.8424    273.1500    3.7291              0.0000
    12.682    4.0271    2.3418    1.8424    320.5923    3.7375       87129598.4852
    12.682    4.6180    2.6854    2.1127    320.5923    3.7375       87129598.4852
    26.107    4.6180    2.6854    2.1127    370.8186    3.7435      193138116.3306
    26.107    6.0857    3.5389    2.7842    370.8186    3.7435      193138116.3306
    43.868    6.0857    3.5389    2.7842    437.2643    3.7416      378248962.5325
    43.868    7.9536    4.5339    3.4845    437.2643    3.7416      378248962.5325
    53.742    7.9486    4.5263    3.4847    474.2047    3.7349      506987399.7502
    63.616    7.9431    4.5184    3.4848    511.1450    3.7281      635498289.2437
    73.490    7.9373    4.5104    3.4848    548.0854    3.7214      763780033.2614
    83.364    7.9313    4.5022    3.4848    585.0258    3.7148      891830880.6152
    93.238    7.9251    4.4940    3.4847    621.9661    3.7081     1019649946.8397
   103.112    7.9182    4.4854    3.4845    658.9065    3.7015     1147234889.9079
   112.986    7.9117    4.4770    3.4844    695.8468    3.6949     1274585203.1254
   122.860    7.9052    4.4687    3.4842    732.7872    3.6883     1401703010.4249
   132.734    7.8981    4.4601    3.4839    769.7276    3.6818     1528586067.8343
   142.608    7.8915    4.4518    3.4837    806.6679    3.6752     1655234324.4517
   152.482    7.8849    4.4434    3.4834    843.6083    3.6688     1781649990.4580
   162.356    7.8775    4.4347    3.4830    880.5486    3.6623     1907829583.0269
   172.230    7.8705    4.4262    3.4826    917.4890    3.6559     2033772013.4514
   182.103    7.8640    4.4180    3.4823    954.4294    3.6495     2159481185.0573
   191.977    7.8569    4.4095    3.4818    991.3697    3.6432     2284956383.9678
   201.851    7.8498    4.4010    3.4813   1028.3101    3.6368     2410195750.4867
   211.725    7.8425    4.3924    3.4807   1065.2505    3.6306     2535198796.1491
   221.599    7.8356    4.3840    3.4803   1102.1908    3.6243     2659967267.5849
   231.473    7.8285    4.3754    3.4797   1139.1312    3.6181     2784503661.4008
   241.347    7.8215    4.3670    3.4792   1176.0715    3.6119     2908807992.8517
   251.221    7.8149    4.3588    3.4787   1213.0119    3.6058     3032881120.3517
   261.095    7.8075    4.3502    3.4780   1249.9523    3.5997     3156722083.2116
   270.969    7.8009    4.3419    3.4774   1286.8926    3.5936     3280331807.4338
   280.843    7.7942    4.3337    3.4769   1323.8330    3.5876     3403713564.5781
   290.717    7.7874    4.3253    3.4763   1360.7734    3.5816     3526868361.3622
   300.591    7.7805    4.3169    3.4756   1397.7137    3.5757     3649795684.9391
   310.465    7.7730    4.3084    3.4748   1434.6541    3.5698     3772493176.0207
   320.339    7.7661    4.3001    3.4743   1471.5944    3.5639     3894963666.7470
   330.213    7.7596    4.2920    3.4736   1508.5348    3.5581     4017211577.6741
   340.087    7.7520    4.2833    3.4728   1545.4752    3.5523     4139234607.7633
   349.961    7.7453    4.2750    3.4722   1582.4155    3.5466     4261034149.5467
   359.835    7.7384    4.2666    3.4715   1619.3559    3.5409     4382613462.6369
   369.709    7.7308    4.2580    3.4706   1656.2963    3.5352     4503970718.3029
   379.583    7.7240    4.2497    3.4700   1693.2366    3.5296     4625108380.7809
   389.457    7.7172    4.2414    3.4692   1730.1770    3.5241     4746029994.4402
   399.331    7.7093    4.2326    3.4684   1767.1173    3.5186     4866733457.8413
   409.205    7.7027    4.2243    3.4677   1804.0577    3.5131     4987220955.9648
   419.079    7.6950    4.2156    3.4668   1840.9981    3.5077     5107494008.9626
   428.953    7.6884    4.2073    3.4661   1877.9384    3.5023     5227553793.2274
   438.827    7.6801    4.1982    3.4651   1914.8788    3.4970     5347401018.3088
   461.885    7.7078    4.2066    3.4733   1919.2838    3.4847     5627145408.0109
   484.944    7.7354    4.2150    3.4813   1923.6212    3.4725     5906554584.9104
   508.003    7.7617    4.2228    3.4893   1927.9394    3.4603     6185623446.6336
   531.061    7.7875    4.2304    3.4972   1932.1811    3.4483     6464348941.9299
   554.120    7.8123    4.2377    3.5048   1936.1615    3.4363     6742720900.3269
   577.179    7.8373    4.2451    3.5125   1940.2208    3.4245     7020735470.2788
   600.237    7.8616    4.2522    3.5200   1944.1022    3.4128     7298393130.9850
   623.296    7.8855    4.2592    3.5275   1948.0515    3.4012     7575692809.2345
   646.355    7.9102    4.2665    3.5351   1952.0214    3.3897     7852644472.4879
   669.413    7.9335    4.2732    3.5425   1955.7497    3.3784     8129248712.3303
   692.472    7.9565    4.2798    3.5498   1959.4399    3.3673     8405503177.4034
   715.531    7.9798    4.2867    3.5571   1963.0449    3.3563     8681413248.4594
   738.589    8.0036    4.2937    3.5645   1966.7823    3.3455     8956991552.0125
   761.648    8.0260    4.3001    3.5718   1970.2850    3.3348     9232245463.1197
   784.707    8.0489    4.3068    3.5790   1973.7801    3.3244     9507179278.7594
   807.765    8.0713    4.3132    3.5861   1977.2098    3.3141     9781801582.5283
   830.824    8.0940    4.3200    3.5933   1980.5378    3.3041    10056123786.2999
   853.883    8.1176    4.3273    3.6008   1983.8967    3.2942    10330172487.1425
   876.941    8.1405    4.3341    3.6081   1987.1749    3.2846    10603966755.2746
   900.000    8.1638    4.3413    3.6155   1990.4278    3.2752    10877520720.8066
   916.742    8.1810    4.3467    3.6210   1992.7554    3.2686    11075929639.7458
   933.485    8.1975    4.3518    3.6262   1995.0470    3.2621    11274229037.6230
   950.227    8.2161    4.3579    3.6322   1997.5588    3.2557    11472438461.2937
   966.970    8.2351    4.3645    3.6382   1999.8373    3.2495    11670586222.9330
   983.712    8.2533    4.3706    3.6440   2002.1441    3.2433    11868677319.3290
  1000.455    8.2721    4.3771    3.6501   2004.4625    3.2374    12066719897.8226
  1017.197    8.2919    4.3841    3.6565   2006.7252    3.2316    12264736289.9601
  1033.940    8.3120    4.3915    3.6631   2009.0580    3.2259    12462748069.8768
  1050.682    8.3277    4.3962    3.6683   2011.2101    3.2204    12660733237.5646
  1067.425    8.3431    4.4007    3.6735   2013.3268    3.2151    12858661514.7683
  1084.167    8.3587    4.4053    3.6788   2015.4332    3.2100    13056543652.9866
  1100.910    8.4564    4.4660    3.7054   2025.3056    3.2049    13254967425.7403
  1117.652    8.5963    4.5553    3.7425   2038.9797    3.1996    13454787068.2029
  1134.395    8.7662    4.6648    3.7863   2056.5545    3.1941    13656445830.6947
  1151.137    8.8219    4.6969    3.8014   2059.3013    3.1884    13859327416.8277
  1167.879    8.8372    4.7010    3.8068   2061.6504    3.1828    14062392461.3396
  1184.622    8.8514    4.7050    3.8117   2063.9924    3.1774    14265376889.8801
  1201.364    8.8682    4.7096    3.8178   2066.3226    3.1722    14468311156.5119
  1218.107    8.8834    4.7139    3.8232   2068.6755    3.1673    14671221529.7413
  1234.849    8.8988    4.7181    3.8287   2071.0330    3.1625    14874106200.2787
  1251.592    8.9140    4.7224    3.8342   2073.3636    3.1581    15076979306.8870
  1268.334    8.9294    4.7268    3.8398   2075.6864    3.1538    15279855763.0777
  1285.077    8.9448    4.7312    3.8454   2078.0622    3.1498    15482754465.3794
  1301.819    8.9598    4.7354    3.8509   2080.4362    3.1460    15685688975.1536
  1318.562    8.9751    4.7398    3.8566   2082.7906    3.1426    15888675840.0650
  1335.304    8.9902    4.7441    3.8621   2085.1494    3.1394    16091733100.9039
  1352.047    9.0105    4.7519    3.8686   2088.3913    3.1364    16294899613.9232
  1368.789    9.0500    4.7715    3.8787   2093.7237    3.1338    16498311304.6867
  1385.531    9.0889    4.7913    3.8886   2099.2288    3.1314    16702074897.7606
  1402.274    9.1267    4.8106    3.8985   2104.9642    3.1292    16906202704.6950
  1419.016    9.1670    4.8317    3.9091   2110.5630    3.1273    17110727551.0413
  1435.759    9.2051    4.8517    3.9194   2116.3545    3.1257    17315676390.3839
  1452.501    9.2452    4.8730    3.9304   2122.1197    3.1244    17521076678.4664
  1469.244    9.2833    4.8935    3.9409   2128.5061    3.1234    17726951578.6709
  1485.986    9.3192    4.9127    3.9512   2133.5603    3.1227    17933302520.8189
  1502.729    9.3332    4.9172    3.9564   2135.7790    3.1223    18140010704.9331
  1519.471    9.3469    4.9215    3.9614   2137.9685    3.1224    18346962996.2177
  1536.214    9.3608    4.9260    3.9666   2140.1833    3.1229    18554186450.5118
  1552.956    9.3740    4.9304    3.9714   2142.2905    3.1238    18761705119.5239
  1552.956    4.7334    0.0000    3.9917         nan    3.1238    18761705119.5239
  1565.838    4.7408    0.0000    3.9965         nan    3.1247    18922432006.0126
  1578.720    4.7482    0.0000    4.0013         nan    3.1258    19083393294.7703
  1591.602    4.7556    0.0000    4.0060         nan    3.1272    19244603218.8975
  1604.484    4.7630    0.0000    4.0108         nan    3.1288    19406076507.0961
  1617.366    4.7704    0.0000    4.0155         nan    3.1308    19567828073.3037
  1630.248    4.7774    0.0000    4.0201         nan    3.1331    19729869776.4493
  1643.129    4.7845    0.0000    4.0247         nan    3.1357    19892214403.5638
  1656.011    4.7916    0.0000    4.0292         nan    3.1387    20054878953.8953
  1668.893    4.7986    0.0000    4.0338         nan    3.1419    20217881021.5883
  1668.893    5.1497    0.0000    6.2935         nan    3.1419    20217881021.5883
  1728.224    5.2304    0.0000    6.3366         nan    3.0448    21395102823.4708
  1787.556    5.3064    0.0000    6.3772         nan    2.9463    22543476470.3114
  1846.887    5.3782    0.0000    6.4158         nan    2.8466    23661629948.8040
  1906.218    5.4460    0.0000    6.4522         nan    2.7457    24748271450.2910
  1965.550    5.5100    0.0000    6.4866         nan    2.6438    25802183678.0577
  2024.881    5.5703    0.0000    6.5192         nan    2.5408    26822219041.0949
  2084.212    5.6272    0.0000    6.5500         nan    2.4368    27807295572.5863
  2143.543    5.6809    0.0000    6.5790         nan    2.3320    28756393439.0494
  2202.875    5.7313    0.0000    6.6064         nan    2.2262    29668551943.3834
  2262.206    5.7788    0.0000    6.6322         nan    2.1197    30542866944.2005
  2321.537    5.8233    0.0000    6.6564         nan    2.0124    31378488633.5035
  2380.868    5.8649    0.0000    6.6790         nan    1.9045    32174619629.0244
  2440.200    5.9038    0.0000    6.7002         nan    1.7958    32930513347.7687
  2499.531    5.9400    0.0000    6.7200         nan    1.6866    33645472643.1865
  2558.862    5.9736    0.0000    6.7383         nan    1.5768    34318848703.6465
  2618.194    6.0047    0.0000    6.7553         nan    1.4665    34950040228.6016
  2677.525    6.0333    0.0000    6.7709         nan    1.3557    35538492926.9962
  2736.856    6.0594    0.0000    6.7852         nan    1.2445    36083699433.3830
  2796.187    6.0831    0.0000    6.7982         nan    1.1330    36585199821.6344
  2855.519    6.1044    0.0000    6.8099         nan    1.0212    37042583062.0421
  2914.850    6.1235    0.0000    6.8203         nan    0.9091    37455490102.7609
  2974.181    6.1402    0.0000    6.8295         nan    0.7970    37823619988.0503
  3033.512    6.1546    0.0000    6.8374         nan    0.6849    38146742156.1284
  3092.844    6.1668    0.0000    6.8441         nan    0.5732    38424722573.9505
  3152.175    6.1767    0.0000    6.8495         nan    0.4627    38657584712.3028
  3211.506    6.1844    0.0000    6.8538         nan    0.3553    38845672942.6277
  3270.837    6.1899    0.0000    6.8568         nan    0.2593    38990191611.8648
  3330.169    6.1932    0.0000    6.8586         nan    0.2411    39095709269.2044
  3389.500    6.1943    0.0000    6.8592         nan    0.0000    39193820413.1236
