# Depth[km]  Vp[km/s]  Vs[km/s] Rho[g/cm3]    T[K]     g[m/s2]         P[Pa]        
     0.000    3.3397    1.9976    1.5441    273.1500    3.7291              0.0000
     9.762    3.3397    1.9976    1.5441    309.3097    3.7380       56210011.7485
     9.762    4.5492    2.7212    2.1033    309.3097    3.7380       56210011.7485
    26.913    4.5492    2.7212    2.1033    372.8423    3.7458      191048241.0614
    26.913    6.7089    4.0130    3.1018    372.8423    3.7458      191048241.0614
    42.490    6.7089    4.0130    3.1018    430.5451    3.7400      372028825.7814
    42.490    7.8434    4.4866    3.4772    430.5451    3.7400      372028825.7814
    52.551    7.8394    4.4799    3.4777    467.8147    3.7332      502877705.3691
    62.611    7.8351    4.4730    3.4780    505.0843    3.7264      633502730.4932
    72.672    7.8304    4.4659    3.4783    542.3538    3.7196      763901881.0635
    82.733    7.8254    4.4585    3.4786    579.6234    3.7128      894072787.4625
    92.794    7.8203    4.4511    3.4788    616.8930    3.7060     1024014520.5416
   102.855    7.8139    4.4432    3.4787    654.1626    3.6993     1153722996.8811
   112.916    7.8083    4.4355    3.4788    691.4322    3.6926     1283196820.0992
   122.977    7.8027    4.4278    3.4788    728.7018    3.6860     1412438904.5768
   133.038    7.7970    4.4201    3.4789    765.9714    3.6793     1541449373.0970
   143.098    7.7903    4.4120    3.4787    803.2410    3.6727     1670224177.1422
   153.159    7.7843    4.4041    3.4786    840.5106    3.6661     1798762638.8238
   163.220    7.7777    4.3959    3.4783    877.7801    3.6596     1927064548.4338
   173.281    7.7718    4.3881    3.4782    915.0497    3.6531     2055129910.6727
   183.342    7.7653    4.3800    3.4779    952.3193    3.6466     2182960047.4561
   193.403    7.7593    4.3721    3.4777    989.5889    3.6402     2310554349.4503
   203.464    7.7528    4.3640    3.4773   1026.8585    3.6338     2437912724.5395
   213.525    7.7457    4.3557    3.4768   1064.1281    3.6274     2565030791.3787
   223.586    7.7392    4.3476    3.4764   1101.3977    3.6210     2691908346.0286
   233.646    7.7334    4.3397    3.4761   1138.6673    3.6147     2818550974.7320
   243.707    7.7265    4.3314    3.4757   1175.9369    3.6085     2944960352.6054
   253.768    7.7198    4.3233    3.4752   1213.2064    3.6023     3071135258.0531
   263.829    7.7132    4.3151    3.4748   1250.4760    3.5961     3197075659.3589
   273.890    7.7065    4.3069    3.4743   1287.7456    3.5899     3322782731.6772
   283.951    7.6997    4.2987    3.4738   1325.0152    3.5838     3448258078.7849
   294.012    7.6905    4.2895    3.4731   1362.2848    3.5777     3573497923.0352
   304.073    7.6827    4.2808    3.4727   1399.5544    3.5717     3698504877.8986
   314.133    7.6750    4.2722    3.4722   1436.8240    3.5657     3823285875.5869
   324.194    7.6668    4.2632    3.4718   1474.0936    3.5598     3947841581.3932
   334.255    7.6586    4.2545    3.4712   1511.3632    3.5539     4072170790.3490
   344.316    7.6505    4.2456    3.4707   1548.6327    3.5480     4196274707.4509
   354.377    7.6425    4.2368    3.4702   1585.9023    3.5422     4320156732.0705
   364.438    7.6327    4.2273    3.4694   1623.1719    3.5364     4443812685.3998
   374.499    7.6245    4.2184    3.4690   1660.4415    3.5307     4567244237.4889
   384.560    7.6164    4.2096    3.4685   1697.7111    3.5250     4690458196.8404
   394.621    7.6073    4.2003    3.4678   1734.9807    3.5193     4813452860.7704
   404.681    7.5911    4.1883    3.4660   1772.2503    3.5137     4936207321.7800
   414.742    7.5906    4.1824    3.4667   1809.5199    3.5082     5058747787.1842
   424.803    7.5805    4.1727    3.4659   1846.7895    3.5027     5181092356.9575
   434.864    7.5676    4.1620    3.4646   1884.0590    3.4973     5303207877.7088
   444.925    7.5596    4.1531    3.4641   1921.3286    3.4919     5425102650.8892
   467.679    7.5875    4.1602    3.4720   1925.4308    3.4798     5700650786.3425
   490.432    7.6153    4.1675    3.4799   1929.4281    3.4677     5975867888.4034
   513.186    7.6554    4.1796    3.4895   1934.6829    3.4558     6250825362.7225
   535.940    7.6848    4.1877    3.4975   1938.8525    3.4439     6525531017.1841
   558.694    7.7130    4.1952    3.5054   1942.9443    3.4321     6799915883.8971
   581.447    7.7408    4.2028    3.5131   1946.8160    3.4205     7073971240.9206
   604.201    7.7673    4.2098    3.5207   1950.7057    3.4089     7347687730.0763
   626.955    7.7946    4.2173    3.5283   1954.4713    3.3975     7621067958.1159
   649.709    7.8210    4.2244    3.5358   1958.2214    3.3862     7894115348.4066
   672.462    7.8473    4.2315    3.5432   1961.9116    3.3750     8166828766.4549
   695.216    7.8727    4.2383    3.5505   1965.4978    3.3640     8439208528.1705
   717.970    7.8980    4.2451    3.5577   1968.9943    3.3532     8711254411.7749
   740.724    7.9228    4.2516    3.5649   1972.4681    3.3425     8982970866.3282
   763.477    7.9471    4.2581    3.5719   1975.8171    3.3320     9254361492.3865
   786.231    7.9717    4.2648    3.5790   1979.1436    3.3216     9525431726.5274
   808.985    7.9961    4.2714    3.5860   1982.4644    3.3115     9796193136.7533
   831.739    8.0197    4.2777    3.5929   1985.6404    3.3016    10066652602.7547
   854.492    8.0437    4.2841    3.5999   1988.9073    3.2918    10336823439.1930
   877.246    8.0674    4.2906    3.6068   1992.0097    3.2823    10606719672.1518
   900.000    8.0917    4.2974    3.6138   1995.2250    3.2731    10876356333.6296
   916.364    8.1092    4.3024    3.6189   1997.4906    3.2666    11070046753.7224
   932.727    8.1261    4.3070    3.6239   1999.6754    3.2602    11263621537.4632
   949.091    8.1431    4.3117    3.6289   2001.8143    3.2540    11457084801.3902
   965.455    8.1600    4.3166    3.6338   2003.9171    3.2479    11650442648.7489
   981.818    8.1780    4.3219    3.6391   2006.1514    3.2419    11843710738.5645
   998.182    8.1952    4.3269    3.6443   2008.2791    3.2361    12036901859.1697
  1014.546    8.2129    4.3322    3.6495   2010.3855    3.2305    12230021769.9896
  1030.909    8.2291    4.3366    3.6544   2012.3669    3.2250    12423071334.2052
  1047.273    8.2444    4.3406    3.6589   2014.4049    3.2197    12616040893.6838
  1063.637    8.2599    4.3447    3.6635   2016.3868    3.2145    12808934254.6604
  1080.000    8.3576    4.4052    3.6895   2025.3618    3.2094    13002324639.7760
  1096.364    8.4730    4.4778    3.7202   2037.0941    3.2042    13196896113.1824
  1112.728    8.5978    4.5565    3.7528   2048.9102    3.1988    13392809128.9324
  1129.091    8.6122    4.5599    3.7573   2052.7709    3.1933    13589360923.4541
  1145.455    8.6281    4.5642    3.7621   2055.2708    3.1881    13785823351.5479
  1161.819    8.6432    4.5680    3.7668   2057.4457    3.1831    13982212096.3915
  1178.182    8.6634    4.5773    3.7716   2061.1357    3.1782    14178537838.2709
  1194.546    8.7307    4.6353    3.7787   2064.1325    3.1736    14374874872.8857
  1210.910    8.7350    4.6296    3.7823   2073.7079    3.1692    14571201619.3231
  1227.273    8.7813    4.6668    3.7884   2076.0976    3.1650    14767506505.0004
  1243.637    8.7960    4.6709    3.7932   2078.4475    3.1610    14963834990.1130
  1260.001    8.8098    4.6752    3.7974   2080.7840    3.1573    15160148956.9887
  1276.364    8.8336    4.6842    3.8042   2084.2616    3.1538    15356514897.1066
  1292.728    8.8725    4.7028    3.8133   2089.3143    3.1505    15553074835.1622
  1309.092    8.9106    4.7209    3.8228   2094.2721    3.1475    15749911279.7890
  1325.455    8.9473    4.7381    3.8322   2099.4565    3.1446    15947043084.3304
  1341.819    8.9859    4.7563    3.8424   2104.5174    3.1420    16144502177.6160
  1358.183    9.0237    4.7742    3.8528   2109.7104    3.1396    16342326460.2246
  1374.546    9.0618    4.7925    3.8634   2114.9747    3.1374    16540536789.9391
  1390.910    9.0792    4.7967    3.8701   2116.9892    3.1355    16739054676.1334
  1407.274    9.0949    4.8001    3.8764   2118.9841    3.1339    16937786606.1759
  1423.637    9.1109    4.8036    3.8829   2120.9248    3.1326    17136743483.1414
  1440.001    9.1273    4.8067    3.8901   2122.8813    3.1316    17335967481.5802
  1456.365    9.1442    4.8101    3.8976   2124.8286    3.1309    17535504493.5508
  1472.728    9.1795    4.8230    3.9140   2133.2674    3.1306    17735613494.0464
  1489.092    9.2432    4.8569    3.9396   2141.4946    3.1304    17936776054.1856
  1505.456    9.2680    4.8686    3.9482   2146.8494    3.1304    18138800576.8182
  1521.819    9.2949    4.8824    3.9572   2151.8880    3.1307    18341275247.2103
  1538.183    9.3197    4.8951    3.9655   2157.0508    3.1315    18544215988.1540
  1538.183    4.6252    0.0000    4.0334         nan    3.1315    18544215988.1540
  1553.516    4.6381    0.0000    4.0395         nan    3.1317    18738033745.0284
  1568.850    4.6509    0.0000    4.0456         nan    3.1322    18932155474.0026
  1584.183    4.6638    0.0000    4.0517         nan    3.1331    19126603833.3551
  1599.517    4.6767    0.0000    4.0578         nan    3.1344    19321402439.9174
  1614.850    4.6890    0.0000    4.0637         nan    3.1362    19516570098.6580
  1630.184    4.7012    0.0000    4.0695         nan    3.1383    19712125612.1817
  1645.517    4.7134    0.0000    4.0753         nan    3.1409    19908094796.7626
  1660.851    4.7257    0.0000    4.0811         nan    3.1439    20104505762.0775
  1676.184    4.7375    0.0000    4.0868         nan    3.1475    20301383299.2183
  1676.184    5.1458    0.0000    6.3314         nan    3.1475    20301383299.2183
  1735.264    5.2290    0.0000    6.3746         nan    3.0501    21482744891.5455
  1794.344    5.3073    0.0000    6.4155         nan    2.9515    22635142470.3764
  1853.424    5.3813    0.0000    6.4541         nan    2.8516    23757196596.0709
  1912.503    5.4510    0.0000    6.4906         nan    2.7506    24847610921.2147
  1971.583    5.5167    0.0000    6.5250         nan    2.6485    25905166068.1694
  2030.663    5.5787    0.0000    6.5576         nan    2.5454    26928714501.8481
  2089.743    5.6371    0.0000    6.5884         nan    2.4413    27917176220.1952
  2148.823    5.6922    0.0000    6.6174         nan    2.3364    28869535121.3504
  2207.903    5.7439    0.0000    6.6448         nan    2.2306    29784835940.4452
  2266.983    5.7925    0.0000    6.6705         nan    2.1240    30662181687.7164
  2326.062    5.8381    0.0000    6.6946         nan    2.0166    31500731540.2782
  2385.142    5.8808    0.0000    6.7172         nan    1.9087    32299699161.7054
  2444.222    5.9207    0.0000    6.7384         nan    1.8001    33058351453.2562
  2503.302    5.9577    0.0000    6.7581         nan    1.6909    33776007774.4692
  2562.382    5.9921    0.0000    6.7764         nan    1.5812    34452039718.3465
  2621.462    6.0239    0.0000    6.7933         nan    1.4711    35085871601.0125
  2680.542    6.0531    0.0000    6.8088         nan    1.3607    35676981946.8847
  2739.622    6.0798    0.0000    6.8231         nan    1.2499    36224906464.5988
  2798.701    6.1041    0.0000    6.8360         nan    1.1391    36729243399.8764
  2857.781    6.1259    0.0000    6.8476         nan    1.0282    37189662908.7110
  2916.861    6.1454    0.0000    6.8580         nan    0.9175    37605923643.2435
  2975.941    6.1624    0.0000    6.8671         nan    0.8074    37977903129.7047
  3035.021    6.1772    0.0000    6.8750         nan    0.6986    38305656536.7231
  3094.101    6.1896    0.0000    6.8816         nan    0.5924    38589539362.5424
  3153.181    6.1998    0.0000    6.8871         nan    0.4921    38830491453.4930
  3212.260    6.2077    0.0000    6.8913         nan    0.4071    39030795751.7861
  3271.340    6.2133    0.0000    6.8943         nan    0.3752    39196578906.5396
  3330.420    6.2167    0.0000    6.8961         nan    0.7036    39349424335.8076
  3389.500    6.2178    0.0000    6.8967         nan    0.0000    39636094972.0202
