# Depth[km]  Vp[km/s]  Vs[km/s] Rho[g/cm3]    T[K]     g[m/s2]         P[Pa]        
     0.000    3.7198    2.2200    1.7000    273.1500    3.7291              0.0000
    11.377    3.7198    2.2200    1.7000    318.4807    3.7380       72124915.7433
    11.377    5.1105    3.0499    2.3355    318.4807    3.7380       72124915.7433
    30.981    5.1105    3.0499    2.3355    396.5944    3.7431      243266911.0916
    30.981    5.8344    3.4819    2.6663    396.5944    3.7431      243266911.0916
    45.485    5.8344    3.4819    2.6663    454.3859    3.7431      388017534.3155
    45.485    7.9585    4.5349    3.5034    454.3859    3.7431      388017534.3155
    55.258    7.9509    4.5255    3.5032    493.3282    3.7362      516172480.5950
    65.031    7.9430    4.5158    3.5029    532.2704    3.7294      644085396.3874
    74.804    7.9347    4.5060    3.5026    571.2127    3.7227      771754793.9992
    84.577    7.9256    4.4958    3.5021    610.1550    3.7159      899177681.9278
    94.350    7.9171    4.4860    3.5017    649.0973    3.7092     1026353973.2814
   104.123    7.9083    4.4760    3.5013    688.0395    3.7025     1153285667.3303
   113.896    7.8995    4.4661    3.5009    726.9818    3.6959     1279972971.0355
   123.669    7.8900    4.4559    3.5003    765.9241    3.6892     1406413820.5963
   133.442    7.8812    4.4462    3.4998    804.8664    3.6826     1532608462.0023
   143.215    7.8714    4.4360    3.4991    843.8087    3.6761     1658557172.1488
   152.989    7.8615    4.4258    3.4984    882.7509    3.6696     1784256227.8161
   162.762    7.8525    4.4160    3.4978    921.6932    3.6631     1909708629.5397
   172.535    7.8427    4.4059    3.4971    960.6355    3.6566     2034915563.7698
   182.308    7.8331    4.3959    3.4964    999.5778    3.6502     2159875664.7782
   192.081    7.8232    4.3859    3.4956   1038.5200    3.6438     2284588586.8693
   201.854    7.8132    4.3757    3.4948   1077.4623    3.6374     2409053949.2662
   211.627    7.8031    4.3656    3.4939   1116.4046    3.6311     2533273042.8775
   221.400    7.7932    4.3555    3.4931   1155.3469    3.6248     2657247365.6209
   231.173    7.7838    4.3458    3.4923   1194.2892    3.6185     2780978694.0312
   240.946    7.7734    4.3356    3.4913   1233.2314    3.6123     2904465032.1166
   250.719    7.7628    4.3252    3.4904   1272.1737    3.6062     3027705042.8190
   260.493    7.7540    4.3158    3.4896   1311.1160    3.6000     3150703800.6989
   270.266    7.7444    4.3060    3.4886   1350.0583    3.5939     3273462867.5332
   280.039    7.7345    4.2961    3.4877   1389.0005    3.5879     3395979732.3344
   289.812    7.7247    4.2862    3.4866   1427.9428    3.5819     3518255207.2124
   299.585    7.7156    4.2766    3.4858   1466.8851    3.5759     3640293289.0586
   309.358    7.7054    4.2667    3.4846   1505.8274    3.5700     3762092852.8701
   319.131    7.6958    4.2568    3.4837   1544.7696    3.5641     3883653902.6865
   328.904    7.6856    4.2469    3.4826   1583.7119    3.5582     4004979166.6493
   338.677    7.6760    4.2371    3.4817   1622.6542    3.5524     4126070439.6521
   348.450    7.6655    4.2270    3.4805   1661.5965    3.5467     4246928343.8556
   358.223    7.6560    4.2172    3.4796   1700.5388    3.5410     4367554145.7661
   367.996    7.6454    4.2070    3.4784   1739.4810    3.5353     4487949421.5074
   377.770    7.6355    4.1971    3.4774   1778.4233    3.5297     4608114025.7522
   387.543    7.6253    4.1871    3.4763   1817.3656    3.5241     4728051420.5277
   397.316    7.6148    4.1769    3.4752   1856.3079    3.5186     4847761347.4673
   407.089    7.6046    4.1669    3.4741   1895.2501    3.5131     4967244988.4701
   416.862    7.5936    4.1565    3.4730   1934.1924    3.5077     5086504426.4415
   426.635    7.5833    4.1463    3.4718   1973.1347    3.5023     5205540377.4382
   436.408    7.5726    4.1362    3.4707   2012.0770    3.4970     5324354471.3400
   459.588    7.6055    4.1459    3.4796   2017.1336    3.4844     5606042632.0416
   482.767    7.6359    4.1548    3.4882   2021.9005    3.4719     5887428866.9219
   505.947    7.6664    4.1640    3.4968   2026.6095    3.4595     6168497441.8617
   529.126    7.6952    4.1724    3.5051   2031.1689    3.4472     6449238682.4377
   552.306    7.7236    4.1807    3.5133   2035.5993    3.4350     6729639841.5451
   575.486    7.7511    4.1888    3.5213   2039.9714    3.4229     7009694235.8261
   598.665    7.7788    4.1971    3.5295   2044.2790    3.4109     7289403190.2822
   621.845    7.8057    4.2050    3.5374   2048.4848    3.3990     7568766272.5365
   645.024    7.8316    4.2126    3.5452   2052.4564    3.3872     7847774651.1232
   668.204    7.8582    4.2205    3.5531   2056.5255    3.3755     8126431541.1211
   691.384    7.8835    4.2280    3.5608   2060.5033    3.3640     8404741961.1392
   714.563    7.9095    4.2358    3.5686   2064.3507    3.3527     8682709518.6179
   737.743    7.9349    4.2433    3.5763   2068.1226    3.3415     8960341109.3052
   760.922    7.9605    4.2510    3.5841   2071.9565    3.3305     9237645969.0441
   784.102    7.9854    4.2586    3.5917   2075.4911    3.3196     9514628827.5116
   807.282    8.0106    4.2663    3.5994   2079.0783    3.3090     9791297444.0114
   830.461    8.0355    4.2739    3.6071   2082.6359    3.2985    10067668744.3981
   853.641    8.0616    4.2823    3.6151   2086.1641    3.2882    10343765451.5102
   876.820    8.0875    4.2906    3.6230   2089.4945    3.2782    10619606277.8295
   900.000    8.1136    4.2990    3.6312   2092.9541    3.2683    10895214690.6304
   916.700    8.1326    4.3053    3.6371   2095.3629    3.2614    11093566659.9564
   933.399    8.1510    4.3113    3.6429   2097.6974    3.2545    11291814261.8478
   950.099    8.1721    4.3188    3.6495   2100.1051    3.2478    11489982369.6466
   966.799    8.1930    4.3264    3.6560   2102.5139    3.2412    11688098889.7802
   983.499    8.2137    4.3339    3.6625   2104.8956    3.2348    11886167742.7202
  1000.198    8.2369    4.3429    3.6699   2107.2898    3.2284    12084215533.7249
  1016.898    8.2603    4.3519    3.6773   2109.7079    3.2222    12282273281.3290
  1033.598    8.2862    4.3626    3.6856   2112.2371    3.2161    12480372749.4571
  1050.298    8.3052    4.3692    3.6918   2114.5900    3.2102    12678487306.0947
  1066.997    8.3221    4.3746    3.6974   2116.7203    3.2044    12876552446.6830
  1083.697    8.3390    4.3799    3.7031   2118.8580    3.1988    13074563382.6246
  1100.397    8.3557    4.3854    3.7088   2121.0260    3.1933    13272530405.3206
  1117.096    8.3723    4.3908    3.7144   2123.1536    3.1881    13470462149.3537
  1133.796    8.4995    4.4700    3.7491   2135.8737    3.1828    13669140543.9089
  1150.496    8.6729    4.5803    3.7947   2153.1600    3.1772    13869623636.8754
  1167.196    8.8457    4.6904    3.8389   2166.6651    3.1713    14072139293.8465
  1183.895    8.8615    4.6957    3.8441   2168.9393    3.1653    14275584906.6103
  1200.595    8.8762    4.7002    3.8491   2171.2383    3.1595    14478915919.8003
  1217.295    8.8926    4.7046    3.8557   2174.0870    3.1539    14682180389.7156
  1233.995    8.9079    4.7092    3.8612   2176.5420    3.1485    14885402225.3778
  1250.694    8.9230    4.7138    3.8667   2179.0129    3.1433    15088564824.4329
  1267.394    8.9373    4.7183    3.8718   2181.3688    3.1383    15291669381.9944
  1284.094    8.9508    4.7228    3.8763   2183.5687    3.1336    15494703961.1129
  1300.794    8.9661    4.7276    3.8816   2185.8547    3.1292    15697692410.7525
  1317.493    8.9810    4.7319    3.8875   2188.5916    3.1250    15900685592.3794
  1334.193    8.9955    4.7366    3.8928   2190.9811    3.1210    16103696403.3335
  1350.893    9.0090    4.7410    3.8975   2193.2347    3.1174    16306711065.0025
  1367.592    9.0230    4.7456    3.9026   2195.6603    3.1140    16509743708.5337
  1384.292    9.0360    4.7502    3.9070   2197.8010    3.1109    16712805590.8149
  1400.992    9.0501    4.7547    3.9120   2199.9921    3.1082    16915910079.5705
  1417.692    9.0747    4.7665    3.9184   2203.8151    3.1057    17119130448.7673
  1434.391    9.1166    4.7888    3.9290   2210.1238    3.1036    17322633902.8816
  1451.091    9.1561    4.8103    3.9389   2215.6657    3.1017    17526526351.6134
  1467.791    9.1942    4.8314    3.9483   2221.6090    3.1002    17730795272.0986
  1484.491    9.2356    4.8539    3.9594   2227.7676    3.0989    17935491848.4526
  1501.190    9.2745    4.8757    3.9695   2233.8333    3.0979    18140653544.2054
  1517.890    9.3135    4.8972    3.9813   2238.9115    3.0973    18346317057.0087
  1534.590    9.3496    4.9169    3.9925   2242.9489    3.0969    18552530945.3526
  1551.289    9.3617    4.9211    3.9967   2244.8222    3.0970    18759122430.7337
  1551.289    4.8819    0.0000    4.0538         nan    3.0970    18759122430.7337
  1571.955    4.8993    0.0000    4.0612         nan    3.0967    19018811126.4087
  1592.621    4.9167    0.0000    4.0686         nan    3.0971    19278946282.4829
  1613.287    4.9342    0.0000    4.0759         nan    3.0981    19539584501.6670
  1633.953    4.9508    0.0000    4.0830         nan    3.1000    19800775197.4668
  1654.619    4.9674    0.0000    4.0900         nan    3.1026    20062570667.8343
  1675.285    4.9840    0.0000    4.0970         nan    3.1060    20325037483.3489
  1695.950    4.9998    0.0000    4.1038         nan    3.1104    20588237506.3247
  1716.616    5.0156    0.0000    4.1105         nan    3.1156    20852235407.2177
  1737.282    5.0313    0.0000    4.1171         nan    3.1218    21117109731.4579
  1737.282    5.2604    0.0000    6.5285         nan    3.1218    21117109731.4579
  1794.255    5.3320    0.0000    6.5693         nan    3.0246    22281901537.6330
  1851.228    5.3996    0.0000    6.6081         nan    2.9261    23417260633.3320
  1908.201    5.4637    0.0000    6.6449         nan    2.8266    24521961565.4046
  1965.174    5.5243    0.0000    6.6798         nan    2.7259    25594845962.8922
  2022.147    5.5817    0.0000    6.7128         nan    2.6243    26634818673.3489
  2079.120    5.6359    0.0000    6.7442         nan    2.5218    27640844490.7410
  2136.093    5.6872    0.0000    6.7738         nan    2.4184    28611945378.9088
  2193.066    5.7355    0.0000    6.8019         nan    2.3142    29547198126.1641
  2250.039    5.7811    0.0000    6.8283         nan    2.2092    30445732384.3851
  2307.012    5.8240    0.0000    6.8532         nan    2.1034    31306729063.5571
  2363.985    5.8643    0.0000    6.8767         nan    1.9970    32129419074.1095
  2420.958    5.9021    0.0000    6.8987         nan    1.8900    32913082426.4984
  2477.932    5.9374    0.0000    6.9193         nan    1.7825    33657047725.4003
  2534.905    5.9703    0.0000    6.9385         nan    1.6744    34360692136.8225
  2591.878    6.0008    0.0000    6.9563         nan    1.5659    35023441963.2376
  2648.851    6.0291    0.0000    6.9729         nan    1.4570    35644774053.9898
  2705.824    6.0551    0.0000    6.9881         nan    1.3478    36224218440.5630
  2762.797    6.0789    0.0000    7.0020         nan    1.2384    36761362863.1247
  2819.770    6.1005    0.0000    7.0147         nan    1.1290    37255860372.7792
  2876.743    6.1200    0.0000    7.0261         nan    1.0197    37707442194.0899
  2933.716    6.1374    0.0000    7.0363         nan    0.9109    38115940081.8428
  2990.689    6.1526    0.0000    7.0452         nan    0.8029    38481326891.7576
  3047.662    6.1658    0.0000    7.0530         nan    0.6968    38803794702.0639
  3104.635    6.1769    0.0000    7.0595         nan    0.5943    39083917540.5619
  3161.608    6.1860    0.0000    7.0648         nan    0.4997    39323027724.0328
  3218.581    6.1931    0.0000    7.0690         nan    0.4256    39524220846.6520
  3275.554    6.1981    0.0000    7.0719         nan    0.4227    39695667489.8699
  3332.527    6.2011    0.0000    7.0737         nan    0.9021    39865992558.1287
  3389.500    6.2021    0.0000    7.0743         nan    0.0000    40229581753.5182
