# Depth[km]  Vp[km/s]  Vs[km/s] Rho[g/cm3]    T[K]     g[m/s2]         P[Pa]        
     0.000    3.3357    1.9811    1.5313    273.1500    3.7291              0.0000
     9.498    3.3357    1.9811    1.5313    308.7923    3.7378       54240989.0913
     9.498    4.7909    2.8453    2.1994    308.7923    3.7378       54240989.0913
    26.402    4.7909    2.8453    2.1994    372.2264    3.7442      193200751.0443
    26.402    6.7785    4.0258    3.1119    372.2264    3.7442      193200751.0443
    44.704    6.7785    4.0258    3.1119    440.9138    3.7372      406454831.2847
    44.704    7.9530    4.5331    3.4845    440.9138    3.7372      406454831.2847
    54.680    7.9477    4.5253    3.4847    478.3514    3.7304      536366623.1372
    64.656    7.9422    4.5174    3.4847    515.7890    3.7235      666044675.4660
    74.632    7.9362    4.5092    3.4847    553.2265    3.7167      795487264.1234
    84.608    7.9300    4.5009    3.4847    590.6641    3.7100      924692867.2018
    94.584    7.9230    4.4922    3.4845    628.1017    3.7032     1053658226.0007
   104.560    7.9166    4.4838    3.4844    665.5392    3.6965     1182383276.7735
   114.535    7.9100    4.4753    3.4842    702.9768    3.6898     1310869888.1687
   124.511    7.9034    4.4668    3.4840    740.4144    3.6832     1439117635.7095
   134.487    7.8961    4.4581    3.4837    777.8519    3.6765     1567124614.3031
   144.463    7.8894    4.4496    3.4835    815.2895    3.6699     1694891186.6233
   154.439    7.8820    4.4409    3.4831    852.7271    3.6634     1822416592.5914
   164.415    7.8749    4.4322    3.4827    890.1646    3.6568     1949699243.1153
   174.390    7.8680    4.4237    3.4823    927.6022    3.6503     2076740893.7990
   184.366    7.8614    4.4153    3.4819    965.0398    3.6439     2203543373.0404
   194.342    7.8541    4.4067    3.4814   1002.4773    3.6374     2330105851.0036
   204.318    7.8468    4.3981    3.4809   1039.9149    3.6310     2456426366.9566
   214.294    7.8394    4.3894    3.4803   1077.3525    3.6247     2582503728.1268
   224.270    7.8321    4.3807    3.4798   1114.7900    3.6184     2708339339.1084
   234.246    7.8248    4.3721    3.4792   1152.2276    3.6121     2833935847.5726
   244.221    7.8179    4.3636    3.4787   1189.6652    3.6058     2959294288.5341
   254.197    7.8113    4.3553    3.4781   1227.1027    3.5996     3084416122.1651
   264.173    7.8038    4.3466    3.4774   1264.5403    3.5934     3209299738.2770
   274.149    7.7965    4.3380    3.4769   1301.9779    3.5873     3333946531.4105
   284.125    7.7899    4.3297    3.4763   1339.4154    3.5812     3458360031.1083
   294.101    7.7832    4.3213    3.4757   1376.8530    3.5751     3582540713.3312
   304.077    7.7755    4.3125    3.4749   1414.2906    3.5691     3706486532.8748
   314.052    7.7687    4.3042    3.4743   1451.7281    3.5632     3830198743.9140
   324.028    7.7616    4.2958    3.4735   1489.1657    3.5572     3953680106.7659
   334.004    7.7548    4.2874    3.4729   1526.6033    3.5513     4076931832.1661
   343.980    7.7470    4.2786    3.4721   1564.0409    3.5455     4199953367.2085
   353.956    7.7405    4.2703    3.4714   1601.4784    3.5397     4322746031.8575
   363.932    7.7321    4.2613    3.4705   1638.9160    3.5339     4445310322.8522
   373.907    7.7257    4.2531    3.4698   1676.3536    3.5282     4567647113.8589
   383.883    7.7187    4.2446    3.4691   1713.7911    3.5226     4689761713.9171
   393.859    7.7106    4.2356    3.4682   1751.2287    3.5169     4811651562.1569
   403.835    7.7038    4.2272    3.4675   1788.6663    3.5114     4933317706.7483
   413.811    7.6961    4.2184    3.4666   1826.1038    3.5058     5054763497.9885
   423.787    7.6889    4.2097    3.4659   1863.5414    3.5004     5175990270.0594
   433.763    7.6815    4.2011    3.4649   1900.9790    3.4949     5296997409.5832
   443.738    7.6738    4.1922    3.4642   1938.4165    3.4896     5417787396.2307
   466.552    7.7015    4.2006    3.4722   1942.8255    3.4774     5693880239.0568
   489.365    7.7282    4.2086    3.4802   1947.1855    3.4653     5969643488.5723
   512.178    7.7544    4.2164    3.4880   1951.4994    3.4532     6245073254.8644
   534.991    7.7796    4.2239    3.4957   1955.5611    3.4413     6520158686.5479
   557.804    7.8049    4.2314    3.5034   1959.7223    3.4295     6794896554.3489
   580.617    7.8289    4.2384    3.5109   1963.6772    3.4178     7069285195.5520
   603.430    7.8535    4.2458    3.5185   1967.7017    3.4062     7343323496.2994
   626.243    7.8772    4.2526    3.5259   1971.5570    3.3947     7617012804.6613
   649.056    7.9014    4.2598    3.5335   1975.6528    3.3833     7890360953.5149
   671.869    7.9244    4.2664    3.5408   1979.4198    3.3721     8163370376.9003
   694.682    7.9475    4.2731    3.5480   1983.0706    3.3611     8436034436.9012
   717.495    7.9703    4.2797    3.5552   1986.7186    3.3502     8708359493.9528
   740.308    7.9932    4.2863    3.5625   1990.3445    3.3394     8980354175.9290
   763.122    8.0168    4.2934    3.5698   1994.0004    3.3289     9252032538.1688
   785.935    8.0391    4.2998    3.5770   1997.5042    3.3185     9523402541.3909
   808.748    8.0617    4.3065    3.5841   2000.9249    3.3083     9794467877.4263
   831.561    8.0841    4.3130    3.5913   2004.3617    3.2983    10065241865.3672
   854.374    8.1066    4.3197    3.5985   2007.6838    3.2885    10335737948.1903
   877.187    8.1298    4.3267    3.6058   2011.0088    3.2790    10605976637.6425
   900.000    8.1526    4.3337    3.6132   2014.2573    3.2697    10875979730.1678
   916.600    8.1696    4.3390    3.6186   2016.5978    3.2630    11072238943.9936
   933.201    8.1869    4.3445    3.6241   2018.9863    3.2565    11268395325.4209
   949.801    8.2040    4.3500    3.6296   2021.2954    3.2501    11464457921.0817
   966.401    8.2232    4.3565    3.6356   2023.7531    3.2439    11660448016.2189
   983.002    8.2416    4.3628    3.6415   2026.0755    3.2378    11856383897.3131
   999.602    8.2609    4.3695    3.6477   2028.4255    3.2318    12052276380.8960
  1016.202    8.2803    4.3765    3.6540   2030.7232    3.2260    12248142337.8124
  1032.803    8.3004    4.3838    3.6605   2033.0685    3.2203    12443998785.7054
  1049.403    8.3162    4.3887    3.6658   2035.2503    3.2148    12639826204.3464
  1066.003    8.3314    4.3930    3.6709   2037.3716    3.2095    12835594538.0149
  1082.604    8.3469    4.3977    3.6761   2039.4957    3.2043    13031311883.5507
  1099.204    8.3912    4.4220    3.6888   2044.4503    3.1993    13227190746.1551
  1115.805    8.5150    4.5009    3.7218   2057.1213    3.1942    13423975982.9399
  1132.405    8.6752    4.6034    3.7637   2072.8584    3.1889    13622435401.0267
  1149.005    8.8090    4.6885    3.7981   2083.4437    3.1833    13822584496.7315
  1165.606    8.8241    4.6926    3.8034   2085.9615    3.1777    14023431002.4887
  1182.206    8.8384    4.6966    3.8083   2088.2929    3.1723    14224192858.6063
  1198.806    8.8547    4.7011    3.8142   2090.6433    3.1671    14424896939.5245
  1215.407    8.8700    4.7054    3.8197   2093.0254    3.1621    14625570000.9237
  1232.007    8.8853    4.7096    3.8252   2095.3784    3.1573    14826214266.5401
  1248.607    8.9005    4.7139    3.8307   2097.7351    3.1527    15026842579.6903
  1265.208    8.9156    4.7182    3.8361   2100.1037    3.1484    15227466997.3692
  1281.808    8.9308    4.7225    3.8417   2102.4516    3.1443    15428103541.2760
  1298.408    8.9460    4.7268    3.8472   2104.8269    3.1405    15628769063.3388
  1315.009    8.9609    4.7311    3.8526   2107.1981    3.1369    15829475276.5172
  1331.609    8.9758    4.7354    3.8581   2109.6099    3.1336    16030238715.7008
  1348.209    8.9907    4.7396    3.8636   2111.9538    3.1306    16231076357.0305
  1364.810    9.0093    4.7463    3.8698   2114.9814    3.1279    16432024054.4006
  1381.410    9.0488    4.7663    3.8798   2120.3631    3.1254    16633216691.8886
  1398.010    9.0880    4.7862    3.8898   2126.0347    3.1232    16834768317.4512
  1414.611    9.1259    4.8056    3.8998   2131.5536    3.1212    17036697000.0887
  1431.211    9.1646    4.8258    3.9099   2137.3309    3.1195    17239021533.2025
  1447.811    9.2025    4.8457    3.9201   2143.2406    3.1181    17441762436.7847
  1464.412    9.2412    4.8663    3.9307   2149.0694    3.1170    17644949427.7917
  1481.012    9.2803    4.8875    3.9416   2155.3793    3.1162    17848618484.0986
  1497.612    9.3184    4.9083    3.9523   2160.7808    3.1157    18052792161.7585
  1514.213    9.3319    4.9125    3.9573   2163.0206    3.1155    18257337710.1813
  1530.813    9.3456    4.9169    3.9624   2165.2495    3.1158    18462134304.7905
  1547.414    9.3589    4.9212    3.9672   2167.4227    3.1165    18667206253.4263
  1547.414    5.0152    0.0000    3.9765         nan    3.1165    18667206253.4263
  1566.200    5.0314    0.0000    3.9826         nan    3.1177    18900204286.0217
  1584.987    5.0477    0.0000    3.9888         nan    3.1195    19133649853.1047
  1603.773    5.0640    0.0000    3.9949         nan    3.1219    19367587971.3997
  1622.560    5.0798    0.0000    4.0008         nan    3.1250    19602060607.1691
  1641.346    5.0952    0.0000    4.0066         nan    3.1287    19837108925.1647
  1660.133    5.1107    0.0000    4.0124         nan    3.1332    20072782056.0131
  1678.919    5.1259    0.0000    4.0182         nan    3.1385    20309133140.4609
  1697.706    5.1406    0.0000    4.0237         nan    3.1445    20546211828.6456
  1716.492    5.1553    0.0000    4.0292         nan    3.1514    20784072811.0166
  1716.492    5.0171    0.0000    6.4754         nan    3.1514    20784072811.0166
  1774.182    5.0716    0.0000    6.5211         nan    3.0547    21965455761.3839
  1831.872    5.1234    0.0000    6.5647         nan    2.9567    23118471743.4142
  1889.562    5.1725    0.0000    6.6064         nan    2.8575    24241775812.4492
  1947.252    5.2192    0.0000    6.6461         nan    2.7570    25334082440.4635
  2004.942    5.2635    0.0000    6.6839         nan    2.6554    26394163664.0506
  2062.632    5.3055    0.0000    6.7200         nan    2.5528    27420847530.2081
  2120.322    5.3453    0.0000    6.7542         nan    2.4491    28413016804.7182
  2178.012    5.3830    0.0000    6.7867         nan    2.3445    29369607918.8121
  2235.702    5.4185    0.0000    6.8175         nan    2.2389    30289610132.5048
  2293.392    5.4520    0.0000    6.8467         nan    2.1325    31172064912.1790
  2351.082    5.4836    0.0000    6.8742         nan    2.0253    32016065527.2989
  2408.771    5.5132    0.0000    6.9000         nan    1.9174    32820756886.3515
  2466.461    5.5409    0.0000    6.9243         nan    1.8088    33585335656.9588
  2524.151    5.5668    0.0000    6.9470         nan    1.6995    34309050742.8120
  2581.841    5.5909    0.0000    6.9682         nan    1.5897    34991204242.9876
  2639.531    5.6131    0.0000    6.9878         nan    1.4794    35631153098.4306
  2697.221    5.6337    0.0000    7.0059         nan    1.3687    36228311767.2462
  2754.911    5.6525    0.0000    7.0226         nan    1.2577    36782156516.0689
  2812.601    5.6696    0.0000    7.0377         nan    1.1465    37292232364.0284
  2870.291    5.6850    0.0000    7.0513         nan    1.0353    37758164589.3311
  2927.981    5.6987    0.0000    7.0635         nan    0.9244    38179678497.4970
  2985.671    5.7108    0.0000    7.0743         nan    0.8141    38556635066.3328
  3043.361    5.7212    0.0000    7.0836         nan    0.7053    38889099354.2509
  3101.050    5.7300    0.0000    7.0914         nan    0.5996    39177482759.8668
  3158.740    5.7372    0.0000    7.0978         nan    0.5006    39422871779.3834
  3216.430    5.7428    0.0000    7.1028         nan    0.4191    39627905661.4521
  3274.120    5.7468    0.0000    7.1064         nan    0.3986    39799668204.0877
  3331.810    5.7492    0.0000    7.1085         nan    0.7921    39963116607.7422
  3389.500    5.7500    0.0000    7.1092         nan    0.0000    40287958263.1438
