# Depth[km]  Vp[km/s]  Vs[km/s] Rho[g/cm3]    T[K]     g[m/s2]         P[Pa]        
     0.000    3.3504    2.0092    1.5732    273.1500    3.7291              0.0000
     9.644    3.3504    2.0092    1.5732    308.5995    3.7376       56577168.5179
     9.644    5.0119    3.0055    2.3534    308.5995    3.7376       56577168.5179
    27.520    5.0119    3.0055    2.3534    374.3162    3.7420      213817363.0571
    27.520    6.2633    3.7560    2.9410    374.3162    3.7420      213817363.0571
    43.531    6.2633    3.7560    2.9410    433.1728    3.7382      390012074.8820
    43.531    7.8436    4.4863    3.4774    433.1728    3.7382      390012074.8820
    53.536    7.8397    4.4797    3.4778    469.9559    3.7314      520087462.7138
    63.542    7.8356    4.4729    3.4782    506.7389    3.7246      649942064.0718
    73.548    7.8312    4.4659    3.4786    543.5220    3.7179      779574127.7742
    83.554    7.8261    4.4586    3.4788    580.3051    3.7111      908981176.6820
    93.559    7.8212    4.4514    3.4790    617.0881    3.7044     1038162021.4573
   103.565    7.8151    4.4436    3.4790    653.8712    3.6977     1167112881.8983
   113.571    7.8097    4.4360    3.4791    690.6543    3.6910     1295832405.3576
   123.577    7.8042    4.4285    3.4792    727.4373    3.6844     1424323474.8823
   133.582    7.7987    4.4209    3.4793    764.2204    3.6778     1552586157.9482
   143.588    7.7922    4.4128    3.4791    801.0035    3.6712     1680616511.4486
   153.594    7.7865    4.4052    3.4790    837.7865    3.6647     1808413985.0806
   163.600    7.7809    4.3976    3.4790    874.5696    3.6582     1935982259.0939
   173.605    7.7743    4.3895    3.4787    911.3527    3.6517     2063317912.7539
   183.611    7.7678    4.3814    3.4784    948.1358    3.6452     2190417458.2933
   193.617    7.7620    4.3736    3.4783    984.9188    3.6388     2317283620.6410
   203.623    7.7557    4.3656    3.4779   1021.7019    3.6324     2443917230.6003
   213.628    7.7487    4.3574    3.4774   1058.4850    3.6261     2570313813.5646
   223.634    7.7432    4.3498    3.4772   1095.2680    3.6197     2696476063.8326
   233.640    7.7368    4.3417    3.4768   1132.0511    3.6135     2822406536.3412
   243.646    7.7301    4.3335    3.4764   1168.8342    3.6072     2948104148.0315
   253.652    7.7237    4.3256    3.4760   1205.6172    3.6010     3073570789.2327
   263.657    7.7172    4.3176    3.4756   1242.4003    3.5948     3198806913.1003
   273.663    7.7107    4.3095    3.4752   1279.1834    3.5887     3323813152.2584
   283.669    7.7042    4.3015    3.4747   1315.9664    3.5826     3448590277.0149
   293.675    7.6970    4.2932    3.4743   1352.7495    3.5765     3573139946.0652
   303.680    7.6885    4.2843    3.4738   1389.5326    3.5705     3697461823.0767
   313.686    7.6811    4.2758    3.4734   1426.3156    3.5645     3821557537.6427
   323.692    7.6727    4.2669    3.4728   1463.0987    3.5586     3945428524.5509
   333.698    7.6649    4.2583    3.4724   1499.8818    3.5527     4069076050.7621
   343.703    7.6574    4.2498    3.4720   1536.6648    3.5469     4192503514.9199
   353.709    7.6488    4.2409    3.4714   1573.4479    3.5410     4315709696.0303
   363.715    7.6410    4.2322    3.4709   1610.2310    3.5353     4438695725.8784
   373.721    7.6319    4.2230    3.4703   1647.0140    3.5296     4561462115.1333
   383.726    7.6239    4.2142    3.4698   1683.7971    3.5239     4684010206.1465
   393.732    7.6155    4.2054    3.4692   1720.5802    3.5182     4806342033.8566
   403.738    7.6072    4.1964    3.4687   1757.3633    3.5127     4928458835.6625
   413.744    7.5994    4.1878    3.4682   1794.1463    3.5071     5050363977.0116
   423.749    7.5906    4.1786    3.4677   1830.9294    3.5016     5172058474.6025
   433.755    7.5757    4.1672    3.4661   1867.7125    3.4962     5293524591.2470
   443.761    7.5678    4.1584    3.4656   1904.4955    3.4908     5414765606.3324
   466.573    7.5959    4.1656    3.4735   1908.5448    3.4786     5691052452.7169
   489.385    7.6237    4.1729    3.4814   1912.5334    3.4665     5967000017.2096
   512.197    7.6643    4.1852    3.4912   1917.8048    3.4544     6242682512.1055
   535.009    7.6937    4.1932    3.4992   1921.9399    3.4424     6518107467.8083
   557.821    7.7219    4.2010    3.5070   1925.8406    3.4305     6793198062.6176
   580.633    7.7492    4.2082    3.5147   1929.7532    3.4188     7067946400.8851
   603.445    7.7764    4.2156    3.5223   1933.5648    3.4071     7342351344.7184
   626.257    7.8041    4.2232    3.5301   1937.4878    3.3956     7616417820.2298
   649.069    7.8302    4.2302    3.5374   1941.1101    3.3842     7890141762.1189
   671.881    7.8558    4.2370    3.5448   1944.7118    3.3729     8163515020.8583
   694.692    7.8813    4.2438    3.5521   1948.2208    3.3618     8436540206.4289
   717.504    7.9064    4.2505    3.5593   1951.7136    3.3508     8709221328.2938
   740.316    7.9316    4.2573    3.5665   1955.1344    3.3400     8981563502.9577
   763.128    7.9564    4.2641    3.5736   1958.5228    3.3294     9253573285.5689
   785.940    7.9804    4.2704    3.5806   1961.7641    3.3190     9525252795.7924
   808.752    8.0047    4.2770    3.5876   1965.0674    3.3087     9796609777.2547
   831.564    8.0285    4.2833    3.5945   1968.2006    3.2987    10067654911.1255
   854.376    8.0526    4.2899    3.6015   1971.4181    3.2888    10338400764.3732
   877.188    8.0770    4.2967    3.6086   1974.6650    3.2792    10608868466.8913
   900.000    8.1011    4.3034    3.6156   1977.7712    3.2699    10879071271.3917
   916.756    8.1185    4.3082    3.6207   1980.0061    3.2631    11077311152.3305
   933.513    8.1356    4.3129    3.6257   1982.1686    3.2565    11275420726.4775
   950.269    8.1531    4.3179    3.6308   1984.3502    3.2501    11473407685.3667
   967.026    8.1708    4.3229    3.6360   1986.6096    3.2438    11671283328.3645
   983.782    8.1891    4.3284    3.6415   1988.7845    3.2376    11869064670.3326
  1000.538    8.2072    4.3339    3.6469   1990.9157    3.2316    12066764936.3285
  1017.295    8.2240    4.3385    3.6518   1992.9832    3.2258    12264378548.5815
  1034.051    8.2405    4.3429    3.6568   1995.0105    3.2201    12461903690.8802
  1050.808    8.2561    4.3471    3.6614   1997.0622    3.2147    12659341712.4826
  1067.564    8.3157    4.3813    3.6775   2002.7806    3.2093    12857002261.6874
  1084.320    8.4221    4.4477    3.7060   2013.3119    3.2038    13055529616.1031
  1101.077    8.5450    4.5250    3.7385   2026.8835    3.1982    13255358509.8024
  1117.833    8.6102    4.5629    3.7559   2032.9346    3.1925    13456175194.3958
  1134.589    8.6262    4.5672    3.7608   2035.8755    3.1870    13657228790.4763
  1151.346    8.6731    4.6035    3.7668   2041.8094    3.1816    13858222202.8134
  1168.102    8.7024    4.6225    3.7719   2049.7986    3.1764    14059170642.8069
  1184.859    8.7520    4.6623    3.7782   2052.2615    3.1714    14260094552.9407
  1201.615    8.7671    4.6667    3.7830   2054.7127    3.1666    14460999262.7999
  1218.371    8.7822    4.6710    3.7878   2057.1140    3.1620    14661855553.6272
  1235.128    8.7969    4.6751    3.7926   2059.4278    3.1577    14862677721.4082
  1251.884    8.8118    4.6794    3.7974   2061.8236    3.1537    15063479138.0280
  1268.641    8.8392    4.6909    3.8045   2065.5089    3.1499    15264336501.6504
  1285.397    8.8766    4.7085    3.8135   2070.5953    3.1463    15465376117.5178
  1302.153    8.9150    4.7268    3.8228   2075.6345    3.1429    15666670173.9619
  1318.910    8.9532    4.7449    3.8325   2080.9622    3.1398    15868250940.4925
  1335.666    8.9896    4.7622    3.8419   2085.9250    3.1368    16070131791.2476
  1352.423    9.0289    4.7808    3.8527   2091.3654    3.1341    16272355423.8689
  1369.179    9.0667    4.7981    3.8638   2096.1220    3.1317    16474979900.7495
  1385.935    9.0815    4.8025    3.8687   2098.3909    3.1295    16677864044.8076
  1402.692    9.0989    4.8055    3.8763   2100.2146    3.1276    16880933358.9648
  1419.448    9.1151    4.8089    3.8829   2102.1797    3.1260    17084253053.0447
  1436.205    9.1316    4.8121    3.8900   2104.1495    3.1248    17287831442.4683
  1452.961    9.1490    4.8155    3.8978   2106.1016    3.1239    17491718762.1816
  1469.717    9.2042    4.8404    3.9225   2118.7080    3.1233    17696399177.1009
  1486.474    9.2564    4.8678    3.9428   2124.2798    3.1227    17902212928.8345
  1503.230    9.2837    4.8815    3.9520   2129.8334    3.1225    18108763473.2958
  1519.987    9.3100    4.8949    3.9608   2135.2926    3.1226    18315769401.0990
  1536.743    9.3339    4.9065    3.9689   2140.5243    3.1231    18523225995.3413
  1553.499    9.3585    4.9190    3.9771   2145.2803    3.1241    18731144551.4581
  1553.499    5.2555    0.0000    4.0228         nan    3.1241    18731144551.4581
  1570.384    5.2674    0.0000    4.0279         nan    3.1248    18943482203.1218
  1587.270    5.2792    0.0000    4.0330         nan    3.1260    19156138450.6290
  1604.155    5.2910    0.0000    4.0381         nan    3.1277    19369146414.5446
  1621.040    5.3027    0.0000    4.0431         nan    3.1300    19582539210.9911
  1637.925    5.3140    0.0000    4.0480         nan    3.1327    19796347099.1510
  1654.810    5.3253    0.0000    4.0529         nan    3.1361    20010603534.8102
  1671.696    5.3365    0.0000    4.0578         nan    3.1401    20225348178.8047
  1688.581    5.3475    0.0000    4.0625         nan    3.1446    20440619590.0916
  1705.466    5.3583    0.0000    4.0672         nan    3.1499    20656455364.8417
  1705.466    5.2733    0.0000    6.4615         nan    3.1499    20656455364.8417
  1763.536    5.3554    0.0000    6.5028         nan    3.0518    21842127642.1054
  1821.606    5.4329    0.0000    6.5419         nan    2.9524    22997991941.1081
  1879.676    5.5059    0.0000    6.5788         nan    2.8519    24122749285.3534
  1937.747    5.5749    0.0000    6.6137         nan    2.7504    25215178263.2915
  1995.817    5.6399    0.0000    6.6468         nan    2.6478    26274129410.6735
  2053.887    5.7013    0.0000    6.6780         nan    2.5442    27298520478.8507
  2111.957    5.7591    0.0000    6.7075         nan    2.4398    28287332423.3280
  2170.027    5.8136    0.0000    6.7353         nan    2.3345    29239605990.3675
  2228.097    5.8648    0.0000    6.7615         nan    2.2284    30154438811.3346
  2286.167    5.9130    0.0000    6.7862         nan    2.1215    31030982926.5303
  2344.238    5.9582    0.0000    6.8093         nan    2.0140    31868442694.8547
  2402.308    6.0004    0.0000    6.8310         nan    1.9058    32666073057.0867
  2460.378    6.0399    0.0000    6.8513         nan    1.7970    33423178136.9275
  2518.448    6.0767    0.0000    6.8702         nan    1.6877    34139110189.8863
  2576.518    6.1108    0.0000    6.8877         nan    1.5778    34813268939.7660
  2634.588    6.1423    0.0000    6.9040         nan    1.4676    35445101383.8867
  2692.658    6.1713    0.0000    6.9189         nan    1.3569    36034102220.5375
  2750.729    6.1977    0.0000    6.9325         nan    1.2459    36579815176.4891
  2808.799    6.2218    0.0000    6.9449         nan    1.1347    37081835734.8968
  2866.869    6.2434    0.0000    6.9561         nan    1.0233    37539816198.6572
  2924.939    6.2627    0.0000    6.9661         nan    0.9120    37953474908.5492
  2983.009    6.2796    0.0000    6.9748         nan    0.8008    38322613371.8100
  3041.079    6.2943    0.0000    6.9824         nan    0.6903    38647149637.6824
  3099.149    6.3066    0.0000    6.9887         nan    0.5813    38927188212.6373
  3157.219    6.3167    0.0000    6.9940         nan    0.4755    39163182159.1986
  3215.290    6.3245    0.0000    6.9980         nan    0.3784    39356366401.1358
  3273.360    6.3301    0.0000    7.0009         nan    0.3117    39510186067.7333
  3331.430    6.3334    0.0000    7.0026         nan    0.4512    39636930233.4242
  3389.500    6.3346    0.0000    7.0032         nan    0.0000    39820409677.2474
