# Depth[km]  Vp[km/s]  Vs[km/s] Rho[g/cm3]    T[K]     g[m/s2]         P[Pa]        
     0.000    3.8526    2.3236    1.7543    273.1500    3.7291              0.0000
    13.417    3.8526    2.3236    1.7543    329.2543    3.7390       87772742.4964
    13.417    3.9900    2.4064    1.8169    329.2543    3.7390       87772742.4964
    26.065    3.9900    2.4064    1.8169    382.1500    3.7478      173697174.8899
    26.065    5.4543    3.2896    2.4837    382.1500    3.7478      173697174.8899
    44.668    5.4543    3.2896    2.4837    459.9436    3.7506      346853423.5741
    44.668    7.9957    4.5426    3.5185    459.9436    3.7506      346853423.5741
    54.282    7.9870    4.5323    3.5180    500.1508    3.7438      473722816.7061
    63.897    7.9781    4.5218    3.5175    540.3580    3.7371      600343670.2068
    73.511    7.9688    4.5112    3.5168    580.5651    3.7303      726714580.4113
    83.126    7.9589    4.5004    3.5161    620.7723    3.7236      852833134.9455
    92.740    7.9494    4.4898    3.5154    660.9795    3.7169      978699666.8603
   102.355    7.9397    4.4792    3.5147    701.1867    3.7103     1104315822.8492
   111.969    7.9298    4.4686    3.5139    741.3938    3.7036     1229679849.0911
   121.584    7.9199    4.4580    3.5131    781.6010    3.6971     1354791913.9593
   131.198    7.9098    4.4474    3.5123    821.8082    3.6905     1479651967.0996
   140.813    7.9000    4.4370    3.5115    862.0154    3.6840     1604260778.4887
   150.427    7.8897    4.4265    3.5105    902.2225    3.6775     1728618395.7936
   160.042    7.8795    4.4160    3.5096    942.4297    3.6710     1852723290.2710
   169.656    7.8691    4.4055    3.5086    982.6369    3.6646     1976575564.7965
   179.271    7.8589    4.3951    3.5076   1022.8441    3.6582     2100175864.0651
   188.885    7.8490    4.3849    3.5066   1063.0512    3.6518     2223525998.0399
   198.500    7.8379    4.3740    3.5054   1103.2584    3.6455     2346623984.0626
   208.114    7.8280    4.3640    3.5044   1143.4656    3.6392     2469470973.5383
   217.729    7.8179    4.3537    3.5034   1183.6728    3.6330     2592070749.9233
   227.343    7.8072    4.3432    3.5022   1223.8799    3.6268     2714420889.6315
   236.958    7.7969    4.3330    3.5012   1264.0871    3.6206     2836523220.9110
   246.572    7.7869    4.3227    3.5001   1304.2943    3.6145     2958381335.7425
   256.187    7.7769    4.3127    3.4988   1344.5015    3.6084     3079992461.9189
   265.801    7.7670    4.3025    3.4977   1384.7086    3.6024     3201356665.2646
   275.416    7.7574    4.2926    3.4965   1424.9158    3.5963     3322477310.8813
   285.030    7.7465    4.2820    3.4953   1465.1230    3.5904     3443355510.6805
   294.645    7.7376    4.2726    3.4941   1505.3302    3.5845     3563991934.0000
   304.259    7.7272    4.2621    3.4929   1545.5373    3.5786     3684387085.8574
   313.873    7.7167    4.2520    3.4916   1585.7445    3.5727     3804540903.6933
   323.488    7.7065    4.2418    3.4903   1625.9517    3.5669     3924455128.5220
   333.102    7.6967    4.2317    3.4892   1666.1589    3.5612     4044133297.9227
   342.717    7.6864    4.2215    3.4878   1706.3661    3.5555     4163575680.4001
   352.331    7.6756    4.2111    3.4865   1746.5732    3.5498     4282781396.6261
   361.946    7.6652    4.2008    3.4852   1786.7804    3.5442     4401751508.1475
   371.560    7.6549    4.1905    3.4838   1826.9876    3.5386     4520487465.3953
   381.175    7.6442    4.1800    3.4825   1867.1948    3.5331     4638990880.6484
   390.789    7.6339    4.1697    3.4812   1907.4019    3.5276     4757264389.9014
   400.404    7.6232    4.1593    3.4798   1947.6091    3.5222     4875309188.4342
   410.018    7.6128    4.1490    3.4784   1987.8163    3.5168     4993125715.3299
   419.633    7.6022    4.1385    3.4770   2028.0235    3.5115     5110715799.3908
   429.247    7.5913    4.1279    3.4755   2068.2306    3.5062     5228079237.6032
   452.785    7.6223    4.1378    3.4844   2073.4280    3.4934     5515275186.3765
   476.323    7.6522    4.1471    3.4931   2078.5429    3.4806     5802143732.3397
   499.860    7.6810    4.1562    3.5017   2083.4406    3.4680     6088671503.9477
   523.398    7.7080    4.1646    3.5099   2088.1324    3.4554     6374842172.7730
   546.936    7.7362    4.1736    3.5183   2092.9130    3.4429     6660652078.1452
   570.473    7.7624    4.1817    3.5265   2097.4741    3.4305     6946099737.4378
   594.011    7.7887    4.1899    3.5346   2101.9659    3.4182     7231177493.6852
   617.548    7.8147    4.1980    3.5427   2106.3747    3.4061     7515886188.0673
   641.086    7.8399    4.2059    3.5506   2110.5905    3.3941     7800222881.3753
   664.624    7.8656    4.2140    3.5586   2114.8696    3.3822     8084191977.2570
   688.161    7.8906    4.2218    3.5665   2119.0675    3.3704     8367801190.8636
   711.699    7.9154    4.2296    3.5744   2123.0888    3.3588     8651052000.2660
   735.237    7.9404    4.2375    3.5823   2127.1721    3.3474     8933952021.0355
   758.774    7.9650    4.2452    3.5902   2131.0781    3.3361     9216509611.0270
   782.312    7.9899    4.2533    3.5980   2134.8980    3.3250     9498733809.2623
   805.849    8.0151    4.2614    3.6061   2138.7920    3.3141     9780646032.7549
   829.387    8.0402    4.2696    3.6142   2142.5148    3.3034    10062262479.5581
   852.925    8.0647    4.2775    3.6220   2146.2111    3.2929    10343587108.0905
   876.462    8.0910    4.2866    3.6305   2149.7867    3.2826    10624651122.9293
   900.000    8.1163    4.2951    3.6386   2153.4955    3.2726    10905476596.9465
   916.987    8.1375    4.3029    3.6453   2156.0301    3.2654    11107942305.3758
   933.975    8.1577    4.3103    3.6518   2158.6101    3.2584    11310333716.1679
   950.962    8.1783    4.3178    3.6585   2161.1095    3.2516    11512655276.5501
   967.949    8.1992    4.3256    3.6653   2163.6974    3.2448    11714922618.9710
   984.937    8.2221    4.3346    3.6727   2166.2643    3.2382    11917159912.8609
  1001.924    8.2452    4.3438    3.6803   2168.8100    3.2316    12119394244.6086
  1018.911    8.2637    4.3499    3.6868   2171.5549    3.2253    12321610139.6904
  1035.899    8.2826    4.3564    3.6936   2174.2993    3.2190    12523791446.2201
  1052.886    8.3010    4.3627    3.7001   2177.0292    3.2130    12725946049.4996
  1069.873    8.3194    4.3690    3.7067   2179.7271    3.2070    12928077797.9917
  1086.861    8.3356    4.3742    3.7125   2182.2413    3.2013    13130173398.4599
  1103.848    8.3584    4.3840    3.7210   2183.6657    3.1957    13332293795.5752
  1120.836    8.3812    4.3937    3.7296   2184.9493    3.1903    13534527189.5583
  1137.823    8.4056    4.4044    3.7389   2186.2641    3.1850    13736902611.8373
  1154.810    8.5106    4.4691    3.7681   2196.0490    3.1797    13939983020.7985
  1171.798    8.6839    4.5790    3.8141   2214.8037    3.1742    14144757840.0292
  1188.785    8.8548    4.6878    3.8576   2227.3407    3.1683    14351590515.0509
  1205.772    8.8699    4.6925    3.8631   2229.6187    3.1623    14559358892.7935
  1222.760    8.8844    4.6967    3.8685   2231.7849    3.1566    14767028995.2741
  1239.747    8.8989    4.7009    3.8740   2233.8281    3.1511    14974615382.0376
  1256.734    8.9132    4.7051    3.8795   2235.9037    3.1458    15182135072.0493
  1273.722    8.9268    4.7090    3.8849   2237.7989    3.1408    15389597407.6117
  1290.709    8.9404    4.7129    3.8903   2239.4667    3.1360    15597013900.6378
  1307.696    8.9538    4.7166    3.8958   2241.2395    3.1315    15804405816.4983
  1324.684    8.9669    4.7202    3.9012   2242.8845    3.1272    16011788981.6805
  1341.671    8.9804    4.7241    3.9070   2244.4091    3.1232    16219184959.0529
  1358.658    8.9931    4.7277    3.9123   2245.6393    3.1195    16426609225.2089
  1375.646    9.0057    4.7310    3.9178   2247.2905    3.1161    16634075327.6372
  1392.633    9.0189    4.7347    3.9237   2248.5636    3.1130    16841617822.8634
  1409.620    9.0310    4.7378    3.9292   2249.7637    3.1102    17049254832.7287
  1426.608    9.0431    4.7410    3.9348   2250.6201    3.1078    17256998851.7345
  1443.595    9.0550    4.7443    3.9399   2251.4294    3.1057    17464862594.2186
  1460.582    9.0675    4.7474    3.9465   2252.8143    3.1040    17672895864.5658
  1477.570    9.0965    4.7614    3.9558   2255.5502    3.1026    17881231000.2273
  1494.557    9.1369    4.7830    3.9677   2260.0799    3.1015    18090031576.6535
  1511.544    9.1781    4.8051    3.9804   2264.3947    3.1007    18299407353.2714
  1528.532    9.2184    4.8272    3.9930   2268.6286    3.1003    18509396876.5777
  1545.519    9.2553    4.8473    4.0050   2272.6384    3.1001    18720003520.8845
  1562.507    9.2681    4.8520    4.0096   2274.2798    3.1004    18931040637.6268
  1562.507    4.6419    0.0000    3.9304         nan    3.1004    18931040637.6268
  1575.584    4.6526    0.0000    3.9353         nan    3.1019    19090506865.5948
  1588.662    4.6632    0.0000    3.9401         nan    3.1036    19250242043.3593
  1601.740    4.6739    0.0000    3.9449         nan    3.1056    19410261407.1385
  1614.818    4.6846    0.0000    3.9498         nan    3.1079    19570580731.4220
  1627.896    4.6951    0.0000    3.9546         nan    3.1105    19731215506.2517
  1640.974    4.7053    0.0000    3.9592         nan    3.1135    19892178037.6323
  1654.052    4.7154    0.0000    3.9638         nan    3.1168    20053482129.5217
  1667.130    4.7255    0.0000    3.9684         nan    3.1205    20215146032.5701
  1680.208    4.7357    0.0000    3.9730         nan    3.1246    20377188645.8416
  1680.208    5.2245    0.0000    6.3082         nan    3.1246    20377188645.8416
  1739.149    5.3082    0.0000    6.3496         nan    3.0276    21542750099.6744
  1798.090    5.3871    0.0000    6.3886         nan    2.9293    22679300604.8199
  1857.031    5.4615    0.0000    6.4256         nan    2.8299    23785531397.7621
  1915.972    5.5317    0.0000    6.4605         nan    2.7294    24860213516.4592
  1974.913    5.5979    0.0000    6.4935         nan    2.6279    25902191949.2520
  2033.854    5.6603    0.0000    6.5246         nan    2.5254    26910380757.9517
  2092.795    5.7191    0.0000    6.5541         nan    2.4220    27883759000.4395
  2151.737    5.7744    0.0000    6.5818         nan    2.3178    28821367327.5730
  2210.678    5.8265    0.0000    6.6080         nan    2.2127    29722305168.5546
  2269.619    5.8754    0.0000    6.6325         nan    2.1070    30585728438.2447
  2328.560    5.9213    0.0000    6.6556         nan    2.0006    31410847743.5984
  2387.501    5.9642    0.0000    6.6772         nan    1.8935    32196927091.4098
  2446.442    6.0043    0.0000    6.6974         nan    1.7859    32943283133.6978
  2505.383    6.0416    0.0000    6.7163         nan    1.6779    33649285044.9825
  2564.324    6.0762    0.0000    6.7337         nan    1.5694    34314355199.7290
  2623.265    6.1082    0.0000    6.7499         nan    1.4605    34937970938.9481
  2682.207    6.1375    0.0000    6.7648         nan    1.3514    35519667922.0933
  2741.148    6.1644    0.0000    6.7784         nan    1.2422    36059045920.0205
  2800.089    6.1888    0.0000    6.7907         nan    1.1330    36555778569.4448
  2859.030    6.2107    0.0000    6.8018         nan    1.0241    37009629896.0242
  2917.971    6.2303    0.0000    6.8117         nan    0.9158    37420483049.5824
  2976.912    6.2475    0.0000    6.8204         nan    0.8087    37788392461.7360
  3035.853    6.2623    0.0000    6.8280         nan    0.7041    38113684289.0168
  3094.794    6.2748    0.0000    6.8343         nan    0.6041    38397165643.8133
  3153.736    6.2850    0.0000    6.8395         nan    0.5144    38640608490.1262
  3212.677    6.2929    0.0000    6.8435         nan    0.4510    38848041859.6841
  3271.618    6.2986    0.0000    6.8464         nan    0.4790    39030010059.8368
  3330.559    6.3020    0.0000    6.8481         nan    1.1264    39223347479.6304
  3389.500    6.3031    0.0000    6.8487         nan    0.0000    39678014173.3557
