# Depth[km]  Vp[km/s]  Vs[km/s] Rho[g/cm3]    T[K]     g[m/s2]         P[Pa]        
     0.000    3.7665    2.2795    1.7186    273.1500    3.7291              0.0000
    12.360    3.7665    2.2795    1.7186    323.5384    3.7385       79214340.1323
    12.360    4.7188    2.8558    2.1532    323.5384    3.7385       79214340.1323
    30.298    4.7188    2.8558    2.1532    396.6721    3.7460      223609948.2147
    30.298    5.5751    3.3741    2.5439    396.6721    3.7460      223609948.2147
    46.461    5.5751    3.3741    2.5439    462.5716    3.7477      377641413.8988
    46.461    7.9964    4.5423    3.5189    462.5716    3.7477      377641413.8988
    55.993    7.9883    4.5324    3.5185    501.4348    3.7409      503339875.2636
    65.525    7.9801    4.5225    3.5180    540.2981    3.7342      628797168.6513
    75.058    7.9713    4.5123    3.5175    579.1613    3.7275      754011989.5450
    84.590    7.9621    4.5019    3.5169    618.0245    3.7208      878982138.8862
    94.122    7.9532    4.4919    3.5163    656.8877    3.7142     1003707864.4763
   103.654    7.9442    4.4817    3.5157    695.7509    3.7076     1128190716.3697
   113.186    7.9352    4.4716    3.5151    734.6141    3.7010     1252430823.5760
   122.718    7.9257    4.4614    3.5144    773.4774    3.6945     1376426986.5192
   132.250    7.9166    4.4514    3.5137    812.3406    3.6879     1500178717.2876
   141.782    7.9070    4.4412    3.5130    851.2038    3.6814     1623686377.2328
   151.315    7.8973    4.4311    3.5121    890.0670    3.6750     1746948822.0260
   160.847    7.8879    4.4211    3.5114    928.9302    3.6686     1869966817.3615
   170.379    7.8783    4.4112    3.5105    967.7934    3.6622     1992740767.4941
   179.911    7.8692    4.4013    3.5097   1006.6566    3.6558     2115272458.3605
   189.443    7.8595    4.3913    3.5088   1045.5199    3.6495     2237561592.7259
   198.975    7.8498    4.3814    3.5079   1084.3831    3.6432     2359606285.6471
   208.507    7.8401    4.3715    3.5069   1123.2463    3.6369     2481407647.4430
   218.039    7.8302    4.3614    3.5060   1162.1095    3.6307     2602967437.0190
   227.572    7.8212    4.3518    3.5051   1200.9727    3.6245     2724287852.0054
   237.104    7.8115    4.3419    3.5041   1239.8359    3.6184     2845369075.4906
   246.636    7.8015    4.3320    3.5031   1278.6992    3.6122     2966210655.6569
   256.168    7.7923    4.3223    3.5021   1317.5624    3.6062     3086814193.7568
   265.700    7.7837    4.3129    3.5011   1356.4256    3.6001     3207181127.3079
   275.232    7.7737    4.3028    3.5000   1395.2888    3.5941     3327309874.3002
   284.764    7.7651    4.2937    3.4990   1434.1520    3.5882     3447202361.6725
   294.296    7.7555    4.2839    3.4980   1473.0152    3.5822     3566860971.2600
   303.829    7.7461    4.2743    3.4969   1511.8784    3.5764     3686285896.7712
   313.361    7.7364    4.2643    3.4957   1550.7417    3.5705     3805477060.5033
   322.893    7.7276    4.2550    3.4947   1589.6049    3.5647     3924436593.3234
   332.425    7.7178    4.2452    3.4936   1628.4681    3.5590     4043166277.0314
   341.957    7.7083    4.2354    3.4925   1667.3313    3.5533     4161665839.3148
   351.489    7.6991    4.2258    3.4914   1706.1945    3.5476     4279937700.3226
   361.021    7.6892    4.2159    3.4902   1745.0577    3.5420     4397982354.5197
   370.553    7.6795    4.2061    3.4890   1783.9210    3.5364     4515799961.1187
   380.086    7.6696    4.1961    3.4878   1822.7842    3.5308     4633391637.1592
   389.618    7.6597    4.1862    3.4866   1861.6474    3.5253     4750758195.9800
   399.150    7.6504    4.1765    3.4855   1900.5106    3.5199     4867902398.5122
   408.682    7.6405    4.1666    3.4843   1939.3738    3.5145     4984827015.5283
   418.214    7.6308    4.1568    3.4831   1978.2370    3.5091     5101532410.2905
   427.746    7.6209    4.1468    3.4818   2017.1003    3.5038     5218018739.2713
   451.359    7.6509    4.1562    3.4906   2022.1098    3.4908     5506449734.1565
   474.972    7.6803    4.1654    3.4992   2026.9517    3.4778     5794522250.0818
   498.584    7.7085    4.1744    3.5076   2031.6888    3.4649     6082222815.6726
   522.197    7.7363    4.1831    3.5160   2036.2649    3.4521     6369541754.9121
   545.810    7.7628    4.1913    3.5242   2040.7552    3.4393     6656470853.7260
   569.422    7.7896    4.1997    3.5323   2045.1314    3.4267     6943006400.0642
   593.035    7.8155    4.2078    3.5404   2049.4829    3.4142     7229146364.8344
   616.648    7.8413    4.2159    3.5484   2053.7623    3.4018     7514889973.7477
   640.260    7.8665    4.2237    3.5563   2057.8563    3.3895     7800235174.6629
   663.873    7.8920    4.2318    3.5643   2061.9958    3.3774     8085184056.8152
   687.486    7.9165    4.2393    3.5721   2065.9745    3.3654     8369742777.2804
   711.098    7.9415    4.2472    3.5801   2069.9698    3.3535     8653918640.7971
   734.711    7.9662    4.2550    3.5879   2073.7705    3.3418     8937718009.1721
   758.324    7.9912    4.2631    3.5958   2077.6711    3.3303     9221147477.5784
   781.937    8.0158    4.2709    3.6036   2081.3774    3.3190     9504217452.3615
   805.549    8.0403    4.2787    3.6115   2085.0036    3.3078     9786941045.5302
   829.162    8.0656    4.2871    3.6196   2088.6252    3.2968    10069338089.6047
   852.775    8.0911    4.2956    3.6277   2092.2825    3.2861    10351427662.9213
   876.387    8.1170    4.3044    3.6360   2095.7727    3.2755    10633234891.4258
   900.000    8.1436    4.3137    3.6446   2099.2202    3.2651    10914788554.7421
   917.252    8.1632    4.3206    3.6509   2101.7209    3.2577    11120265837.4920
   934.504    8.1835    4.3279    3.6575   2104.2328    3.2504    11325638541.1071
   951.756    8.2046    4.3358    3.6643   2106.7179    3.2433    11530927277.0152
   969.008    8.2266    4.3442    3.6714   2109.1973    3.2362    11736151812.6098
   986.260    8.2480    4.3523    3.6785   2111.7152    3.2293    11941324801.7460
  1003.511    8.2739    4.3631    3.6869   2114.2412    3.2225    12146489741.0387
  1020.763    8.2926    4.3694    3.6935   2116.9504    3.2158    12351640716.2063
  1038.015    8.3100    4.3750    3.6997   2119.4788    3.2093    12556723463.4747
  1055.267    8.3309    4.3827    3.7072   2122.3703    3.2029    12761768230.6488
  1072.519    8.3478    4.3882    3.7132   2124.8890    3.1967    12966779093.2435
  1089.771    8.3634    4.3930    3.7188   2127.3402    3.1907    13171713542.4121
  1107.023    8.3817    4.3997    3.7255   2129.2362    3.1848    13376598747.7208
  1124.275    8.4049    4.4097    3.7344   2130.6902    3.1791    13581534959.6419
  1141.527    8.5425    4.4959    3.7719   2145.2671    3.1734    13787377949.3253
  1158.779    8.7104    4.6023    3.8162   2163.4013    3.1673    13995089317.6965
  1176.031    8.8791    4.7098    3.8591   2175.0820    3.1609    14204786257.4004
  1193.282    8.8941    4.7144    3.8644   2177.2111    3.1545    14415375413.0762
  1210.534    8.9086    4.7187    3.8697   2179.4544    3.1482    14625824876.0423
  1227.786    8.9229    4.7230    3.8751   2181.2730    3.1422    14836146046.3299
  1245.038    8.9369    4.7270    3.8805   2183.4424    3.1364    15046355684.4552
  1262.290    8.9509    4.7311    3.8860   2185.3966    3.1308    15256471616.5661
  1279.542    8.9644    4.7350    3.8912   2187.2823    3.1255    15466504187.8563
  1296.794    8.9779    4.7389    3.8965   2189.0924    3.1204    15676464013.5366
  1314.046    8.9915    4.7429    3.9020   2190.7700    3.1156    15886374712.5229
  1331.298    9.0042    4.7464    3.9073   2192.2654    3.1111    16096251749.4928
  1348.550    9.0171    4.7499    3.9127   2193.7838    3.1069    16306111416.6956
  1365.802    9.0304    4.7539    3.9182   2195.3194    3.1029    16515977413.5355
  1383.054    9.0425    4.7570    3.9236   2196.5884    3.0993    16725867260.1199
  1400.305    9.0552    4.7607    3.9289   2197.8470    3.0960    16935798268.7827
  1417.557    9.0680    4.7642    3.9347   2199.2398    3.0930    17145803389.6853
  1434.809    9.0799    4.7673    3.9402   2200.3431    3.0904    17355907096.0620
  1452.061    9.1121    4.7834    3.9498   2203.8974    3.0881    17566233893.9215
  1469.313    9.1524    4.8049    3.9613   2208.3656    3.0860    17776965803.3028
  1486.565    9.1943    4.8278    3.9734   2213.0226    3.0843    17988188108.6087
  1503.817    9.2340    4.8493    3.9855   2217.8277    3.0829    18199937522.3404
  1521.069    9.2749    4.8719    3.9983   2222.4258    3.0818    18412250548.6996
  1538.321    9.3074    4.8897    4.0081   2226.1617    3.0811    18625088687.1999
  1555.573    9.3196    4.8937    4.0129   2228.1968    3.0807    18838264633.1455
  1572.825    9.3322    4.8983    4.0176   2230.1633    3.0809    19051669676.7757
  1572.825    4.8472    0.0000    4.0282         nan    3.0809    19051669676.7757
  1592.548    4.8621    0.0000    4.0352         nan    3.0814    19296663223.2124
  1612.272    4.8770    0.0000    4.0422         nan    3.0827    19542126157.3420
  1631.996    4.8918    0.0000    4.0491         nan    3.0846    19788110255.1745
  1651.720    4.9061    0.0000    4.0559         nan    3.0872    20034662211.1964
  1671.444    4.9202    0.0000    4.0625         nan    3.0905    20281830158.2789
  1691.168    4.9344    0.0000    4.0692         nan    3.0947    20529673460.4825
  1710.892    4.9481    0.0000    4.0756         nan    3.0997    20778250507.3032
  1730.616    4.9616    0.0000    4.0820         nan    3.1055    21027620041.3068
  1750.340    4.9750    0.0000    4.0883         nan    3.1123    21277850747.6088
  1750.340    5.1281    0.0000    6.5566         nan    3.1123    21277850747.6088
  1806.863    5.2089    0.0000    6.5993         nan    3.0155    22435030295.8035
  1863.385    5.2852    0.0000    6.6396         nan    2.9174    23563277438.9064
  1919.908    5.3570    0.0000    6.6777         nan    2.8182    24661300611.7454
  1976.431    5.4249    0.0000    6.7137         nan    2.7179    25727885283.6832
  2032.954    5.4888    0.0000    6.7478         nan    2.6165    26761888251.9925
  2089.476    5.5492    0.0000    6.7800         nan    2.5142    27762232818.3099
  2145.999    5.6060    0.0000    6.8104         nan    2.4110    28727904673.0084
  2202.522    5.6596    0.0000    6.8391         nan    2.3069    29657948364.5539
  2259.045    5.7100    0.0000    6.8661         nan    2.2020    30551464246.9847
  2315.567    5.7574    0.0000    6.8915         nan    2.0963    31407605817.1105
  2372.090    5.8018    0.0000    6.9154         nan    1.9899    32225577379.7100
  2428.613    5.8433    0.0000    6.9377         nan    1.8828    33004631984.0331
  2485.136    5.8821    0.0000    6.9586         nan    1.7751    33744069579.7433
  2541.659    5.9182    0.0000    6.9781         nan    1.6668    34443235349.6380
  2598.181    5.9518    0.0000    6.9962         nan    1.5580    35101518173.1262
  2654.704    5.9827    0.0000    7.0129         nan    1.4486    35718349169.5218
  2711.227    6.0112    0.0000    7.0283         nan    1.3388    36293200259.0521
  2767.750    6.0372    0.0000    7.0424         nan    1.2285    36825582650.6955
  2824.272    6.0608    0.0000    7.0551         nan    1.1178    37315045111.9535
  2880.795    6.0821    0.0000    7.0666         nan    1.0067    37761171769.4144
  2937.318    6.1011    0.0000    7.0769         nan    0.8952    38163578966.1495
  2993.841    6.1177    0.0000    7.0859         nan    0.7834    38521910211.8879
  3050.363    6.1321    0.0000    7.0937         nan    0.6710    38835827101.4114
  3106.886    6.1442    0.0000    7.1003         nan    0.5580    39104991042.1598
  3163.409    6.1541    0.0000    7.1056         nan    0.4440    39329021659.0215
  3219.932    6.1618    0.0000    7.1098         nan    0.3275    39507386423.7306
  3276.454    6.1673    0.0000    7.1128         nan    0.2032    39639037749.5286
  3332.977    6.1706    0.0000    7.1146         nan    0.0258    39720728690.2474
  3389.500    6.1716    0.0000    7.1152         nan    0.0000    39731101174.8976
