# Depth[km]  Vp[km/s]  Vs[km/s] Rho[g/cm3]    T[K]     g[m/s2]         P[Pa]        
     0.000    3.6510    2.2046    1.6770    273.1500    3.7291              0.0000
    12.720    3.6510    2.2046    1.6770    322.5696    3.7393       79548945.8620
    12.720    4.5488    2.7467    2.0894    322.5696    3.7393       79548945.8620
    27.534    4.5488    2.7467    2.0894    380.1273    3.7462      195286937.6469
    27.534    5.6906    3.4361    2.6138    380.1273    3.7462      195286937.6469
    45.636    5.6906    3.4361    2.6138    450.4613    3.7470      372544146.3467
    45.636    7.9610    4.5364    3.5039    450.4613    3.7470      372544146.3467
    55.332    7.9541    4.5274    3.5038    488.1315    3.7402      499834280.1732
    65.027    7.9469    4.5183    3.5037    525.8017    3.7335      626890368.7409
    74.723    7.9392    4.5088    3.5035    563.4720    3.7268      753711629.8755
    84.418    7.9314    4.4994    3.5032    601.1422    3.7201      880297161.4001
    94.113    7.9228    4.4897    3.5028    638.8125    3.7135     1006643862.4115
   103.809    7.9146    4.4801    3.5025    676.4827    3.7069     1132752142.5886
   113.504    7.9064    4.4706    3.5022    714.1530    3.7003     1258624141.2122
   123.199    7.8981    4.4610    3.5018    751.8232    3.6937     1384260057.7715
   132.895    7.8892    4.4514    3.5013    789.4934    3.6872     1509657436.4321
   142.590    7.8807    4.4419    3.5009    827.1637    3.6807     1634815835.9982
   152.285    7.8718    4.4323    3.5003    864.8339    3.6742     1759736587.1591
   161.981    7.8625    4.4224    3.4997    902.5042    3.6678     1884416943.6554
   171.676    7.8541    4.4131    3.4992    940.1744    3.6614     2008859352.1259
   181.372    7.8449    4.4035    3.4986    977.8447    3.6550     2133064788.8101
   191.067    7.8360    4.3940    3.4980   1015.5149    3.6487     2257031904.7839
   200.762    7.8265    4.3843    3.4973   1053.1851    3.6423     2380760640.6243
   210.458    7.8174    4.3747    3.4966   1090.8554    3.6361     2504250731.1785
   220.153    7.8082    4.3651    3.4959   1128.5256    3.6298     2627503644.8587
   229.848    7.7987    4.3554    3.4952   1166.1959    3.6236     2750520263.9461
   239.544    7.7897    4.3459    3.4944   1203.8661    3.6175     2873301527.6166
   249.239    7.7804    4.3363    3.4937   1241.5364    3.6113     2995848279.2850
   258.934    7.7701    4.3262    3.4928   1279.2066    3.6053     3118157926.1986
   268.630    7.7626    4.3175    3.4922   1316.8768    3.5992     3240234927.1515
   278.325    7.7537    4.3082    3.4914   1354.5471    3.5932     3362083407.7207
   288.021    7.7441    4.2985    3.4905   1392.2173    3.5872     3483697826.5680
   297.716    7.7357    4.2894    3.4897   1429.8876    3.5813     3605080340.7742
   307.411    7.7265    4.2799    3.4889   1467.5578    3.5754     3726234037.3609
   317.107    7.7181    4.2709    3.4880   1505.2281    3.5695     3847159283.3457
   326.802    7.7085    4.2612    3.4871   1542.8983    3.5637     3967855954.8206
   336.497    7.6995    4.2519    3.4862   1580.5685    3.5579     4088324859.8154
   346.193    7.6905    4.2425    3.4854   1618.2388    3.5522     4208569851.1917
   355.888    7.6808    4.2329    3.4844   1655.9090    3.5465     4328590298.2700
   365.584    7.6718    4.2235    3.4835   1693.5793    3.5409     4448386440.0251
   375.279    7.6627    4.2141    3.4827   1731.2495    3.5353     4567962338.6073
   384.974    7.6531    4.2045    3.4816   1768.9198    3.5297     4687316415.7368
   394.670    7.6437    4.1949    3.4808   1806.5900    3.5242     4806450887.4182
   404.365    7.6338    4.1851    3.4798   1844.2602    3.5187     4925367999.4370
   414.060    7.6242    4.1755    3.4788   1881.9305    3.5133     5044066826.0993
   423.756    7.6151    4.1661    3.4780   1919.6007    3.5080     5162552486.5525
   433.451    7.6050    4.1561    3.4769   1957.2710    3.5026     5280824256.0835
   456.779    7.6372    4.1658    3.4858   1962.1409    3.4899     5565277548.4768
   480.106    7.6672    4.1747    3.4944   1966.6790    3.4773     5849408383.6506
   503.433    7.6963    4.1832    3.5027   1971.1516    3.4647     6133195273.6235
   526.761    7.7254    4.1918    3.5111   1975.6033    3.4522     6416631531.5104
   550.088    7.7539    4.2003    3.5193   1979.9210    3.4399     6699714002.1585
   573.416    7.7811    4.2083    3.5272   1984.0121    3.4276     6982430580.0855
   596.743    7.8082    4.2162    3.5353   1988.1578    3.4154     7264780016.4373
   620.071    7.8350    4.2242    3.5433   1992.2641    3.4034     7546765296.9325
   643.398    7.8611    4.2319    3.5511   1996.1008    3.3914     7828380790.6946
   666.726    7.8873    4.2396    3.5590   2000.0832    3.3796     8109629880.5977
   690.053    7.9128    4.2471    3.5666   2003.8357    3.3680     8390514671.0845
   713.380    7.9382    4.2547    3.5744   2007.5366    3.3565     8671036437.9462
   736.708    7.9637    4.2624    3.5821   2011.2772    3.3452     8951205548.1272
   760.035    7.9885    4.2697    3.5897   2014.8335    3.3340     9231025546.7479
   783.363    8.0134    4.2773    3.5973   2018.2988    3.3230     9510503966.9916
   806.690    8.0389    4.2852    3.6051   2021.7691    3.3122     9789659079.2110
   830.018    8.0647    4.2933    3.6129   2025.2572    3.3016    10068509963.0843
   853.345    8.0889    4.3007    3.6206   2028.6325    3.2912    10347064139.2285
   876.673    8.1156    4.3094    3.6287   2031.9540    3.2810    10625347665.4484
   900.000    8.1416    4.3179    3.6368   2035.0712    3.2710    10903389796.6647
   916.787    8.1607    4.3244    3.6428   2037.3801    3.2640    11103250811.5146
   933.574    8.1815    4.3318    3.6493   2039.8497    3.2571    11303025132.8948
   950.360    8.2006    4.3382    3.6553   2042.0907    3.2503    11502718411.9006
   967.147    8.2195    4.3446    3.6612   2044.3630    3.2437    11702321328.0481
   983.934    8.2412    4.3526    3.6682   2046.6311    3.2371    11901866542.6123
  1000.721    8.2664    4.3628    3.6761   2049.0773    3.2307    12101415089.5107
  1017.508    8.2913    4.3728    3.6840   2051.5669    3.2244    12300997639.3540
  1034.295    8.3152    4.3823    3.6918   2053.9148    3.2183    12500616085.2878
  1051.081    8.3319    4.3876    3.6973   2055.9799    3.2122    12700213094.5958
  1067.868    8.3486    4.3930    3.7029   2058.0659    3.2064    12899735871.9202
  1084.655    8.3653    4.3982    3.7086   2060.1624    3.2007    13099198540.9885
  1101.442    8.3820    4.4036    3.7143   2062.2463    3.1952    13298613278.5511
  1118.229    8.5049    4.4801    3.7479   2074.4784    3.1897    13498740170.9824
  1135.015    8.6739    4.5875    3.7928   2090.4054    3.1839    13700623295.7338
  1151.802    8.8552    4.7031    3.8395   2104.7487    3.1777    13904586993.1383
  1168.589    8.8732    4.7103    3.8451   2106.9582    3.1714    14109551368.2774
  1185.376    8.8886    4.7149    3.8504   2109.1935    3.1653    14314399636.9755
  1202.163    8.9053    4.7193    3.8572   2111.9906    3.1594    14519174207.1118
  1218.950    8.9203    4.7237    3.8626   2114.3851    3.1537    14723890698.2336
  1235.736    8.9356    4.7283    3.8682   2116.7576    3.1482    14928528086.0670
  1252.523    8.9505    4.7329    3.8736   2119.1073    3.1429    15133097214.9262
  1269.310    8.9652    4.7374    3.8789   2121.4719    3.1379    15337605621.5463
  1286.097    8.9795    4.7418    3.8840   2123.7878    3.1331    15542060780.6596
  1302.884    8.9942    4.7464    3.8894   2126.1522    3.1285    15746479371.5130
  1319.670    9.0081    4.7510    3.8942   2128.3078    3.1243    15950868800.4846
  1336.457    9.0222    4.7555    3.8993   2130.6695    3.1202    16155239769.6747
  1353.244    9.0351    4.7599    3.9037   2132.7664    3.1165    16359598006.8776
  1370.031    9.0492    4.7644    3.9088   2135.0060    3.1131    16563959513.7031
  1386.818    9.0762    4.7771    3.9161   2138.8199    3.1100    16768418643.3029
  1403.605    9.1164    4.7991    3.9255   2144.1790    3.1071    16973107056.2887
  1420.391    9.1572    4.8204    3.9365   2150.3276    3.1045    17178139697.4025
  1437.178    9.1968    4.8423    3.9462   2155.9828    3.1021    17383539422.1921
  1453.965    9.2355    4.8639    3.9560   2161.5720    3.1000    17589289819.8439
  1470.752    9.2742    4.8857    3.9658   2167.4274    3.0983    17795412602.8354
  1487.539    9.3159    4.9085    3.9776   2173.7891    3.0968    18001979078.5844
  1504.325    9.3565    4.9319    3.9884   2180.2927    3.0956    18209033982.9208
  1521.112    9.3758    4.9408    3.9944   2182.9013    3.0948    18416447959.3568
  1537.899    9.3882    4.9452    3.9988   2184.8905    3.0944    18624076141.3755
  1554.686    9.4006    4.9495    4.0031   2186.8741    3.0944    18831902832.3479
  1554.686    5.1370    0.0000    3.9671         nan    3.0944    18831902832.3479
  1571.271    5.1491    0.0000    3.9722         nan    3.0954    19035626502.1594
  1587.856    5.1611    0.0000    3.9773         nan    3.0968    19239676784.5508
  1604.441    5.1732    0.0000    3.9824         nan    3.0988    19444084631.7199
  1621.026    5.1852    0.0000    3.9874         nan    3.1012    19648881271.2969
  1637.611    5.1967    0.0000    3.9923         nan    3.1042    19854094606.7802
  1654.196    5.2082    0.0000    3.9972         nan    3.1077    20059755203.5867
  1670.781    5.2197    0.0000    4.0020         nan    3.1118    20265900031.3137
  1687.366    5.2310    0.0000    4.0068         nan    3.1165    20472565590.2492
  1703.951    5.2419    0.0000    4.0115         nan    3.1218    20679786539.6202
  1703.951    5.1838    0.0000    6.3810         nan    3.1218    20679786539.6202
  1762.074    5.2429    0.0000    6.4230         nan    3.0254    21841410093.2709
  1820.196    5.2989    0.0000    6.4631         nan    2.9278    22974382696.5183
  1878.318    5.3522    0.0000    6.5013         nan    2.8290    24077459875.1963
  1936.441    5.4027    0.0000    6.5377         nan    2.7292    25149457134.7207
  1994.563    5.4506    0.0000    6.5723         nan    2.6283    26189247879.3570
  2052.685    5.4961    0.0000    6.6052         nan    2.5265    27195761718.7124
  2110.808    5.5391    0.0000    6.6364         nan    2.4237    28167983132.5266
  2168.930    5.5798    0.0000    6.6660         nan    2.3201    29104950487.5379
  2227.053    5.6183    0.0000    6.6940         nan    2.2157    30005755409.6896
  2285.175    5.6545    0.0000    6.7205         nan    2.1106    30869542547.1099
  2343.297    5.6886    0.0000    6.7454         nan    2.0049    31695509783.7866
  2401.420    5.7206    0.0000    6.7689         nan    1.8985    32482909006.4869
  2459.542    5.7506    0.0000    6.7909         nan    1.7917    33231047594.0642
  2517.664    5.7785    0.0000    6.8115         nan    1.6844    33939290890.4234
  2575.787    5.8045    0.0000    6.8306         nan    1.5768    34607066078.9680
  2633.909    5.8286    0.0000    6.8484         nan    1.4689    35233868129.4091
  2692.032    5.8508    0.0000    6.8647         nan    1.3611    35819268925.4011
  2750.154    5.8711    0.0000    6.8797         nan    1.2534    36362931455.2000
  2808.276    5.8895    0.0000    6.8934         nan    1.1462    36864632379.6971
  2866.399    5.9062    0.0000    6.9057         nan    1.0400    37324299074.8947
  2924.521    5.9210    0.0000    6.9167         nan    0.9355    37742072946.1938
  2982.643    5.9341    0.0000    6.9264         nan    0.8340    38118423289.4617
  3040.766    5.9453    0.0000    6.9347         nan    0.7378    38454365518.4306
  3098.888    5.9549    0.0000    6.9418         nan    0.6521    38751914703.3718
  3157.011    5.9626    0.0000    6.9476         nan    0.5887    39015133408.4487
  3215.133    5.9687    0.0000    6.9521         nan    0.5823    39252928730.8202
  3273.255    5.9730    0.0000    6.9553         nan    0.7734    39488268007.7384
  3331.378    5.9756    0.0000    6.9572         nan    2.3025    39800974177.7257
  3389.500    5.9764    0.0000    6.9578         nan    0.0000    40732059592.2854
