# Depth[km]  Vp[km/s]  Vs[km/s] Rho[g/cm3]    T[K]     g[m/s2]         P[Pa]        
     0.000    3.5336    2.1379    1.6060    273.1500    3.7291              0.0000
    12.096    3.5336    2.1379    1.6060    319.3777    3.7395       72438439.8791
    12.096    4.7722    2.8873    2.1689    319.3777    3.7395       72438439.8791
    29.522    4.7722    2.8873    2.1689    385.9847    3.7465      213774981.5427
    29.522    6.1030    3.6924    2.7737    385.9847    3.7465      213774981.5427
    47.492    6.1030    3.6924    2.7737    454.6692    3.7449      400513290.8940
    47.492    7.9612    4.5357    3.5042    454.6692    3.7449      400513290.8940
    57.264    7.9545    4.5268    3.5041    492.0213    3.7381      528753083.1351
    67.037    7.9475    4.5178    3.5040    529.3733    3.7313      656757062.2454
    76.809    7.9400    4.5085    3.5039    566.7254    3.7245      784524484.3474
    86.582    7.9324    4.4992    3.5037    604.0775    3.7178      912054346.7280
    96.354    7.9241    4.4896    3.5033    641.4296    3.7111     1039343409.7676
   106.127    7.9163    4.4802    3.5031    678.7817    3.7044     1166392456.9403
   115.899    7.9083    4.4708    3.5028    716.1338    3.6978     1293203758.8610
   125.671    7.9003    4.4614    3.5025    753.4859    3.6912     1419777311.3488
   135.444    7.8917    4.4519    3.5020    790.8379    3.6846     1546110529.0485
   145.216    7.8835    4.4425    3.5017    828.1900    3.6780     1672202995.3065
   154.989    7.8749    4.4331    3.5012    865.5421    3.6715     1798056399.5194
   164.761    7.8657    4.4234    3.5006    902.8942    3.6650     1923667805.3111
   174.534    7.8578    4.4143    3.5003    940.2463    3.6585     2049039807.3584
   184.306    7.8489    4.4048    3.4997    977.5984    3.6521     2174173627.1427
   194.078    7.8402    4.3954    3.4991   1014.9505    3.6457     2299067161.6477
   203.851    7.8313    4.3859    3.4985   1052.3025    3.6393     2423721443.2832
   213.623    7.8221    4.3763    3.4979   1089.6546    3.6330     2548135400.8674
   223.396    7.8139    4.3672    3.4974   1127.0067    3.6267     2672312845.1503
   233.168    7.8046    4.3575    3.4967   1164.3588    3.6205     2796254542.4359
   242.941    7.7960    4.3483    3.4961   1201.7109    3.6142     2919959237.7346
   252.713    7.7870    4.3389    3.4954   1239.0630    3.6080     3043428272.7500
   262.486    7.7770    4.3288    3.4945   1276.4151    3.6019     3166658217.4407
   272.258    7.7689    4.3200    3.4939   1313.7671    3.5958     3289651669.6818
   282.030    7.7604    4.3109    3.4932   1351.1192    3.5897     3412412483.7365
   291.803    7.7517    4.3015    3.4924   1388.4713    3.5837     3534939492.7178
   301.575    7.7435    4.2926    3.4917   1425.8234    3.5777     3657234801.0910
   311.348    7.7350    4.2835    3.4909   1463.1755    3.5717     3779300111.0651
   321.120    7.7266    4.2744    3.4902   1500.5276    3.5658     3901136311.0505
   330.893    7.7175    4.2650    3.4893   1537.8797    3.5599     4022743077.7735
   340.665    7.7084    4.2556    3.4885   1575.2318    3.5541     4144119629.8511
   350.437    7.7001    4.2466    3.4878   1612.5838    3.5483     4265270449.7227
   360.210    7.6912    4.2372    3.4870   1649.9359    3.5426     4386198026.8803
   369.982    7.6818    4.2278    3.4861   1687.2880    3.5369     4506900319.0285
   379.755    7.6730    4.2185    3.4852   1724.6401    3.5312     4627378079.1217
   389.527    7.6642    4.2092    3.4845   1761.9922    3.5256     4747635484.9333
   399.300    7.6545    4.1996    3.4835   1799.3443    3.5200     4867672302.7256
   409.072    7.6461    4.1905    3.4828   1836.6964    3.5145     4987490025.1755
   418.845    7.6365    4.1807    3.4819   1874.0484    3.5090     5107092249.0620
   428.617    7.6271    4.1713    3.4810   1911.4005    3.5036     5226477224.8089
   438.389    7.6184    4.1620    3.4802   1948.7526    3.4982     5345647490.8678
   461.470    7.6492    4.1712    3.4888   1953.3838    3.4856     5626986444.6259
   484.550    7.6788    4.1799    3.4972   1957.9177    3.4731     5907995131.7245
   507.631    7.7075    4.1883    3.5054   1962.3286    3.4606     6188660224.1084
   530.712    7.7361    4.1968    3.5136   1966.5740    3.4482     6468974408.2157
   553.792    7.7638    4.2050    3.5217   1970.8132    3.4359     6748934360.9945
   576.873    7.7910    4.2130    3.5297   1974.9777    3.4237     7028535111.1272
   599.953    7.8174    4.2208    3.5376   1978.9134    3.4117     7307769585.6076
   623.034    7.8435    4.2284    3.5454   1982.8652    3.3997     7586634172.0935
   646.114    7.8694    4.2361    3.5531   1986.7449    3.3879     7865132106.3498
   669.195    7.8953    4.2438    3.5608   1990.5290    3.3761     8143264209.6334
   692.275    7.9205    4.2513    3.5684   1994.2180    3.3646     8421030206.3485
   715.356    7.9455    4.2588    3.5760   1997.8723    3.3532     8698434767.0354
   738.436    7.9709    4.2665    3.5837   2001.5005    3.3419     8975490558.7365
   761.517    7.9952    4.2736    3.5912   2004.9889    3.3308     9252199646.4197
   784.597    8.0206    4.2815    3.5989   2008.4442    3.3199     9528570842.8349
   807.678    8.0450    4.2889    3.6064   2011.8224    3.3091     9804620292.4648
   830.758    8.0704    4.2969    3.6142   2015.2609    3.2986    10080363074.1651
   853.839    8.0948    4.3043    3.6219   2018.5610    3.2882    10355815200.1229
   876.919    8.1209    4.3130    3.6298   2021.8123    3.2781    10630995496.4315
   900.000    8.1465    4.3213    3.6377   2024.8932    3.2681    10905925861.2931
   916.867    8.1656    4.3276    3.6438   2027.2618    3.2610    11106620375.2733
   933.734    8.1866    4.3351    3.6503   2029.6702    3.2540    11307224675.1925
   950.602    8.2058    4.3416    3.6564   2031.9214    3.2471    11507743749.9303
   967.469    8.2247    4.3481    3.6624   2034.2080    3.2404    11708168082.2486
   984.336    8.2471    4.3565    3.6695   2036.5022    3.2338    11908534157.1132
  1001.203    8.2720    4.3665    3.6774   2038.8919    3.2273    12108900090.3463
  1018.071    8.2975    4.3768    3.6855   2041.3712    3.2209    12309299089.1319
  1034.938    8.3205    4.3858    3.6930   2043.6799    3.2146    12509726237.1138
  1051.805    8.3372    4.3911    3.6985   2045.7553    3.2085    12710117896.7845
  1068.672    8.3541    4.3965    3.7042   2047.8254    3.2026    12910433015.6412
  1085.540    8.3707    4.4017    3.7099   2049.9130    3.1968    13110683868.4041
  1102.407    8.4004    4.4158    3.7190   2053.0176    3.1912    13310972367.5963
  1119.274    8.5426    4.5051    3.7577   2067.0632    3.1855    13512196291.7025
  1136.141    8.7186    4.6170    3.8041   2083.7368    3.1795    13715348386.7369
  1153.009    8.8612    4.7068    3.8411   2094.4814    3.1732    13920353937.4086
  1169.876    8.8793    4.7141    3.8467   2096.5886    3.1668    14126091892.5668
  1186.743    8.8943    4.7185    3.8518   2098.8219    3.1606    14331702135.3147
  1203.610    8.9110    4.7228    3.8587   2101.6883    3.1546    14537229940.5814
  1220.478    8.9265    4.7275    3.8643   2104.0459    3.1488    14742700128.5049
  1237.345    8.9415    4.7320    3.8698   2106.4221    3.1432    14948085579.5716
  1254.212    8.9564    4.7365    3.8752   2108.7951    3.1379    15153394028.9937
  1271.079    8.9712    4.7410    3.8805   2111.1462    3.1327    15358636942.5080
  1287.946    8.9857    4.7455    3.8857   2113.4649    3.1278    15563822903.2761
  1304.814    9.0005    4.7501    3.8911   2115.8020    3.1232    15768968969.0847
  1321.681    9.0147    4.7546    3.8963   2118.1201    3.1188    15974089016.9787
  1338.548    9.0280    4.7592    3.9008   2120.2519    3.1147    16179176945.7278
  1355.415    9.0409    4.7636    3.9052   2122.3457    3.1109    16384230874.6821
  1372.283    9.0572    4.7694    3.9108   2124.7429    3.1074    16589294966.0611
  1389.150    9.0932    4.7876    3.9198   2129.8338    3.1042    16794509598.6759
  1406.017    9.1364    4.8108    3.9309   2135.8928    3.1012    17000036755.1356
  1422.884    9.1749    4.8317    3.9405   2141.6556    3.0985    17205906760.5587
  1439.752    9.2151    4.8540    3.9503   2147.1529    3.0960    17412103187.8292
  1456.619    9.2541    4.8758    3.9602   2152.8358    3.0938    17618650330.1018
  1473.486    9.2956    4.8986    3.9715   2158.8368    3.0920    17825607007.0234
  1490.353    9.3356    4.9214    3.9823   2165.1805    3.0904    18033014270.3844
  1507.221    9.3698    4.9404    3.9917   2170.2350    3.0891    18240840911.4267
  1524.088    9.3824    4.9448    3.9962   2172.2340    3.0882    18448944904.8715
  1540.955    9.3949    4.9492    4.0006   2174.2049    3.0877    18657217896.2621
  1557.822    9.4073    4.9535    4.0049   2176.1928    3.0877    18865685985.0133
  1557.822    4.9641    0.0000    4.0261         nan    3.0877    18865685985.0133
  1577.569    4.9808    0.0000    4.0328         nan    3.0879    19111370453.6699
  1597.316    4.9974    0.0000    4.0395         nan    3.0887    19357478749.5017
  1617.062    5.0141    0.0000    4.0462         nan    3.0902    19604061545.1001
  1636.809    5.0301    0.0000    4.0526         nan    3.0924    19851164511.4374
  1656.556    5.0459    0.0000    4.0590         nan    3.0954    20098834435.9582
  1676.302    5.0617    0.0000    4.0654         nan    3.0991    20347129071.8354
  1696.049    5.0771    0.0000    4.0716         nan    3.1036    20596105741.8933
  1715.796    5.0921    0.0000    4.0776         nan    3.1090    20845821582.0143
  1735.543    5.1071    0.0000    4.0837         nan    3.1153    21096343127.5636
  1735.543    5.2211    0.0000    6.5011         nan    3.1153    21096343127.5636
  1792.576    5.2842    0.0000    6.5424         nan    3.0185    22255082159.7781
  1849.609    5.3440    0.0000    6.5817         nan    2.9206    23384778764.1120
  1906.642    5.4007    0.0000    6.6191         nan    2.8216    24484218269.4232
  1963.675    5.4545    0.0000    6.6547         nan    2.7215    25552247175.4465
  2020.708    5.5056    0.0000    6.6885         nan    2.6204    26587770468.4202
  2077.741    5.5539    0.0000    6.7206         nan    2.5183    27589749359.9875
  2134.774    5.5996    0.0000    6.7510         nan    2.4154    28557199400.7608
  2191.807    5.6429    0.0000    6.7799         nan    2.3116    29489188937.6001
  2248.840    5.6837    0.0000    6.8071         nan    2.2071    30384837898.7579
  2305.873    5.7221    0.0000    6.8328         nan    2.1018    31243316908.0293
  2362.906    5.7583    0.0000    6.8570         nan    1.9959    32063846748.7864
  2419.939    5.7922    0.0000    6.8798         nan    1.8894    32845698230.1757
  2476.972    5.8239    0.0000    6.9011         nan    1.7823    33588192541.2731
  2534.005    5.8536    0.0000    6.9211         nan    1.6747    34290702241.6917
  2591.038    5.8811    0.0000    6.9396         nan    1.5668    34952653124.8064
  2648.071    5.9066    0.0000    6.9568         nan    1.4585    35573527343.0785
  2705.104    5.9300    0.0000    6.9726         nan    1.3500    36152868444.6091
  2762.137    5.9515    0.0000    6.9871         nan    1.2415    36690289418.8917
  2819.170    5.9710    0.0000    7.0003         nan    1.1331    37185485696.8131
  2876.203    5.9886    0.0000    7.0122         nan    1.0251    37638256685.8235
  2933.236    6.0043    0.0000    7.0228         nan    0.9180    38048542768.6506
  2990.269    6.0181    0.0000    7.0321         nan    0.8126    38416492027.1499
  3047.302    6.0300    0.0000    7.0402         nan    0.7103    38742588312.9811
  3104.335    6.0401    0.0000    7.0470         nan    0.6140    39027917604.6703
  3161.368    6.0483    0.0000    7.0526         nan    0.5308    39274783585.2875
  3218.401    6.0547    0.0000    7.0569         nan    0.4812    39488351043.5893
  3275.434    6.0593    0.0000    7.0600         nan    0.5481    39682060808.6856
  3332.467    6.0620    0.0000    7.0619         nan    1.4042    39902775634.3809
  3389.500    6.0629    0.0000    7.0625         nan    0.0000    40468361232.9434
