# Depth[km]  Vp[km/s]  Vs[km/s] Rho[g/cm3]    T[K]     g[m/s2]         P[Pa]        
     0.000    3.4901    2.0766    1.5769    273.1500    3.7291              0.0000
    11.340    3.4901    2.0766    1.5769    319.7889    3.7391       66684352.6739
    11.340    4.1732    2.4831    1.8855    319.7889    3.7391       66684352.6739
    25.647    4.1732    2.4831    1.8855    378.6328    3.7483      167547872.1431
    25.647    5.2706    3.1360    2.3813    378.6328    3.7483      167547872.1431
    41.824    5.2706    3.1360    2.3813    445.1695    3.7521      311940388.0330
    41.824    7.9995    4.5465    3.5189    445.1695    3.7521      311940388.0330
    51.630    7.9913    4.5364    3.5185    485.5004    3.7452      441400767.7052
    61.435    7.9826    4.5260    3.5180    525.8314    3.7382      570605405.8266
    71.241    7.9735    4.5155    3.5175    566.1623    3.7314      699552634.2852
    81.047    7.9640    4.5047    3.5168    606.4932    3.7245      828240158.6604
    90.852    7.9546    4.4941    3.5162    646.8241    3.7177      956667877.0115
   100.658    7.9452    4.4835    3.5156    687.1550    3.7109     1084837353.4075
   110.464    7.9358    4.4731    3.5149    727.4859    3.7041     1212749028.6080
   120.269    7.9258    4.4624    3.5141    767.8168    3.6974     1340401145.5730
   130.075    7.9161    4.4519    3.5134    808.1477    3.6907     1467793414.3460
   139.881    7.9062    4.4414    3.5126    848.4786    3.6840     1594926417.0003
   149.686    7.8961    4.4309    3.5117    888.8095    3.6773     1721798903.3536
   159.492    7.8863    4.4206    3.5109    929.1404    3.6707     1848411734.2957
   169.298    7.8762    4.4101    3.5099    969.4713    3.6642     1974764893.6076
   179.103    7.8659    4.3996    3.5090   1009.8022    3.6576     2100858270.6785
   188.909    7.8561    4.3894    3.5080   1050.1331    3.6511     2226693200.5975
   198.715    7.8460    4.3791    3.5070   1090.4640    3.6447     2352269639.6541
   208.520    7.8362    4.3689    3.5061   1130.7949    3.6383     2477589314.4458
   218.326    7.8258    4.3585    3.5051   1171.1258    3.6319     2602653231.8208
   228.132    7.8155    4.3481    3.5040   1211.4567    3.6255     2727460110.1595
   237.937    7.8056    4.3379    3.5030   1251.7877    3.6192     2852011065.9730
   247.743    7.7956    4.3277    3.5020   1292.1186    3.6129     2976308966.1822
   257.549    7.7856    4.3174    3.5009   1332.4495    3.6067     3100355334.5173
   267.354    7.7769    4.3080    3.4998   1372.7804    3.6005     3224150444.7086
   277.160    7.7665    4.2977    3.4986   1413.1113    3.5944     3347692874.5873
   286.966    7.7568    4.2876    3.4975   1453.4422    3.5883     3470984001.7288
   296.771    7.7472    4.2777    3.4963   1493.7731    3.5822     3594025651.6693
   306.577    7.7366    4.2671    3.4951   1534.1040    3.5762     3716817316.9433
   316.383    7.7272    4.2573    3.4941   1574.4349    3.5702     3839363116.8821
   326.188    7.7171    4.2472    3.4928   1614.7658    3.5643     3961663536.8743
   335.994    7.7071    4.2371    3.4916   1655.0967    3.5584     4083717725.5271
   345.800    7.6974    4.2270    3.4905   1695.4276    3.5526     4205530073.9262
   355.605    7.6873    4.2169    3.4893   1735.7585    3.5468     4327101618.9901
   365.411    7.6768    4.2065    3.4880   1776.0894    3.5410     4448430864.5732
   375.217    7.6669    4.1963    3.4867   1816.4203    3.5353     4569519769.6660
   385.022    7.6566    4.1861    3.4855   1856.7512    3.5297     4690370797.2760
   394.828    7.6464    4.1758    3.4842   1897.0821    3.5241     4810984136.6347
   404.634    7.6356    4.1652    3.4829   1937.4130    3.5185     4931361000.3585
   414.439    7.6257    4.1550    3.4816   1977.7440    3.5130     5051504189.2591
   424.245    7.6154    4.1448    3.4803   2018.0749    3.5076     5171414520.2984
   434.051    7.6047    4.1342    3.4789   2058.4058    3.5022     5291092640.3032
   457.348    7.6347    4.1437    3.4876   2063.3963    3.4895     5575298898.9798
   480.645    7.6637    4.1528    3.4961   2068.3822    3.4768     5859170782.6712
   503.943    7.6916    4.1615    3.5045   2073.1061    3.4642     6142696367.3626
   527.240    7.7198    4.1705    3.5128   2077.8185    3.4517     6425869767.3168
   550.538    7.7462    4.1787    3.5209   2082.3590    3.4393     6708683271.7668
   573.835    7.7722    4.1868    3.5290   2086.8264    3.4270     6991129209.3781
   597.133    7.7981    4.1948    3.5370   2091.2485    3.4148     7273209157.9877
   620.430    7.8236    4.2028    3.5450   2095.5727    3.4028     7554920643.8237
   643.728    7.8491    4.2108    3.5529   2099.8276    3.3908     7836265155.1721
   667.025    7.8737    4.2185    3.5607   2103.8712    3.3790     8117242145.3407
   690.323    7.8987    4.2263    3.5686   2108.0172    3.3673     8397856172.5345
   713.620    7.9232    4.2340    3.5763   2111.9383    3.3558     8678114044.8729
   736.918    7.9480    4.2419    3.5841   2115.9365    3.3444     8958021448.2300
   760.215    7.9722    4.2495    3.5919   2119.8030    3.3332     9237589187.4643
   783.513    7.9975    4.2577    3.5998   2123.6872    3.3222     9516831015.6371
   806.810    8.0219    4.2656    3.6077   2127.3405    3.3114     9795759858.6819
   830.108    8.0465    4.2737    3.6156   2130.9975    3.3007    10074384597.4952
   853.405    8.0710    4.2817    3.6234   2134.6317    3.2902    10352717710.2814
   876.703    8.0976    4.2908    3.6320   2138.2824    3.2800    10630798366.7260
   900.000    8.1236    4.2999    3.6403   2141.7740    3.2700    10908656967.6374
   917.044    8.1432    4.3067    3.6466   2144.3114    3.2628    11111720270.3408
   934.088    8.1634    4.3141    3.6531   2146.8725    3.2557    11314691357.7348
   951.132    8.1840    4.3217    3.6598   2149.3842    3.2487    11517587648.3822
   968.177    8.2053    4.3297    3.6666   2151.8948    3.2419    11720425351.6298
   985.221    8.2282    4.3387    3.6741   2154.4441    3.2352    11923230058.0361
  1002.265    8.2514    4.3479    3.6817   2157.0489    3.2286    12126029475.0296
  1019.309    8.2700    4.3542    3.6883   2159.7624    3.2221    12328806244.4203
  1036.353    8.2886    4.3605    3.6949   2162.4808    3.2158    12531541754.7510
  1053.397    8.3074    4.3669    3.7016   2165.2221    3.2096    12734246451.7336
  1070.442    8.3259    4.3733    3.7082   2167.9276    3.2036    12936926418.1928
  1087.486    8.3416    4.3783    3.7138   2170.3441    3.1978    13139561382.3274
  1104.530    8.3634    4.3874    3.7219   2171.9135    3.1921    13342200294.5354
  1121.574    8.3863    4.3971    3.7306   2173.1963    3.1866    13544936342.4111
  1138.618    8.4106    4.4079    3.7398   2174.5498    3.1813    13747809695.6576
  1155.662    8.5551    4.4987    3.7790   2188.5035    3.1759    13951653351.0410
  1172.707    8.7462    4.6208    3.8287   2205.3114    3.1701    14157555340.2922
  1189.751    8.8635    4.6938    3.8590   2216.4898    3.1640    14365246334.7054
  1206.795    8.8785    4.6983    3.8646   2218.8733    3.1580    14573508690.1861
  1223.839    8.8928    4.7025    3.8700   2220.8650    3.1522    14781669015.4708
  1240.883    8.9070    4.7065    3.8755   2222.9511    3.1466    14989737928.1319
  1257.927    8.9209    4.7104    3.8808   2224.9244    3.1412    15197727791.6395
  1274.972    8.9348    4.7145    3.8862   2226.8838    3.1361    15405649695.6389
  1292.016    8.9487    4.7187    3.8916   2228.4972    3.1312    15613521274.4303
  1309.060    8.9625    4.7227    3.8973   2230.1885    3.1266    15821364659.7605
  1326.104    8.9755    4.7263    3.9026   2232.0337    3.1223    16029194267.5600
  1343.148    8.9878    4.7293    3.9081   2233.4372    3.1182    16237023388.0514
  1360.192    9.0013    4.7333    3.9137   2234.9473    3.1144    16444875602.5730
  1377.237    9.0142    4.7370    3.9192   2236.2954    3.1109    16652769876.3301
  1394.281    9.0267    4.7404    3.9246   2237.5755    3.1078    16860722175.1802
  1411.325    9.0391    4.7436    3.9305   2238.7056    3.1049    17068761458.7697
  1428.369    9.0511    4.7470    3.9355   2239.7785    3.1024    17276899534.8079
  1445.413    9.0629    4.7502    3.9409   2240.6341    3.1003    17485145042.4580
  1462.457    9.0773    4.7545    3.9478   2242.0440    3.0985    17693570336.3600
  1479.502    9.1165    4.7749    3.9592   2246.1395    3.0970    17902359531.5653
  1496.546    9.1564    4.7962    3.9712   2250.8354    3.0958    18111667075.1602
  1513.590    9.1978    4.8188    3.9839   2255.1931    3.0949    18321545229.6152
  1530.634    9.2385    4.8412    3.9965   2259.6764    3.0944    18532031583.9943
  1547.678    9.2702    4.8582    4.0066   2263.0083    3.0942    18743079109.5823
  1564.722    9.2817    4.8618    4.0113   2265.3095    3.0944    18954502392.7023
  1564.722    4.6792    0.0000    4.0196         nan    3.0944    18954502392.7023
  1579.986    4.6889    0.0000    4.0254         nan    3.0949    19144498763.9161
  1595.251    4.6987    0.0000    4.0312         nan    3.0958    19334800242.1472
  1610.515    4.7084    0.0000    4.0370         nan    3.0971    19525430160.1783
  1625.779    4.7182    0.0000    4.0428         nan    3.0987    19716412832.8533
  1641.043    4.7275    0.0000    4.0485         nan    3.1008    19907768488.0626
  1656.307    4.7368    0.0000    4.0540         nan    3.1034    20099517787.8946
  1671.571    4.7461    0.0000    4.0596         nan    3.1063    20291687717.8899
  1686.835    4.7554    0.0000    4.0652         nan    3.1098    20484307157.3666
  1702.099    4.7644    0.0000    4.0706         nan    3.1138    20677401900.5194
  1702.099    5.4767    0.0000    6.3861         nan    3.1138    20677401900.5194
  1760.285    5.5351    0.0000    6.4237         nan    3.0163    21837836280.7692
  1818.471    5.5907    0.0000    6.4597         nan    2.9177    22968399507.7212
  1876.658    5.6435    0.0000    6.4939         nan    2.8181    24067967249.9900
  1934.844    5.6937    0.0000    6.5265         nan    2.7174    25135468138.9748
  1993.030    5.7413    0.0000    6.5576         nan    2.6159    26169881747.0764
  2051.216    5.7865    0.0000    6.5871         nan    2.5134    27170236837.1855
  2109.403    5.8293    0.0000    6.6151         nan    2.4101    28135609845.9089
  2167.589    5.8698    0.0000    6.6416         nan    2.3059    29065123574.2666
  2225.775    5.9080    0.0000    6.6668         nan    2.2011    29957946065.7881
  2283.961    5.9441    0.0000    6.6906         nan    2.0955    30813289657.3930
  2342.148    5.9781    0.0000    6.7130         nan    1.9892    31630410195.6997
  2400.334    6.0100    0.0000    6.7340         nan    1.8823    32408606422.0011
  2458.520    6.0399    0.0000    6.7538         nan    1.7748    33147219538.4109
  2516.706    6.0678    0.0000    6.7722         nan    1.6668    33845632982.5385
  2574.893    6.0937    0.0000    6.7894         nan    1.5583    34503272462.4108
  2633.079    6.1177    0.0000    6.8053         nan    1.4494    35119606339.0925
  2691.265    6.1399    0.0000    6.8200         nan    1.3401    35694146507.9882
  2749.451    6.1601    0.0000    6.8335         nan    1.2304    36226450040.0813
  2807.638    6.1786    0.0000    6.8458         nan    1.1205    36716122046.5497
  2865.824    6.1952    0.0000    6.8568         nan    1.0105    37162820623.9384
  2924.010    6.2100    0.0000    6.8667         nan    0.9004    37566265542.9081
  2982.196    6.2230    0.0000    6.8754         nan    0.7906    37926254106.1295
  3040.383    6.2343    0.0000    6.8829         nan    0.6813    38242691772.9717
  3098.569    6.2438    0.0000    6.8892         nan    0.5733    38515656040.8810
  3156.755    6.2516    0.0000    6.8944         nan    0.4683    38745544277.1623
  3214.941    6.2576    0.0000    6.8985         nan    0.3713    38933468593.0638
  3273.128    6.2619    0.0000    6.9013         nan    0.3024    39082557173.5856
  3331.314    6.2645    0.0000    6.9031         nan    0.4236    39203997699.4389
  3389.500    6.2654    0.0000    6.9036         nan    0.0000    39374136850.2945
