# Depth[km]  Vp[km/s]  Vs[km/s] Rho[g/cm3]    T[K]     g[m/s2]         P[Pa]        
     0.000    3.8090    2.3070    1.7317    273.1500    3.7291              0.0000
    11.815    3.8090    2.3070    1.7317    317.6765    3.7380       76294145.9198
    11.815    4.4972    2.7238    2.0445    317.6765    3.7380       76294145.9198
    29.029    4.4972    2.7238    2.0445    382.5569    3.7467      207850561.4690
    29.029    5.9220    3.5868    2.6923    382.5569    3.7467      207850561.4690
    46.268    5.9220    3.5868    2.6923    447.5348    3.7463      381753093.1119
    46.268    7.9632    4.5376    3.5044    447.5348    3.7463      381753093.1119
    56.283    7.9567    4.5287    3.5044    485.2830    3.7394      513239848.5376
    66.299    7.9498    4.5196    3.5044    523.0312    3.7324      644481607.1935
    76.314    7.9426    4.5104    3.5043    560.7794    3.7255      775477113.3027
    86.329    7.9351    4.5010    3.5042    598.5276    3.7186      906225042.8574
    96.344    7.9269    4.4913    3.5039    636.2757    3.7117     1036722490.6154
   106.360    7.9192    4.4819    3.5037    674.0239    3.7049     1166969813.5846
   116.375    7.9114    4.4725    3.5034    711.7721    3.6980     1296969453.8616
   126.390    7.9035    4.4632    3.5032    749.5203    3.6913     1426720906.9546
   136.405    7.8950    4.4535    3.5028    787.2685    3.6845     1556222197.6262
   146.421    7.8870    4.4443    3.5025    825.0167    3.6778     1685474271.3809
   156.436    7.8783    4.4347    3.5021    862.7648    3.6711     1814477143.9333
   166.451    7.8699    4.4252    3.5016    900.5130    3.6644     1943229502.3935
   176.466    7.8613    4.4157    3.5012    938.2612    3.6578     2071732668.4654
   186.482    7.8525    4.4061    3.5007    976.0094    3.6512     2199985596.8230
   196.497    7.8439    4.3967    3.5002   1013.7576    3.6447     2327988329.6523
   206.512    7.8359    4.3875    3.4998   1051.5058    3.6382     2455744739.1691
   216.527    7.8268    4.3779    3.4991   1089.2539    3.6317     2583253578.5027
   226.542    7.8181    4.3684    3.4986   1127.0021    3.6252     2710513528.8760
   236.558    7.8088    4.3587    3.4979   1164.7503    3.6188     2837525693.4396
   246.573    7.8003    4.3494    3.4974   1202.4985    3.6124     2964291291.5237
   256.588    7.7918    4.3402    3.4968   1240.2467    3.6061     3090812831.3688
   266.603    7.7822    4.3302    3.4960   1277.9949    3.5998     3217088376.7755
   276.619    7.7741    4.3213    3.4954   1315.7431    3.5936     3343118958.6968
   286.634    7.7659    4.3122    3.4947   1353.4912    3.5873     3468906801.3474
   296.649    7.7575    4.3029    3.4941   1391.2394    3.5812     3594453007.0366
   306.664    7.7491    4.2938    3.4933   1428.9876    3.5750     3719758533.5827
   316.680    7.7403    4.2845    3.4926   1466.7358    3.5689     3844822708.7653
   326.695    7.7321    4.2754    3.4919   1504.4840    3.5629     3969647620.7978
   336.710    7.7233    4.2661    3.4911   1542.2322    3.5569     4094234673.4972
   346.725    7.7148    4.2568    3.4904   1579.9803    3.5509     4218585486.8364
   356.740    7.7059    4.2475    3.4897   1617.7285    3.5450     4342701917.5485
   366.756    7.6972    4.2383    3.4889   1655.4767    3.5391     4466583655.6208
   376.771    7.6881    4.2287    3.4881   1693.2249    3.5333     4590231902.2826
   386.786    7.6798    4.2196    3.4873   1730.9731    3.5275     4713649438.6510
   396.801    7.6709    4.2102    3.4865   1768.7213    3.5217     4836837737.7404
   406.817    7.6616    4.2006    3.4857   1806.4695    3.5161     4959797148.8694
   416.832    7.6528    4.1912    3.4849   1844.2176    3.5104     5082529477.3364
   426.847    7.6437    4.1818    3.4841   1881.9658    3.5048     5205036421.2951
   436.862    7.6349    4.1724    3.4834   1919.7140    3.4993     5327320898.8062
   446.878    7.6262    4.1630    3.4826   1957.4622    3.4938     5449385683.2635
   469.534    7.6559    4.1718    3.4910   1962.0309    3.4814     5725384345.7532
   492.190    7.6847    4.1803    3.4992   1966.3099    3.4692     6001060835.8719
   514.846    7.7127    4.1886    3.5073   1970.6211    3.4570     6276404790.7416
   537.502    7.7406    4.1968    3.5153   1974.8505    3.4448     6551412126.4387
   560.158    7.7676    4.2048    3.5232   1978.9651    3.4328     6826076846.6741
   582.814    7.7941    4.2126    3.5310   1983.0140    3.4209     7100392861.8606
   605.470    7.8197    4.2201    3.5387   1986.9238    3.4091     7374356879.6219
   628.127    7.8453    4.2276    3.5463   1990.8271    3.3974     7647967978.5040
   650.783    7.8707    4.2351    3.5540   1994.6253    3.3858     7921228733.7501
   673.439    7.8964    4.2429    3.5615   1998.3386    3.3744     8194140946.9734
   696.095    7.9210    4.2502    3.5690   2001.9849    3.3631     8466704600.4742
   718.751    7.9456    4.2574    3.5764   2005.5319    3.3519     8738922845.0789
   741.407    7.9704    4.2649    3.5840   2009.1233    3.3409     9010807533.3632
   764.063    7.9947    4.2722    3.5914   2012.5990    3.3300     9282366333.7882
   786.719    8.0192    4.2797    3.5989   2015.9971    3.3193     9553603744.9868
   809.376    8.0432    4.2870    3.6063   2019.3461    3.3088     9824531037.4693
   832.032    8.0683    4.2949    3.6140   2022.7220    3.2985    10095167611.1338
   854.688    8.0924    4.3024    3.6215   2025.9086    3.2884    10365525418.1868
   877.344    8.1180    4.3107    3.6293   2029.1455    3.2784    10635623653.3137
   900.000    8.1431    4.3189    3.6371   2032.1740    3.2687    10905486510.3362
   917.245    8.1627    4.3255    3.6432   2034.5481    3.2615    11110678536.5157
   934.490    8.1839    4.3330    3.6499   2037.0802    3.2543    11315773982.3612
   951.735    8.2037    4.3397    3.6561   2039.4123    3.2473    11520782927.4788
   968.980    8.2254    4.3476    3.6629   2041.7594    3.2404    11725716994.7519
   986.225    8.2449    4.3542    3.6692   2044.0304    3.2337    11930582138.3959
  1003.470    8.2717    4.3652    3.6777   2046.5449    3.2271    12135431680.4442
  1020.715    8.2978    4.3759    3.6860   2049.1085    3.2206    12340329454.8993
  1037.960    8.3201    4.3843    3.6933   2051.4208    3.2143    12545248548.8508
  1055.205    8.3373    4.3898    3.6990   2053.5815    3.2081    12750124972.7443
  1072.450    8.3545    4.3953    3.7048   2055.7070    3.2021    12954927273.7760
  1089.695    8.3719    4.4009    3.7107   2057.8035    3.1962    13159668100.2175
  1106.940    8.4197    4.4270    3.7246   2062.9934    3.1905    13364581539.2410
  1124.185    8.5702    4.5218    3.7653   2077.4909    3.1847    13570633301.8542
  1141.430    8.7527    4.6379    3.8132   2096.6778    3.1785    13778742680.0908
  1158.674    8.8638    4.7066    3.8424   2102.8519    3.1721    13988559450.0062
  1175.919    8.8816    4.7133    3.8479   2104.9211    3.1657    14198898829.7159
  1193.164    8.8981    4.7176    3.8544   2107.7232    3.1594    14409140727.4291
  1210.409    8.9138    4.7223    3.8601   2110.1736    3.1534    14619300239.8858
  1227.654    8.9295    4.7270    3.8658   2112.6101    3.1476    14829367924.2421
  1244.899    8.9449    4.7316    3.8713   2115.0368    3.1420    15039353733.9118
  1262.144    8.9603    4.7364    3.8770   2117.4474    3.1367    15249270550.3547
  1279.389    8.9751    4.7409    3.8823   2119.8483    3.1316    15459127445.2944
  1296.634    8.9900    4.7456    3.8877   2122.2065    3.1267    15668931853.4526
  1313.879    9.0045    4.7503    3.8928   2124.5591    3.1222    15878695631.9991
  1331.124    9.0193    4.7550    3.8983   2126.9442    3.1179    16088438694.0464
  1348.369    9.0327    4.7597    3.9028   2129.0903    3.1139    16298162237.4334
  1365.614    9.0471    4.7642    3.9080   2131.3807    3.1102    16507877564.7447
  1382.859    9.0716    4.7758    3.9145   2134.7740    3.1068    16717657742.6212
  1400.104    9.1112    4.7966    3.9240   2140.2074    3.1038    16927641466.1656
  1417.349    9.1522    4.8180    3.9352   2146.6332    3.1009    17137971313.3837
  1434.594    9.1929    4.8405    3.9452   2152.2261    3.0984    17348675664.6775
  1451.839    9.2334    4.8631    3.9553   2158.1108    3.0961    17559743371.7484
  1469.084    9.2742    4.8862    3.9656   2163.9839    3.0942    17771203726.8162
  1486.329    9.3161    4.9090    3.9774   2170.7239    3.0926    17983122332.5541
  1503.574    9.3571    4.9326    3.9884   2177.3270    3.0912    18195536756.6689
  1520.819    9.3767    4.9416    3.9946   2179.6905    3.0903    18408317807.9083
  1538.064    9.3894    4.9461    3.9990   2181.7259    3.0898    18621315655.9797
  1555.309    9.4021    4.9505    4.0035   2183.7628    3.0897    18834515847.4929
  1572.554    9.4146    4.9549    4.0079   2185.7762    3.0902    19047948594.3386
  1572.554    5.2413    0.0000    4.0050         nan    3.0902    19047948594.3386
  1589.137    5.2535    0.0000    4.0099         nan    3.0911    19253312885.7158
  1605.720    5.2656    0.0000    4.0148         nan    3.0925    19458992442.6845
  1622.304    5.2778    0.0000    4.0198         nan    3.0944    19665019233.5384
  1638.887    5.2899    0.0000    4.0247         nan    3.0969    19871425378.0963
  1655.471    5.3015    0.0000    4.0294         nan    3.0998    20078240090.8629
  1672.054    5.3131    0.0000    4.0341         nan    3.1034    20285495472.9597
  1688.637    5.3247    0.0000    4.0388         nan    3.1075    20493229717.0870
  1705.221    5.3360    0.0000    4.0434         nan    3.1122    20701480272.1324
  1721.804    5.3471    0.0000    4.0479         nan    3.1176    20910283338.8536
  1721.804    5.2325    0.0000    6.4544         nan    3.1176    20910283338.8536
  1779.311    5.3004    0.0000    6.4956         nan    3.0207    22071143017.3590
  1836.818    5.3647    0.0000    6.5347         nan    2.9225    23202887978.5654
  1894.324    5.4256    0.0000    6.5719         nan    2.8233    24304282066.4492
  1951.831    5.4834    0.0000    6.6072         nan    2.7230    25374153885.3256
  2009.338    5.5381    0.0000    6.6407         nan    2.6216    26411393393.3404
  2066.845    5.5898    0.0000    6.6725         nan    2.5193    27414948994.0673
  2124.351    5.6387    0.0000    6.7026         nan    2.4161    28383825050.0406
  2181.858    5.6849    0.0000    6.7311         nan    2.3121    29317079768.3843
  2239.365    5.7285    0.0000    6.7579         nan    2.2072    30213823408.2806
  2296.872    5.7695    0.0000    6.7833         nan    2.1016    31073216786.2787
  2354.378    5.8081    0.0000    6.8072         nan    1.9953    31894470068.6193
  2411.885    5.8442    0.0000    6.8296         nan    1.8884    32676841849.2627
  2469.392    5.8781    0.0000    6.8506         nan    1.7809    33419638538.6898
  2526.899    5.9096    0.0000    6.8701         nan    1.6728    34122214111.5385
  2584.405    5.9389    0.0000    6.8883         nan    1.5642    34783970304.8168
  2641.912    5.9660    0.0000    6.9052         nan    1.4552    35404357425.1324
  2699.419    5.9909    0.0000    6.9207         nan    1.3459    35982876033.4489
  2756.926    6.0138    0.0000    6.9350         nan    1.2363    36519079973.4342
  2814.432    6.0345    0.0000    6.9479         nan    1.1265    37012581570.7431
  2871.939    6.0532    0.0000    6.9596         nan    1.0167    37463060532.6402
  2929.446    6.0699    0.0000    6.9700         nan    0.9071    37870279513.4549
  2986.953    6.0845    0.0000    6.9791         nan    0.7981    38234112453.6348
  3044.459    6.0972    0.0000    6.9870         nan    0.6902    38554599240.5144
  3101.966    6.1079    0.0000    6.9937         nan    0.5848    38832059658.5101
  3159.473    6.1166    0.0000    6.9992         nan    0.4849    39067357017.0856
  3216.980    6.1234    0.0000    7.0034         nan    0.3994    39262602252.0913
  3274.486    6.1282    0.0000    7.0064         nan    0.3636    39423474243.6941
  3331.993    6.1311    0.0000    7.0082         nan    0.6658    39569995339.1699
  3389.500    6.1321    0.0000    7.0088         nan    0.0000    39838340442.1054
