# Depth[km]  Vp[km/s]  Vs[km/s] Rho[g/cm3]    T[K]     g[m/s2]         P[Pa]        
     0.000    3.4966    2.0654    1.5567    273.1500    3.7291              0.0000
     9.635    3.4966    2.0654    1.5567    310.1661    3.7378       55928638.3535
     9.635    5.1070    3.0167    2.2736    310.1661    3.7378       55928638.3535
    31.098    5.1070    3.0167    2.2736    392.6344    3.7445      238324795.0706
    31.098    5.6114    3.3146    2.4981    392.6344    3.7445      238324795.0706
    54.214    5.6114    3.3146    2.4981    481.4578    3.7478      454565777.5728
    54.214    7.9965    4.5388    3.5199    481.4578    3.7478      454565777.5728
    63.722    7.9895    4.5297    3.5197    517.9880    3.7411      579979163.8815
    73.229    7.9822    4.5204    3.5194    554.5181    3.7345      705161392.7499
    82.736    7.9747    4.5111    3.5191    591.0482    3.7278      830111249.2440
    92.243    7.9667    4.5016    3.5188    627.5783    3.7212      954826681.1288
   101.750    7.9590    4.4923    3.5184    664.1085    3.7146     1079308207.5405
   111.258    7.9512    4.4830    3.5181    700.6386    3.7081     1203557188.0922
   120.765    7.9435    4.4738    3.5177    737.1687    3.7015     1327573818.4961
   130.272    7.9352    4.4644    3.5172    773.6988    3.6950     1451356889.1014
   139.779    7.9274    4.4552    3.5168    810.2290    3.6886     1574906722.3609
   149.286    7.9191    4.4460    3.5163    846.7591    3.6821     1698223682.1110
   158.794    7.9109    4.4367    3.5157    883.2892    3.6757     1821306706.2167
   168.301    7.9026    4.4274    3.5152    919.8193    3.6693     1944156488.9042
   177.808    7.8945    4.4184    3.5146    956.3495    3.6630     2066773492.5188
   187.315    7.8866    4.4094    3.5141    992.8796    3.6566     2189159134.7910
   196.822    7.8783    4.4003    3.5135   1029.4097    3.6503     2311313610.2771
   206.330    7.8698    4.3911    3.5128   1065.9399    3.6441     2433234940.0714
   215.837    7.8616    4.3822    3.5121   1102.4700    3.6378     2554923894.2585
   225.344    7.8532    4.3730    3.5115   1139.0001    3.6317     2676382345.0811
   234.851    7.8448    4.3639    3.5108   1175.5302    3.6255     2797611138.0023
   244.358    7.8369    4.3551    3.5102   1212.0604    3.6194     2918612477.4483
   253.866    7.8284    4.3460    3.5094   1248.5905    3.6133     3039385640.6078
   263.373    7.8199    4.3368    3.5087   1285.1206    3.6072     3159929531.2156
   272.880    7.8125    4.3283    3.5080   1321.6507    3.6012     3280247521.7059
   282.387    7.8046    4.3195    3.5073   1358.1809    3.5952     3400340797.9990
   291.894    7.7966    4.3105    3.5066   1394.7110    3.5893     3520209706.2500
   301.402    7.7894    4.3022    3.5059   1431.2411    3.5834     3639856445.6049
   310.909    7.7812    4.2933    3.5051   1467.7713    3.5775     3759280633.0802
   320.416    7.7732    4.2846    3.5042   1504.3014    3.5717     3878481060.2625
   329.923    7.7653    4.2758    3.5036   1540.8315    3.5659     3997461531.3282
   339.430    7.7569    4.2667    3.5027   1577.3616    3.5601     4116222842.5854
   348.938    7.7492    4.2581    3.5020   1613.8918    3.5544     4234765323.6646
   358.445    7.7407    4.2490    3.5011   1650.4219    3.5487     4353090224.8098
   367.952    7.7333    4.2406    3.5004   1686.9520    3.5431     4471199061.8899
   377.459    7.7248    4.2316    3.4995   1723.4821    3.5375     4589093357.7971
   386.966    7.7167    4.2227    3.4986   1760.0123    3.5319     4706771997.1299
   396.474    7.7084    4.2137    3.4978   1796.5424    3.5264     4824237802.1344
   405.981    7.7001    4.2048    3.4969   1833.0725    3.5210     4941491908.2225
   415.488    7.6921    4.1959    3.4961   1869.6026    3.5155     5058535122.2028
   424.995    7.6840    4.1871    3.4953   1906.1328    3.5102     5175370375.5465
   434.502    7.6751    4.1779    3.4943   1942.6629    3.5048     5291997916.4757
   457.777    7.7041    4.1870    3.5028   1947.2485    3.4919     5577390677.3646
   481.052    7.7316    4.1956    3.5110   1951.5901    3.4790     5862404221.6654
   504.327    7.7583    4.2039    3.5191   1955.9486    3.4661     6147027493.5517
   527.602    7.7850    4.2124    3.5272   1960.1848    3.4534     6431255521.9072
   550.877    7.8108    4.2204    3.5351   1964.3527    3.4408     6715082260.2074
   574.152    7.8366    4.2286    3.5431   1968.4856    3.4282     6998509028.3469
   597.427    7.8617    4.2363    3.5510   1972.5071    3.4158     7281535453.8733
   620.701    7.8868    4.2442    3.5587   1976.3410    3.4035     7564156008.6150
   643.976    7.9112    4.2517    3.5665   1980.2761    3.3913     7846373292.3634
   667.251    7.9356    4.2594    3.5742   1984.0076    3.3793     8128188920.6358
   690.526    7.9595    4.2667    3.5818   1987.6765    3.3673     8409602914.7870
   713.801    7.9842    4.2746    3.5895   1991.3884    3.3556     8690627680.3099
   737.076    8.0081    4.2822    3.5972   1994.9686    3.3440     8971270656.4963
   760.351    8.0323    4.2900    3.6048   1998.4859    3.3325     9251536244.8144
   783.626    8.0563    4.2976    3.6125   2001.9262    3.3212     9531437748.2954
   806.900    8.0809    4.3057    3.6204   2005.4058    3.3101     9810993821.7416
   830.175    8.1054    4.3138    3.6282   2008.7462    3.2992    10090219333.7169
   853.450    8.1296    4.3217    3.6360   2012.0330    3.2885    10369122502.2018
   876.725    8.1551    4.3304    3.6442   2015.3235    3.2780    10647732703.3281
   900.000    8.1810    4.3396    3.6525   2018.5038    3.2677    10926083978.1916
   917.169    8.2006    4.3466    3.6589   2020.8693    3.2602    11131184150.7714
   934.339    8.2211    4.3541    3.6655   2023.2245    3.2529    11336178925.7486
   951.508    8.2420    4.3619    3.6723   2025.5708    3.2456    11541085163.3395
   968.678    8.2636    4.3702    3.6794   2027.9194    3.2385    11745922074.4529
   985.847    8.2829    4.3773    3.6857   2030.2735    3.2315    11950684254.9399
  1003.017    8.3133    4.3908    3.6955   2032.8456    3.2247    12155453469.1654
  1020.186    8.3327    4.3975    3.7024   2035.3754    3.2179    12360249291.2646
  1037.355    8.3516    4.4041    3.7092   2037.9914    3.2113    12564994769.3635
  1054.525    8.3688    4.4097    3.7153   2040.3752    3.2049    12769677322.6445
  1071.694    8.3839    4.4145    3.7207   2042.5574    3.1986    12974265909.4035
  1088.864    8.3991    4.4189    3.7262   2044.8151    3.1925    13178752702.5063
  1106.033    8.4603    4.4542    3.7440   2051.7499    3.1865    13383486050.8517
  1123.203    8.5994    4.5418    3.7817   2065.4793    3.1804    13589350877.4811
  1140.372    8.7628    4.6454    3.8245   2083.0109    3.1739    13797017458.1274
  1157.541    8.9076    4.7371    3.8614   2092.9521    3.1672    14006436851.2423
  1174.711    8.9235    4.7422    3.8670   2095.4394    3.1604    14216568213.9990
  1191.880    8.9381    4.7468    3.8721   2097.7595    3.1538    14426539971.8599
  1209.050    8.9524    4.7512    3.8772   2100.1004    3.1474    14636350073.4412
  1226.219    8.9670    4.7559    3.8824   2102.3843    3.1413    14846013423.5236
  1243.389    8.9813    4.7604    3.8875   2104.6859    3.1353    15055542997.7498
  1260.558    8.9956    4.7651    3.8925   2106.9436    3.1296    15264949453.9708
  1277.727    9.0095    4.7696    3.8975   2109.2295    3.1242    15474243902.0098
  1294.897    9.0236    4.7743    3.9025   2111.4835    3.1190    15683441399.2064
  1312.066    9.0364    4.7780    3.9074   2113.2745    3.1141    15892556960.2672
  1329.236    9.0493    4.7820    3.9125   2114.9483    3.1094    16101608552.5656
  1346.405    9.0616    4.7852    3.9176   2116.4030    3.1050    16310621394.0030
  1363.574    9.0747    4.7894    3.9229   2117.8497    3.1010    16519616916.4940
  1380.744    9.0863    4.7923    3.9279   2119.3061    3.0972    16728611578.3146
  1397.913    9.1015    4.7971    3.9344   2121.3386    3.0937    16937657690.8535
  1415.083    9.1415    4.8186    3.9446   2126.1016    3.0905    17146913272.3846
  1432.252    9.1825    4.8410    3.9553   2130.6230    3.0876    17356510176.6961
  1449.422    9.2203    4.8613    3.9660   2135.3610    3.0850    17566475673.8372
  1466.591    9.2601    4.8834    3.9770   2140.0467    3.0826    17776835771.5145
  1483.760    9.3015    4.9063    3.9894   2145.1550    3.0805    17987654622.7451
  1500.930    9.3426    4.9298    4.0015   2149.8872    3.0787    18198978024.4549
  1518.099    9.3724    4.9458    4.0105   2153.6616    3.0772    18410735643.9679
  1535.269    9.3845    4.9499    4.0154   2155.8751    3.0762    18622759225.1521
  1552.438    9.3978    4.9549    4.0203   2157.8657    3.0755    18834967639.9162
  1569.608    9.4100    4.9594    4.0246   2159.6531    3.0754    19047375883.8155
  1569.608    5.0640    0.0000    3.9791         nan    3.0754    19047375883.8155
  1585.793    5.0775    0.0000    3.9842         nan    3.0763    19245571803.1551
  1601.979    5.0910    0.0000    3.9893         nan    3.0776    19444080035.6451
  1618.165    5.1045    0.0000    3.9944         nan    3.0794    19642929571.6750
  1634.350    5.1179    0.0000    3.9995         nan    3.0817    19842149920.8121
  1650.536    5.1308    0.0000    4.0044         nan    3.0845    20041766668.9720
  1666.721    5.1436    0.0000    4.0092         nan    3.0879    20241807601.6845
  1682.907    5.1564    0.0000    4.0141         nan    3.0917    20442307277.8025
  1699.093    5.1691    0.0000    4.0189         nan    3.0962    20643300344.2945
  1715.278    5.1813    0.0000    4.0235         nan    3.1012    20844818681.3413
  1715.278    5.1932    0.0000    6.3963         nan    3.1012    20844818681.3413
  1773.010    5.2672    0.0000    6.4377         nan    3.0047    21993707277.4082
  1830.742    5.3372    0.0000    6.4768         nan    2.9071    23113841628.0709
  1888.474    5.4034    0.0000    6.5140         nan    2.8082    24203964212.6644
  1946.205    5.4660    0.0000    6.5492         nan    2.7083    25262887025.8854
  2003.937    5.5251    0.0000    6.5826         nan    2.6073    26289487142.3629
  2061.669    5.5811    0.0000    6.6142         nan    2.5054    27282702913.5987
  2119.401    5.6338    0.0000    6.6440         nan    2.4025    28241530678.3526
  2177.133    5.6836    0.0000    6.6722         nan    2.2988    29165021894.8610
  2234.864    5.7306    0.0000    6.6989         nan    2.1942    30052280618.3839
  2292.596    5.7747    0.0000    6.7239         nan    2.0889    30902461257.2304
  2350.328    5.8161    0.0000    6.7475         nan    1.9829    31714766550.7690
  2408.060    5.8550    0.0000    6.7696         nan    1.8761    32488445716.3465
  2465.792    5.8912    0.0000    6.7903         nan    1.7687    33222792708.2943
  2523.523    5.9250    0.0000    6.8096         nan    1.6607    33917144529.5847
  2581.255    5.9564    0.0000    6.8276         nan    1.5521    34570879517.4645
  2638.987    5.9855    0.0000    6.8441         nan    1.4430    35183415497.4204
  2696.719    6.0122    0.0000    6.8594         nan    1.3333    35754207644.6137
  2754.450    6.0366    0.0000    6.8734         nan    1.2231    36282745794.0430
  2812.182    6.0588    0.0000    6.8861         nan    1.1124    36768550756.1924
  2869.914    6.0788    0.0000    6.8976         nan    1.0012    37211168833.9746
  2927.646    6.0966    0.0000    6.9078         nan    0.8894    37610162995.7776
  2985.378    6.1122    0.0000    6.9167         nan    0.7769    37965097534.3949
  3043.109    6.1257    0.0000    6.9245         nan    0.6634    38275509193.6317
  3100.841    6.1371    0.0000    6.9310         nan    0.5483    38540847695.7045
  3158.573    6.1465    0.0000    6.9364         nan    0.4301    38760338890.0551
  3216.305    6.1537    0.0000    6.9405         nan    0.3042    38932620038.8453
  3274.036    6.1588    0.0000    6.9435         nan    0.1522    39054538814.9993
  3331.768    6.1619    0.0000    6.9453         nan   -0.1756    39115576990.2290
  3389.500    6.1630    0.0000    6.9459         nan    0.0000    39045166423.7463
