# Depth[km]  Vp[km/s]  Vs[km/s] Rho[g/cm3]    T[K]     g[m/s2]         P[Pa]        
     0.000    3.1458    1.8846    1.4523    273.1500    3.7291              0.0000
     9.641    3.1458    1.8846    1.4523    308.2554    3.7386       52212899.1270
     9.641    4.9116    2.9425    2.2675    308.2554    3.7386       52212899.1270
    25.214    4.9116    2.9425    2.2675    364.9676    3.7435      184230202.7768
    25.214    6.6482    3.9828    3.0692    364.9676    3.7435      184230202.7768
    45.597    6.6482    3.9828    3.0692    439.1953    3.7365      418422057.1877
    45.597    7.9551    4.5340    3.4850    439.1953    3.7365      418422057.1877
    55.874    7.9503    4.5264    3.4853    476.6199    3.7295      552250597.2873
    66.151    7.9450    4.5185    3.4855    514.0446    3.7224      685835424.3922
    76.427    7.9396    4.5105    3.4856    551.4693    3.7154      819174763.1972
    86.704    7.9338    4.5023    3.4857    588.8939    3.7085      952266551.8703
    96.981    7.9278    4.4941    3.4857    626.3186    3.7015     1085110030.7123
   107.258    7.9212    4.4855    3.4856    663.7433    3.6946     1217702859.3613
   117.535    7.9149    4.4771    3.4855    701.1679    3.6877     1350044386.4948
   127.811    7.9088    4.4688    3.4855    738.5926    3.6808     1482136980.3821
   138.088    7.9025    4.4604    3.4854    776.0173    3.6740     1613980638.0994
   148.365    7.8956    4.4518    3.4851    813.4419    3.6672     1745573070.9457
   158.642    7.8893    4.4435    3.4849    850.8666    3.6604     1876913789.1671
   168.919    7.8820    4.4347    3.4846    888.2913    3.6537     2008001860.8014
   179.195    7.8758    4.4265    3.4844    925.7159    3.6470     2138838333.1348
   189.472    7.8690    4.4180    3.4840    963.1406    3.6403     2269424578.2773
   199.749    7.8623    4.4096    3.4837   1000.5653    3.6337     2399758983.9161
   210.026    7.8553    4.4010    3.4833   1037.9899    3.6271     2529841607.7482
   220.303    7.8488    4.3927    3.4829   1075.4146    3.6205     2659672945.9750
   230.579    7.8419    4.3842    3.4824   1112.8393    3.6140     2789253540.3850
   240.856    7.8351    4.3756    3.4820   1150.2639    3.6075     2918584664.4166
   251.133    7.8282    4.3671    3.4815   1187.6886    3.6011     3047667539.7193
   261.410    7.8222    4.3591    3.4811   1225.1133    3.5947     3176502687.2522
   271.687    7.8149    4.3504    3.4805   1262.5379    3.5883     3305089724.3083
   281.963    7.8081    4.3420    3.4801   1299.9626    3.5820     3433430485.8481
   292.240    7.8017    4.3337    3.4796   1337.3872    3.5757     3561528081.4688
   302.517    7.7955    4.3256    3.4791   1374.8119    3.5695     3689383008.9703
   312.794    7.7888    4.3172    3.4786   1412.2366    3.5633     3816995973.3575
   323.071    7.7818    4.3087    3.4779   1449.6612    3.5571     3944365067.1788
   333.347    7.7755    4.3006    3.4774   1487.0859    3.5510     4071492299.9769
   343.624    7.7688    4.2922    3.4768   1524.5106    3.5449     4198382006.4015
   353.901    7.7626    4.2841    3.4763   1561.9352    3.5389     4325035009.0755
   364.178    7.7552    4.2754    3.4756   1599.3599    3.5329     4451449478.8011
   374.454    7.7484    4.2670    3.4749   1636.7846    3.5270     4577625846.5716
   384.731    7.7420    4.2587    3.4744   1674.2092    3.5211     4703568819.3575
   395.008    7.7346    4.2501    3.4736   1711.6339    3.5153     4829277741.1465
   405.285    7.7283    4.2419    3.4730   1749.0586    3.5095     4954753734.7298
   415.562    7.7206    4.2330    3.4722   1786.4832    3.5038     5079998095.9017
   425.838    7.7142    4.2248    3.4716   1823.9079    3.4981     5205012653.7142
   436.115    7.7066    4.2160    3.4708   1861.3326    3.4924     5329798052.0228
   446.392    7.6998    4.2074    3.4702   1898.7572    3.4868     5454356161.4788
   456.669    7.6927    4.1988    3.4695   1936.1819    3.4813     5578692252.0522
   478.835    7.7186    4.2066    3.4771   1940.2874    3.4695     5846722428.0711
   501.002    7.7441    4.2142    3.4848   1944.4961    3.4577     6114429877.5330
   523.169    7.7696    4.2219    3.4924   1948.6166    3.4460     6381816871.4689
   545.335    7.7943    4.2292    3.5000   1952.7063    3.4344     6648880653.6692
   567.502    7.8178    4.2361    3.5073   1956.5364    3.4230     6915611472.4425
   589.668    7.8421    4.2433    3.5147   1960.5111    3.4116     7182008180.1935
   611.835    7.8652    4.2501    3.5219   1964.2368    3.4003     7448072035.1687
   634.001    7.8880    4.2567    3.5291   1968.0550    3.3892     7713800435.6083
   656.168    7.9116    4.2637    3.5364   1971.8792    3.3782     7979202273.2923
   678.334    7.9338    4.2699    3.5435   1975.5268    3.3673     8244279891.1243
   700.501    7.9561    4.2765    3.5505   1979.0807    3.3565     8509031046.2701
   722.668    7.9784    4.2830    3.5575   1982.5695    3.3459     8773459963.9473
   744.834    8.0006    4.2893    3.5646   1986.2082    3.3355     9037575729.7536
   767.001    8.0230    4.2960    3.5716   1989.5913    3.3252     9301389142.1108
   789.167    8.0452    4.3026    3.5786   1992.9591    3.3151     9564906620.6623
   811.334    8.0667    4.3087    3.5856   1996.3136    3.3052     9828134929.3763
   833.500    8.0880    4.3149    3.5923   1999.5839    3.2955    10091077848.9179
   855.667    8.1105    4.3218    3.5994   2002.7601    3.2859    10353752435.9378
   877.833    8.1330    4.3286    3.6066   2006.0160    3.2766    10616188466.6380
   900.000    8.1553    4.3355    3.6137   2009.1345    3.2675    10878399981.2991
   916.994    8.1729    4.3410    3.6193   2011.5676    3.2607    11079223261.8057
   933.989    8.1904    4.3466    3.6249   2013.9469    3.2540    11279936738.7025
   950.983    8.2076    4.3519    3.6304   2016.3124    3.2474    11480545578.3589
   967.978    8.2275    4.3587    3.6368   2018.8832    3.2410    11681078293.5037
   984.972    8.2457    4.3649    3.6426   2021.2025    3.2347    11881550028.0735
  1001.967    8.2655    4.3719    3.6489   2023.5463    3.2286    12081965817.8058
  1018.961    8.2850    4.3788    3.6553   2025.9275    3.2227    12282349384.3185
  1035.956    8.3057    4.3863    3.6620   2028.3023    3.2168    12482720617.3676
  1052.950    8.3216    4.3911    3.6673   2030.5325    3.2112    12683060562.7101
  1069.944    8.3375    4.3959    3.6726   2032.6517    3.2057    12883337883.4426
  1086.939    8.3531    4.4004    3.6779   2034.8431    3.2004    13083561156.5314
  1103.933    8.4375    4.4519    3.7010   2043.6239    3.1952    13284229466.5910
  1120.928    8.5772    4.5409    3.7381   2057.4808    3.1899    13486207432.0606
  1137.922    8.7424    4.6473    3.7807   2075.8988    3.1842    13690006515.8153
  1154.917    8.8169    4.6917    3.8006   2079.1589    3.1784    13895134390.9306
  1171.911    8.8320    4.6959    3.8059   2081.5434    3.1727    14100566787.7793
  1188.906    8.8480    4.7003    3.8116   2083.9567    3.1671    14305926268.6934
  1205.900    8.8635    4.7045    3.8171   2086.3556    3.1618    14511229256.7114
  1222.894    8.8792    4.7090    3.8227   2088.7289    3.1568    14716485413.1848
  1239.889    8.8945    4.7132    3.8282   2091.1564    3.1519    14921709896.1620
  1256.883    8.9103    4.7177    3.8339   2093.5722    3.1473    15126921201.6536
  1273.878    8.9259    4.7221    3.8396   2095.9724    3.1429    15332137149.3908
  1290.872    8.9411    4.7264    3.8451   2098.3814    3.1388    15537365997.6759
  1307.867    8.9568    4.7309    3.8509   2100.8041    3.1350    15742628221.0188
  1324.861    8.9721    4.7353    3.8565   2103.2604    3.1314    15947944536.0202
  1341.856    8.9875    4.7397    3.8622   2105.6753    3.1282    16153328225.2311
  1358.850    9.0030    4.7444    3.8678   2108.1199    3.1252    16358795912.1395
  1375.844    9.0425    4.7642    3.8778   2113.6926    3.1225    16564483891.8213
  1392.839    9.0821    4.7842    3.8880   2119.3405    3.1201    16770531416.9198
  1409.833    9.1207    4.8040    3.8981   2124.9547    3.1179    16976955449.1324
  1426.828    9.1604    4.8246    3.9085   2130.7973    3.1160    17183779713.5741
  1443.822    9.1989    4.8447    3.9190   2136.8712    3.1144    17391031039.7508
  1460.817    9.2399    4.8668    3.9300   2142.7916    3.1131    17598743796.5419
  1477.811    9.2790    4.8879    3.9408   2148.9755    3.1121    17806947475.0748
  1494.806    9.3178    4.9090    3.9518   2154.8385    3.1114    18015660462.4953
  1511.800    9.3318    4.9134    3.9570   2157.1331    3.1111    18224756011.3845
  1528.794    9.3457    4.9178    3.9621   2159.3675    3.1113    18434104279.8527
  1545.789    9.3597    4.9224    3.9672   2161.5894    3.1118    18643732313.0414
  1562.783    9.3735    4.9269    3.9723   2163.8051    3.1129    18853670164.6979
  1562.783    5.1750    0.0000    4.0131         nan    3.1129    18853670164.6979
  1581.696    5.1914    0.0000    4.0189         nan    3.1140    19090106789.0440
  1600.609    5.2077    0.0000    4.0247         nan    3.1157    19326970001.2117
  1619.522    5.2241    0.0000    4.0306         nan    3.1181    19564307180.3282
  1638.434    5.2400    0.0000    4.0362         nan    3.1211    19802162620.0497
  1657.347    5.2555    0.0000    4.0417         nan    3.1249    20040580523.2536
  1676.260    5.2711    0.0000    4.0473         nan    3.1294    20279613369.1407
  1695.172    5.2864    0.0000    4.0527         nan    3.1347    20519316521.9877
  1714.085    5.3012    0.0000    4.0580         nan    3.1408    20759743125.7155
  1732.998    5.3160    0.0000    4.0633         nan    3.1478    21000952253.9629
  1732.998    4.8194    0.0000    6.5120         nan    3.1478    21000952253.9629
  1790.119    4.8740    0.0000    6.5613         nan    3.0522    22176270613.6704
  1847.239    4.9258    0.0000    6.6083         nan    2.9552    23324276252.3994
  1904.360    4.9750    0.0000    6.6532         nan    2.8568    24443544716.1145
  1961.481    5.0217    0.0000    6.6959         nan    2.7572    25532714984.3890
  2018.602    5.0660    0.0000    6.7367         nan    2.6564    26590487596.4912
  2075.722    5.1079    0.0000    6.7755         nan    2.5544    27615623153.0752
  2132.843    5.1477    0.0000    6.8124         nan    2.4514    28606941156.2117
  2189.964    5.1852    0.0000    6.8474         nan    2.3474    29563319166.1141
  2247.085    5.2207    0.0000    6.8806         nan    2.2425    30483692276.7271
  2304.206    5.2541    0.0000    6.9119         nan    2.1367    31367052927.3135
  2361.326    5.2855    0.0000    6.9416         nan    2.0300    32212451094.0869
  2418.447    5.3150    0.0000    6.9694         nan    1.9227    33018994940.6246
  2475.568    5.3427    0.0000    6.9956         nan    1.8147    33785852054.7375
  2532.689    5.3684    0.0000    7.0200         nan    1.7061    34512251477.7882
  2589.809    5.3924    0.0000    7.0428         nan    1.5970    35197486858.8586
  2646.930    5.4146    0.0000    7.0640         nan    1.4876    35840921264.6973
  2704.051    5.4350    0.0000    7.0835         nan    1.3779    36441994528.3158
  2761.172    5.4537    0.0000    7.1014         nan    1.2683    37000234634.4943
  2818.292    5.4707    0.0000    7.1177         nan    1.1588    37515275783.0739
  2875.413    5.4860    0.0000    7.1324         nan    1.0499    37986887991.0535
  2932.534    5.4997    0.0000    7.1455         nan    0.9423    38415027636.8838
  2989.655    5.5117    0.0000    7.1571         nan    0.8368    38799928300.2408
  3046.775    5.5221    0.0000    7.1671         nan    0.7355    39142274804.8213
  3103.896    5.5308    0.0000    7.1756         nan    0.6423    39443564860.3822
  3161.017    5.5380    0.0000    7.1825         nan    0.5665    39706944509.2418
  3218.138    5.5436    0.0000    7.1879         nan    0.5353    39939438130.0363
  3275.258    5.5475    0.0000    7.1917         nan    0.6591    40159295749.8192
  3332.379    5.5499    0.0000    7.1940         nan    1.8325    40430111820.0367
  3389.500    5.5507    0.0000    7.1948         nan    0.0000    41183180590.5331
