# Depth[km]  Vp[km/s]  Vs[km/s] Rho[g/cm3]    T[K]     g[m/s2]         P[Pa]        
     0.000    3.3766    2.0188    1.5299    273.1500    3.7291              0.0000
    11.238    3.3766    2.0188    1.5299    320.2491    3.7395       64112958.0488
    11.238    4.8102    2.8759    2.1794    320.2491    3.7395       64112958.0488
    25.553    4.8102    2.8759    2.1794    380.2485    3.7451      180777231.1454
    25.553    5.4270    3.2447    2.4589    380.2485    3.7451      180777231.1454
    44.669    5.4270    3.2447    2.4589    460.3693    3.7484      356808007.7761
    44.669    7.9955    4.5425    3.5185    460.3693    3.7484      356808007.7761
    53.996    7.9870    4.5325    3.5180    499.4645    3.7418      479815398.6778
    63.324    7.9784    4.5223    3.5174    538.5597    3.7352      602588109.2878
    72.651    7.9693    4.5119    3.5168    577.6549    3.7286      725125098.9465
    81.979    7.9597    4.5014    3.5161    616.7501    3.7221      847424062.1101
    91.306    7.9504    4.4911    3.5155    655.8453    3.7156      969485031.0995
   100.634    7.9410    4.4808    3.5148    694.9405    3.7091     1091309425.4754
   109.961    7.9317    4.4706    3.5141    734.0358    3.7027     1212897436.4604
   119.289    7.9218    4.4602    3.5132    773.1310    3.6963     1334247733.6594
   128.616    7.9117    4.4498    3.5124    812.2262    3.6899     1455358266.8473
   137.944    7.9022    4.4397    3.5116    851.3214    3.6835     1576231060.6436
   147.271    7.8922    4.4293    3.5107    890.4166    3.6772     1696866455.4575
   156.599    7.8822    4.4192    3.5097    929.5118    3.6709     1817263165.5716
   165.927    7.8724    4.4091    3.5088    968.6070    3.6647     1937422006.5327
   175.254    7.8623    4.3988    3.5078   1007.7023    3.6584     2057343278.6252
   184.582    7.8525    4.3888    3.5068   1046.7975    3.6522     2177027180.6693
   193.909    7.8424    4.3787    3.5058   1085.8927    3.6461     2296473738.8041
   203.237    7.8326    4.3688    3.5048   1124.9879    3.6399     2415684275.9290
   212.564    7.8219    4.3584    3.5037   1164.0831    3.6339     2534658936.3684
   221.892    7.8119    4.3484    3.5026   1203.1783    3.6278     2653397100.0376
   231.219    7.8017    4.3382    3.5014   1242.2736    3.6218     2771899454.0916
   240.547    7.7915    4.3281    3.5004   1281.3688    3.6158     2890168800.6448
   249.874    7.7816    4.3181    3.4993   1320.4640    3.6099     3008206886.2688
   259.202    7.7723    4.3086    3.4981   1359.5592    3.6040     3126012697.2153
   268.529    7.7627    4.2987    3.4970   1398.6544    3.5981     3243587007.1715
   277.857    7.7530    4.2890    3.4958   1437.7496    3.5923     3360931169.6488
   287.184    7.7436    4.2792    3.4947   1476.8448    3.5865     3478046445.6318
   296.512    7.7339    4.2695    3.4935   1515.9401    3.5807     3594933372.1135
   305.839    7.7239    4.2595    3.4923   1555.0353    3.5750     3711592970.2131
   315.167    7.7140    4.2497    3.4911   1594.1305    3.5693     3828027091.9676
   324.494    7.7037    4.2396    3.4898   1633.2257    3.5637     3944235400.9063
   333.822    7.6942    4.2299    3.4886   1672.3209    3.5581     4060219224.0103
   343.149    7.6834    4.2195    3.4873   1711.4161    3.5525     4175979791.8230
   352.477    7.6740    4.2098    3.4861   1750.5113    3.5470     4291517541.3206
   361.805    7.6638    4.1998    3.4848   1789.6066    3.5416     4406834115.0186
   371.132    7.6534    4.1897    3.4835   1828.7018    3.5362     4521929524.3544
   380.460    7.6429    4.1795    3.4821   1867.7970    3.5308     4636804550.2407
   389.787    7.6325    4.1693    3.4808   1906.8922    3.5255     4751460809.7086
   399.115    7.6225    4.1593    3.4795   1945.9874    3.5202     4865900880.6865
   408.442    7.6119    4.1491    3.4782   1985.0826    3.5149     4980126364.6040
   417.770    7.6018    4.1390    3.4767   2024.1779    3.5097     5094136923.4551
   441.881    7.6327    4.1487    3.4857   2029.3285    3.4964     5388738460.3588
   465.993    7.6638    4.1585    3.4947   2034.4202    3.4832     5682977481.8964
   490.104    7.6932    4.1679    3.5034   2039.3461    3.4700     5976842839.8765
   514.216    7.7211    4.1766    3.5119   2044.0764    3.4569     6270315404.0633
   538.327    7.7488    4.1852    3.5203   2048.7289    3.4439     6563385701.7445
   562.439    7.7763    4.1938    3.5288   2053.3979    3.4310     6856056521.7231
   586.550    7.8034    4.2024    3.5370   2057.8504    3.4182     7148323562.1091
   610.662    7.8293    4.2104    3.5452   2062.1373    3.4056     7440177046.2245
   634.773    7.8554    4.2185    3.5533   2066.4959    3.3931     7731618601.4021
   658.885    7.8816    4.2267    3.5615   2070.7594    3.3807     8022656630.0183
   682.996    7.9066    4.2345    3.5695   2074.8436    3.3684     8313289952.6599
   707.108    7.9324    4.2426    3.5776   2078.9946    3.3563     8603525571.8043
   731.219    7.9576    4.2506    3.5856   2082.9117    3.3444     8893372104.4238
   755.331    7.9828    4.2586    3.5936   2086.7829    3.3327     9182831780.7715
   779.442    8.0084    4.2667    3.6017   2090.7562    3.3211     9471922974.7850
   803.554    8.0332    4.2747    3.6098   2094.5029    3.3097     9760658289.0623
   827.665    8.0586    4.2829    3.6179   2098.1604    3.2985    10049047681.1513
   851.777    8.0853    4.2920    3.6263   2101.9565    3.2876    10337122164.7665
   875.888    8.1116    4.3009    3.6348   2105.5512    3.2768    10624910921.7773
   900.000    8.1385    4.3103    3.6435   2109.1010    3.2663    10912436225.4916
   917.191    8.1583    4.3173    3.6498   2111.6329    3.2589    11117195078.3194
   934.381    8.1787    4.3247    3.6564   2114.1170    3.2517    11321853054.3679
   951.572    8.1997    4.3325    3.6632   2116.5966    3.2445    11526429532.9019
   968.763    8.2215    4.3408    3.6703   2119.1324    3.2375    11730945872.2574
   985.954    8.2432    4.3491    3.6773   2121.6448    3.2307    11935414753.4088
  1003.144    8.2686    4.3596    3.6856   2124.1714    3.2239    12139875314.8200
  1020.335    8.2873    4.3659    3.6923   2126.9308    3.2173    12344323252.9052
  1037.526    8.3047    4.3716    3.6984   2129.4596    3.2108    12548706228.4993
  1054.717    8.3250    4.3788    3.7057   2132.2758    3.2045    12753048955.5206
  1071.907    8.3424    4.3846    3.7120   2134.8797    3.1984    12957362123.0489
  1089.098    8.3583    4.3896    3.7176   2137.3283    3.1924    13161608896.0436
  1106.289    8.3769    4.3966    3.7244   2139.1785    3.1866    13365815699.2289
  1123.480    8.4002    4.4067    3.7333   2140.5397    3.1809    13570082639.7430
  1140.670    8.5070    4.4724    3.7632   2151.4509    3.1753    13775047301.2379
  1157.861    8.6716    4.5766    3.8069   2168.7391    3.1694    13981654995.6177
  1175.052    8.8717    4.7049    3.8576   2184.2831    3.1631    14190452500.6477
  1192.243    8.8869    4.7096    3.8632   2186.3382    3.1567    14400366671.8404
  1209.433    8.9013    4.7138    3.8685   2188.5890    3.1505    14610151889.2861
  1226.624    8.9157    4.7181    3.8739   2190.6552    3.1445    14819815772.7507
  1243.815    8.9298    4.7222    3.8792   2192.5711    3.1388    15029371324.6519
  1261.006    8.9437    4.7263    3.8846   2194.6368    3.1333    15238832075.7449
  1278.196    8.9572    4.7301    3.8899   2196.4202    3.1280    15448211900.8033
  1295.387    8.9711    4.7343    3.8954   2198.2650    3.1230    15657530407.0892
  1312.578    8.9843    4.7380    3.9007   2199.8240    3.1182    15866803869.8894
  1329.768    8.9971    4.7414    3.9061   2201.4600    3.1137    16076045941.0818
  1346.959    9.0106    4.7455    3.9114   2203.1661    3.1095    16285273184.5953
  1364.150    9.0230    4.7487    3.9169   2204.5198    3.1056    16494506637.4468
  1381.341    9.0358    4.7523    3.9224   2205.9621    3.1020    16703770738.9503
  1398.531    9.0477    4.7555    3.9276   2206.8717    3.0988    16913077919.1810
  1415.722    9.0604    4.7591    3.9332   2208.0841    3.0958    17122451243.7885
  1432.913    9.0731    4.7625    3.9393   2209.6038    3.0932    17331934577.2540
  1450.104    9.0951    4.7722    3.9465   2211.7950    3.0909    17541594070.0846
  1467.294    9.1343    4.7927    3.9581   2216.1359    3.0889    17751599467.4771
  1484.485    9.1759    4.8153    3.9698   2220.5546    3.0873    17962090058.6605
  1501.676    9.2143    4.8358    3.9817   2225.2432    3.0859    18173093418.6443
  1518.867    9.2578    4.8603    3.9947   2229.8282    3.0849    18384665133.9904
  1536.057    9.2942    4.8801    4.0065   2234.1516    3.0841    18596822420.0112
  1553.248    9.3076    4.8851    4.0115   2236.2737    3.0838    18809373122.2176
  1570.439    9.3203    4.8898    4.0161   2238.2982    3.0839    19022154849.6595
  1570.439    5.1066    0.0000    3.9491         nan    3.0839    19022154849.6595
  1588.418    5.1173    0.0000    3.9546         nan    3.0856    19241275804.2858
  1606.398    5.1281    0.0000    3.9601         nan    3.0879    19460822170.3385
  1624.378    5.1389    0.0000    3.9656         nan    3.0907    19680834998.1725
  1642.357    5.1494    0.0000    3.9710         nan    3.0942    19901354042.5333
  1660.337    5.1596    0.0000    3.9762         nan    3.0984    20122418057.9580
  1678.317    5.1699    0.0000    3.9815         nan    3.1032    20344071334.5577
  1696.296    5.1802    0.0000    3.9868         nan    3.1087    20566363480.3830
  1714.276    5.1900    0.0000    3.9918         nan    3.1150    20789340388.0021
  1732.255    5.1998    0.0000    3.9969         nan    3.1221    21013050717.4128
  1732.255    5.2579    0.0000    6.4994         nan    3.1221    21013050717.4128
  1789.402    5.3019    0.0000    6.5405         nan    3.0253    22176308960.6883
  1846.548    5.3437    0.0000    6.5799         nan    2.9273    23310449544.0993
  1903.695    5.3836    0.0000    6.6176         nan    2.8282    24414306257.9984
  1960.841    5.4216    0.0000    6.6536         nan    2.7280    25486758871.1446
  2017.987    5.4576    0.0000    6.6881         nan    2.6269    26526732462.7241
  2075.134    5.4919    0.0000    6.7210         nan    2.5247    27533196903.4155
  2132.280    5.5243    0.0000    6.7524         nan    2.4217    28505166475.2226
  2189.426    5.5551    0.0000    6.7822         nan    2.3178    29441699623.8412
  2246.573    5.5842    0.0000    6.8105         nan    2.2131    30341898844.5372
  2303.719    5.6116    0.0000    6.8374         nan    2.1075    31204910711.8876
  2360.865    5.6375    0.0000    6.8628         nan    2.0013    32029926074.0511
  2418.012    5.6618    0.0000    6.8867         nan    1.8944    32816180444.5262
  2475.158    5.6845    0.0000    6.9092         nan    1.7869    33562954651.3445
  2532.305    5.7058    0.0000    6.9303         nan    1.6789    34269575832.6166
  2589.451    5.7256    0.0000    6.9500         nan    1.5703    34935418924.5434
  2646.597    5.7439    0.0000    6.9683         nan    1.4613    35559908878.8067
  2703.744    5.7608    0.0000    6.9851         nan    1.3520    36142523996.0445
  2760.890    5.7762    0.0000    7.0006         nan    1.2424    36682801040.0469
  2818.036    5.7903    0.0000    7.0148         nan    1.1327    37180343297.6680
  2875.183    5.8030    0.0000    7.0275         nan    1.0231    37634833730.4494
  2932.329    5.8143    0.0000    7.0390         nan    0.9139    38046057374.8977
  2989.475    5.8243    0.0000    7.0490         nan    0.8055    38413941540.3542
  3046.622    5.8329    0.0000    7.0577         nan    0.6989    38738632761.4050
  3103.768    5.8401    0.0000    7.0651         nan    0.5957    39020656628.8978
  3160.915    5.8461    0.0000    7.0711         nan    0.5003    39261286949.9151
  3218.061    5.8507    0.0000    7.0758         nan    0.4249    39463531042.7075
  3275.207    5.8540    0.0000    7.0791         nan    0.4189    39635375952.0940
  3332.354    5.8560    0.0000    7.0811         nan    0.8838    39804862844.0205
  3389.500    5.8566    0.0000    7.0818         nan    0.0000    40162510632.4280
