# Depth[km]  Vp[km/s]  Vs[km/s] Rho[g/cm3]    T[K]     g[m/s2]         P[Pa]        
     0.000    3.4853    2.1085    1.5862    273.1500    3.7291              0.0000
    10.975    3.4853    2.1085    1.5862    315.1129    3.7387       64916430.7771
    10.975    4.6574    2.8176    2.1196    315.1129    3.7387       64916430.7771
    27.234    4.6574    2.8176    2.1196    377.2852    3.7459      193763885.0940
    27.234    5.8333    3.5290    2.6547    377.2852    3.7459      193763885.0940
    45.647    5.8333    3.5290    2.6547    447.6933    3.7460      376869565.2311
    45.647    7.9625    4.5374    3.5042    447.6933    3.7460      376869565.2311
    55.366    7.9559    4.5286    3.5042    484.8556    3.7393      504444693.2372
    65.085    7.9489    4.5195    3.5041    522.0179    3.7325      631787043.0486
    74.803    7.9416    4.5104    3.5039    559.1802    3.7258      758895465.1824
    84.522    7.9341    4.5011    3.5037    596.3425    3.7191      885768686.8533
    94.241    7.9258    4.4915    3.5034    633.5048    3.7124     1012403834.2077
   103.959    7.9180    4.4822    3.5032    670.6671    3.7058     1138801320.2445
   113.678    7.9102    4.4729    3.5029    707.8294    3.6992     1264963396.5180
   123.397    7.9022    4.4636    3.5026    744.9917    3.6926     1390889680.9844
   133.115    7.8936    4.4541    3.5022    782.1540    3.6860     1516578583.0366
   142.834    7.8857    4.4449    3.5018    819.3163    3.6795     1642030486.6644
   152.553    7.8769    4.4354    3.5013    856.4786    3.6730     1767245335.1127
   162.271    7.8684    4.4260    3.5009    893.6409    3.6665     1892222320.9251
   171.990    7.8599    4.4166    3.5004    930.8032    3.6601     2016962218.3458
   181.709    7.8510    4.4072    3.4998    967.9655    3.6537     2141463658.6000
   191.427    7.8423    4.3978    3.4993   1005.1278    3.6473     2265727493.3346
   201.146    7.8342    4.3886    3.4988   1042.2901    3.6410     2389757057.3065
   210.865    7.8250    4.3791    3.4981   1079.4524    3.6346     2513550847.7557
   220.583    7.8161    4.3696    3.4975   1116.6147    3.6284     2637107953.2330
   230.302    7.8068    4.3600    3.4968   1153.7770    3.6221     2760429046.6046
   240.021    7.7985    4.3510    3.4963   1190.9393    3.6159     2883515626.6635
   249.739    7.7897    4.3417    3.4956   1228.1016    3.6098     3006370025.3808
   259.458    7.7803    4.3320    3.4949   1265.2639    3.6036     3128991425.6050
   269.176    7.7717    4.3227    3.4942   1302.4262    3.5976     3251379407.1888
   278.895    7.7635    4.3138    3.4935   1339.5885    3.5915     3373535356.6338
   288.614    7.7552    4.3050    3.4927   1376.7508    3.5855     3495460498.7256
   298.332    7.7459    4.2954    3.4918   1413.9131    3.5795     3617153063.3178
   308.051    7.7377    4.2864    3.4911   1451.0754    3.5736     3738615503.5519
   317.770    7.7291    4.2773    3.4904   1488.2377    3.5677     3859851062.9251
   327.488    7.7202    4.2679    3.4896   1525.4000    3.5618     3980860279.8891
   337.207    7.7120    4.2589    3.4889   1562.5623    3.5560     4101645149.7006
   346.926    7.7027    4.2496    3.4880   1599.7246    3.5502     4222204346.6840
   356.644    7.6942    4.2405    3.4872   1636.8869    3.5445     4342539101.8524
   366.363    7.6851    4.2311    3.4864   1674.0492    3.5388     4462652391.3492
   376.082    7.6760    4.2217    3.4855   1711.2115    3.5332     4582543901.2863
   385.800    7.6671    4.2124    3.4847   1748.3738    3.5276     4702214980.9547
   395.519    7.6584    4.2032    3.4839   1785.5361    3.5220     4821668730.4800
   405.238    7.6495    4.1940    3.4831   1822.6984    3.5165     4940906516.5381
   414.956    7.6398    4.1844    3.4821   1859.8607    3.5111     5059926579.6841
   424.675    7.6313    4.1752    3.4813   1897.0230    3.5056     5178732321.0357
   434.394    7.6218    4.1657    3.4805   1934.1853    3.5003     5297327881.5699
   457.674    7.6531    4.1750    3.4892   1938.7427    3.4875     5581298836.9228
   480.954    7.6831    4.1838    3.4977   1943.2445    3.4748     5864929019.9497
   504.235    7.7120    4.1924    3.5059   1947.6414    3.4622     6148203874.7463
   527.515    7.7404    4.2007    3.5142   1951.9553    3.4496     6431116607.8940
   550.795    7.7684    4.2090    3.5223   1956.1233    3.4372     6713661422.3080
   574.076    7.7956    4.2170    3.5303   1960.2573    3.4248     6995832198.1202
   597.356    7.8222    4.2248    3.5383   1964.2514    3.4126     7277625091.4736
   620.636    7.8488    4.2327    3.5462   1968.2070    3.4005     7559040050.3997
   643.916    7.8745    4.2403    3.5539   1972.0239    3.3885     7840073937.4402
   667.197    7.9004    4.2480    3.5617   1975.8891    3.3766     8120728975.6172
   690.477    7.9259    4.2555    3.5693   1979.5224    3.3649     8401009617.4035
   713.757    7.9511    4.2630    3.5770   1983.2832    3.3533     8680915411.2278
   737.038    7.9765    4.2707    3.5847   1986.8132    3.3419     8960459559.8840
   760.318    8.0011    4.2779    3.5923   1990.3321    3.3307     9239646891.7916
   783.598    8.0267    4.2859    3.6000   1993.7002    3.3196     9518485367.2745
   806.879    8.0517    4.2936    3.6077   1997.2211    3.3087     9796993950.3036
   830.159    8.0767    4.3013    3.6155   2000.5889    3.2980    10075185677.6808
   853.439    8.1018    4.3092    3.6232   2003.8248    3.2875    10353073484.2166
   876.720    8.1276    4.3175    3.6311   2007.0621    3.2772    10630677252.8253
   900.000    8.1536    4.3261    3.6392   2010.1443    3.2672    10908021831.9624
   916.914    8.1731    4.3327    3.6453   2012.5774    3.2600    11109299328.7010
   933.829    8.1927    4.3394    3.6515   2014.8839    3.2529    11310474265.0702
   950.743    8.2129    4.3464    3.6579   2017.1620    3.2460    11511558548.6142
   967.657    8.2315    4.3527    3.6637   2019.3667    3.2392    11712550696.8600
   984.571    8.2563    4.3625    3.6715   2021.7656    3.2325    11913496985.6921
  1001.486    8.2795    4.3715    3.6790   2024.0749    3.2260    12114445379.8579
  1018.400    8.3050    4.3819    3.6871   2026.5357    3.2196    12315410494.0924
  1035.314    8.3272    4.3904    3.6944   2028.7939    3.2133    12516394568.4044
  1052.228    8.3442    4.3958    3.7000   2030.8499    3.2071    12717336960.9303
  1069.143    8.3610    4.4012    3.7056   2032.8948    3.2011    12918199578.8973
  1086.057    8.3778    4.4066    3.7114   2034.9459    3.1953    13118994005.3011
  1102.971    8.4395    4.4420    3.7290   2041.2107    3.1896    13320055598.1788
  1119.886    8.5870    4.5349    3.7689   2055.3091    3.1837    13522309311.7830
  1136.800    8.7647    4.6479    3.8156   2073.7044    3.1775    13726522886.7248
  1153.714    8.8681    4.7116    3.8428   2079.4609    3.1710    13932324323.6790
  1170.628    8.8864    4.7190    3.8484   2081.4314    3.1646    14138586994.7621
  1187.543    8.9031    4.7233    3.8550   2084.1502    3.1583    14344757134.5207
  1204.457    8.9186    4.7279    3.8607   2086.5465    3.1523    14550847120.6644
  1221.371    8.9338    4.7324    3.8662   2088.9151    3.1464    14756839428.0988
  1238.285    8.9490    4.7369    3.8717   2091.2633    3.1408    14962741767.4411
  1255.200    8.9639    4.7415    3.8771   2093.5864    3.1353    15168563692.9810
  1272.114    8.9783    4.7459    3.8823   2095.8952    3.1301    15374310166.9120
  1289.028    8.9934    4.7507    3.8878   2098.2392    3.1252    15579999421.2520
  1305.942    9.0078    4.7552    3.8930   2100.5219    3.1205    15785647437.6299
  1322.857    9.0219    4.7596    3.8981   2102.8313    3.1161    15991257354.1572
  1339.771    9.0350    4.7641    3.9026   2104.9429    3.1119    16196827974.0276
  1356.685    9.0480    4.7686    3.9070   2107.0072    3.1081    16402359099.4549
  1373.600    9.0780    4.7830    3.9150   2110.8843    3.1045    16607963375.2675
  1390.514    9.1175    4.8038    3.9246   2116.2690    3.1012    16813793879.5727
  1407.428    9.1577    4.8247    3.9354   2122.3142    3.0981    17019938893.4977
  1424.342    9.1974    4.8466    3.9452   2127.9170    3.0953    17226420638.8043
  1441.257    9.2360    4.8680    3.9550   2133.4361    3.0927    17433225554.6619
  1458.171    9.2759    4.8905    3.9651   2139.2896    3.0905    17640379316.2590
  1475.085    9.3183    4.9139    3.9769   2145.6114    3.0885    17847954752.4656
  1491.999    9.3590    4.9372    3.9878   2151.9581    3.0868    18055991525.3579
  1508.914    9.3770    4.9452    3.9935   2154.4854    3.0854    18264347839.8040
  1525.828    9.3897    4.9497    3.9980   2156.4783    3.0845    18472878052.1215
  1542.742    9.4023    4.9541    4.0024   2158.4623    3.0840    18681577520.4505
  1559.657    9.4145    4.9584    4.0067   2160.4274    3.0839    18890470610.0818
  1559.657    5.1173    0.0000    4.0102         nan    3.0839    18890470610.0818
  1579.446    5.1349    0.0000    4.0164         nan    3.0844    19135406739.8258
  1599.236    5.1525    0.0000    4.0227         nan    3.0855    19380759940.7212
  1619.026    5.1701    0.0000    4.0289         nan    3.0873    19626582198.7635
  1638.816    5.1870    0.0000    4.0349         nan    3.0898    19872920813.9099
  1658.606    5.2037    0.0000    4.0408         nan    3.0931    20119824422.5358
  1678.396    5.2204    0.0000    4.0468         nan    3.0971    20367352386.9986
  1698.185    5.2366    0.0000    4.0525         nan    3.1020    20615563599.1175
  1717.975    5.2525    0.0000    4.0582         nan    3.1078    20864517175.8688
  1737.765    5.2684    0.0000    4.0638         nan    3.1145    21114281579.4850
  1737.765    5.3691    0.0000    6.5217         nan    3.1145    21114281579.4850
  1794.721    5.4323    0.0000    6.5609         nan    3.0172    22274654568.9974
  1851.678    5.4923    0.0000    6.5981         nan    2.9187    23405327694.4212
  1908.634    5.5493    0.0000    6.6336         nan    2.8192    24505147945.1869
  1965.591    5.6033    0.0000    6.6673         nan    2.7187    25573020406.8705
  2022.547    5.6545    0.0000    6.6993         nan    2.6172    26607905658.9558
  2079.503    5.7031    0.0000    6.7297         nan    2.5148    27608817558.4682
  2136.460    5.7490    0.0000    6.7586         nan    2.4116    28574821361.2399
  2193.416    5.7925    0.0000    6.7859         nan    2.3076    29505032145.0892
  2250.372    5.8335    0.0000    6.8117         nan    2.2028    30398613519.5930
  2307.329    5.8721    0.0000    6.8360         nan    2.0974    31254776611.7158
  2364.285    5.9085    0.0000    6.8590         nan    1.9913    32072779336.6779
  2421.242    5.9426    0.0000    6.8805         nan    1.8846    32851925984.1693
  2478.198    5.9745    0.0000    6.9007         nan    1.7774    33591567177.7420
  2535.154    6.0043    0.0000    6.9196         nan    1.6697    34291100300.3362
  2592.111    6.0320    0.0000    6.9372         nan    1.5615    34949970548.0261
  2649.067    6.0576    0.0000    6.9534         nan    1.4530    35567672881.0565
  2706.023    6.0812    0.0000    6.9684         nan    1.3443    36143755311.5938
  2762.980    6.1028    0.0000    6.9821         nan    1.2354    36677824287.5073
  2819.936    6.1224    0.0000    6.9946         nan    1.1265    37169553510.9218
  2876.893    6.1401    0.0000    7.0059         nan    1.0178    37618698658.2292
  2933.849    6.1559    0.0000    7.0159         nan    0.9096    38025122779.2443
  2990.805    6.1698    0.0000    7.0248         nan    0.8025    38388842209.1568
  3047.762    6.1818    0.0000    7.0324         nan    0.6975    38710114799.2843
  3104.718    6.1919    0.0000    7.0389         nan    0.5966    38989623524.9441
  3161.674    6.2001    0.0000    7.0442         nan    0.5047    39228900934.2536
  3218.631    6.2066    0.0000    7.0483         nan    0.4360    39431462416.1033
  3275.587    6.2111    0.0000    7.0512         nan    0.4479    39606540408.6087
  3332.544    6.2139    0.0000    7.0529         nan    1.0054    39786425514.6379
  3389.500    6.2148    0.0000    7.0535         nan    0.0000    40190307733.8779
