# Depth[km]  Vp[km/s]  Vs[km/s] Rho[g/cm3]    T[K]     g[m/s2]         P[Pa]        
     0.000    3.9386    2.3746    1.7890    273.1500    3.7291              0.0000
    12.079    3.9386    2.3746    1.7890    319.3608    3.7376       80580378.2946
    12.079    4.2082    2.5371    1.9114    319.3608    3.7376       80580378.2946
    27.812    4.2082    2.5371    1.9114    379.5599    3.7473      192984259.8517
    27.812    5.6805    3.4248    2.5802    379.5599    3.7473      192984259.8517
    45.076    5.6805    3.4248    2.5802    445.6157    3.7486      359910636.2047
    45.076    7.9628    4.5378    3.5042    445.6157    3.7486      359910636.2047
    54.881    7.9561    4.5289    3.5041    483.1308    3.7417      488702776.1080
    64.686    7.9490    4.5198    3.5041    520.6458    3.7349      617258414.3171
    74.491    7.9417    4.5106    3.5039    558.1609    3.7282      745576364.4979
    84.296    7.9341    4.5012    3.5037    595.6759    3.7214      873655285.6537
    94.100    7.9257    4.4915    3.5034    633.1910    3.7147     1001492283.6608
   103.905    7.9179    4.4821    3.5031    670.7060    3.7080     1129087838.4687
   113.710    7.9099    4.4728    3.5028    708.2211    3.7014     1256444199.9151
   123.515    7.9019    4.4634    3.5025    745.7361    3.6947     1383560989.0951
   133.320    7.8933    4.4538    3.5021    783.2512    3.6881     1510436609.5708
   143.125    7.8849    4.4444    3.5017    820.7662    3.6815     1637070521.4049
   152.929    7.8763    4.4349    3.5013    858.2813    3.6750     1763463433.0422
   162.734    7.8678    4.4254    3.5008    895.7964    3.6685     1889615551.6668
   172.539    7.8590    4.4159    3.5003    933.3114    3.6620     2015526780.1541
   182.344    7.8502    4.4065    3.4997    970.8265    3.6556     2141195940.9038
   192.149    7.8414    4.3969    3.4992   1008.3415    3.6492     2266623926.3830
   201.954    7.8332    4.3877    3.4987   1045.8566    3.6428     2391813878.6928
   211.759    7.8238    4.3780    3.4980   1083.3716    3.6364     2516763935.9850
   221.563    7.8149    4.3685    3.4974   1120.8867    3.6301     2641473190.7428
   231.368    7.8055    4.3588    3.4967   1158.4017    3.6239     2765943221.5710
   241.173    7.7971    4.3496    3.4961   1195.9168    3.6176     2890174988.7116
   250.978    7.7881    4.3402    3.4954   1233.4318    3.6114     3014169668.2681
   260.783    7.7788    4.3305    3.4947   1270.9469    3.6053     3137927318.7397
   270.588    7.7702    4.3213    3.4940   1308.4620    3.5991     3261448905.1672
   280.392    7.7613    4.3120    3.4932   1345.9770    3.5931     3384733310.4091
   290.197    7.7520    4.3024    3.4924   1383.4921    3.5870     3507781090.5208
   300.002    7.7442    4.2936    3.4916   1421.0071    3.5810     3630595198.4860
   309.807    7.7357    4.2845    3.4909   1458.5222    3.5750     3753177835.2450
   319.612    7.7271    4.2753    3.4902   1496.0372    3.5691     3875530809.2963
   329.417    7.7184    4.2661    3.4894   1533.5523    3.5632     3997654197.8721
   339.221    7.7090    4.2565    3.4885   1571.0673    3.5574     4119546732.6984
   349.026    7.7001    4.2472    3.4877   1608.5824    3.5516     4241210883.0518
   358.831    7.6919    4.2381    3.4870   1646.0975    3.5458     4362650239.7014
   368.636    7.6823    4.2286    3.4860   1683.6125    3.5401     4483863106.5336
   378.441    7.6731    4.2191    3.4852   1721.1276    3.5345     4604849826.3771
   388.246    7.6646    4.2099    3.4844   1758.6426    3.5289     4725614852.6322
   398.050    7.6548    4.2002    3.4834   1796.1577    3.5233     4846157731.5047
   407.855    7.6461    4.1909    3.4827   1833.6727    3.5178     4966480414.4698
   417.660    7.6366    4.1813    3.4818   1871.1878    3.5123     5086586015.7786
   427.465    7.6278    4.1721    3.4809   1908.7028    3.5068     5206474286.0113
   437.270    7.6186    4.1625    3.4801   1946.2179    3.5015     5326148420.9671
   460.406    7.6493    4.1717    3.4887   1950.7436    3.4888     5608424782.4831
   483.543    7.6791    4.1805    3.4971   1955.2766    3.4763     5890370200.9771
   506.679    7.7083    4.1890    3.5055   1959.6796    3.4638     6171977016.5989
   529.816    7.7364    4.1974    3.5136   1963.9528    3.4514     6453233670.6872
   552.952    7.7644    4.2056    3.5217   1968.1614    3.4392     6734134215.0187
   576.089    7.7916    4.2137    3.5298   1972.3285    3.4270     7014677950.6875
   599.225    7.8179    4.2214    3.5376   1976.2790    3.4149     7294855891.9365
   622.362    7.8441    4.2291    3.5454   1980.2446    3.4029     7574664613.0567
   645.498    7.8699    4.2367    3.5532   1984.1221    3.3911     7854107241.5658
   668.635    7.8958    4.2444    3.5609   1987.9511    3.3794     8133186611.0156
   691.771    7.9212    4.2519    3.5685   1991.6079    3.3679     8411904911.3564
   714.908    7.9465    4.2595    3.5762   1995.2909    3.3565     8690266027.7438
   738.044    7.9718    4.2672    3.5839   1998.9129    3.3452     8968280882.0220
   761.181    7.9959    4.2742    3.5913   2002.4321    3.3341     9245949430.2518
   784.317    8.0215    4.2823    3.5990   2005.8331    3.3232     9523280572.8112
   807.454    8.0458    4.2895    3.6065   2009.2281    3.3125     9800290362.2384
   830.590    8.0714    4.2975    3.6144   2012.7021    3.3020    10076999144.0148
   853.727    8.0962    4.3053    3.6221   2015.9947    3.2917    10353423923.9282
   876.863    8.1220    4.3137    3.6301   2019.2119    3.2816    10629578758.2799
   900.000    8.1476    4.3221    3.6379   2022.3061    3.2717    10905485178.5381
   916.960    8.1675    4.3288    3.6442   2024.7679    3.2645    11107520000.6329
   933.920    8.1880    4.3360    3.6506   2027.0816    3.2576    11309467512.0452
   950.880    8.2075    4.3427    3.6568   2029.3514    3.2507    11511328976.8096
   967.840    8.2263    4.3491    3.6627   2031.6646    3.2440    11713097037.5294
   984.801    8.2488    4.3575    3.6699   2033.9632    3.2374    11914807293.7775
  1001.761    8.2740    4.3676    3.6778   2036.3411    3.2309    12116523235.1763
  1018.721    8.2996    4.3780    3.6860   2038.8483    3.2245    12318278263.6442
  1035.681    8.3223    4.3868    3.6934   2041.1418    3.2183    12520061967.1376
  1052.641    8.3394    4.3922    3.6991   2043.2043    3.2122    12721813304.6869
  1069.601    8.3561    4.3975    3.7047   2045.3000    3.2063    12923491651.9694
  1086.561    8.3727    4.4028    3.7104   2047.4002    3.2006    13125105541.5320
  1103.521    8.4149    4.4251    3.7228   2051.8783    3.1950    13326851013.4019
  1120.481    8.5596    4.5161    3.7621   2065.8251    3.1893    13529646252.7418
  1137.442    8.7328    4.6262    3.8077   2083.7348    3.1833    13734376010.5542
  1154.402    8.8639    4.7082    3.8419   2092.0418    3.1769    13940872839.2748
  1171.362    8.8819    4.7152    3.8475   2094.0999    3.1706    14148031709.9998
  1188.322    8.8984    4.7196    3.8540   2096.8443    3.1644    14355102350.3720
  1205.282    8.9138    4.7241    3.8596   2099.2672    3.1585    14562096080.8252
  1222.242    8.9290    4.7287    3.8651   2101.6185    3.1527    14768996030.4171
  1239.202    8.9442    4.7332    3.8706   2103.9994    3.1472    14975812606.5379
  1256.162    8.9593    4.7378    3.8761   2106.3850    3.1419    15182561107.7731
  1273.122    8.9739    4.7423    3.8813   2108.7023    3.1369    15389246480.6263
  1290.083    8.9890    4.7471    3.8869   2111.0808    3.1321    15595885996.8498
  1307.043    9.0033    4.7515    3.8920   2113.3644    3.1275    15802491755.1396
  1324.003    9.0174    4.7560    3.8971   2115.7054    3.1232    16009067575.2229
  1340.963    9.0309    4.7606    3.9017   2117.8237    3.1192    16215619361.9454
  1357.923    9.0441    4.7653    3.9062   2119.9204    3.1155    16422148618.7888
  1374.883    9.0657    4.7743    3.9127   2122.9243    3.1121    16628722112.5535
  1391.843    9.1049    4.7949    3.9221   2128.3714    3.1090    16835488794.7933
  1408.803    9.1452    4.8158    3.9329   2134.3169    3.1061    17042581923.2080
  1425.763    9.1850    4.8377    3.9427   2139.9595    3.1035    17250026720.9933
  1442.724    9.2246    4.8598    3.9527   2145.4975    3.1012    17457815576.5814
  1459.684    9.2647    4.8823    3.9628   2151.4441    3.0991    17665975462.7446
  1476.644    9.3066    4.9052    3.9744   2157.6765    3.0974    17874569348.2608
  1493.604    9.3477    4.9288    3.9854   2164.0786    3.0959    18083638592.4959
  1510.564    9.3735    4.9422    3.9929   2167.8113    3.0948    18293096180.3246
  1527.524    9.3862    4.9466    3.9973   2169.8218    3.0941    18502792260.6837
  1544.484    9.3989    4.9511    4.0019   2171.8457    3.0938    18712674208.3122
  1561.444    9.4108    4.9551    4.0060   2173.8033    3.0940    18922765375.9183
  1561.444    4.6323    0.0000    3.9753         nan    3.0940    18922765375.9183
  1575.932    4.6447    0.0000    3.9808         nan    3.0949    19101076370.1422
  1590.419    4.6570    0.0000    3.9863         nan    3.0961    19279686169.4240
  1604.906    4.6694    0.0000    3.9918         nan    3.0977    19458614876.3990
  1619.393    4.6818    0.0000    3.9973         nan    3.0997    19637883390.9499
  1633.881    4.6937    0.0000    4.0027         nan    3.1021    19817509608.4440
  1648.368    4.7055    0.0000    4.0079         nan    3.1048    19997510264.5817
  1662.855    4.7172    0.0000    4.0132         nan    3.1080    20177906916.5705
  1677.342    4.7290    0.0000    4.0184         nan    3.1116    20358724169.7499
  1691.830    4.7406    0.0000    4.0236         nan    3.1157    20539985914.3027
  1691.830    5.0138    0.0000    6.3151         nan    3.1157    20539985914.3027
  1750.370    5.0838    0.0000    6.3598         nan    3.0198    21695894265.9753
  1808.910    5.1500    0.0000    6.4021         nan    2.9226    22823923087.0438
  1867.451    5.2126    0.0000    6.4424         nan    2.8241    23922706774.9674
  1925.991    5.2719    0.0000    6.4805         nan    2.7245    24990951666.0829
  1984.531    5.3280    0.0000    6.5168         nan    2.6237    26027431911.9381
  2043.072    5.3811    0.0000    6.5511         nan    2.5218    27030985953.4823
  2101.612    5.4312    0.0000    6.5836         nan    2.4190    28000513489.1929
  2160.152    5.4785    0.0000    6.6143         nan    2.3152    28934972851.2226
  2218.693    5.5231    0.0000    6.6433         nan    2.2105    29833378721.1628
  2277.233    5.5651    0.0000    6.6707         nan    2.1049    30694800135.1145
  2335.774    5.6045    0.0000    6.6964         nan    1.9986    31518358727.6391
  2394.314    5.6415    0.0000    6.7206         nan    1.8915    32303227178.0247
  2452.854    5.6760    0.0000    6.7432         nan    1.7837    33048627828.0503
  2511.395    5.7083    0.0000    6.7643         nan    1.6752    33753831441.2415
  2569.935    5.7382    0.0000    6.7839         nan    1.5662    34418156074.3116
  2628.475    5.7658    0.0000    6.8021         nan    1.4566    35040966031.1868
  2687.016    5.7913    0.0000    6.8188         nan    1.3464    35621670865.0936
  2745.556    5.8146    0.0000    6.8341         nan    1.2358    36159724380.3721
  2804.096    5.8358    0.0000    6.8480         nan    1.1247    36654623561.4199
  2862.637    5.8549    0.0000    6.8606         nan    1.0132    37105907304.6979
  2921.177    5.8719    0.0000    6.8718         nan    0.9013    37513154723.7552
  2979.717    5.8868    0.0000    6.8816         nan    0.7890    37875982561.8861
  3038.258    5.8997    0.0000    6.8902         nan    0.6764    38194040690.8729
  3096.798    5.9106    0.0000    6.8973         nan    0.5633    38467003216.9703
  3155.339    5.9195    0.0000    6.9032         nan    0.4496    38694548407.6738
  3213.879    5.9264    0.0000    6.9078         nan    0.3347    38876305615.8445
  3272.419    5.9313    0.0000    6.9110         nan    0.2159    39011680975.0727
  3330.960    5.9343    0.0000    6.9130         nan    0.0718    39099048694.0988
  3389.500    5.9353    0.0000    6.9136         nan    0.0000    39128111634.6586
