# Depth[km]  Vp[km/s]  Vs[km/s] Rho[g/cm3]    T[K]     g[m/s2]         P[Pa]        
     0.000    3.7187    2.2118    1.7198    273.1500    3.7291              0.0000
    11.394    3.7187    2.2118    1.7198    314.3794    3.7378       73069626.7668
    11.394    4.9696    2.9558    2.2983    314.3794    3.7378       73069626.7668
    28.344    4.9696    2.9558    2.2983    375.7197    3.7427      218676297.8344
    28.344    6.3135    3.7551    2.9198    375.7197    3.7427      218676297.8344
    44.245    6.3135    3.7551    2.9198    433.2664    3.7393      392447997.7915
    44.245    7.8445    4.4865    3.4776    433.2664    3.7393      392447997.7915
    54.163    7.8410    4.4802    3.4781    469.1599    3.7325      521432601.0797
    64.082    7.8372    4.4736    3.4786    505.0534    3.7258      650202542.9940
    74.000    7.8331    4.4669    3.4790    540.9469    3.7191      778756135.3940
    83.918    7.8285    4.4599    3.4793    576.8404    3.7124      907091011.8713
    93.837    7.8239    4.4528    3.4795    612.7339    3.7058     1035206023.4440
   103.755    7.8181    4.4453    3.4796    648.6274    3.6992     1163097301.8161
   113.673    7.8130    4.4379    3.4797    684.5209    3.6926     1290763511.4128
   123.591    7.8080    4.4308    3.4799    720.4144    3.6860     1418208436.4448
   133.510    7.8027    4.4233    3.4800    756.3079    3.6794     1545431938.9362
   143.428    7.7977    4.4161    3.4801    792.2014    3.6729     1672433257.3733
   153.346    7.7914    4.4082    3.4800    828.0949    3.6664     1799208067.9240
   163.264    7.7860    4.4007    3.4800    863.9884    3.6600     1925755522.4183
   173.183    7.7799    4.3929    3.4798    899.8820    3.6535     2052076865.1884
   183.101    7.7746    4.3855    3.4797    935.7755    3.6471     2178172433.8507
   193.019    7.7681    4.3776    3.4794    971.6690    3.6408     2304040779.6997
   202.938    7.7630    4.3702    3.4794   1007.5625    3.6344     2429682374.3665
   212.856    7.7571    4.3625    3.4791   1043.4560    3.6281     2555098898.9410
   222.774    7.7505    4.3546    3.4786   1079.3495    3.6219     2680284992.3329
   232.692    7.7453    4.3471    3.4784   1115.2430    3.6156     2805243539.2881
   242.611    7.7389    4.3391    3.4781   1151.1365    3.6094     2929977422.6902
   252.529    7.7328    4.3313    3.4778   1187.0300    3.6033     3054485340.9920
   262.447    7.7267    4.3236    3.4774   1222.9235    3.5972     3178768824.7814
   272.365    7.7205    4.3158    3.4771   1258.8170    3.5911     3302828645.1430
   282.284    7.7144    4.3081    3.4767   1294.7105    3.5850     3426665162.4659
   292.202    7.7081    4.3002    3.4763   1330.6040    3.5790     3550279091.9486
   302.120    7.7009    4.2919    3.4760   1366.4975    3.5730     3673672915.5200
   312.039    7.6930    4.2834    3.4755   1402.3910    3.5671     3796846255.1398
   321.957    7.6857    4.2750    3.4751   1438.2845    3.5612     3919800270.6459
   331.875    7.6783    4.2667    3.4748   1474.1780    3.5553     4042538914.7957
   341.793    7.6706    4.2583    3.4743   1510.0715    3.5495     4165060724.8536
   351.712    7.6631    4.2498    3.4739   1545.9650    3.5437     4287366576.2466
   361.630    7.6557    4.2415    3.4736   1581.8585    3.5380     4409460169.2160
   371.548    7.6482    4.2331    3.4732   1617.7520    3.5323     4531342756.7777
   381.466    7.6394    4.2240    3.4726   1653.6455    3.5266     4653012273.2972
   391.385    7.6311    4.2153    3.4720   1689.5390    3.5210     4774467438.8824
   401.303    7.6239    4.2070    3.4716   1725.4325    3.5155     4895712772.0566
   411.221    7.6162    4.1985    3.4712   1761.3260    3.5099     5016752222.5776
   421.140    7.6080    4.1897    3.4708   1797.2195    3.5045     5137586356.6880
   431.058    7.6005    4.1812    3.4703   1833.1130    3.4990     5258216069.7564
   440.976    7.5850    4.1696    3.4686   1869.0065    3.4937     5378621786.1998
   463.927    7.6232    4.1807    3.4782   1874.0270    3.4813     5657130568.5507
   486.878    7.6533    4.1890    3.4864   1878.1673    3.4690     5935362604.4475
   509.830    7.6833    4.1972    3.4945   1882.3034    3.4568     6213262856.2608
   532.781    7.7122    4.2050    3.5025   1886.2993    3.4447     6490825881.6928
   555.732    7.7402    4.2127    3.5103   1890.1660    3.4327     6768041372.3228
   578.683    7.7679    4.2201    3.5181   1893.9936    3.4207     7044902601.1297
   601.634    7.7956    4.2277    3.5258   1897.7689    3.4089     7321408801.1167
   624.586    7.8224    4.2349    3.5334   1901.4841    3.3973     7597559179.7255
   647.537    7.8484    4.2419    3.5408   1905.0666    3.3857     7873349546.2399
   670.488    7.8741    4.2488    3.5481   1908.5680    3.3743     8148776389.9269
   693.439    7.8997    4.2557    3.5554   1912.0154    3.3630     8423842157.3998
   716.390    7.9250    4.2624    3.5627   1915.4550    3.3519     8698551525.9600
   739.342    7.9500    4.2692    3.5699   1918.8073    3.3410     8972908970.0597
   762.293    7.9742    4.2756    3.5769   1922.0486    3.3302     9246916506.9779
   785.244    7.9990    4.2823    3.5840   1925.2918    3.3197     9520581922.0322
   808.195    8.0228    4.2887    3.5910   1928.4534    3.3093     9793913590.0236
   831.146    8.0472    4.2953    3.5980   1931.6359    3.2991    10066922444.1755
   854.098    8.0716    4.3020    3.6050   1934.8497    3.2892    10339625548.8026
   877.049    8.0958    4.3087    3.6121   1937.9599    3.2794    10612037007.2594
   900.000    8.1194    4.3152    3.6190   1940.9261    3.2699    10884166812.0741
   916.677    8.1366    4.3200    3.6240   1943.0704    3.2632    11081661674.4550
   933.355    8.1538    4.3248    3.6290   1945.1736    3.2566    11279023245.4418
   950.032    8.1718    4.3301    3.6343   1947.4014    3.2501    11476265449.6025
   966.710    8.1885    4.3346    3.6393   1949.4715    3.2438    11673392675.1035
   983.387    8.2071    4.3404    3.6447   1951.6021    3.2376    11870418097.6090
  1000.064    8.2252    4.3460    3.6501   1953.6681    3.2316    12067361140.4834
  1016.742    8.2413    4.3502    3.6549   1955.6764    3.2257    12264211587.5554
  1033.419    8.2572    4.3544    3.6597   1957.6577    3.2200    12460962285.3076
  1050.097    8.2864    4.3678    3.6679   1960.6996    3.2145    12657714367.6198
  1066.774    8.3795    4.4251    3.6932   1972.6566    3.2090    12855026526.9184
  1083.451    8.5291    4.5325    3.7252   1987.3084    3.2033    13053534146.1523
  1100.129    8.6812    4.6411    3.7577   2002.7740    3.1974    13253415204.2670
  1116.806    8.7084    4.6580    3.7628   2005.5099    3.1915    13453930919.2917
  1133.484    8.7241    4.6624    3.7678   2007.8093    3.1859    13654345629.6725
  1150.161    8.7391    4.6667    3.7725   2010.1680    3.1804    13854661510.2148
  1166.838    8.7541    4.6711    3.7772   2012.5606    3.1751    14054880974.6962
  1183.516    8.7690    4.6754    3.7819   2014.9721    3.1700    14255016208.0479
  1200.193    8.7841    4.6797    3.7866   2017.3125    3.1651    14455080317.9160
  1216.871    8.7988    4.6839    3.7914   2019.5998    3.1605    14655086733.6908
  1233.548    8.8136    4.6881    3.7961   2021.8748    3.1561    14855050741.1953
  1250.226    8.8418    4.7003    3.8032   2025.7646    3.1519    15055049169.3222
  1266.903    8.8792    4.7180    3.8120   2030.7652    3.1480    15255201538.0366
  1283.580    8.9163    4.7355    3.8211   2035.6085    3.1442    15455572693.2106
  1300.258    8.9535    4.7532    3.8305   2040.5881    3.1407    15656188092.2265
  1316.935    8.9912    4.7710    3.8403   2045.6487    3.1374    15857078174.0367
  1333.613    9.0293    4.7893    3.8505   2050.6178    3.1342    16058278918.0668
  1350.290    9.0675    4.8075    3.8610   2055.6538    3.1313    16259821656.4389
  1366.967    9.0826    4.8109    3.8667   2057.6622    3.1287    16461602063.0939
  1383.645    9.0975    4.8149    3.8719   2059.8104    3.1264    16663496564.6453
  1400.322    9.1141    4.8181    3.8789   2061.6157    3.1243    16865559150.9052
  1417.000    9.1302    4.8216    3.8854   2063.5524    3.1226    17067843549.4300
  1433.677    9.1466    4.8248    3.8925   2065.4171    3.1213    17270370455.5420
  1450.354    9.1667    4.8299    3.9015   2068.2588    3.1202    17473225820.6230
  1467.032    9.2627    4.8811    3.9417   2084.0260    3.1192    17677292951.0811
  1483.709    9.2904    4.8952    3.9509   2089.7537    3.1184    17882583317.8370
  1500.387    9.3167    4.9081    3.9600   2095.0781    3.1179    18088292764.4392
  1517.064    9.3424    4.9211    3.9685   2100.1541    3.1177    18294426136.2603
  1533.741    9.3672    4.9337    3.9768   2105.2656    3.1179    18500986392.3006
  1550.419    9.3919    4.9467    3.9848   2110.0986    3.1185    18707984618.7652
  1550.419    5.2070    0.0000    4.0099         nan    3.1185    18707984618.7652
  1567.469    5.2200    0.0000    4.0151         nan    3.1193    18921333913.2418
  1584.519    5.2330    0.0000    4.0204         nan    3.1205    19135010063.8272
  1601.569    5.2460    0.0000    4.0256         nan    3.1222    19349046787.3910
  1618.618    5.2589    0.0000    4.0307         nan    3.1244    19563477553.0817
  1635.668    5.2713    0.0000    4.0357         nan    3.1272    19778332919.8525
  1652.718    5.2837    0.0000    4.0407         nan    3.1306    19993646986.7653
  1669.768    5.2961    0.0000    4.0457         nan    3.1346    20209460217.1658
  1686.818    5.3082    0.0000    4.0505         nan    3.1392    20425811483.2320
  1703.868    5.3200    0.0000    4.0553         nan    3.1445    20642738951.7959
  1703.868    5.2881    0.0000    6.4405         nan    3.1445    20642738951.7959
  1761.993    5.3550    0.0000    6.4815         nan    3.0468    21823663610.8578
  1820.119    5.4185    0.0000    6.5206         nan    2.9478    22974969237.8576
  1878.244    5.4787    0.0000    6.5576         nan    2.8478    24095404671.5960
  1936.369    5.5358    0.0000    6.5929         nan    2.7466    25183783343.8247
  1994.494    5.5898    0.0000    6.6263         nan    2.6444    26238980051.8833
  2052.619    5.6410    0.0000    6.6580         nan    2.5413    27259928207.6033
  2110.745    5.6894    0.0000    6.6881         nan    2.4372    28245617493.5635
  2168.870    5.7351    0.0000    6.7165         nan    2.3323    29195091877.8105
  2226.995    5.7782    0.0000    6.7434         nan    2.2266    30107447952.2088
  2285.120    5.8188    0.0000    6.7688         nan    2.1201    30981833570.7216
  2343.246    5.8570    0.0000    6.7927         nan    2.0130    31817446786.2650
  2401.371    5.8928    0.0000    6.8151         nan    1.9052    32613535096.0713
  2459.496    5.9263    0.0000    6.8361         nan    1.7968    33369395027.7248
  2517.621    5.9576    0.0000    6.8557         nan    1.6879    34084372142.5974
  2575.747    5.9866    0.0000    6.8739         nan    1.5785    34757861573.6878
  2633.872    6.0135    0.0000    6.8908         nan    1.4687    35389309302.3872
  2691.997    6.0382    0.0000    6.9063         nan    1.3585    35978214519.9065
  2750.122    6.0608    0.0000    6.9206         nan    1.2482    36524133667.0832
  2808.248    6.0814    0.0000    6.9336         nan    1.1377    37026687204.8152
  2866.373    6.0999    0.0000    6.9452         nan    1.0273    37485571056.1830
  2924.498    6.1165    0.0000    6.9557         nan    0.9172    37900576483.3813
  2982.623    6.1310    0.0000    6.9648         nan    0.8078    38271626146.8949
  3040.749    6.1436    0.0000    6.9727         nan    0.7000    38598843529.1523
  3098.874    6.1542    0.0000    6.9794         nan    0.5954    38882697532.6577
  3156.999    6.1628    0.0000    6.9849         nan    0.4977    39124336881.0549
  3215.124    6.1695    0.0000    6.9892         nan    0.4181    39326483101.5652
  3273.250    6.1743    0.0000    6.9922         nan    0.4011    39496373128.7693
  3331.375    6.1772    0.0000    6.9940         nan    0.8091    39659424512.1077
  3389.500    6.1782    0.0000    6.9946         nan    0.0000    39988346399.4393
