# Depth[km]  Vp[km/s]  Vs[km/s] Rho[g/cm3]    T[K]     g[m/s2]         P[Pa]        
     0.000    4.0008    2.3743    1.7984    273.1500    3.7291              0.0000
    15.969    4.0008    2.3743    1.7984    336.1415    3.7403      107099267.0504
    15.969    4.4982    2.6695    2.0221    336.1415    3.7403      107099267.0504
    34.440    4.4982    2.6695    2.0221    409.0050    3.7501      246796610.5668
    34.440    6.6112    3.9234    2.9719    409.0050    3.7501      246796610.5668
    53.082    6.6112    3.9234    2.9719    482.5413    3.7454      454553430.1700
    53.082    7.9943    4.5379    3.5192    482.5413    3.7454      454553430.1700
    62.663    7.9867    4.5284    3.5190    520.3365    3.7386      580835588.9349
    72.244    7.9787    4.5186    3.5186    558.1316    3.7319      706878647.9716
    81.825    7.9707    4.5089    3.5182    595.9268    3.7252      832681564.8132
    91.406    7.9620    4.4990    3.5177    633.7220    3.7185      958242355.4401
   100.987    7.9538    4.4892    3.5173    671.5171    3.7118     1083561363.7623
   110.569    7.9454    4.4796    3.5168    709.3123    3.7052     1208640128.2679
   120.150    7.9370    4.4699    3.5163    747.1075    3.6986     1333478447.3697
   129.731    7.9281    4.4601    3.5157    784.9026    3.6921     1458075235.2145
   139.312    7.9196    4.4504    3.5152    822.6978    3.6855     1582430539.6920
   148.893    7.9107    4.4407    3.5145    860.4930    3.6790     1706544701.4272
   158.474    7.9016    4.4310    3.5138    898.2881    3.6726     1830416512.0076
   168.055    7.8935    4.4217    3.5133    936.0833    3.6661     1954048461.8177
   177.636    7.8844    4.4120    3.5125    973.8785    3.6597     2077440550.7907
   187.218    7.8755    4.4025    3.5118   1011.6736    3.6533     2200591630.6104
   196.799    7.8664    4.3929    3.5110   1049.4688    3.6470     2323501846.7813
   206.380    7.8577    4.3835    3.5103   1087.2640    3.6407     2446171633.9872
   215.961    7.8488    4.3740    3.5095   1125.0591    3.6344     2568603072.0719
   225.542    7.8397    4.3645    3.5087   1162.8543    3.6282     2690796622.8014
   235.123    7.8310    4.3550    3.5079   1200.6495    3.6220     2812753213.6616
   244.704    7.8221    4.3457    3.5071   1238.4446    3.6158     2934472978.0079
   254.285    7.8126    4.3359    3.5062   1276.2398    3.6097     3055955495.8010
   263.866    7.8040    4.3266    3.5054   1314.0350    3.6036     3177202662.3932
   273.448    7.7961    4.3178    3.5046   1351.8301    3.5975     3298216769.2005
   283.029    7.7875    4.3083    3.5037   1389.6253    3.5915     3418997845.2250
   292.610    7.7789    4.2993    3.5028   1427.4205    3.5855     3539546850.0851
   302.191    7.7707    4.2903    3.5019   1465.2156    3.5796     3659864661.2298
   311.772    7.7625    4.2813    3.5011   1503.0108    3.5737     3779952780.6851
   321.353    7.7532    4.2715    3.5001   1540.8060    3.5678     3899811832.1465
   330.934    7.7446    4.2624    3.4992   1578.6011    3.5620     4019441898.5453
   340.515    7.7359    4.2532    3.4983   1616.3963    3.5562     4138845211.8471
   350.096    7.7267    4.2438    3.4972   1654.1915    3.5505     4258021500.4655
   359.678    7.7186    4.2348    3.4964   1691.9866    3.5448     4376973535.0072
   369.259    7.7096    4.2253    3.4954   1729.7818    3.5391     4495703130.6027
   378.840    7.7008    4.2160    3.4944   1767.5770    3.5335     4614209845.3230
   388.421    7.6921    4.2067    3.4935   1805.3721    3.5279     4732496144.1986
   398.002    7.6830    4.1973    3.4924   1843.1673    3.5224     4850561851.5405
   407.583    7.6738    4.1877    3.4914   1880.9625    3.5169     4968407931.6792
   417.164    7.6648    4.1784    3.4904   1918.7576    3.5115     5086036399.5343
   426.745    7.6562    4.1690    3.4894   1956.5528    3.5061     5203449717.1461
   436.327    7.6475    4.1598    3.4884   1994.3480    3.5008     5320649661.5826
   459.510    7.6762    4.1688    3.4968   1999.0937    3.4879     5604111150.0794
   482.694    7.7036    4.1773    3.5051   2003.6211    3.4752     5887208955.6112
   505.878    7.7314    4.1861    3.5133   2008.1520    3.4625     6169934888.2541
   529.061    7.7579    4.1943    3.5214   2012.5748    3.4499     6452285576.3974
   552.245    7.7844    4.2027    3.5294   2016.8120    3.4374     6734251610.8202
   575.429    7.8100    4.2107    3.5374   2021.1157    3.4250     7015832904.9805
   598.612    7.8355    4.2186    3.5453   2025.2714    3.4127     7297030919.9918
   621.796    7.8601    4.2263    3.5530   2029.2818    3.4005     7577837581.0197
   644.980    7.8850    4.2341    3.5608   2033.3045    3.3885     7858253306.9188
   668.163    7.9095    4.2417    3.5685   2037.1744    3.3765     8138283701.4878
   691.347    7.9341    4.2495    3.5763   2041.0957    3.3647     8417934136.3059
   714.531    7.9582    4.2570    3.5840   2044.8124    3.3531     8697209659.8729
   737.714    7.9827    4.2649    3.5917   2048.6391    3.3416     8976117849.8696
   760.898    8.0066    4.2724    3.5994   2052.2691    3.3303     9254667628.1985
   784.082    8.0309    4.2802    3.6071   2055.8601    3.3191     9532867807.7932
   807.265    8.0550    4.2880    3.6149   2059.3694    3.3081     9810731502.3517
   830.449    8.0797    4.2961    3.6227   2062.9358    3.2973    10088275176.5512
   853.633    8.1049    4.3046    3.6308   2066.3512    3.2867    10365521962.9992
   876.816    8.1300    4.3131    3.6388   2069.6892    3.2763    10642491056.4086
   900.000    8.1555    4.3219    3.6471   2073.0308    3.2662    10919203412.9555
   916.776    8.1749    4.3289    3.6534   2075.4149    3.2589    11119204915.3595
   933.551    8.1948    4.3361    3.6597   2077.7729    3.2518    11319108356.2771
   950.327    8.2154    4.3438    3.6665   2080.1787    3.2448    11518932099.9523
   967.102    8.2365    4.3519    3.6733   2082.5813    3.2379    11718693505.4926
   983.878    8.2560    4.3592    3.6797   2084.9737    3.2311    11918390420.2986
  1000.653    8.2823    4.3703    3.6882   2087.3664    3.2244    12118072707.9864
  1017.429    8.3023    4.3775    3.6952   2089.9589    3.2179    12317761655.8109
  1034.204    8.3185    4.3827    3.7009   2092.3142    3.2115    12517390292.8973
  1050.980    8.3392    4.3902    3.7084   2095.1788    3.2052    12716977859.5941
  1067.755    8.3559    4.3956    3.7144   2097.6421    3.1991    12916537272.1491
  1084.531    8.3708    4.4002    3.7196   2099.8577    3.1932    13116017161.5608
  1101.306    8.3854    4.4046    3.7249   2102.1327    3.1874    13315409906.8735
  1118.082    8.4210    4.4230    3.7364   2105.8520    3.1818    13514892389.4651
  1134.857    8.5534    4.5059    3.7724   2120.4842    3.1761    13715290308.1540
  1151.633    8.7162    4.6093    3.8154   2137.8932    3.1701    13917433373.9719
  1168.409    8.8891    4.7197    3.8593   2149.8440    3.1638    14121504733.0529
  1185.184    8.9039    4.7244    3.8645   2151.5060    3.1574    14326471968.1696
  1201.960    8.9179    4.7285    3.8696   2153.5946    3.1512    14531298142.3567
  1218.735    8.9315    4.7325    3.8747   2155.6230    3.1452    14735990732.3672
  1235.511    8.9455    4.7367    3.8800   2157.5659    3.1394    14940567292.8631
  1252.286    8.9586    4.7405    3.8851   2159.3781    3.1338    15145038723.8809
  1269.062    8.9718    4.7443    3.8901   2161.2342    3.1284    15349412547.8557
  1285.837    8.9847    4.7480    3.8952   2163.0123    3.1233    15553703891.6216
  1302.613    8.9979    4.7519    3.9005   2164.6678    3.1184    15757932746.2029
  1319.388    9.0105    4.7555    3.9056   2166.3048    3.1138    15962114594.4056
  1336.164    9.0230    4.7590    3.9107   2167.8811    3.1095    16166259611.9336
  1352.939    9.0358    4.7628    3.9160   2169.1940    3.1054    16370390710.6521
  1369.715    9.0480    4.7662    3.9211   2170.5633    3.1016    16574525834.9590
  1386.490    9.0602    4.7695    3.9264   2172.0321    3.0981    16778682041.6508
  1403.266    9.0722    4.7728    3.9317   2173.3188    3.0949    16982883166.8005
  1420.042    9.0839    4.7760    3.9369   2174.5763    3.0920    17187146092.5817
  1436.817    9.1127    4.7901    3.9454   2177.7556    3.0894    17391575423.5738
  1453.593    9.1538    4.8122    3.9569   2182.3340    3.0871    17596353911.7168
  1470.368    9.1927    4.8332    3.9679   2186.9849    3.0851    17801561145.9102
  1487.144    9.2316    4.8546    3.9792   2191.4550    3.0834    18007208619.5168
  1503.919    9.2721    4.8770    3.9913   2196.1593    3.0819    18213345289.4133
  1520.695    9.3113    4.8988    4.0036   2200.8505    3.0807    18420016807.4470
  1537.470    9.3323    4.9091    4.0104   2203.3908    3.0799    18627103309.9922
  1554.246    9.3452    4.9138    4.0150   2205.5364    3.0795    18834428563.6833
  1554.246    5.0511    0.0000    4.0359         nan    3.0795    18834428563.6833
  1574.744    5.0675    0.0000    4.0426         nan    3.0792    19089403802.4983
  1595.242    5.0839    0.0000    4.0494         nan    3.0796    19344782666.1917
  1615.741    5.1003    0.0000    4.0561         nan    3.0807    19600620836.2583
  1636.239    5.1160    0.0000    4.0626         nan    3.0826    19856968115.1322
  1656.737    5.1316    0.0000    4.0690         nan    3.0852    20113876920.2564
  1677.235    5.1472    0.0000    4.0755         nan    3.0887    20371412343.6700
  1697.734    5.1622    0.0000    4.0817         nan    3.0930    20629636188.4477
  1718.232    5.1770    0.0000    4.0878         nan    3.0982    20888612660.8872
  1738.730    5.1918    0.0000    4.0940         nan    3.1044    21148418186.5070
  1738.730    5.3470    0.0000    6.5030         nan    3.1044    21148418186.5070
  1795.653    5.4064    0.0000    6.5422         nan    3.0075    22301056013.6303
  1852.576    5.4628    0.0000    6.5796         nan    2.9094    23424255701.3592
  1909.500    5.5163    0.0000    6.6152         nan    2.8103    24516873727.4126
  1966.423    5.5672    0.0000    6.6491         nan    2.7101    25577821645.9371
  2023.346    5.6155    0.0000    6.6814         nan    2.6090    26606063896.0343
  2080.269    5.6613    0.0000    6.7120         nan    2.5070    27600615923.3628
  2137.192    5.7046    0.0000    6.7411         nan    2.4041    28560542577.8340
  2194.115    5.7456    0.0000    6.7687         nan    2.3004    29484956759.3190
  2251.038    5.7843    0.0000    6.7948         nan    2.1960    30373018293.8908
  2307.961    5.8209    0.0000    6.8194         nan    2.0909    31223933033.7993
  2364.884    5.8552    0.0000    6.8427         nan    1.9850    32036952183.3503
  2421.807    5.8875    0.0000    6.8645         nan    1.8786    32811371871.8132
  2478.731    5.9177    0.0000    6.8850         nan    1.7716    33546533013.0316
  2535.654    5.9459    0.0000    6.9041         nan    1.6641    34241821520.3087
  2592.577    5.9721    0.0000    6.9219         nan    1.5562    34896668994.4529
  2649.500    5.9964    0.0000    6.9384         nan    1.4478    35510554079.5174
  2706.423    6.0187    0.0000    6.9536         nan    1.3392    36083004808.9221
  2763.346    6.0392    0.0000    6.9676         nan    1.2303    36613602499.1794
  2820.269    6.0578    0.0000    6.9803         nan    1.1213    37101988173.4849
  2877.192    6.0746    0.0000    6.9917         nan    1.0123    37547873325.9699
  2934.115    6.0896    0.0000    7.0019         nan    0.9037    37951058535.5249
  2991.038    6.1027    0.0000    7.0109         nan    0.7957    38311467151.0454
  3047.961    6.1141    0.0000    7.0187         nan    0.6893    38629210063.8460
  3104.885    6.1237    0.0000    7.0252         nan    0.5858    38904720536.9812
  3161.808    6.1316    0.0000    7.0306         nan    0.4889    39139065931.1765
  3218.731    6.1377    0.0000    7.0348         nan    0.4090    39334780046.9294
  3275.654    6.1420    0.0000    7.0378         nan    0.3884    39498605803.9212
  3332.577    6.1446    0.0000    7.0395         nan    0.7696    39654231895.7641
  3389.500    6.1455    0.0000    7.0401         nan    0.0000    39962630506.8309
