# Depth[km]  Vp[km/s]  Vs[km/s] Rho[g/cm3]    T[K]     g[m/s2]         P[Pa]        
     0.000    3.6618    2.1830    1.6742    273.1500    3.7291              0.0000
    11.117    3.6618    2.1830    1.6742    314.6131    3.7380       69404799.7484
    11.117    5.1424    3.0658    2.3512    314.6131    3.7380       69404799.7484
    29.419    5.1424    3.0658    2.3512    382.8837    3.7425      230259195.9174
    29.419    6.2994    3.7555    2.8802    382.8837    3.7425      230259195.9174
    44.534    6.2994    3.7555    2.8802    439.2661    3.7398      393188549.7683
    44.534    7.9532    4.5335    3.4845    439.2661    3.7398      393188549.7683
    54.569    7.9481    4.5258    3.4847    476.7016    3.7329      523970293.5077
    64.605    7.9426    4.5178    3.4848    514.1371    3.7260      654517170.3216
    74.641    7.9368    4.5097    3.4848    551.5726    3.7192      784827307.6174
    84.677    7.9307    4.5013    3.4848    589.0081    3.7124      914898936.3135
    94.712    7.9237    4.4927    3.4846    626.4436    3.7056     1044728811.9638
   104.748    7.9174    4.4843    3.4845    663.8791    3.6989     1174316825.8218
   114.784    7.9109    4.4759    3.4844    701.3146    3.6922     1303664858.5313
   124.820    7.9045    4.4675    3.4843    738.7501    3.6855     1432773009.0408
   134.856    7.8972    4.4587    3.4839    776.1856    3.6788     1561638894.5003
   144.891    7.8906    4.4503    3.4837    813.6211    3.6722     1690262406.5584
   154.927    7.8833    4.4416    3.4833    851.0566    3.6656     1818643305.8297
   164.963    7.8763    4.4330    3.4830    888.4921    3.6591     1946780359.1791
   174.999    7.8693    4.4244    3.4826    925.9276    3.6526     2074674983.6973
   185.034    7.8630    4.4161    3.4823    963.3631    3.6461     2202328703.2143
   195.070    7.8556    4.4075    3.4818   1000.7986    3.6396     2329741067.0563
   205.106    7.8486    4.3989    3.4813   1038.2341    3.6332     2456910334.2346
   215.142    7.8409    4.3901    3.4807   1075.6696    3.6268     2583835008.5620
   225.177    7.8340    4.3816    3.4802   1113.1051    3.6205     2710516239.2040
   235.213    7.8271    4.3731    3.4798   1150.5406    3.6141     2836958578.1878
   245.249    7.8201    4.3646    3.4793   1187.9762    3.6079     2963163178.1850
   255.285    7.8138    4.3565    3.4787   1225.4117    3.6016     3089129694.9549
   265.321    7.8062    4.3477    3.4781   1262.8472    3.5954     3214856765.9898
   275.356    7.7991    4.3391    3.4775   1300.2827    3.5893     3340345713.4289
   285.392    7.7923    4.3308    3.4769   1337.7182    3.5832     3465598079.5732
   295.428    7.7856    4.3224    3.4763   1375.1537    3.5771     3590614731.3411
   305.464    7.7778    4.3135    3.4755   1412.5892    3.5711     3715395591.2547
   315.499    7.7712    4.3052    3.4749   1450.0247    3.5651     3839941606.2580
   325.535    7.7646    4.2971    3.4743   1487.4602    3.5591     3964256462.9283
   335.571    7.7578    4.2886    3.4737   1524.8957    3.5532     4088341936.7427
   345.607    7.7499    4.2798    3.4728   1562.3312    3.5473     4212195037.4233
   355.642    7.7434    4.2716    3.4722   1599.7667    3.5415     4335817044.8961
   365.678    7.7363    4.2631    3.4715   1637.2022    3.5358     4459213413.0597
   375.714    7.7292    4.2545    3.4707   1674.6377    3.5300     4582381959.6506
   385.750    7.7219    4.2459    3.4699   1712.0732    3.5244     4705323109.5762
   395.786    7.7141    4.2371    3.4691   1749.5087    3.5187     4828038010.1703
   405.821    7.7069    4.2285    3.4683   1786.9442    3.5131     4950528233.4471
   415.857    7.6995    4.2198    3.4675   1824.3797    3.5076     5072796341.8410
   425.893    7.6925    4.2113    3.4668   1861.8152    3.5021     5194844487.5586
   435.929    7.6849    4.2025    3.4659   1899.2507    3.4967     5316673196.8443
   445.964    7.6776    4.1937    3.4652   1936.6862    3.4913     5438284366.7112
   468.666    7.7048    4.2020    3.4732   1941.0710    3.4792     5713244818.5255
   491.368    7.7316    4.2100    3.4811   1945.3715    3.4672     5987881113.2771
   514.070    7.7577    4.2178    3.4889   1949.6422    3.4553     6262189018.9781
   536.772    7.7826    4.2253    3.4965   1953.6852    3.4435     6536159751.9398
   559.473    7.8076    4.2326    3.5042   1957.8335    3.4317     6809789911.4254
   582.175    7.8315    4.2396    3.5116   1961.7721    3.4201     7083078752.2218
   604.877    7.8564    4.2470    3.5192   1965.7691    3.4086     7356025988.0276
   627.579    7.8794    4.2536    3.5265   1969.5984    3.3973     7628632255.0699
   650.280    7.9035    4.2607    3.5341   1973.6600    3.3861     7900904398.9858
   672.982    7.9267    4.2674    3.5413   1977.3680    3.3750     8172846195.1015
   695.684    7.9496    4.2741    3.5486   1981.0306    3.3640     8444451944.6802
   718.386    7.9721    4.2805    3.5557   1984.6599    3.3532     8715726910.6077
   741.088    7.9957    4.2876    3.5631   1988.3700    3.3426     8986683799.8754
   763.789    8.0184    4.2942    3.5703   1991.8902    3.3322     9257332796.6107
   786.491    8.0408    4.3007    3.5774   1995.3841    3.3219     9527678490.7021
   809.193    8.0632    4.3073    3.5845   1998.7606    3.3118     9797728058.0292
   831.895    8.0848    4.3134    3.5915   2002.1912    3.3019    10067488700.2744
   854.596    8.1079    4.3205    3.5988   2005.4572    3.2923    10336979818.5154
   877.298    8.1310    4.3275    3.6061   2008.7657    3.2828    10606227137.2661
   900.000    8.1537    4.3345    3.6134   2011.9903    3.2736    10875247594.3307
   916.862    8.1712    4.3399    3.6189   2014.4215    3.2669    11074855253.9512
   933.723    8.1885    4.3454    3.6245   2016.7890    3.2604    11274360657.8103
   950.585    8.2059    4.3509    3.6300   2019.1296    3.2540    11473770569.6730
   967.447    8.2257    4.3578    3.6363   2021.6396    3.2477    11673111078.3920
   984.309    8.2438    4.3639    3.6421   2023.9985    3.2416    11872398828.1830
  1001.170    8.2634    4.3707    3.6484   2026.3510    3.2356    12071641342.1381
  1018.032    8.2829    4.3776    3.6547   2028.6993    3.2297    12270859575.5888
  1034.894    8.3035    4.3851    3.6614   2031.0613    3.2241    12470073105.0258
  1051.755    8.3193    4.3898    3.6667   2033.3011    3.2185    12669262980.3314
  1068.617    8.3351    4.3947    3.6719   2035.4184    3.2132    12868398606.4838
  1085.479    8.3504    4.3990    3.6771   2037.5913    3.2081    13067486491.1564
  1102.340    8.4174    4.4388    3.6958   2044.7590    3.2030    13266899941.6640
  1119.202    8.5545    4.5261    3.7322   2058.4015    3.1979    13467487822.5329
  1136.064    8.7202    4.6328    3.7751   2075.8609    3.1924    13669891911.6930
  1152.926    8.8137    4.6902    3.7997   2081.7863    3.1868    13873765862.1468
  1169.787    8.8292    4.6945    3.8051   2084.2530    3.1812    14078085368.3633
  1186.649    8.8432    4.6983    3.8099   2086.6040    3.1758    14282320401.8287
  1203.511    8.8602    4.7030    3.8161   2089.0355    3.1707    14486504115.5386
  1220.372    8.8756    4.7074    3.8216   2091.3937    3.1657    14690668746.0948
  1237.234    8.8911    4.7117    3.8271   2093.7931    3.1610    14894809643.3554
  1254.096    8.9068    4.7161    3.8329   2096.1958    3.1565    15098947761.6683
  1270.957    8.9221    4.7204    3.8384   2098.5986    3.1523    15303096312.8553
  1287.819    8.9374    4.7248    3.8439   2100.9878    3.1483    15507265387.5532
  1304.681    8.9527    4.7291    3.8495   2103.4155    3.1446    15711472134.3593
  1321.543    8.9681    4.7335    3.8552   2105.8084    3.1412    15915735845.6723
  1338.404    8.9833    4.7380    3.8607   2108.2200    3.1380    16120073678.8005
  1355.266    8.9984    4.7424    3.8664   2110.6293    3.1352    16324503194.3758
  1372.128    9.0303    4.7574    3.8749   2115.2601    3.1326    16529122158.8248
  1388.989    9.0699    4.7774    3.8850   2120.9360    3.1303    16734065829.2153
  1405.851    9.1100    4.7980    3.8953   2126.6691    3.1282    16939397366.5799
  1422.713    9.1481    4.8176    3.9055   2132.2365    3.1265    17145135596.7967
  1439.574    9.1879    4.8385    3.9160   2138.0925    3.1250    17351301695.0939
  1456.436    9.2264    4.8589    3.9266   2144.1666    3.1238    17557924983.6849
  1473.298    9.2673    4.8811    3.9377   2150.4194    3.1229    17765041983.4032
  1490.160    9.3069    4.9028    3.9487   2156.8062    3.1224    17972684255.7549
  1507.021    9.3270    4.9114    3.9553   2159.6631    3.1222    18180751786.9287
  1523.883    9.3411    4.9159    3.9605   2161.8745    3.1224    18389115596.7228
  1540.745    9.3549    4.9203    3.9656   2164.1507    3.1230    18597764689.6286
  1557.606    9.3686    4.9248    3.9707   2166.3620    3.1241    18806725186.5121
  1557.606    4.8968    0.0000    3.9942         nan    3.1241    18806725186.5121
  1571.748    4.9074    0.0000    3.9991         nan    3.1252    18983299491.0387
  1585.889    4.9181    0.0000    4.0039         nan    3.1265    19160146306.2491
  1600.031    4.9288    0.0000    4.0088         nan    3.1283    19337284997.9619
  1614.173    4.9394    0.0000    4.0137         nan    3.1303    19514735664.5524
  1628.314    4.9498    0.0000    4.0184         nan    3.1328    19692516576.2226
  1642.456    4.9600    0.0000    4.0230         nan    3.1356    19870644559.9971
  1656.597    4.9701    0.0000    4.0277         nan    3.1389    20049139925.2339
  1670.739    4.9803    0.0000    4.0323         nan    3.1426    20228026143.8530
  1684.881    4.9904    0.0000    4.0369         nan    3.1467    20407327270.6879
  1684.881    5.4358    0.0000    6.3830         nan    3.1467    20407327270.6879
  1743.661    5.5084    0.0000    6.4219         nan    3.0484    21591527549.6011
  1802.441    5.5772    0.0000    6.4588         nan    2.9490    22745539372.5658
  1861.221    5.6422    0.0000    6.4939         nan    2.8485    23868150438.0725
  1920.001    5.7038    0.0000    6.5271         nan    2.7469    24958214817.8182
  1978.781    5.7621    0.0000    6.5586         nan    2.6444    26014649233.8260
  2037.561    5.8172    0.0000    6.5885         nan    2.5410    27036429908.4030
  2096.341    5.8693    0.0000    6.6167         nan    2.4367    28022589906.1096
  2155.120    5.9185    0.0000    6.6434         nan    2.3316    28972216908.9275
  2213.900    5.9648    0.0000    6.6687         nan    2.2258    29884451386.0205
  2272.680    6.0085    0.0000    6.6924         nan    2.1193    30758485138.5190
  2331.460    6.0495    0.0000    6.7148         nan    2.0121    31593560221.6298
  2390.240    6.0879    0.0000    6.7358         nan    1.9043    32388968271.0325
  2449.020    6.1238    0.0000    6.7554         nan    1.7960    33144050294.7417
  2507.800    6.1573    0.0000    6.7737         nan    1.6873    33858197041.3884
  2566.580    6.1884    0.0000    6.7907         nan    1.5781    34530850131.7708
  2625.360    6.2171    0.0000    6.8065         nan    1.4686    35161504266.1129
  2684.140    6.2436    0.0000    6.8210         nan    1.3589    35749711029.1437
  2742.920    6.2678    0.0000    6.8343         nan    1.2491    36295085189.4679
  2801.700    6.2898    0.0000    6.8464         nan    1.1393    36797315077.6058
  2860.480    6.3096    0.0000    6.8573         nan    1.0299    37256179963.2651
  2919.260    6.3273    0.0000    6.8670         nan    0.9211    37671580090.9974
  2978.040    6.3428    0.0000    6.8755         nan    0.8136    38043591021.9781
  3036.820    6.3562    0.0000    6.8829         nan    0.7086    38372568112.7160
  3095.600    6.3675    0.0000    6.8891         nan    0.6084    38659363982.9123
  3154.380    6.3768    0.0000    6.8942         nan    0.5189    38905831288.3495
  3213.160    6.3840    0.0000    6.8982         nan    0.4566    39116165164.9743
  3271.940    6.3891    0.0000    6.9010         nan    0.4887    39301326749.3974
  3330.720    6.3922    0.0000    6.9027         nan    1.1608    39499585438.0707
  3389.500    6.3932    0.0000    6.9032         nan    0.0000    39970605148.5313
