# Depth[km]  Vp[km/s]  Vs[km/s] Rho[g/cm3]    T[K]     g[m/s2]         P[Pa]        
     0.000    3.6274    2.1333    1.6006    273.1500    3.7291              0.0000
    13.243    3.6274    2.1333    1.6006    324.6325    3.7405       79043972.9583
    13.243    4.9643    2.9195    2.1905    324.6325    3.7405       79043972.9583
    25.600    4.9643    2.9195    2.1905    372.6739    3.7453      180292962.7375
    25.600    5.8966    3.4679    2.6019    372.6739    3.7453      180292962.7375
    44.368    5.8966    3.4679    2.6019    445.6418    3.7462      363189367.4602
    44.368    7.9619    4.5375    3.5039    445.6418    3.7462      363189367.4602
    53.988    7.9551    4.5286    3.5039    483.0416    3.7395      489461799.3006
    63.607    7.9479    4.5195    3.5037    520.4413    3.7328      615504054.3313
    73.227    7.9404    4.5103    3.5035    557.8411    3.7262      741314857.9387
    82.847    7.9326    4.5009    3.5033    595.2409    3.7195      866892979.6991
    92.466    7.9241    4.4911    3.5029    632.6407    3.7129      992235589.0178
   102.086    7.9160    4.4817    3.5026    670.0404    3.7064     1117342977.3090
   111.706    7.9079    4.4722    3.5022    707.4402    3.6998     1242217213.9719
   121.325    7.8997    4.4629    3.5019    744.8400    3.6933     1366858048.8870
   130.945    7.8909    4.4532    3.5014    782.2398    3.6868     1491264022.2102
   140.565    7.8824    4.4438    3.5009    819.6395    3.6803     1615434537.9940
   150.184    7.8736    4.4343    3.5004    857.0393    3.6739     1739370254.5228
   159.804    7.8643    4.4245    3.4998    894.4391    3.6675     1863069192.8119
   169.424    7.8560    4.4152    3.4993    931.8389    3.6611     1986533381.9970
   179.043    7.8469    4.4057    3.4987    969.2386    3.6548     2109763696.4017
   188.663    7.8379    4.3962    3.4981   1006.6384    3.6484     2232758915.8842
   198.282    7.8288    4.3866    3.4974   1044.0382    3.6422     2355519390.4874
   207.902    7.8193    4.3769    3.4967   1081.4379    3.6359     2478043845.2601
   217.522    7.8101    4.3673    3.4960   1118.8377    3.6297     2600333311.7168
   227.141    7.8007    4.3577    3.4953   1156.2375    3.6235     2722389596.0226
   236.761    7.7921    4.3484    3.4946   1193.6373    3.6174     2844214568.0491
   246.381    7.7827    4.3388    3.4939   1231.0370    3.6113     2965808010.5189
   256.000    7.7727    4.3289    3.4930   1268.4368    3.6052     3087167740.5870
   265.620    7.7647    4.3200    3.4924   1305.8366    3.5992     3208297760.3604
   275.240    7.7560    4.3108    3.4916   1343.2364    3.5932     3329200557.2718
   284.859    7.7468    4.3013    3.4908   1380.6361    3.5873     3449874463.8553
   294.479    7.7384    4.2923    3.4899   1418.0359    3.5813     3570320082.6718
   304.099    7.7293    4.2830    3.4890   1455.4357    3.5755     3690537368.0578
   313.718    7.7204    4.2737    3.4883   1492.8354    3.5696     3810528761.1345
   323.338    7.7119    4.2647    3.4874   1530.2352    3.5638     3930296417.3756
   332.958    7.7019    4.2548    3.4864   1567.6350    3.5581     4049838060.4851
   342.577    7.6934    4.2457    3.4856   1605.0348    3.5524     4169156275.8795
   352.197    7.6842    4.2363    3.4847   1642.4345    3.5467     4288254082.7018
   361.817    7.6748    4.2269    3.4838   1679.8343    3.5411     4407130770.0313
   371.436    7.6655    4.2173    3.4829   1717.2341    3.5355     4525787862.3802
   381.056    7.6567    4.2081    3.4820   1754.6339    3.5300     4644227445.2838
   390.676    7.6468    4.1984    3.4810   1792.0336    3.5245     4762449745.3776
   400.295    7.6374    4.1889    3.4801   1829.4334    3.5190     4880455583.8388
   409.915    7.6278    4.1792    3.4792   1866.8332    3.5136     4998247849.7396
   419.535    7.6185    4.1698    3.4783   1904.2329    3.5082     5115827853.4187
   429.154    7.6088    4.1601    3.4773   1941.6327    3.5029     5233196146.5375
   452.697    7.6403    4.1695    3.4861   1946.4082    3.4900     5520322399.2223
   476.239    7.6708    4.1785    3.4947   1950.9560    3.4772     5807105967.2613
   499.781    7.7013    4.1875    3.5033   1955.5479    3.4644     6093536696.0690
   523.323    7.7304    4.1962    3.5117   1959.9406    3.4517     6379607268.6037
   546.866    7.7584    4.2044    3.5199   1964.2000    3.4391     6665303351.2051
   570.408    7.7864    4.2126    3.5281   1968.4859    3.4266     6950622437.8535
   593.950    7.8133    4.2206    3.5360   1972.4434    3.4143     7235557594.1782
   617.493    7.8401    4.2285    3.5441   1976.5421    3.4020     7520105959.2947
   641.035    7.8664    4.2362    3.5519   1980.5156    3.3899     7804270216.5290
   664.577    7.8929    4.2441    3.5599   1984.3915    3.3779     8088052647.4411
   688.119    7.9186    4.2517    3.5676   1988.1347    3.3660     8371453746.4563
   711.662    7.9438    4.2591    3.5753   1991.8381    3.3544     8654469463.6651
   735.204    7.9699    4.2671    3.5832   1995.5608    3.3428     8937117157.2033
   758.746    7.9950    4.2745    3.5909   1999.1344    3.3315     9219407127.9661
   782.289    8.0207    4.2825    3.5986   2002.5765    3.3203     9501341121.9570
   805.831    8.0456    4.2900    3.6063   2006.0519    3.3093     9782933419.4382
   829.373    8.0714    4.2980    3.6143   2009.5538    3.2985    10064204173.0430
   852.915    8.0968    4.3061    3.6221   2012.8840    3.2879    10345170345.2605
   876.458    8.1230    4.3145    3.6302   2016.1651    3.2775    10625849436.3347
   900.000    8.1491    4.3231    3.6382   2019.3139    3.2673    10906263580.4229
   917.279    8.1690    4.3297    3.6446   2021.8202    3.2600    11111843547.3433
   934.558    8.1899    4.3371    3.6511   2024.1719    3.2528    11317324969.5334
   951.837    8.2097    4.3439    3.6573   2026.4581    3.2458    11522710886.0518
   969.116    8.2313    4.3518    3.6641   2028.8280    3.2389    11728016444.0712
   986.395    8.2538    4.3601    3.6713   2031.1927    3.2321    11933276298.9532
  1003.674    8.2781    4.3697    3.6790   2033.6229    3.2254    12138521994.9368
  1020.953    8.3042    4.3803    3.6873   2036.1900    3.2189    12343790862.6446
  1038.232    8.3263    4.3886    3.6946   2038.4302    3.2125    12549076592.6603
  1055.511    8.3433    4.3939    3.7003   2040.5372    3.2062    12754313506.0107
  1072.790    8.3603    4.3994    3.7059   2042.6761    3.2002    12959466873.8615
  1090.069    8.3777    4.4050    3.7119   2044.7681    3.1943    13164553914.0981
  1107.348    8.4509    4.4480    3.7326   2052.2028    3.1885    13369999129.2414
  1124.627    8.6093    4.5481    3.7752   2067.0852    3.1825    13576815600.2337
  1141.906    8.7926    4.6648    3.8230   2087.0867    3.1761    13785731141.9494
  1159.185    8.8702    4.7109    3.8440   2089.7088    3.1696    13996115827.2955
  1176.464    8.8877    4.7176    3.8494   2091.6907    3.1631    14206785182.6285
  1193.743    8.9044    4.7219    3.8560   2094.5132    3.1568    14417351118.7451
  1211.022    8.9201    4.7265    3.8617   2096.9677    3.1507    14627834414.7667
  1228.301    8.9358    4.7312    3.8674   2099.3801    3.1448    14838221534.0721
  1245.580    8.9510    4.7359    3.8728   2101.7778    3.1392    15048519526.5084
  1262.859    8.9665    4.7406    3.8785   2104.1859    3.1337    15258743306.5339
  1280.138    8.9816    4.7453    3.8840   2106.5831    3.1286    15468907697.3058
  1297.417    8.9963    4.7499    3.8893   2108.9614    3.1237    15679017230.5753
  1314.696    9.0106    4.7545    3.8943   2111.2208    3.1191    15889075065.6204
  1331.975    9.0254    4.7593    3.8997   2113.5740    3.1147    16099102575.1819
  1349.255    9.0388    4.7639    3.9043   2115.7216    3.1107    16309106239.4541
  1366.534    9.0533    4.7685    3.9095   2117.9799    3.1069    16519098757.2671
  1383.813    9.0881    4.7866    3.9178   2122.8821    3.1035    16729202439.4934
  1401.092    9.1281    4.8078    3.9276   2128.1769    3.1003    16939557947.7574
  1418.371    9.1714    4.8306    3.9392   2134.6622    3.0974    17150271766.4797
  1435.650    9.2122    4.8533    3.9493   2140.4024    3.0948    17361369746.1877
  1452.929    9.2519    4.8755    3.9594   2146.2714    3.0924    17572827322.8626
  1470.208    9.2949    4.8992    3.9710   2152.3869    3.0904    17784704857.7208
  1487.487    9.3358    4.9223    3.9821   2159.1442    3.0886    17997046415.1781
  1504.766    9.3704    4.9416    3.9917   2163.8839    3.0872    18209818162.5068
  1522.045    9.3832    4.9460    3.9962   2165.9733    3.0862    18422868494.5437
  1539.324    9.3958    4.9503    4.0006   2167.9896    3.0856    18636086012.4596
  1556.603    9.4086    4.9549    4.0051   2170.0161    3.0855    18849501759.1506
  1573.882    9.4211    4.9592    4.0095   2172.0278    3.0859    19063147547.3193
  1573.882    4.9305    0.0000    4.0229         nan    3.0859    19063147547.3193
  1592.039    4.9461    0.0000    4.0291         nan    3.0866    19288731404.5041
  1610.197    4.9617    0.0000    4.0353         nan    3.0879    19514713969.9465
  1628.354    4.9774    0.0000    4.0414         nan    3.0897    19741136200.8357
  1646.512    4.9926    0.0000    4.0474         nan    3.0922    19968036526.7832
  1664.669    5.0075    0.0000    4.0533         nan    3.0953    20195451892.1173
  1682.826    5.0223    0.0000    4.0592         nan    3.0991    20423426186.9242
  1700.984    5.0371    0.0000    4.0650         nan    3.1036    20652008607.2220
  1719.141    5.0513    0.0000    4.0706         nan    3.1088    20881243723.1023
  1737.299    5.0654    0.0000    4.0762         nan    3.1148    21111179686.3934
  1737.299    5.1776    0.0000    6.5117         nan    3.1148    21111179686.3934
  1794.271    5.2566    0.0000    6.5536         nan    3.0178    22270448755.4924
  1851.244    5.3312    0.0000    6.5933         nan    2.9196    23400637979.1897
  1908.216    5.4015    0.0000    6.6308         nan    2.8203    24500471363.8870
  1965.189    5.4680    0.0000    6.6663         nan    2.7198    25568747406.0636
  2022.161    5.5307    0.0000    6.6999         nan    2.6184    26604333815.6987
  2079.133    5.5899    0.0000    6.7317         nan    2.5159    27606163034.8196
  2136.106    5.6457    0.0000    6.7617         nan    2.4126    28573228404.8695
  2193.078    5.6983    0.0000    6.7900         nan    2.3084    29504580865.3268
  2250.051    5.7478    0.0000    6.8167         nan    2.2034    30399326085.9597
  2307.023    5.7943    0.0000    6.8419         nan    2.0976    31256621961.6183
  2363.996    5.8380    0.0000    6.8655         nan    1.9911    32075676406.3782
  2420.968    5.8788    0.0000    6.8876         nan    1.8840    32855745394.4179
  2477.941    5.9170    0.0000    6.9083         nan    1.7762    33596131202.9474
  2534.913    5.9525    0.0000    6.9275         nan    1.6678    34296180812.1080
  2591.886    5.9855    0.0000    6.9454         nan    1.5589    34955284417.0959
  2648.858    6.0160    0.0000    6.9620         nan    1.4495    35572874001.8889
  2705.830    6.0440    0.0000    6.9772         nan    1.3396    36148421906.1630
  2762.803    6.0697    0.0000    6.9911         nan    1.2292    36681439287.5275
  2819.775    6.0929    0.0000    7.0038         nan    1.1184    37171474318.8841
  2876.748    6.1139    0.0000    7.0152         nan    1.0072    37618109840.7520
  2933.720    6.1325    0.0000    7.0254         nan    0.8956    38020959937.2514
  2990.693    6.1489    0.0000    7.0343         nan    0.7836    38379664353.6846
  3047.665    6.1631    0.0000    7.0420         nan    0.6711    38693878368.0952
  3104.638    6.1751    0.0000    7.0485         nan    0.5579    38963252317.5926
  3161.610    6.1848    0.0000    7.0539         nan    0.4436    39187384890.9327
  3218.583    6.1924    0.0000    7.0580         nan    0.3265    39365699083.9964
  3275.555    6.1978    0.0000    7.0609         nan    0.2006    39497034210.4810
  3332.528    6.2010    0.0000    7.0627         nan    0.0151    39577752203.4996
  3389.500    6.2021    0.0000    7.0633         nan    0.0000    39583847374.8469
