# Depth[km]  Vp[km/s]  Vs[km/s] Rho[g/cm3]    T[K]     g[m/s2]         P[Pa]        
     0.000    3.4790    2.0909    1.6104    273.1500    3.7291              0.0000
    10.354    3.4790    2.0909    1.6104    312.2218    3.7379       62176557.4416
    10.354    4.7352    2.8459    2.1919    312.2218    3.7379       62176557.4416
    28.620    4.7352    2.8459    2.1919    381.1622    3.7449      211839245.4178
    28.620    6.6128    3.9743    3.0610    381.1622    3.7449      211839245.4178
    41.375    6.6128    3.9743    3.0610    429.2999    3.7406      358049919.7709
    41.375    7.8421    4.4864    3.4768    429.2999    3.7406      358049919.7709
    51.232    7.8380    4.4797    3.4772    466.5028    3.7339      486257507.7879
    61.090    7.8335    4.4728    3.4775    503.7057    3.7272      614248309.1169
    70.947    7.8285    4.4656    3.4778    540.9086    3.7206      742020123.7426
    80.804    7.8234    4.4582    3.4779    578.1114    3.7139      869570700.6374
    90.662    7.8178    4.4507    3.4780    615.3143    3.7073      996898772.1477
   100.519    7.8113    4.4427    3.4779    652.5172    3.7007     1124000398.1153
   110.376    7.8054    4.4350    3.4780    689.7200    3.6942     1250874517.2107
   120.234    7.7996    4.4273    3.4779    726.9229    3.6877     1377523772.8306
   130.091    7.7935    4.4194    3.4779    764.1258    3.6812     1503948119.2967
   139.949    7.7867    4.4112    3.4776    801.3287    3.6747     1630143728.0314
   149.806    7.7806    4.4034    3.4775    838.5315    3.6682     1756110020.8084
   159.663    7.7735    4.3951    3.4771    875.7344    3.6618     1881846670.1881
   169.521    7.7675    4.3872    3.4769    912.9373    3.6554     2007353722.3856
   179.378    7.7606    4.3791    3.4766    950.1402    3.6491     2132632269.0877
   189.235    7.7536    4.3707    3.4761    987.3430    3.6428     2257678663.7755
   199.093    7.7476    4.3629    3.4759   1024.5459    3.6365     2382496194.4900
   208.950    7.7404    4.3546    3.4753   1061.7488    3.6303     2507083165.1114
   218.807    7.7336    4.3464    3.4748   1098.9517    3.6240     2631435692.8831
   228.665    7.7267    4.3381    3.4743   1136.1545    3.6179     2755557513.9381
   238.522    7.7197    4.3297    3.4738   1173.3574    3.6117     2879450842.2274
   248.380    7.7128    4.3216    3.4733   1210.5603    3.6056     3003116416.7176
   258.237    7.7059    4.3134    3.4728   1247.7631    3.5996     3126554689.3230
   268.094    7.6989    4.3052    3.4722   1284.9660    3.5935     3249766513.4510
   277.952    7.6921    4.2970    3.4717   1322.1689    3.5875     3372752697.8384
   287.809    7.6831    4.2878    3.4710   1359.3718    3.5816     3495512559.4317
   297.666    7.6745    4.2789    3.4704   1396.5746    3.5757     3618046088.0303
   307.524    7.6664    4.2701    3.4699   1433.7775    3.5698     3740357353.3611
   317.381    7.6584    4.2614    3.4694   1470.9804    3.5640     3862449743.5015
   327.238    7.6495    4.2523    3.4687   1508.1833    3.5582     3984321801.8902
   337.096    7.6413    4.2435    3.4682   1545.3861    3.5524     4105974863.6683
   346.953    7.6319    4.2342    3.4674   1582.5890    3.5467     4227408631.3530
   356.811    7.6129    4.2211    3.4651   1619.7919    3.5411     4348593294.1405
   366.668    7.6147    4.2162    3.4662   1656.9948    3.5354     4469563375.4569
   376.525    7.6056    4.2070    3.4655   1694.1976    3.5299     4590348717.6343
   386.383    7.5893    4.1950    3.4637   1731.4005    3.5243     4710899614.8695
   396.240    7.5812    4.1862    3.4632   1768.6034    3.5189     4831221138.8499
   406.097    7.5780    4.1792    3.4634   1805.8062    3.5134     4951350615.1574
   415.955    7.5694    4.1701    3.4627   1843.0091    3.5080     5071287450.0315
   425.812    7.5570    4.1596    3.4616   1880.2120    3.5027     5191008677.9462
   435.669    7.5488    4.1507    3.4610   1917.4149    3.4974     5310517111.1648
   458.886    7.5776    4.1581    3.4691   1921.6068    3.4850     5591870387.7096
   482.102    7.6060    4.1655    3.4771   1925.7168    3.4727     5872881768.8003
   505.319    7.6462    4.1775    3.4869   1930.9889    3.4605     6153619521.4733
   528.536    7.6769    4.1860    3.4952   1935.3393    3.4484     6434095653.2468
   551.752    7.7052    4.1935    3.5032   1939.4328    3.4363     6714238942.6611
   574.969    7.7337    4.2013    3.5110   1943.3928    3.4244     6994035742.0656
   598.185    7.7613    4.2087    3.5189   1947.3648    3.4126     7273485246.8100
   621.402    7.7888    4.2161    3.5266   1951.2442    3.4009     7552586698.0749
   644.618    7.8164    4.2237    3.5343   1955.1115    3.3894     7831341040.8903
   667.835    7.8426    4.2306    3.5418   1958.8106    3.3779     8109746315.0341
   691.051    7.8690    4.2376    3.5494   1962.5879    3.3667     8387804869.8617
   714.268    7.8949    4.2447    3.5567   1966.1368    3.3556     8665519339.1675
   737.484    7.9197    4.2512    3.5639   1969.5889    3.3447     8942885637.2153
   760.701    7.9452    4.2581    3.5712   1973.0614    3.3339     9219910632.0096
   783.917    7.9702    4.2648    3.5784   1976.4958    3.3234     9496606225.5131
   807.134    7.9951    4.2716    3.5856   1979.8808    3.3130     9772982008.1648
   830.350    8.0193    4.2780    3.5926   1983.1190    3.3029    10049043791.9547
   853.567    8.0437    4.2845    3.5998   1986.4492    3.2929    10324804746.3252
   876.783    8.0679    4.2911    3.6068   1989.6356    3.2833    10600281100.8987
   900.000    8.0927    4.2981    3.6140   1992.8888    3.2738    10875487613.7513
   916.688    8.1106    4.3032    3.6192   1995.2043    3.2672    11073069077.5541
   933.375    8.1278    4.3079    3.6242   1997.4131    3.2607    11270531160.8705
   950.063    8.1452    4.3128    3.6294   1999.5958    3.2544    11467878389.9150
   966.750    8.1622    4.3175    3.6344   2001.7599    3.2482    11665116519.7029
   983.438    8.1811    4.3233    3.6399   2004.0636    3.2421    11862265781.9424
  1000.126    8.1991    4.3287    3.6453   2006.2107    3.2362    12059342739.4171
  1016.813    8.2161    4.3335    3.6503   2008.3208    3.2305    12256342072.4441
  1033.501    8.2326    4.3380    3.6552   2010.3411    3.2249    12453261468.7619
  1050.189    8.2482    4.3420    3.6599   2012.4054    3.2196    12650099429.3877
  1066.876    8.2821    4.3586    3.6693   2016.0399    3.2143    12846987332.4292
  1083.564    8.3856    4.4230    3.6969   2025.5733    3.2091    13044548409.3787
  1100.251    8.5052    4.4981    3.7286   2038.4868    3.2037    13243375944.3597
  1116.939    8.6024    4.5581    3.7541   2047.7182    3.1982    13443397397.2789
  1133.627    8.6173    4.5616    3.7588   2051.1742    3.1927    13643877264.3548
  1150.314    8.6337    4.5659    3.7638   2053.5627    3.1874    13844272995.7967
  1167.002    8.6492    4.5700    3.7686   2055.7334    3.1824    14044598671.9368
  1183.689    8.6923    4.6030    3.7744   2061.2961    3.1775    14244886242.4568
  1200.377    8.7549    4.6563    3.7813   2065.0310    3.1729    14445205002.4262
  1217.065    8.7736    4.6652    3.7858   2072.2061    3.1684    14645533412.3907
  1233.752    8.7884    4.6693    3.7906   2074.6785    3.1642    14845828380.6897
  1250.440    8.8033    4.6737    3.7953   2077.0853    3.1603    15046110236.4491
  1267.128    8.8182    4.6776    3.8004   2079.3777    3.1566    15246401329.2696
  1283.815    8.8541    4.6943    3.8090   2084.3049    3.1532    15446818192.6194
  1300.503    8.8937    4.7134    3.8185   2089.5086    3.1500    15647491833.7180
  1317.190    8.9315    4.7311    3.8280   2094.7032    3.1469    15848460670.0753
  1333.878    8.9694    4.7492    3.8377   2099.7495    3.1442    16049744156.0917
  1350.566    9.0076    4.7671    3.8480   2105.0340    3.1416    16251375615.4655
  1367.253    9.0475    4.7858    3.8594   2110.7151    3.1393    16453411330.0091
  1383.941    9.0723    4.7965    3.8665   2113.9246    3.1372    16655781264.4876
  1400.628    9.0896    4.7995    3.8740   2115.7700    3.1355    16858400812.4654
  1417.316    9.1059    4.8031    3.8806   2117.8233    3.1340    17061276884.3293
  1434.004    9.1226    4.8066    3.8877   2119.7872    3.1329    17264417882.2368
  1450.691    9.1398    4.8098    3.8954   2121.7480    3.1322    17467872409.8269
  1467.379    9.1577    4.8129    3.9039   2123.7379    3.1317    17671698676.7262
  1484.067    9.2373    4.8544    3.9374   2137.6140    3.1315    17876595272.7215
  1500.754    9.2641    4.8675    3.9466   2143.1761    3.1314    18082591139.2201
  1517.442    9.2914    4.8813    3.9559   2148.6301    3.1317    18289063607.6089
  1534.129    9.3164    4.8938    3.9643   2153.9748    3.1323    18496016672.9033
  1550.817    9.3408    4.9061    3.9725   2159.0544    3.1334    18703447277.5129
  1550.817    4.6652    0.0000    3.9881         nan    3.1334    18703447277.5129
  1564.136    4.6763    0.0000    3.9932         nan    3.1344    18869986815.4810
  1577.454    4.6873    0.0000    3.9982         nan    3.1357    19036789699.3586
  1590.773    4.6983    0.0000    4.0033         nan    3.1372    19203871721.9168
  1604.092    4.7093    0.0000    4.0083         nan    3.1391    19371249246.0851
  1617.411    4.7202    0.0000    4.0133         nan    3.1414    19538938034.0321
  1630.729    4.7307    0.0000    4.0181         nan    3.1439    19706950688.7335
  1644.048    4.7412    0.0000    4.0229         nan    3.1468    19875301705.5231
  1657.367    4.7516    0.0000    4.0277         nan    3.1501    20044010081.7540
  1670.685    4.7621    0.0000    4.0326         nan    3.1537    20213095503.3781
  1670.685    5.1070    0.0000    6.3163         nan    3.1537    20213095503.3781
  1729.955    5.1867    0.0000    6.3603         nan    3.0566    21397856515.6081
  1789.224    5.2620    0.0000    6.4020         nan    2.9581    22553868227.6546
  1848.494    5.3330    0.0000    6.4414         nan    2.8583    23679731844.8722
  1907.763    5.4000    0.0000    6.4787         nan    2.7574    24774130571.3229
  1967.033    5.4633    0.0000    6.5140         nan    2.6554    25835824077.4891
  2026.302    5.5231    0.0000    6.5473         nan    2.5524    26863643891.6924
  2085.572    5.5794    0.0000    6.5789         nan    2.4484    27856489559.9340
  2144.841    5.6325    0.0000    6.6086         nan    2.3435    28813325460.4326
  2204.111    5.6824    0.0000    6.6367         nan    2.2377    29733178202.2259
  2263.380    5.7294    0.0000    6.6631         nan    2.1312    30615134555.9744
  2322.650    5.7735    0.0000    6.6879         nan    2.0239    31458339908.0453
  2381.919    5.8147    0.0000    6.7111         nan    1.9160    32261997258.9918
  2441.189    5.8533    0.0000    6.7328         nan    1.8076    33025366829.4679
  2500.458    5.8891    0.0000    6.7531         nan    1.6986    33747766405.9862
  2559.727    5.9224    0.0000    6.7719         nan    1.5891    34428572651.5632
  2618.997    5.9532    0.0000    6.7893         nan    1.4794    35067223761.0069
  2678.266    5.9815    0.0000    6.8053         nan    1.3694    35663224102.8788
  2737.536    6.0074    0.0000    6.8200         nan    1.2593    36216151950.9332
  2796.805    6.0309    0.0000    6.8333         nan    1.1493    36725672259.3175
  2856.075    6.0520    0.0000    6.8453         nan    1.0397    37191558085.2649
  2915.344    6.0709    0.0000    6.8560         nan    0.9310    37613727641.8969
  2974.614    6.0874    0.0000    6.8654         nan    0.8239    37992311358.3317
  3033.883    6.1018    0.0000    6.8735         nan    0.7199    38327780830.5150
  3093.153    6.1138    0.0000    6.8804         nan    0.6219    38621217243.6620
  3152.422    6.1237    0.0000    6.8860         nan    0.5369    38874931964.0828
  3211.692    6.1313    0.0000    6.8903         nan    0.4853    39094123582.0570
  3270.961    6.1368    0.0000    6.8934         nan    0.5494    39292338080.2882
  3330.231    6.1400    0.0000    6.8953         nan    1.3978    39516825123.2507
  3389.500    6.1411    0.0000    6.8959         nan    0.0000    40088107507.7051
