# Depth[km]  Vp[km/s]  Vs[km/s] Rho[g/cm3]    T[K]     g[m/s2]         P[Pa]        
     0.000    3.8658    2.3178    1.8062    273.1500    3.7291              0.0000
    12.245    3.8658    2.3178    1.8062    319.6938    3.7376       82474093.2685
    12.245    4.8237    2.8921    2.2538    319.6938    3.7376       82474093.2685
    29.076    4.8237    2.8921    2.2538    383.6801    3.7431      224260477.4574
    29.076    6.6000    3.9572    3.0838    383.6801    3.7431      224260477.4574
    44.679    6.6000    3.9572    3.0838    442.9939    3.7376      404362183.4235
    44.679    7.9517    4.5324    3.4842    442.9939    3.7376      404362183.4235
    54.683    7.9462    4.5244    3.4843    481.0220    3.7307      534634387.9618
    64.686    7.9403    4.5163    3.4844    519.0501    3.7239      664669928.9960
    74.690    7.9341    4.5079    3.4843    557.0782    3.7171      794467204.0442
    84.693    7.9276    4.4993    3.4842    595.1063    3.7103      924024531.6979
    94.696    7.9203    4.4905    3.4840    633.1344    3.7035     1053338439.5424
   104.700    7.9136    4.4819    3.4838    671.1625    3.6968     1182408931.0817
   114.703    7.9068    4.4733    3.4836    709.1906    3.6901     1311238087.0602
   124.707    7.8998    4.4645    3.4833    747.2187    3.6834     1439825188.8817
   134.710    7.8922    4.4556    3.4829    785.2468    3.6768     1568168077.7500
   144.714    7.8853    4.4470    3.4827    823.2749    3.6702     1696267319.4510
   154.717    7.8778    4.4382    3.4822    861.3030    3.6636     1824122798.7280
   164.721    7.8704    4.4293    3.4818    899.3311    3.6571     1951733084.4630
   174.724    7.8632    4.4206    3.4813    937.3592    3.6506     2079099426.8297
   184.728    7.8555    4.4117    3.4807    975.3873    3.6441     2206220464.4010
   194.731    7.8482    4.4030    3.4802   1013.4154    3.6376     2333096307.8075
   204.735    7.8407    4.3942    3.4797   1051.4435    3.6312     2459728499.8748
   214.738    7.8333    4.3854    3.4790   1089.4716    3.6249     2586116395.9486
   224.741    7.8259    4.3767    3.4785   1127.4997    3.6186     2712261320.5262
   234.745    7.8182    4.3677    3.4779   1165.5278    3.6123     2838164737.2370
   244.748    7.8112    4.3592    3.4773   1203.5559    3.6060     2963827315.7964
   254.752    7.8042    4.3507    3.4766   1241.5840    3.5998     3089249819.7608
   264.755    7.7967    4.3419    3.4759   1279.6121    3.5936     3214431518.3369
   274.759    7.7889    4.3330    3.4752   1317.6402    3.5875     3339373013.7348
   284.762    7.7818    4.3244    3.4745   1355.6683    3.5814     3464076741.2796
   294.766    7.7739    4.3155    3.4737   1393.6964    3.5753     3588542023.8854
   304.769    7.7669    4.3070    3.4730   1431.7245    3.5693     3712769748.8271
   314.773    7.7594    4.2983    3.4723   1469.7526    3.5634     3836762962.1877
   324.776    7.7523    4.2897    3.4716   1507.7807    3.5574     3960522824.6230
   334.779    7.7445    4.2809    3.4707   1545.8087    3.5516     4084049167.9057
   344.783    7.7370    4.2721    3.4699   1583.8368    3.5457     4207342409.3800
   354.786    7.7294    4.2633    3.4690   1621.8649    3.5399     4330402936.4251
   364.790    7.7221    4.2546    3.4683   1659.8930    3.5342     4453233382.6430
   374.793    7.7152    4.2462    3.4675   1697.9211    3.5285     4575837123.7096
   384.797    7.7069    4.2370    3.4665   1735.9492    3.5228     4698212323.5352
   394.800    7.6994    4.2282    3.4657   1773.9773    3.5172     4820360447.7270
   404.804    7.6914    4.2192    3.4648   1812.0054    3.5117     4942283590.8572
   414.807    7.6844    4.2107    3.4640   1850.0335    3.5062     5063984182.6439
   424.811    7.6765    4.2016    3.4630   1888.0616    3.5007     5185462804.0728
   434.814    7.6684    4.1925    3.4622   1926.0897    3.4953     5306720782.9601
   444.818    7.6592    4.1829    3.4612   1964.1178    3.4900     5427760181.8797
   467.577    7.6871    4.1914    3.4693   1968.5669    3.4779     5702998764.9658
   490.336    7.7144    4.1997    3.4772   1972.9674    3.4659     5977917129.8826
   513.095    7.7420    4.2083    3.4852   1977.2785    3.4540     6252514174.5363
   535.854    7.7670    4.2155    3.4929   1981.5682    3.4421     6526783515.5182
   558.613    7.7917    4.2228    3.5005   1985.7057    3.4304     6800714472.8091
   581.372    7.8166    4.2302    3.5081   1989.8751    3.4188     7074308062.4754
   604.131    7.8411    4.2374    3.5157   1993.9990    3.4073     7347567533.3457
   626.891    7.8646    4.2442    3.5231   1997.9139    3.3960     7620489119.3586
   649.650    7.8880    4.2509    3.5306   2001.8575    3.3847     7893075588.4818
   672.409    7.9119    4.2580    3.5380   2005.8162    3.3736     8165334832.1766
   695.168    7.9352    4.2649    3.5453   2009.5839    3.3627     8437267298.2127
   717.927    7.9579    4.2713    3.5525   2013.3114    3.3519     8708874053.0363
   740.686    7.9804    4.2777    3.5597   2016.9501    3.3413     8980159196.4876
   763.445    8.0041    4.2849    3.5671   2020.6685    3.3309     9251137081.8000
   786.204    8.0261    4.2911    3.5742   2024.2650    3.3206     9521816425.7569
   808.964    8.0494    4.2982    3.5814   2027.7072    3.3105     9792204741.9656
   831.723    8.0714    4.3044    3.5886   2031.1693    3.3007    10062315835.7493
   854.482    8.0942    4.3113    3.5958   2034.6007    3.2910    10332161306.4119
   877.241    8.1172    4.3183    3.6031   2037.9934    3.2816    10601762980.5833
   900.000    8.1401    4.3253    3.6105   2041.2742    3.2724    10871140124.8375
   916.731    8.1574    4.3307    3.6160   2043.6776    3.2658    11068963101.8567
   933.462    8.1748    4.3362    3.6215   2046.1173    3.2593    11266687118.3745
   950.193    8.1924    4.3419    3.6271   2048.4881    3.2529    11464322709.3171
   966.924    8.2104    4.3477    3.6329   2050.8815    3.2467    11661885173.8139
   983.655    8.2298    4.3545    3.6391   2053.4234    3.2407    11859395562.6676
  1000.386    8.2492    4.3613    3.6453   2055.7920    3.2347    12056871026.3190
  1017.117    8.2687    4.3682    3.6516   2058.1986    3.2290    12254324130.1387
  1033.848    8.2893    4.3758    3.6582   2060.6270    3.2233    12451775502.4531
  1050.579    8.3052    4.3805    3.6636   2062.8753    3.2179    12649208210.0751
  1067.309    8.3210    4.3852    3.6688   2065.0000    3.2126    12846591276.6579
  1084.040    8.3365    4.3898    3.6741   2067.2341    3.2075    13043931790.5591
  1100.771    8.3519    4.3944    3.6793   2069.4146    3.2026    13241239683.3682
  1117.502    8.4618    4.4636    3.7088   2081.0293    3.1977    13439174945.5018
  1134.233    8.6193    4.5645    3.7502   2096.2165    3.1926    13638706176.1493
  1150.964    8.7985    4.6801    3.7959   2111.6175    3.1872    13840245676.0538
  1167.695    8.8135    4.6842    3.8011   2114.2125    3.1817    14042799646.8911
  1184.426    8.8280    4.6882    3.8061   2116.6100    3.1763    14245274424.9278
  1201.157    8.8445    4.6928    3.8121   2119.0473    3.1712    14447702960.6906
  1217.888    8.8599    4.6971    3.8175   2121.4416    3.1663    14650109449.6863
  1234.619    8.8752    4.7014    3.8230   2123.8347    3.1617    14852491842.0345
  1251.350    8.8907    4.7057    3.8286   2126.2901    3.1572    15054868311.2636
  1268.081    8.9061    4.7101    3.8342   2128.7116    3.1531    15257256982.0857
  1284.812    8.9213    4.7144    3.8397   2131.1160    3.1491    15459668834.5637
  1301.543    8.9367    4.7188    3.8453   2133.5592    3.1454    15662119550.0500
  1318.274    8.9519    4.7232    3.8509   2135.9929    3.1420    15864628781.5377
  1335.005    8.9668    4.7276    3.8563   2138.4081    3.1389    16067207548.8784
  1351.736    8.9821    4.7320    3.8620   2140.8499    3.1360    16269875186.7938
  1368.467    8.9969    4.7363    3.8674   2143.2876    3.1335    16472650653.1549
  1385.198    9.0243    4.7486    3.8752   2147.1728    3.1312    16675608077.0265
  1401.928    9.0617    4.7673    3.8847   2153.0411    3.1293    16878874077.8204
  1418.659    9.1023    4.7883    3.8952   2158.6480    3.1276    17082537552.6579
  1435.390    9.1418    4.8088    3.9055   2164.5674    3.1262    17286634795.3218
  1452.121    9.1798    4.8287    3.9157   2170.5263    3.1250    17491174800.3095
  1468.852    9.2189    4.8494    3.9263   2176.5668    3.1242    17696182933.7597
  1485.583    9.2580    4.8705    3.9369   2182.7222    3.1237    17901691613.6058
  1502.314    9.2971    4.8919    3.9478   2189.3118    3.1235    18107731195.1114
  1519.045    9.3242    4.9054    3.9560   2192.9332    3.1237    18314258704.7335
  1535.776    9.3379    4.9097    3.9610   2195.1900    3.1243    18521142432.1314
  1552.507    9.3517    4.9141    3.9662   2197.4633    3.1253    18728329763.4674
  1552.507    5.2686    0.0000    3.9911         nan    3.1253    18728329763.4674
  1568.350    5.2804    0.0000    3.9958         nan    3.1264    18926064198.8410
  1584.193    5.2923    0.0000    4.0004         nan    3.1280    19124099513.7994
  1600.036    5.3041    0.0000    4.0051         nan    3.1299    19322463371.5131
  1615.879    5.3159    0.0000    4.0098         nan    3.1324    19521184572.3047
  1631.722    5.3272    0.0000    4.0143         nan    3.1353    19720287902.3183
  1647.565    5.3385    0.0000    4.0188         nan    3.1387    19919799485.2045
  1663.408    5.3497    0.0000    4.0232         nan    3.1427    20119752051.0058
  1679.252    5.3610    0.0000    4.0277         nan    3.1472    20320179683.0235
  1695.095    5.3717    0.0000    4.0320         nan    3.1523    20521112832.3470
  1695.095    5.4679    0.0000    6.4345         nan    3.1523    20521112832.3470
  1753.522    5.5285    0.0000    6.4732         nan    3.0538    21709785049.2588
  1811.950    5.5862    0.0000    6.5101         nan    2.9541    22868051119.8746
  1870.378    5.6409    0.0000    6.5452         nan    2.8534    23994734083.3368
  1928.806    5.6929    0.0000    6.5787         nan    2.7516    25088713459.4824
  1987.233    5.7422    0.0000    6.6105         nan    2.6489    26148922954.9607
  2045.661    5.7889    0.0000    6.6407         nan    2.5452    27174348483.2059
  2104.089    5.8332    0.0000    6.6694         nan    2.4407    28164026454.0026
  2162.517    5.8751    0.0000    6.6966         nan    2.3353    29117042303.3264
  2220.945    5.9147    0.0000    6.7223         nan    2.2292    30032529237.4255
  2279.372    5.9520    0.0000    6.7466         nan    2.1223    30909667176.4730
  2337.800    5.9871    0.0000    6.7695         nan    2.0148    31747681891.4361
  2396.228    6.0201    0.0000    6.7911         nan    1.9066    32545844336.3429
  2454.656    6.0509    0.0000    6.8112         nan    1.7978    33303470192.8215
  2513.083    6.0797    0.0000    6.8301         nan    1.6885    34019919662.6743
  2571.511    6.1065    0.0000    6.8477         nan    1.5786    34694597570.4612
  2629.939    6.1313    0.0000    6.8639         nan    1.4684    35326953884.3006
  2688.367    6.1541    0.0000    6.8789         nan    1.3577    35916484840.0928
  2746.795    6.1750    0.0000    6.8927         nan    1.2468    36462734987.6813
  2805.222    6.1941    0.0000    6.9052         nan    1.1356    36965300725.8259
  2863.650    6.2112    0.0000    6.9165         nan    1.0243    37423836372.0768
  2922.078    6.2265    0.0000    6.9266         nan    0.9130    37838064798.3656
  2980.506    6.2399    0.0000    6.9354         nan    0.8020    38207796813.1077
  3038.933    6.2516    0.0000    6.9431         nan    0.6917    38532968563.9204
  3097.361    6.2614    0.0000    6.9496         nan    0.5831    38813719529.4606
  3155.789    6.2694    0.0000    6.9549         nan    0.4781    39050572976.0965
  3214.217    6.2756    0.0000    6.9590         nan    0.3828    39244917945.4131
  3272.644    6.2801    0.0000    6.9619         nan    0.3212    39400597635.7589
  3331.072    6.2827    0.0000    6.9637         nan    0.4888    39531285857.0207
  3389.500    6.2836    0.0000    6.9643         nan    0.0000    39730181205.9705
