# Depth[km]  Vp[km/s]  Vs[km/s] Rho[g/cm3]    T[K]     g[m/s2]         P[Pa]        
     0.000    3.6885    2.1858    1.6582    273.1500    3.7291              0.0000
    11.047    3.6885    2.1858    1.6582    314.5562    3.7381       68310446.2498
    11.047    4.9254    2.9187    2.2143    314.5562    3.7381       68310446.2498
    27.950    4.9254    2.9187    2.2143    377.9194    3.7442      208225289.3620
    27.950    6.4309    3.8109    2.8911    377.9194    3.7442      208225289.3620
    42.830    6.4309    3.8109    2.8911    433.6981    3.7414      369302557.7889
    42.830    7.9538    4.5346    3.4844    433.6981    3.7414      369302557.7889
    52.768    7.9487    4.5269    3.4846    470.9484    3.7345      498852390.0564
    62.705    7.9431    4.5189    3.4847    508.1986    3.7278      628171377.1346
    72.642    7.9373    4.5109    3.4847    545.4489    3.7210      757257732.4015
    82.580    7.9312    4.5026    3.4847    582.6992    3.7143      886109972.5419
    92.517    7.9250    4.4943    3.4846    619.9494    3.7076     1014727173.4903
   102.454    7.9179    4.4856    3.4844    657.1997    3.7009     1143106766.7208
   112.391    7.9114    4.4772    3.4842    694.4499    3.6942     1271248254.6128
   122.329    7.9050    4.4688    3.4841    731.7002    3.6876     1399153936.5406
   132.266    7.8977    4.4601    3.4838    768.9504    3.6810     1526821450.7942
   142.203    7.8911    4.4517    3.4835    806.2007    3.6745     1654250641.3867
   152.140    7.8843    4.4433    3.4833    843.4509    3.6679     1781443828.9140
   162.078    7.8769    4.4345    3.4828    880.7012    3.6614     1908397497.1863
   172.015    7.8698    4.4259    3.4824    917.9515    3.6550     2035110473.0318
   181.952    7.8632    4.4176    3.4821    955.2017    3.6485     2161586718.8710
   191.889    7.8560    4.4090    3.4816    992.4520    3.6421     2287825643.9868
   201.827    7.8490    4.4005    3.4811   1029.7022    3.6358     2413825262.3773
   211.764    7.8412    4.3917    3.4804   1066.9525    3.6295     2539584077.5952
   221.701    7.8346    4.3833    3.4800   1104.2027    3.6232     2665104651.6705
   231.638    7.8275    4.3748    3.4795   1141.4530    3.6169     2790390712.1592
   241.576    7.8202    4.3662    3.4789   1178.7032    3.6107     2915441382.5211
   251.513    7.8137    4.3580    3.4784   1215.9535    3.6045     3040257516.3444
   261.450    7.8062    4.3492    3.4777   1253.2037    3.5984     3164838363.6289
   271.387    7.7993    4.3408    3.4772   1290.4540    3.5923     3289184747.7531
   281.325    7.7924    4.3324    3.4766   1327.7043    3.5862     3413299871.4704
   291.262    7.7853    4.3240    3.4759   1364.9545    3.5802     3537182960.1701
   301.199    7.7778    4.3153    3.4751   1402.2048    3.5742     3660831952.3609
   311.136    7.7712    4.3071    3.4745   1439.4550    3.5682     3784249868.8442
   321.074    7.7643    4.2987    3.4739   1476.7053    3.5623     3907440480.4009
   331.011    7.7576    4.2904    3.4733   1513.9555    3.5565     4030404906.7437
   340.948    7.7499    4.2817    3.4724   1551.2058    3.5507     4153140651.5464
   350.886    7.7430    4.2733    3.4717   1588.4560    3.5449     4275648565.1326
   360.823    7.7362    4.2649    3.4711   1625.7063    3.5392     4397933786.7481
   370.760    7.7287    4.2563    3.4702   1662.9565    3.5335     4519994654.0106
   380.697    7.7219    4.2479    3.4695   1700.2068    3.5279     4641831623.4835
   390.635    7.7138    4.2390    3.4686   1737.4571    3.5223     4763446375.6661
   400.572    7.7069    4.2306    3.4679   1774.7073    3.5167     4884841144.1587
   410.509    7.6991    4.2218    3.4670   1811.9576    3.5112     5006016961.4199
   420.446    7.6924    4.2134    3.4662   1849.2078    3.5058     5126974531.1869
   430.384    7.6841    4.2043    3.4653   1886.4581    3.5004     5247715272.8768
   440.321    7.6773    4.1959    3.4646   1923.7083    3.4950     5368241668.9742
   463.305    7.7054    4.2044    3.4727   1928.1050    3.4828     5646878445.9548
   486.289    7.7321    4.2124    3.4807   1932.4946    3.4706     5925182494.0269
   509.273    7.7586    4.2203    3.4887   1936.7801    3.4585     6203149240.1296
   532.257    7.7836    4.2277    3.4964   1940.8424    3.4465     6480767335.7489
   555.241    7.8091    4.2352    3.5041   1944.9975    3.4346     6758033623.5851
   578.225    7.8341    4.2427    3.5118   1949.1201    3.4228     7034953242.1854
   601.209    7.8582    4.2497    3.5194   1953.0177    3.4111     7311521669.9318
   624.193    7.8823    4.2568    3.5268   1956.9415    3.3996     7587735434.4413
   647.176    7.9064    4.2637    3.5344   1960.9042    3.3882     7863601477.8378
   670.160    7.9300    4.2707    3.5418   1964.6775    3.3769     8139126004.0034
   693.144    7.9530    4.2773    3.5491   1968.3610    3.3658     8414304887.2689
   716.128    7.9760    4.2839    3.5564   1972.0089    3.3548     8689140063.8728
   739.112    7.9996    4.2909    3.5637   1975.7325    3.3440     8963645674.2687
   762.096    8.0223    4.2975    3.5709   1979.2455    3.3334     9237828192.0305
   785.080    8.0450    4.3041    3.5782   1982.7746    3.3230     9511695769.4494
   808.064    8.0679    4.3109    3.5854   1986.1603    3.3128     9785259606.8274
   831.048    8.0901    4.3173    3.5925   1989.5463    3.3028    10058524661.3640
   854.032    8.1131    4.3242    3.5998   1992.8683    3.2930    10331511006.4352
   877.016    8.1366    4.3315    3.6072   1996.1655    3.2834    10604244524.9838
   900.000    8.1595    4.3384    3.6146   1999.4332    3.2740    10876742242.2750
   916.658    8.1766    4.3437    3.6201   2001.8313    3.2674    11074031518.2661
   933.317    8.1932    4.3488    3.6254   2004.0968    3.2609    11271215056.8552
   949.975    8.2111    4.3547    3.6311   2006.3961    3.2546    11468305243.6984
   966.633    8.2301    4.3611    3.6371   2008.8829    3.2484    11665329115.9763
   983.291    8.2487    4.3676    3.6431   2011.2199    3.2423    11862301556.3031
   999.950    8.2676    4.3741    3.6491   2013.5435    3.2363    12059229788.1232
  1016.608    8.2875    4.3813    3.6555   2015.7945    3.2306    12256133592.6138
  1033.266    8.3076    4.3886    3.6621   2018.1139    3.2249    12453034584.0033
  1049.925    8.3232    4.3933    3.6673   2020.2803    3.2194    12649907200.4144
  1066.583    8.3386    4.3978    3.6725   2022.3988    3.2141    12846723369.8292
  1083.241    8.3541    4.4025    3.6777   2024.4966    3.2090    13043493387.8760
  1099.900    8.4287    4.4474    3.6983   2032.1904    3.2040    13240639584.0462
  1116.558    8.5654    4.5345    3.7347   2045.4370    3.1988    13438998431.1955
  1133.216    8.7249    4.6371    3.7760   2062.5879    3.1934    13639108815.8360
  1149.874    8.8168    4.6936    3.8001   2068.3845    3.1877    13840617920.6016
  1166.533    8.8319    4.6977    3.8054   2070.8070    3.1821    14042550849.9842
  1183.191    8.8461    4.7017    3.8103   2073.1334    3.1768    14244400748.2360
  1199.849    8.8625    4.7062    3.8163   2075.5094    3.1716    14446197814.4304
  1216.508    8.8778    4.7105    3.8217   2077.8220    3.1667    14647967780.6118
  1233.166    8.8933    4.7149    3.8273   2080.1822    3.1619    14849712897.7050
  1249.824    8.9083    4.7190    3.8327   2082.5263    3.1574    15051445761.4411
  1266.483    8.9237    4.7233    3.8383   2084.8794    3.1532    15253180654.3397
  1283.141    8.9391    4.7277    3.8439   2087.2379    3.1491    15454937748.5438
  1299.799    8.9541    4.7320    3.8494   2089.6138    3.1454    15656728661.1817
  1316.457    8.9692    4.7362    3.8549   2091.9466    3.1419    15858566767.1431
  1333.116    8.9843    4.7406    3.8605   2094.3331    3.1386    16060470708.6569
  1349.774    8.9993    4.7451    3.8660   2096.6692    3.1357    16262457770.6251
  1366.432    9.0334    4.7614    3.8750   2101.5416    3.1330    16464634654.2927
  1383.091    9.0730    4.7816    3.8851   2107.1321    3.1306    16667137162.1728
  1399.749    9.1099    4.8002    3.8948   2112.5618    3.1284    16869999433.9848
  1416.407    9.1487    4.8202    3.9049   2118.2167    3.1265    17073237512.1437
  1433.065    9.1872    4.8403    3.9153   2124.1222    3.1249    17276885967.0576
  1449.724    9.2263    4.8611    3.9258   2129.8872    3.1236    17480972567.2119
  1466.382    9.2673    4.8834    3.9370   2135.8983    3.1225    17685536290.2496
  1483.040    9.3061    4.9046    3.9478   2142.3189    3.1218    17890602176.5214
  1499.699    9.3266    4.9135    3.9545   2145.1659    3.1213    18096072736.3378
  1516.357    9.3405    4.9179    3.9596   2147.3502    3.1213    18301823203.4040
  1533.015    9.3542    4.9222    3.9646   2149.5664    3.1217    18507837577.8049
  1549.674    9.3679    4.9267    3.9697   2151.7403    3.1226    18714142672.7292
  1549.674    5.0485    0.0000    3.9842         nan    3.1226    18714142672.7292
  1564.328    5.0612    0.0000    3.9889         nan    3.1236    18896573552.3104
  1578.983    5.0739    0.0000    3.9936         nan    3.1249    19079275778.4997
  1593.638    5.0865    0.0000    3.9984         nan    3.1266    19262270741.0258
  1608.293    5.0992    0.0000    4.0031         nan    3.1286    19445580658.0562
  1622.948    5.1115    0.0000    4.0076         nan    3.1311    19629225147.0887
  1637.603    5.1235    0.0000    4.0121         nan    3.1340    19813223071.5345
  1652.258    5.1356    0.0000    4.0166         nan    3.1374    19997597769.9118
  1666.912    5.1476    0.0000    4.0211         nan    3.1412    20182375283.5311
  1681.567    5.1595    0.0000    4.0255         nan    3.1454    20367580970.4513
  1681.567    5.2345    0.0000    6.3504         nan    3.1454    20367580970.4513
  1740.462    5.3002    0.0000    6.3923         nan    3.0480    21547853057.8861
  1799.356    5.3625    0.0000    6.4321         nan    2.9494    22698906754.0141
  1858.250    5.4216    0.0000    6.4700         nan    2.8495    23819453574.5562
  1917.144    5.4777    0.0000    6.5060         nan    2.7486    24908270158.9217
  1976.038    5.5308    0.0000    6.5402         nan    2.6466    25964195141.0720
  2034.933    5.5810    0.0000    6.5726         nan    2.5436    26986126481.3553
  2093.827    5.6286    0.0000    6.6034         nan    2.4396    27973019193.5116
  2152.721    5.6735    0.0000    6.6325         nan    2.3348    28923883411.6798
  2211.615    5.7159    0.0000    6.6600         nan    2.2291    29837782766.6594
  2270.510    5.7559    0.0000    6.6860         nan    2.1227    30713833045.1258
  2329.404    5.7934    0.0000    6.7104         nan    2.0155    31551201125.1432
  2388.298    5.8286    0.0000    6.7334         nan    1.9077    32349104196.1987
  2447.192    5.8616    0.0000    6.7549         nan    1.7992    33106809289.7033
  2506.087    5.8923    0.0000    6.7750         nan    1.6901    33823633177.6751
  2564.981    5.9209    0.0000    6.7937         nan    1.5806    34498942741.5193
  2623.875    5.9473    0.0000    6.8110         nan    1.4706    35132155986.9596
  2682.769    5.9717    0.0000    6.8270         nan    1.3602    35722743994.4100
  2741.663    5.9939    0.0000    6.8416         nan    1.2496    36270234312.3158
  2800.558    6.0142    0.0000    6.8549         nan    1.1388    36774216695.6108
  2859.452    6.0324    0.0000    6.8669         nan    1.0279    37234352846.9946
  2918.346    6.0487    0.0000    6.8776         nan    0.9173    37650393379.0189
  2977.240    6.0630    0.0000    6.8870         nan    0.8073    38022208623.8718
  3036.135    6.0754    0.0000    6.8951         nan    0.6986    38349847987.8491
  3095.029    6.0858    0.0000    6.9020         nan    0.5925    38633663614.2731
  3153.923    6.0943    0.0000    6.9076         nan    0.4923    38874596407.0193
  3212.817    6.1009    0.0000    6.9120         nan    0.4075    39074939865.1531
  3271.712    6.1057    0.0000    6.9151         nan    0.3762    39240857154.8829
  3330.606    6.1085    0.0000    6.9169         nan    0.7075    39394070229.8554
  3389.500    6.1094    0.0000    6.9176         nan    0.0000    39682300448.2606
