# Depth[km]  Vp[km/s]  Vs[km/s] Rho[g/cm3]    T[K]     g[m/s2]         P[Pa]        
     0.000    3.3571    2.0306    1.5262    273.1500    3.7291              0.0000
    12.048    3.3571    2.0306    1.5262    322.4722    3.7403       68569562.0975
    12.048    4.4723    2.7051    2.0332    322.4722    3.7403       68569562.0975
    26.655    4.4723    2.7051    2.0332    382.2766    3.7478      179652790.3472
    26.655    5.2852    3.1969    2.4028    382.2766    3.7478      179652790.3472
    43.681    5.2852    3.1969    2.4028    451.9805    3.7516      332966816.5051
    43.681    7.9986    4.5450    3.5190    451.9805    3.7516      332966816.5051
    53.253    7.9905    4.5351    3.5186    491.1724    3.7448      459334064.9991
    62.826    7.9822    4.5251    3.5181    530.3642    3.7380      585457897.3664
    72.398    7.9733    4.5148    3.5176    569.5561    3.7313      711337323.5112
    81.971    7.9641    4.5043    3.5170    608.7479    3.7246      836970363.2311
    91.544    7.9550    4.4941    3.5164    647.9398    3.7180      962356508.2952
   101.116    7.9459    4.4837    3.5158    687.1316    3.7113     1087497213.8059
   110.689    7.9368    4.4736    3.5152    726.3235    3.7047     1212392985.7596
   120.262    7.9272    4.4633    3.5144    765.5153    3.6981     1337042193.4213
   129.834    7.9178    4.4531    3.5137    804.7072    3.6916     1461444405.4577
   139.407    7.9083    4.4430    3.5130    843.8990    3.6851     1585600635.6630
   148.980    7.8984    4.4327    3.5121    883.0909    3.6786     1709509289.1197
   158.552    7.8894    4.4228    3.5114    922.2827    3.6722     1833172215.1105
   168.125    7.8796    4.4127    3.5105    961.4745    3.6657     1956589959.1235
   177.698    7.8698    4.4025    3.5096   1000.6664    3.6594     2079761232.9728
   187.270    7.8600    4.3925    3.5087   1039.8582    3.6530     2202686496.1864
   196.843    7.8506    4.3826    3.5078   1079.0501    3.6467     2325366440.7526
   206.415    7.8401    4.3722    3.5067   1118.2419    3.6404     2447799877.8937
   215.988    7.8303    4.3622    3.5058   1157.4338    3.6342     2569987873.4269
   225.561    7.8212    4.3526    3.5049   1196.6256    3.6280     2691934247.0894
   235.133    7.8114    4.3426    3.5039   1235.8175    3.6218     2813639343.1071
   244.706    7.8011    4.3325    3.5029   1275.0093    3.6157     2935102703.6669
   254.279    7.7918    4.3227    3.5019   1314.2012    3.6096     3056325098.8972
   263.851    7.7831    4.3132    3.5009   1353.3930    3.6035     3177308565.2406
   273.424    7.7730    4.3031    3.4997   1392.5849    3.5975     3298051352.2164
   282.997    7.7643    4.2938    3.4987   1431.7767    3.5915     3418555668.6208
   292.569    7.7546    4.2840    3.4976   1470.9686    3.5856     3538823934.4805
   302.142    7.7455    4.2744    3.4965   1510.1604    3.5797     3658855800.9263
   311.715    7.7352    4.2641    3.4953   1549.3523    3.5739     3778652176.8581
   321.287    7.7264    4.2548    3.4943   1588.5441    3.5681     3898215155.2151
   330.860    7.7163    4.2448    3.4931   1627.7359    3.5623     4017545530.3589
   340.433    7.7065    4.2349    3.4920   1666.9278    3.5566     4136642568.7557
   350.005    7.6975    4.2253    3.4909   1706.1196    3.5509     4255510384.1228
   359.578    7.6873    4.2152    3.4897   1745.3115    3.5452     4374149709.7573
   369.150    7.6773    4.2053    3.4884   1784.5033    3.5396     4492558953.9769
   378.723    7.6675    4.1953    3.4873   1823.6952    3.5341     4610740317.1726
   388.296    7.6574    4.1852    3.4860   1862.8870    3.5286     4728695416.6585
   397.868    7.6475    4.1753    3.4848   1902.0789    3.5231     4846424977.3138
   407.441    7.6378    4.1654    3.4836   1941.2707    3.5177     4963931646.1373
   417.014    7.6275    4.1552    3.4823   1980.4626    3.5124     5081216010.7632
   426.586    7.6179    4.1454    3.4810   2019.6544    3.5071     5198278680.1540
   450.257    7.6486    4.1550    3.4899   2024.7176    3.4940     5487622107.2484
   473.928    7.6775    4.1641    3.4985   2029.5939    3.4810     5776612098.8082
   497.598    7.7059    4.1731    3.5069   2034.2652    3.4682     6065230870.9020
   521.269    7.7337    4.1817    3.5154   2038.9930    3.4553     6353473002.2691
   544.940    7.7607    4.1901    3.5236   2043.4683    3.4426     6641331504.6816
   568.610    7.7872    4.1985    3.5318   2047.9139    3.4300     6928798867.8458
   592.281    7.8137    4.2069    3.5398   2052.2080    3.4175     7215872951.6994
   615.952    7.8393    4.2147    3.5479   2056.5634    3.4052     7502554654.8065
   639.622    7.8643    4.2225    3.5558   2060.6851    3.3929     7788842768.2041
   663.293    7.8899    4.2305    3.5638   2064.8462    3.3808     8074738136.3338
   686.964    7.9148    4.2383    3.5716   2068.8191    3.3688     8360246519.8474
   710.635    7.9400    4.2463    3.5796   2072.8163    3.3570     8645374862.9010
   734.305    7.9645    4.2540    3.5874   2076.6466    3.3454     8930130597.4456
   757.976    7.9894    4.2619    3.5953   2080.5878    3.3339     9214521401.2816
   781.647    8.0141    4.2698    3.6032   2084.3098    3.3226     9498557454.9112
   805.317    8.0386    4.2776    3.6111   2087.9373    3.3114     9782249142.9281
   828.988    8.0640    4.2860    3.6192   2091.5832    3.3005    10065618958.8765
   852.659    8.0895    4.2945    3.6274   2095.2630    3.2898    10348688864.7986
   876.329    8.1157    4.3034    3.6358   2098.7612    3.2793    10631484210.5339
   900.000    8.1421    4.3126    3.6443   2102.2329    3.2690    10914031661.6118
   916.743    8.1611    4.3193    3.6504   2104.6684    3.2618    11113652998.2791
   933.485    8.1785    4.3252    3.6560   2107.0729    3.2548    11313159361.1497
   950.228    8.2010    4.3340    3.6633   2109.4863    3.2479    11512588202.9470
   966.970    8.2225    4.3422    3.6703   2111.9530    3.2411    11711980022.8959
   983.713    8.2446    4.3508    3.6774   2114.3512    3.2344    11911336805.7183
  1000.455    8.2680    4.3603    3.6850   2116.8019    3.2278    12110682528.1319
  1017.198    8.2875    4.3672    3.6919   2119.4440    3.2214    12310014327.7948
  1033.941    8.3033    4.3721    3.6975   2121.8262    3.2151    12509285462.8288
  1050.683    8.3243    4.3799    3.7050   2124.6846    3.2090    12708521593.7404
  1067.426    8.3418    4.3858    3.7113   2127.2233    3.2029    12907746920.9869
  1084.168    8.3572    4.3906    3.7168   2129.6044    3.1971    13106914723.6298
  1100.911    8.3723    4.3953    3.7222   2131.8464    3.1914    13306010703.8433
  1117.653    8.3945    4.4048    3.7306   2133.1485    3.1859    13505123351.1304
  1134.396    8.4747    4.4531    3.7537   2140.8200    3.1805    13704732623.5356
  1151.139    8.6261    4.5485    3.7943   2156.2127    3.1748    13905696229.3554
  1167.881    8.8253    4.6763    3.8453   2172.1102    3.1688    14108739772.8667
  1184.624    8.8849    4.7109    3.8614   2178.7591    3.1626    14313176874.4813
  1201.366    8.8988    4.7149    3.8666   2180.9983    3.1565    14517776173.6582
  1218.109    8.9127    4.7190    3.8718   2183.0902    3.1506    14722256871.5699
  1234.851    8.9269    4.7233    3.8771   2185.2276    3.1450    14926631751.0067
  1251.594    8.9404    4.7272    3.8824   2187.0008    3.1395    15130917182.2020
  1268.337    8.9535    4.7309    3.8875   2188.8146    3.1343    15335122017.8273
  1285.079    8.9667    4.7347    3.8926   2190.5884    3.1293    15539256118.9007
  1301.822    8.9797    4.7385    3.8978   2192.2897    3.1245    15743335963.6204
  1318.564    8.9927    4.7421    3.9032   2193.9131    3.1201    15947382009.1104
  1335.307    9.0053    4.7457    3.9083   2195.4819    3.1158    16151409646.3072
  1352.049    9.0183    4.7496    3.9136   2196.9771    3.1119    16355432536.2122
  1368.792    9.0305    4.7528    3.9190   2198.3790    3.1082    16559474397.7825
  1385.535    9.0430    4.7566    3.9240   2199.5629    3.1048    16763547577.4887
  1402.277    9.0549    4.7599    3.9292   2200.7085    3.1018    16967664905.6687
  1419.020    9.0668    4.7627    3.9351   2202.0208    3.0990    17171866519.9494
  1435.762    9.0781    4.7656    3.9403   2203.1187    3.0966    17376174834.0496
  1452.505    9.1093    4.7812    3.9496   2206.3233    3.0945    17580699501.9304
  1469.247    9.1478    4.8018    3.9603   2210.7364    3.0926    17785602927.5101
  1485.990    9.1865    4.8225    3.9718   2215.5576    3.0911    17990959932.7723
  1502.733    9.2268    4.8445    3.9839   2219.8721    3.0898    18196824669.7771
  1519.475    9.2667    4.8668    3.9960   2224.1807    3.0889    18403233640.7993
  1536.218    9.3016    4.8859    4.0072   2228.1869    3.0882    18610180489.1339
  1552.960    9.3130    4.8895    4.0117   2230.5153    3.0880    18817490308.4311
  1552.960    5.0904    0.0000    4.0560         nan    3.0880    18817490308.4311
  1570.625    5.1047    0.0000    4.0617         nan    3.0875    19038899517.0266
  1588.290    5.1191    0.0000    4.0675         nan    3.0876    19260592150.4499
  1605.956    5.1334    0.0000    4.0733         nan    3.0881    19482603552.5406
  1623.621    5.1475    0.0000    4.0790         nan    3.0892    19704967715.4194
  1641.286    5.1611    0.0000    4.0845         nan    3.0909    19927716176.5576
  1658.951    5.1748    0.0000    4.0900         nan    3.0931    20150885511.9231
  1676.616    5.1885    0.0000    4.0955         nan    3.0960    20374518623.2336
  1694.281    5.2016    0.0000    4.1008         nan    3.0995    20598654596.1903
  1711.946    5.2145    0.0000    4.1061         nan    3.1037    20823333580.2363
  1711.946    5.3011    0.0000    6.3970         nan    3.1037    20823333580.2363
  1769.793    5.3669    0.0000    6.4369         nan    3.0068    21975421780.5835
  1827.639    5.4294    0.0000    6.4748         nan    2.9087    23098295138.9089
  1885.486    5.4886    0.0000    6.5108         nan    2.8094    24190751228.0446
  1943.333    5.5448    0.0000    6.5451         nan    2.7091    25251647752.9019
  2001.180    5.5980    0.0000    6.5776         nan    2.6078    26279899297.4843
  2059.026    5.6483    0.0000    6.6085         nan    2.5055    27274474446.2187
  2116.873    5.6960    0.0000    6.6377         nan    2.4023    28234393200.5901
  2174.720    5.7410    0.0000    6.6654         nan    2.2982    29158724617.4412
  2232.566    5.7835    0.0000    6.6916         nan    2.1933    30046584599.3853
  2290.413    5.8235    0.0000    6.7163         nan    2.0875    30897133766.9105
  2348.260    5.8611    0.0000    6.7395         nan    1.9811    31709575331.9988
  2406.106    5.8964    0.0000    6.7613         nan    1.8738    32483152874.6355
  2463.953    5.9294    0.0000    6.7817         nan    1.7659    33217147891.6989
  2521.800    5.9602    0.0000    6.8008         nan    1.6572    33910876941.4649
  2579.646    5.9889    0.0000    6.8186         nan    1.5479    34563688111.3145
  2637.493    6.0153    0.0000    6.8350         nan    1.4378    35174956391.7951
  2695.340    6.0397    0.0000    6.8502         nan    1.3270    35744077284.7749
  2753.186    6.0620    0.0000    6.8641         nan    1.2154    36270457514.6461
  2811.033    6.0823    0.0000    6.8767         nan    1.1029    36753500862.5562
  2868.880    6.1006    0.0000    6.8881         nan    0.9892    37192585493.3936
  2926.727    6.1169    0.0000    6.8982         nan    0.8740    37587025761.4042
  2984.573    6.1312    0.0000    6.9071         nan    0.7565    37936004070.4791
  3042.420    6.1436    0.0000    6.9148         nan    0.6354    38238440820.6118
  3100.267    6.1540    0.0000    6.9214         nan    0.5077    38492724668.8643
  3158.113    6.1626    0.0000    6.9267         nan    0.3664    38696089901.8760
  3215.960    6.1692    0.0000    6.9308         nan    0.1908    38842955031.5960
  3273.807    6.1739    0.0000    6.9338         nan   -0.1033    38919449461.3772
  3331.653    6.1768    0.0000    6.9355         nan   -1.1984    38877997561.3747
  3389.500    6.1777    0.0000    6.9361         nan    0.0000    38397188216.3874
