# Depth[km]  Vp[km/s]  Vs[km/s] Rho[g/cm3]    T[K]     g[m/s2]         P[Pa]        
     0.000    3.5257    2.1309    1.6928    273.1500    3.7291              0.0000
    10.325    3.5257    2.1309    1.6928    313.0277    3.7372       65173074.8649
    10.325    5.4094    3.2694    2.5971    313.0277    3.7372       65173074.8649
    31.541    5.4094    3.2694    2.5971    394.9826    3.7381      271100181.0717
    31.541    6.2835    3.7977    3.0168    394.9826    3.7381      271100181.0717
    48.969    6.2835    3.7977    3.0168    462.3041    3.7328      467639733.5028
    48.969    7.9478    4.5280    3.4840    462.3041    3.7328      467639733.5028
    58.700    7.9420    4.5200    3.4840    499.8907    3.7262      594186038.6369
    68.430    7.9358    4.5118    3.4839    537.4774    3.7195      720505063.5864
    78.161    7.9293    4.5033    3.4838    575.0640    3.7129      846594951.2862
    87.891    7.9227    4.4949    3.4836    612.6507    3.7063      972454915.4069
    97.622    7.9152    4.4860    3.4833    650.2373    3.6997     1098082490.9993
   107.352    7.9083    4.4774    3.4830    687.8240    3.6932     1223477040.5141
   117.083    7.9013    4.4688    3.4828    725.4106    3.6867     1348640888.7891
   126.813    7.8936    4.4599    3.4823    762.9973    3.6802     1473571342.3383
   136.544    7.8866    4.4513    3.4820    800.5839    3.6737     1598268161.9560
   146.274    7.8788    4.4424    3.4815    838.1706    3.6673     1722731697.4714
   156.005    7.8713    4.4336    3.4810    875.7572    3.6609     1846960187.4581
   165.735    7.8639    4.4249    3.4806    913.3439    3.6546     1970954920.7133
   175.466    7.8563    4.4161    3.4800    950.9306    3.6482     2094715956.9316
   185.196    7.8493    4.4076    3.4795    988.5172    3.6419     2218244525.3119
   194.927    7.8417    4.3989    3.4789   1026.1039    3.6357     2341540386.4077
   204.657    7.8337    4.3899    3.4782   1063.6905    3.6295     2464600089.1707
   214.388    7.8261    4.3812    3.4775   1101.2772    3.6233     2587424470.5850
   224.118    7.8182    4.3722    3.4769   1138.8638    3.6171     2710016735.5943
   233.848    7.8109    4.3637    3.4762   1176.4505    3.6110     2832377866.9541
   243.579    7.8036    4.3550    3.4756   1214.0371    3.6049     2954508817.8283
   253.309    7.7960    4.3463    3.4748   1251.6238    3.5989     3076408871.3178
   263.040    7.7882    4.3375    3.4740   1289.2104    3.5929     3198077634.4951
   272.770    7.7815    4.3292    3.4734   1326.7971    3.5869     3319519588.3423
   282.501    7.7731    4.3201    3.4725   1364.3837    3.5810     3440732841.1285
   292.231    7.7660    4.3116    3.4717   1401.9704    3.5751     3561716434.6816
   301.962    7.7590    4.3031    3.4710   1439.5570    3.5692     3682475722.7754
   311.692    7.7515    4.2945    3.4702   1477.1437    3.5634     3803010863.3439
   321.423    7.7433    4.2856    3.4693   1514.7303    3.5576     3923320007.4021
   331.153    7.7363    4.2772    3.4685   1552.3170    3.5519     4043405534.8990
   340.884    7.7288    4.2685    3.4677   1589.9036    3.5462     4163270227.4140
   350.614    7.7205    4.2595    3.4668   1627.4903    3.5406     4282912235.7602
   360.345    7.7132    4.2509    3.4659   1665.0769    3.5350     4402332986.6751
   370.075    7.7052    4.2421    3.4650   1702.6636    3.5294     4521534218.0719
   379.806    7.6977    4.2333    3.4641   1740.2502    3.5239     4640517840.6857
   389.536    7.6893    4.2242    3.4631   1777.8369    3.5185     4759283291.0437
   399.267    7.6826    4.2159    3.4623   1815.4235    3.5131     4877832812.8187
   408.997    7.6736    4.2065    3.4612   1853.0102    3.5077     4996168134.4390
   418.728    7.6666    4.1980    3.4603   1890.5969    3.5024     5114289666.1612
   428.458    7.6574    4.1884    3.4593   1928.1835    3.4971     5232199807.3241
   438.189    7.6491    4.1793    3.4585   1965.7702    3.4919     5349900319.0141
   461.279    7.6778    4.1880    3.4667   1970.3269    3.4796     5629084479.8704
   484.370    7.7058    4.1966    3.4748   1974.8012    3.4673     5907940619.5023
   507.460    7.7334    4.2050    3.4828   1979.1938    3.4552     6186462503.4392
   530.551    7.7594    4.2127    3.4907   1983.5937    3.4432     6464645914.2068
   553.641    7.7842    4.2200    3.4984   1987.7900    3.4313     6742481896.4148
   576.732    7.8096    4.2275    3.5062   1992.0414    3.4194     7019968969.3171
   599.823    7.8341    4.2347    3.5138   1996.0544    3.4077     7297105695.4369
   622.913    7.8591    4.2421    3.5215   2000.2085    3.3962     7573893967.5095
   646.004    7.8828    4.2490    3.5289   2004.1900    3.3847     7850337930.3197
   669.094    7.9071    4.2561    3.5365   2008.2520    3.3734     8126440372.3215
   692.185    7.9302    4.2627    3.5439   2012.0992    3.3623     8402204861.4077
   715.275    7.9537    4.2696    3.5513   2015.8501    3.3513     8677630507.8833
   738.366    7.9763    4.2760    3.5586   2019.6038    3.3405     8952722853.8615
   761.457    7.9996    4.2829    3.5659   2023.3434    3.3298     9227492080.9662
   784.547    8.0231    4.2898    3.5733   2027.0588    3.3194     9501953825.8374
   807.638    8.0462    4.2966    3.5806   2030.6005    3.3091     9776117981.2590
   830.728    8.0689    4.3032    3.5879   2034.0836    3.2991    10049992288.6420
   853.819    8.0920    4.3102    3.5953   2037.5777    3.2892    10323592035.1910
   876.909    8.1153    4.3173    3.6026   2040.9507    3.2796    10596934504.7254
   900.000    8.1386    4.3243    3.6101   2044.3720    3.2703    10870041073.5560
   916.842    8.1559    4.3297    3.6157   2046.8142    3.2636    11069031239.9956
   933.684    8.1734    4.3352    3.6212   2049.2613    3.2570    11267919472.7342
   950.526    8.1912    4.3410    3.6269   2051.6476    3.2506    11466717212.2673
   967.368    8.2092    4.3468    3.6327   2054.0706    3.2444    11665438994.4933
   984.210    8.2289    4.3537    3.6389   2056.6284    3.2382    11864106515.4459
  1001.052    8.2482    4.3604    3.6451   2059.0220    3.2323    12062736691.8528
  1017.894    8.2678    4.3673    3.6515   2061.4462    3.2264    12261340546.9850
  1034.736    8.2889    4.3752    3.6583   2063.8755    3.2207    12459944266.9361
  1051.578    8.3048    4.3799    3.6636   2066.1464    3.2152    12658529031.7006
  1068.420    8.3204    4.3845    3.6688   2068.3140    3.2099    12857058396.3640
  1085.262    8.3360    4.3891    3.6741   2070.5579    3.2047    13055541163.0369
  1102.104    8.3518    4.3939    3.6794   2072.6871    3.1998    13253990527.2202
  1118.946    8.4672    4.4669    3.7103   2084.8997    3.1949    13453107273.7465
  1135.788    8.6255    4.5680    3.7520   2100.2543    3.1897    13653869744.7959
  1152.630    8.7984    4.6794    3.7960   2115.0800    3.1842    13856610088.2103
  1169.472    8.8139    4.6837    3.8014   2117.6493    3.1786    14060327501.6311
  1186.314    8.8280    4.6876    3.8062   2120.0918    3.1733    14263962872.0017
  1203.156    8.8451    4.6924    3.8125   2122.5449    3.1681    14467550867.6864
  1219.998    8.8605    4.6967    3.8180   2124.9980    3.1632    14671122043.5437
  1236.840    8.8759    4.7010    3.8234   2127.3965    3.1585    14874666688.3394
  1253.681    8.8915    4.7054    3.8291   2129.8530    3.1540    15078203558.3737
  1270.523    8.9069    4.7097    3.8346   2132.2816    3.1498    15281750798.2212
  1287.365    8.9223    4.7141    3.8402   2134.7452    3.1458    15485320585.3010
  1304.207    8.9378    4.7185    3.8459   2137.1979    3.1421    15688931363.5847
  1321.049    8.9531    4.7229    3.8515   2139.6647    3.1387    15892600553.5120
  1337.891    8.9675    4.7271    3.8566   2142.0601    3.1355    16096331991.2385
  1354.733    8.9835    4.7318    3.8626   2144.5640    3.1327    16300153686.1296
  1371.575    8.9986    4.7362    3.8682   2147.0021    3.1301    16504094911.9163
  1388.417    9.0284    4.7501    3.8764   2151.3376    3.1279    16708232565.2748
  1405.259    9.0666    4.7693    3.8862   2156.9760    3.1259    16912698215.9496
  1422.101    9.1062    4.7896    3.8964   2162.8421    3.1242    17117561461.6026
  1438.943    9.1449    4.8096    3.9067   2168.8827    3.1228    17322852261.4659
  1455.785    9.1855    4.8312    3.9174   2174.7340    3.1217    17528602995.5223
  1472.627    9.2250    4.8522    3.9281   2180.8148    3.1209    17734843029.3679
  1489.469    9.2649    4.8739    3.9390   2187.0600    3.1204    17941598756.3425
  1506.311    9.3048    4.8958    3.9500   2194.0556    3.1203    18148899152.2491
  1523.153    9.3262    4.9054    3.9569   2196.8790    3.1205    18356660469.3022
  1539.995    9.3401    4.9099    3.9620   2199.1415    3.1211    18564752003.2789
  1556.837    9.3538    4.9143    3.9671   2201.4181    3.1223    18773153678.3939
  1556.837    4.9901    0.0000    4.0236         nan    3.1223    18773153678.3939
  1574.999    5.0062    0.0000    4.0297         nan    3.1231    19001494184.4147
  1593.162    5.0223    0.0000    4.0358         nan    3.1245    19230242525.9474
  1611.324    5.0384    0.0000    4.0419         nan    3.1265    19459439685.9135
  1629.486    5.0540    0.0000    4.0478         nan    3.1291    19689124317.9496
  1647.648    5.0693    0.0000    4.0536         nan    3.1324    19919333265.3675
  1665.811    5.0846    0.0000    4.0593         nan    3.1363    20150110068.7582
  1683.973    5.0999    0.0000    4.0651         nan    3.1409    20381504342.7635
  1702.135    5.1144    0.0000    4.0706         nan    3.1463    20613560477.4144
  1720.298    5.1289    0.0000    4.0761         nan    3.1524    20846325908.8125
  1720.298    5.3106    0.0000    6.5263         nan    3.1524    20846325908.8125
  1777.856    5.3897    0.0000    6.5671         nan    3.0541    22034202687.9739
  1835.415    5.4644    0.0000    6.6058         nan    2.9546    23192031715.4743
  1892.974    5.5350    0.0000    6.6424         nan    2.8540    24318548833.5124
  1950.532    5.6016    0.0000    6.6770         nan    2.7524    25412564106.7099
  2008.091    5.6645    0.0000    6.7097         nan    2.6498    26472956877.6043
  2065.650    5.7239    0.0000    6.7407         nan    2.5462    27498671621.1966
  2123.208    5.7799    0.0000    6.7700         nan    2.4418    28488714466.7204
  2180.767    5.8327    0.0000    6.7977         nan    2.3365    29442150292.4002
  2238.326    5.8824    0.0000    6.8237         nan    2.2305    30358100331.2686
  2295.885    5.9291    0.0000    6.8482         nan    2.1238    31235740243.2255
  2353.443    5.9730    0.0000    6.8713         nan    2.0164    32074298644.6282
  2411.002    6.0141    0.0000    6.8929         nan    1.9085    32873056112.3770
  2468.561    6.0524    0.0000    6.9131         nan    1.8000    33631344717.2270
  2526.119    6.0881    0.0000    6.9319         nan    1.6910    34348548194.1990
  2583.678    6.1213    0.0000    6.9494         nan    1.5817    35024102941.7730
  2641.237    6.1519    0.0000    6.9655         nan    1.4720    35657500170.2847
  2698.796    6.1801    0.0000    6.9804         nan    1.3621    36248289742.8050
  2756.354    6.2058    0.0000    6.9940         nan    1.2521    36796086642.7966
  2813.913    6.2292    0.0000    7.0064         nan    1.1422    37300581722.8696
  2871.472    6.2503    0.0000    7.0176         nan    1.0326    37761559787.7627
  2929.030    6.2691    0.0000    7.0275         nan    0.9237    38178930927.4948
  2986.589    6.2856    0.0000    7.0362         nan    0.8162    38552787281.2935
  3044.148    6.2998    0.0000    7.0438         nan    0.7113    38883512245.7333
  3101.706    6.3118    0.0000    7.0501         nan    0.6114    39172007858.5308
  3159.265    6.3216    0.0000    7.0553         nan    0.5227    39420220569.8986
  3216.824    6.3292    0.0000    7.0594         nan    0.4624    39632545171.9503
  3274.383    6.3347    0.0000    7.0622         nan    0.5006    39820451007.7676
  3331.941    6.3379    0.0000    7.0640         nan    1.2068    40023965599.4632
  3389.500    6.3390    0.0000    7.0645         nan    0.0000    40514655296.4303
