# Depth[km]  Vp[km/s]  Vs[km/s] Rho[g/cm3]    T[K]     g[m/s2]         P[Pa]        
     0.000    3.7636    2.2308    1.6870    273.1500    3.7291              0.0000
    12.121    3.7636    2.2308    1.6870    321.4138    3.7387       76249812.1133
    12.121    4.8947    2.9013    2.1940    321.4138    3.7387       76249812.1133
    29.214    4.8947    2.9013    2.1940    389.4813    3.7452      216456295.0528
    29.214    5.9530    3.5286    2.6684    389.4813    3.7452      216456295.0528
    44.728    5.9530    3.5286    2.6684    451.2621    3.7451      371497249.1378
    44.728    7.9592    4.5357    3.5034    451.2621    3.7451      371497249.1378
    54.400    7.9518    4.5264    3.5033    489.7786    3.7384      498401146.2512
    64.072    7.9441    4.5170    3.5030    528.2951    3.7317      625068266.5937
    73.744    7.9358    4.5071    3.5027    566.8117    3.7250      751497316.8288
    83.416    7.9276    4.4975    3.5024    605.3282    3.7183      877687917.5279
    93.088    7.9185    4.4874    3.5018    643.8447    3.7117     1003637342.8540
   102.761    7.9098    4.4775    3.5014    682.3612    3.7051     1129345045.9932
   112.433    7.9011    4.4677    3.5010    720.8778    3.6985     1254813953.3781
   122.105    7.8917    4.4577    3.5004    759.3943    3.6919     1380041858.2196
   131.777    7.8829    4.4479    3.4999    797.9108    3.6854     1505028556.1934
   141.449    7.8734    4.4380    3.4993    836.4273    3.6789     1629774178.0205
   151.121    7.8641    4.4280    3.4987    874.9439    3.6724     1754277770.9461
   160.793    7.8547    4.4182    3.4980    913.4604    3.6660     1878540902.1900
   170.466    7.8449    4.4081    3.4973    951.9769    3.6596     2002561942.6812
   180.138    7.8355    4.3983    3.4966    990.4934    3.6533     2126340884.2969
   189.810    7.8260    4.3885    3.4959   1029.0100    3.6469     2249879335.7596
   199.482    7.8160    4.3784    3.4950   1067.5265    3.6406     2373176253.6175
   209.154    7.8059    4.3683    3.4942   1106.0430    3.6344     2496230750.6314
   218.826    7.7964    4.3585    3.4934   1144.5595    3.6282     2619045731.7318
   228.498    7.7865    4.3485    3.4926   1183.0761    3.6220     2741622296.8300
   238.170    7.7769    4.3387    3.4918   1221.5926    3.6158     2863961213.8796
   247.843    7.7659    4.3284    3.4907   1260.1091    3.6097     2986058698.5507
   257.515    7.7568    4.3187    3.4899   1298.6257    3.6036     3107916532.3960
   267.187    7.7474    4.3092    3.4890   1337.1422    3.5976     3229540427.8768
   276.859    7.7383    4.2996    3.4881   1375.6587    3.5916     3350929108.5338
   286.531    7.7287    4.2899    3.4871   1414.1752    3.5857     3472082774.3500
   296.203    7.7189    4.2801    3.4862   1452.6918    3.5797     3593002389.3658
   305.875    7.7100    4.2707    3.4852   1491.2083    3.5739     3713690243.3605
   315.547    7.6998    4.2608    3.4841   1529.7248    3.5680     3834144766.2469
   325.220    7.6903    4.2511    3.4832   1568.2413    3.5622     3954367537.4504
   334.892    7.6800    4.2411    3.4821   1606.7579    3.5565     4074360941.5443
   344.564    7.6708    4.2316    3.4812   1645.2744    3.5508     4194126546.3954
   354.236    7.6603    4.2215    3.4801   1683.7909    3.5451     4313664513.5121
   363.908    7.6503    4.2116    3.4790   1722.3074    3.5395     4432974761.3266
   373.580    7.6408    4.2019    3.4780   1760.8240    3.5339     4552060347.2456
   383.252    7.6305    4.1919    3.4770   1799.3405    3.5284     4670923228.4386
   392.924    7.6200    4.1818    3.4758   1837.8570    3.5229     4789563546.2388
   402.597    7.6101    4.1720    3.4748   1876.3735    3.5175     4907982327.5559
   412.269    7.5999    4.1620    3.4737   1914.8901    3.5121     5026182473.0157
   421.941    7.5894    4.1517    3.4726   1953.4066    3.5068     5144164685.1203
   431.613    7.5785    4.1415    3.4714   1991.9231    3.5015     5261929067.5465
   455.032    7.6113    4.1513    3.4804   1996.8425    3.4888     5546962842.8151
   478.452    7.6428    4.1606    3.4892   2001.7375    3.4762     5831687120.2823
   501.871    7.6723    4.1693    3.4976   2006.4259    3.4636     6116082601.1358
   525.290    7.7023    4.1782    3.5061   2010.9717    3.4511     6400138494.7507
   548.710    7.7312    4.1868    3.5144   2015.4427    3.4387     6683850950.5969
   572.129    7.7589    4.1949    3.5226   2019.7642    3.4265     6967207706.2408
   595.548    7.7858    4.2028    3.5306   2023.9554    3.4143     7250200578.5607
   618.968    7.8132    4.2109    3.5387   2028.1269    3.4022     7532831202.8796
   642.387    7.8401    4.2189    3.5467   2032.2625    3.3903     7815104077.2978
   665.806    7.8662    4.2266    3.5545   2036.3271    3.3785     8097018096.8791
   689.226    7.8925    4.2344    3.5624   2040.2399    3.3669     8378573846.0520
   712.645    7.9180    4.2419    3.5701   2043.9860    3.3554     8659771553.9839
   736.065    7.9433    4.2494    3.5779   2047.7681    3.3441     8940617507.6674
   759.484    7.9692    4.2574    3.5857   2051.5248    3.3329     9221125573.1240
   782.903    7.9946    4.2650    3.5935   2055.1677    3.3219     9501305996.9003
   806.323    8.0195    4.2726    3.6011   2058.6931    3.3111     9781163292.3060
   829.742    8.0451    4.2805    3.6090   2062.1987    3.3005    10060713438.9563
   853.161    8.0716    4.2891    3.6170   2065.7877    3.2901    10339981329.3871
   876.581    8.0969    4.2970    3.6249   2069.1285    3.2799    10618984173.2361
   900.000    8.1235    4.3057    3.6332   2072.4562    3.2700    10897747031.8845
   917.100    8.1429    4.3121    3.6393   2074.9119    3.2629    11101071493.3634
   934.200    8.1628    4.3190    3.6454   2077.3108    3.2559    11304294706.4197
   951.300    8.1838    4.3263    3.6519   2079.7108    3.2490    11507435219.1280
   968.400    8.2051    4.3340    3.6587   2082.1913    3.2423    11710515754.1575
   985.499    8.2252    4.3411    3.6651   2084.5672    3.2357    11913539927.6009
  1002.599    8.2501    4.3509    3.6730   2087.0122    3.2292    12116545748.2847
  1019.699    8.2734    4.3599    3.6803   2089.5011    3.2228    12319566464.3898
  1036.799    8.3009    4.3713    3.6892   2092.1031    3.2166    12522635427.1737
  1053.899    8.3179    4.3766    3.6949   2094.3111    3.2106    12725712038.5482
  1070.999    8.3352    4.3822    3.7007   2096.4424    3.2047    12928720942.8108
  1088.099    8.3525    4.3879    3.7065   2098.6189    3.1990    13131675843.9144
  1105.199    8.3693    4.3932    3.7122   2100.8012    3.1934    13334582712.8364
  1122.299    8.4472    4.4395    3.7340   2108.9106    3.1880    13537891356.4906
  1139.398    8.6124    4.5440    3.7781   2124.3269    3.1824    13742651892.3311
  1156.498    8.8156    4.6742    3.8305   2143.8595    3.1763    13949674433.7855
  1173.598    8.8614    4.6994    3.8431   2146.3503    3.1701    14158065972.1766
  1190.698    8.8769    4.7043    3.8484   2148.6582    3.1640    14366532506.8653
  1207.798    8.8932    4.7086    3.8548   2151.5115    3.1581    14574916520.9630
  1224.898    8.9087    4.7132    3.8604   2154.0121    3.1524    14783238930.8581
  1241.998    8.9240    4.7179    3.8659   2156.4631    3.1470    14991486534.0262
  1259.098    8.9393    4.7226    3.8714   2158.9143    3.1418    15199669705.3299
  1276.198    8.9544    4.7273    3.8769   2161.3843    3.1368    15407804241.2504
  1293.297    8.9690    4.7318    3.8820   2163.7236    3.1321    15615895105.2253
  1310.397    8.9841    4.7366    3.8876   2166.2154    3.1276    15823959807.0229
  1327.497    8.9983    4.7412    3.8925   2168.4432    3.1235    16032008098.7963
  1344.597    9.0128    4.7459    3.8979   2170.9646    3.1196    16240053927.0886
  1361.697    9.0272    4.7505    3.9031   2173.3681    3.1160    16448124743.2178
  1378.797    9.0402    4.7550    3.9075   2175.5419    3.1128    16656212777.0799
  1395.897    9.0544    4.7596    3.9124   2177.7506    3.1098    16864332519.4921
  1412.997    9.0903    4.7784    3.9211   2182.7471    3.1072    17072618830.6912
  1430.097    9.1337    4.8015    3.9325   2189.2013    3.1049    17281262328.8077
  1447.196    9.1715    4.8220    3.9417   2194.8151    3.1028    17490295125.7758
  1464.296    9.2124    4.8449    3.9518   2200.7270    3.1011    17699702490.3976
  1481.396    9.2530    4.8668    3.9629   2207.2429    3.0996    17909553138.6782
  1498.496    9.2944    4.8903    3.9737   2213.3901    3.0985    18119885536.4046
  1515.596    9.3375    4.9152    3.9850   2220.0038    3.0977    18330729227.8486
  1532.696    9.3682    4.9318    3.9939   2224.8034    3.0973    18542056393.6073
  1549.796    9.3809    4.9363    3.9984   2226.6097    3.0973    18753708377.1367
  1566.896    9.3934    4.9407    4.0027   2228.7175    3.0978    18965591677.3579
  1566.896    5.0030    0.0000    4.0191         nan    3.0978    18965591677.3579
  1583.117    5.0150    0.0000    4.0244         nan    3.0985    19167686146.2193
  1599.338    5.0270    0.0000    4.0298         nan    3.0996    19370094533.8065
  1615.560    5.0391    0.0000    4.0352         nan    3.1012    19572845925.4590
  1631.781    5.0511    0.0000    4.0405         nan    3.1032    19775969915.3101
  1648.002    5.0625    0.0000    4.0456         nan    3.1058    19979492139.0092
  1664.224    5.0740    0.0000    4.0508         nan    3.1089    20183440479.4698
  1680.445    5.0855    0.0000    4.0559         nan    3.1125    20387849666.2182
  1696.666    5.0968    0.0000    4.0610         nan    3.1167    20592754477.1383
  1712.888    5.1077    0.0000    4.0659         nan    3.1215    20798186895.3261
  1712.888    5.2242    0.0000    6.4197         nan    3.1215    20798186895.3261
  1770.702    5.2748    0.0000    6.4612         nan    3.0248    21960461733.5405
  1828.516    5.3230    0.0000    6.5009         nan    2.9270    23093852020.3115
  1886.330    5.3688    0.0000    6.5388         nan    2.8280    24197150057.3191
  1944.145    5.4124    0.0000    6.5751         nan    2.7279    25269199795.8463
  2001.959    5.4538    0.0000    6.6096         nan    2.6268    26308895545.3177
  2059.773    5.4930    0.0000    6.6425         nan    2.5247    27315180901.3737
  2117.587    5.5303    0.0000    6.6738         nan    2.4217    28287047869.5833
  2175.401    5.5655    0.0000    6.7036         nan    2.3178    29223536170.0280
  2233.216    5.5988    0.0000    6.7318         nan    2.2131    30123732720.4295
  2291.030    5.6303    0.0000    6.7585         nan    2.1076    30986771299.6558
  2348.844    5.6599    0.0000    6.7837         nan    2.0014    31811832409.5142
  2406.658    5.6877    0.0000    6.8074         nan    1.8945    32598143364.5153
  2464.473    5.7137    0.0000    6.8297         nan    1.7870    33344978664.6821
  2522.287    5.7381    0.0000    6.8506         nan    1.6789    34051660739.4440
  2580.101    5.7607    0.0000    6.8700         nan    1.5704    34717561208.4200
  2637.915    5.7817    0.0000    6.8881         nan    1.4614    35342102892.7390
  2695.729    5.8010    0.0000    6.9047         nan    1.3520    35924762965.0048
  2753.544    5.8187    0.0000    6.9200         nan    1.2425    36465077902.3519
  2811.358    5.8348    0.0000    6.9339         nan    1.1328    36962651411.2355
  2869.172    5.8493    0.0000    6.9465         nan    1.0232    37417167477.5220
  2926.986    5.8622    0.0000    6.9577         nan    0.9140    37828412709.8070
  2984.800    5.8736    0.0000    6.9676         nan    0.8056    38196316554.1968
  3042.615    5.8834    0.0000    6.9762         nan    0.6990    38521028401.1409
  3100.429    5.8917    0.0000    6.9834         nan    0.5958    38803077863.1845
  3158.243    5.8985    0.0000    6.9893         nan    0.5005    39043745100.0361
  3216.057    5.9038    0.0000    6.9939         nan    0.4252    39246049368.4447
  3273.872    5.9076    0.0000    6.9972         nan    0.4195    39418006128.3448
  3331.686    5.9098    0.0000    6.9991         nan    0.8864    39587752225.8000
  3389.500    5.9106    0.0000    6.9998         nan    0.0000    39946449771.2148
