# Depth[km]  Vp[km/s]  Vs[km/s] Rho[g/cm3]    T[K]     g[m/s2]         P[Pa]        
     0.000    3.7918    2.2577    1.7738    273.1500    3.7291              0.0000
    12.379    3.7918    2.2577    1.7738    322.1037    3.7380       81886851.0965
    12.379    4.2717    2.5434    1.9983    322.1037    3.7380       81886851.0965
    27.093    4.2717    2.5434    1.9983    380.2933    3.7460      191794566.1490
    27.093    5.6169    3.3443    2.6277    380.2933    3.7460      191794566.1490
    42.727    5.6169    3.3443    2.6277    442.1228    3.7465      345684060.4085
    42.727    7.9615    4.5380    3.5036    442.1228    3.7465      345684060.4085
    52.914    7.9539    4.5284    3.5035    482.4074    3.7394      479388837.9684
    63.100    7.9459    4.5185    3.5033    522.6920    3.7323      612832724.5958
    73.286    7.9376    4.5084    3.5030    562.9766    3.7252      746014321.8415
    83.472    7.9289    4.4982    3.5026    603.2612    3.7182      878932100.1633
    93.659    7.9196    4.4878    3.5021    643.5458    3.7112     1011583005.8369
   103.845    7.9105    4.4774    3.5017    683.8304    3.7042     1143967096.4718
   114.031    7.9015    4.4673    3.5013    724.1150    3.6973     1276087208.2003
   124.218    7.8917    4.4567    3.5007    764.3996    3.6904     1407940960.4287
   134.404    7.8828    4.4467    3.5002    804.6842    3.6835     1539528567.4720
   144.590    7.8728    4.4362    3.4996    844.9688    3.6767     1670850755.9407
   154.777    7.8626    4.4256    3.4989    885.2534    3.6699     1801903474.2406
   164.963    7.8535    4.4156    3.4983    925.5381    3.6631     1932689908.0649
   175.149    7.8435    4.4052    3.4976    965.8227    3.6564     2063211471.0935
   185.335    7.8337    4.3950    3.4969   1006.1073    3.6497     2193466699.8607
   195.522    7.8235    4.3846    3.4960   1046.3919    3.6431     2323455278.1508
   205.708    7.8134    4.3742    3.4953   1086.6765    3.6365     2453176874.8595
   215.894    7.8033    4.3638    3.4945   1126.9611    3.6299     2582633515.6513
   226.081    7.7931    4.3534    3.4936   1167.2457    3.6233     2711825979.7461
   236.267    7.7825    4.3429    3.4927   1207.5303    3.6169     2840752999.5513
   246.453    7.7724    4.3327    3.4918   1247.8149    3.6104     2969415666.7189
   256.640    7.7621    4.3222    3.4909   1288.0995    3.6040     3097816292.8097
   266.826    7.7530    4.3125    3.4901   1328.3841    3.5976     3225956932.1769
   277.012    7.7428    4.3024    3.4890   1368.6687    3.5913     3353836635.4703
   287.198    7.7333    4.2923    3.4881   1408.9533    3.5850     3481455822.4009
   297.385    7.7232    4.2821    3.4872   1449.2379    3.5788     3608817912.5630
   307.571    7.7131    4.2718    3.4861   1489.5225    3.5726     3735922324.1160
   317.757    7.7034    4.2619    3.4851   1529.8071    3.5665     3862769979.0529
   327.944    7.6932    4.2517    3.4841   1570.0917    3.5604     3989361764.7837
   338.130    7.6829    4.2414    3.4830   1610.3763    3.5543     4115699392.1873
   348.316    7.6728    4.2312    3.4820   1650.6609    3.5483     4241785580.7153
   358.503    7.6627    4.2210    3.4810   1690.9455    3.5424     4367621670.3141
   368.689    7.6520    4.2106    3.4798   1731.2301    3.5364     4493207097.8782
   378.875    7.6426    4.2007    3.4789   1771.5147    3.5306     4618545467.1994
   389.061    7.6313    4.1900    3.4778   1811.7993    3.5248     4743638765.1594
   399.248    7.6209    4.1797    3.4766   1852.0839    3.5190     4868484758.3359
   409.434    7.6103    4.1692    3.4755   1892.3685    3.5133     4993087051.2758
   419.620    7.5992    4.1586    3.4744   1932.6531    3.5077     5117448098.7019
   429.807    7.5889    4.1481    3.4733   1972.9377    3.5021     5241570099.7612
   439.993    7.5782    4.1378    3.4722   2013.2223    3.4965     5365454718.9681
   450.179    7.5680    4.1275    3.4711   2053.5069    3.4911     5489102977.4420
   472.670    7.5992    4.1367    3.4797   2058.3989    3.4790     5761980138.5641
   495.161    7.6287    4.1454    3.4880   2063.1590    3.4671     6034581230.2351
   517.652    7.6577    4.1539    3.4962   2067.7407    3.4552     6306891435.6531
   540.143    7.6860    4.1623    3.5044   2072.3443    3.4434     6578904346.4802
   562.634    7.7140    4.1706    3.5124   2076.7422    3.4317     6850615168.5838
   585.126    7.7400    4.1780    3.5202   2081.1201    3.4201     7122014825.7286
   607.617    7.7674    4.1862    3.5281   2085.3021    3.4086     7393103502.7599
   630.108    7.7932    4.1938    3.5358   2089.3866    3.3973     7663877222.7837
   652.599    7.8193    4.2017    3.5434   2093.4045    3.3860     7934331050.4850
   675.090    7.8444    4.2089    3.5511   2097.5065    3.3749     8204472067.6040
   697.581    7.8696    4.2164    3.5586   2101.3399    3.3639     8474302382.0354
   720.072    7.8945    4.2238    3.5662   2105.2494    3.3531     8743827086.5164
   742.563    7.9196    4.2314    3.5738   2109.0652    3.3424     9013054597.1297
   765.054    7.9441    4.2387    3.5812   2112.6735    3.3318     9281987637.6965
   787.545    7.9690    4.2463    3.5888   2116.3977    3.3215     9550637435.8705
   810.036    7.9937    4.2539    3.5964   2119.9482    3.3113     9819016854.1560
   832.527    8.0173    4.2610    3.6037   2123.4241    3.3013    10087125770.9922
   855.018    8.0429    4.2691    3.6115   2126.8526    3.2915    10354986094.5817
   877.509    8.0685    4.2774    3.6194   2130.4126    3.2819    10622631167.8192
   900.000    8.0935    4.2854    3.6272   2133.7038    3.2725    10890073282.4532
   916.999    8.1131    4.2919    3.6332   2136.1992    3.2655    11092017889.1847
   933.998    8.1316    4.2979    3.6390   2138.7040    3.2587    11293860901.8807
   950.998    8.1536    4.3058    3.6458   2141.2393    3.2520    11495630490.8136
   967.997    8.1744    4.3132    3.6524   2143.6857    3.2454    11697355846.0953
   984.996    8.1968    4.3215    3.6594   2146.2295    3.2389    11899046643.4056
  1001.995    8.2199    4.3302    3.6666   2148.7168    3.2326    12100728615.3639
  1018.994    8.2435    4.3394    3.6742   2151.2436    3.2265    12302425792.8673
  1035.993    8.2689    4.3497    3.6822   2153.8533    3.2204    12504165379.5530
  1052.993    8.2881    4.3563    3.6885   2156.2861    3.2145    12705918341.0476
  1069.992    8.3069    4.3626    3.6948   2158.5848    3.2088    12907644393.7112
  1086.991    8.3240    4.3681    3.7005   2160.8094    3.2032    13109336865.0629
  1103.990    8.3411    4.3737    3.7062   2163.0843    3.1979    13310991646.8748
  1120.989    8.3580    4.3792    3.7120   2165.3231    3.1927    13512621923.9309
  1137.988    8.4294    4.4210    3.7320   2172.7588    3.1876    13714625755.8921
  1154.988    8.6030    4.5312    3.7780   2189.3476    3.1823    13918096013.7044
  1171.987    8.8150    4.6675    3.8320   2209.3505    3.1767    14123936500.8705
  1188.986    8.8472    4.6836    3.8413   2211.8863    3.1708    14331118776.3199
  1205.985    8.8630    4.6885    3.8468   2214.2658    3.1651    14538315956.0154
  1222.984    8.8791    4.6929    3.8531   2217.1779    3.1597    14745458961.2021
  1239.983    8.8945    4.6975    3.8585   2219.7034    3.1544    14952561060.0417
  1256.983    8.9097    4.7022    3.8640   2222.2604    3.1494    15159614016.8339
  1273.982    8.9247    4.7069    3.8693   2224.7057    3.1447    15366626674.6665
  1290.981    8.9384    4.7115    3.8739   2227.0222    3.1402    15573591595.2247
  1307.980    8.9537    4.7161    3.8794   2229.4901    3.1360    15780530688.2952
  1324.979    8.9682    4.7209    3.8844   2231.8064    3.1320    15987470611.5267
  1341.978    8.9829    4.7255    3.8895   2234.1382    3.1284    16194419632.5300
  1358.978    8.9967    4.7303    3.8943   2236.4245    3.1250    16401388511.6581
  1375.977    9.0118    4.7347    3.9007   2239.6362    3.1220    16608431618.4314
  1392.976    9.0260    4.7394    3.9057   2241.9549    3.1192    16815575297.8134
  1409.975    9.0390    4.7438    3.9100   2244.1981    3.1168    17022785780.7024
  1426.974    9.0522    4.7484    3.9146   2246.4280    3.1148    17230073747.5910
  1443.973    9.0861    4.7655    3.9237   2251.6216    3.1131    17437587958.1682
  1460.973    9.1246    4.7858    3.9336   2257.1369    3.1117    17645491670.4795
  1477.972    9.1640    4.8067    3.9448   2261.4859    3.1106    17853860120.5388
  1494.971    9.2041    4.8278    3.9564   2266.2411    3.1099    18062761173.1622
  1511.970    9.2421    4.8480    3.9679   2270.9140    3.1094    18272223664.2653
  1528.969    9.2826    4.8702    3.9804   2275.6176    3.1093    18482291407.2261
  1545.968    9.3158    4.8879    3.9911   2279.5915    3.1096    18692962876.6566
  1562.968    9.3285    4.8923    3.9955   2281.5050    3.1103    18904048803.6440
  1562.968    4.9005    0.0000    4.0092         nan    3.1103    18904048803.6440
  1576.811    4.9098    0.0000    4.0139         nan    3.1110    19076772229.7057
  1590.654    4.9191    0.0000    4.0187         nan    3.1121    19249743033.0723
  1604.497    4.9285    0.0000    4.0235         nan    3.1135    19422979206.9507
  1618.341    4.9378    0.0000    4.0283         nan    3.1153    19596499414.2256
  1632.184    4.9470    0.0000    4.0329         nan    3.1174    19770321008.5502
  1646.027    4.9559    0.0000    4.0375         nan    3.1198    19944459643.4796
  1659.871    4.9648    0.0000    4.0421         nan    3.1227    20118933791.5639
  1673.714    4.9737    0.0000    4.0466         nan    3.1260    20293765194.6127
  1687.557    4.9826    0.0000    4.0512         nan    3.1296    20468976410.2727
  1687.557    5.1613    0.0000    6.3304         nan    3.1296    20468976410.2727
  1746.245    5.2087    0.0000    6.3731         nan    3.0332    21635611376.7472
  1804.933    5.2537    0.0000    6.4140         nan    2.9356    22773749039.8010
  1863.620    5.2965    0.0000    6.4532         nan    2.8367    23882136289.7111
  1922.308    5.3373    0.0000    6.4906         nan    2.7367    24959570341.8863
  1980.996    5.3760    0.0000    6.5264         nan    2.6356    26004897754.3200
  2039.683    5.4127    0.0000    6.5604         nan    2.5335    27017013626.3155
  2098.371    5.4475    0.0000    6.5929         nan    2.4304    27994860957.1063
  2157.059    5.4804    0.0000    6.6238         nan    2.3263    28937430145.2223
  2215.746    5.5115    0.0000    6.6531         nan    2.2214    29843758625.3151
  2274.434    5.5409    0.0000    6.6809         nan    2.1157    30712930634.4333
  2333.122    5.5686    0.0000    6.7071         nan    2.0091    31544077115.7472
  2391.809    5.5945    0.0000    6.7318         nan    1.9019    32336375774.8173
  2450.497    5.6189    0.0000    6.7551         nan    1.7939    33089051316.2004
  2509.185    5.6416    0.0000    6.7768         nan    1.6853    33801375910.2575
  2567.872    5.6627    0.0000    6.7971         nan    1.5762    34472669972.6136
  2626.560    5.6823    0.0000    6.8160         nan    1.4666    35102303394.9442
  2685.248    5.7003    0.0000    6.8334         nan    1.3565    35689697453.7053
  2743.935    5.7168    0.0000    6.8494         nan    1.2460    36234327787.8411
  2802.623    5.7318    0.0000    6.8640         nan    1.1353    36735729136.5676
  2861.311    5.7454    0.0000    6.8771         nan    1.0245    37193503109.4054
  2919.999    5.7574    0.0000    6.8889         nan    0.9137    37607331453.6774
  2978.686    5.7681    0.0000    6.8992         nan    0.8032    37976999894.4839
  3037.374    5.7772    0.0000    6.9082         nan    0.6937    38302443799.8421
  3096.062    5.7850    0.0000    6.9158         nan    0.5861    38583843052.0814
  3154.749    5.7913    0.0000    6.9220         nan    0.4830    38821841193.7035
  3213.437    5.7963    0.0000    6.9268         nan    0.3916    39018130352.6827
  3272.125    5.7998    0.0000    6.9302         nan    0.3412    39177378393.7318
  3330.812    5.8019    0.0000    6.9323         nan    0.5688    39316178011.8657
  3389.500    5.8026    0.0000    6.9330         nan    0.0000    39547598157.4988
