# Depth[km]  Vp[km/s]  Vs[km/s] Rho[g/cm3]    T[K]     g[m/s2]         P[Pa]        
     0.000    3.6061    2.1720    1.6389    273.1500    3.7291              0.0000
    11.302    3.6061    2.1720    1.6389    318.2247    3.7385       69073082.4325
    11.302    4.6477    2.7994    2.1123    318.2247    3.7385       69073082.4325
    31.966    4.6477    2.7994    2.1123    400.6478    3.7478      232258557.0705
    31.966    5.3207    3.2048    2.4182    400.6478    3.7478      232258557.0705
    44.596    5.3207    3.2048    2.4182    451.0218    3.7505      346718561.1693
    44.596    7.9998    4.5456    3.5193    451.0218    3.7505      346718561.1693
    54.475    7.9920    4.5357    3.5190    490.4259    3.7435      477105729.8330
    64.354    7.9839    4.5257    3.5186    529.8300    3.7365      607237383.0479
    74.233    7.9753    4.5154    3.5182    569.2341    3.7296      737112719.2018
    84.112    7.9668    4.5053    3.5177    608.6382    3.7226      866731115.7023
    93.991    7.9576    4.4949    3.5172    648.0422    3.7158      996090424.2899
   103.870    7.9487    4.4846    3.5167    687.4463    3.7089     1125190592.6308
   113.749    7.9399    4.4745    3.5161    726.8504    3.7021     1254033666.7814
   123.628    7.9306    4.4642    3.5155    766.2545    3.6953     1382618235.9047
   133.507    7.9218    4.4543    3.5149    805.6586    3.6886     1510944632.5862
   143.386    7.9123    4.4441    3.5142    845.0627    3.6818     1639013112.3687
   153.266    7.9026    4.4338    3.5134    884.4668    3.6751     1766821190.5436
   163.145    7.8938    4.4239    3.5128    923.8709    3.6685     1894371473.8812
   173.024    7.8843    4.4139    3.5120    963.2750    3.6619     2021664730.2077
   182.903    7.8749    4.4038    3.5112   1002.6791    3.6553     2148699721.4565
   192.782    7.8654    4.3938    3.5104   1042.0832    3.6487     2275476848.6017
   202.661    7.8561    4.3839    3.5096   1081.4873    3.6422     2401996852.4660
   212.540    7.8463    4.3738    3.5087   1120.8914    3.6357     2528260199.1089
   222.419    7.8372    4.3641    3.5079   1160.2955    3.6293     2654268641.0995
   232.298    7.8282    4.3544    3.5070   1199.6996    3.6229     2780024411.0194
   242.177    7.8182    4.3443    3.5060   1239.1037    3.6165     2905525364.5678
   252.056    7.8087    4.3343    3.5051   1278.5078    3.6102     3030772432.1531
   261.935    7.7994    4.3244    3.5042   1317.9119    3.6039     3155768517.9941
   271.815    7.7911    4.3153    3.5033   1357.3160    3.5976     3280514494.3766
   281.694    7.7816    4.3053    3.5023   1396.7201    3.5914     3405010054.8441
   291.573    7.7729    4.2959    3.5014   1436.1242    3.5853     3529256297.1691
   301.452    7.7639    4.2864    3.5004   1475.5283    3.5792     3653255211.3658
   311.331    7.7545    4.2765    3.4994   1514.9323    3.5731     3777006865.6762
   321.210    7.7456    4.2668    3.4985   1554.3364    3.5670     3900513880.8260
   331.089    7.7359    4.2570    3.4974   1593.7405    3.5610     4023776512.6624
   340.968    7.7269    4.2475    3.4964   1633.1446    3.5551     4146795163.4679
   350.847    7.7177    4.2378    3.4953   1672.5487    3.5492     4269572538.1333
   360.726    7.7079    4.2278    3.4942   1711.9528    3.5433     4392107847.2979
   370.605    7.6988    4.2181    3.4932   1751.3569    3.5375     4514403422.8178
   380.484    7.6895    4.2083    3.4921   1790.7610    3.5317     4636462038.1350
   390.364    7.6802    4.1986    3.4910   1830.1651    3.5260     4758284046.9801
   400.243    7.6707    4.1887    3.4899   1869.5692    3.5203     4879870119.6897
   410.122    7.6607    4.1786    3.4888   1908.9733    3.5147     5001222197.3644
   420.001    7.6511    4.1687    3.4877   1948.3774    3.5091     5122341725.6462
   429.880    7.6412    4.1587    3.4865   1987.7815    3.5036     5243229095.1344
   439.759    7.6317    4.1487    3.4853   2027.1856    3.4981     5363885895.0138
   462.771    7.6613    4.1581    3.4939   2032.0193    3.4855     5644798062.7495
   485.783    7.6889    4.1668    3.5021   2036.6827    3.4729     5925366455.4063
   508.795    7.7167    4.1755    3.5104   2041.3009    3.4604     6205580963.3713
   531.807    7.7429    4.1836    3.5184   2045.7680    3.4480     6485435701.3425
   554.819    7.7690    4.1918    3.5264   2050.1563    3.4356     6764921148.9375
   577.831    7.7947    4.1999    3.5343   2054.4091    3.4234     7044035702.5223
   600.843    7.8202    4.2079    3.5422   2058.6698    3.4113     7322780387.0727
   623.855    7.8451    4.2156    3.5500   2062.8188    3.3993     7601153327.1523
   646.867    7.8696    4.2233    3.5577   2066.8048    3.3874     7879151557.2697
   669.879    7.8945    4.2311    3.5655   2070.8533    3.3756     8156780364.3220
   692.892    7.9184    4.2385    3.5731   2074.7182    3.3640     8434044568.8024
   715.904    7.9430    4.2464    3.5808   2078.6179    3.3526     8710948906.7392
   738.916    7.9669    4.2539    3.5885   2082.3448    3.3412     8987500181.4856
   761.928    7.9914    4.2617    3.5962   2086.1735    3.3301     9263709620.3551
   784.940    8.0154    4.2694    3.6039   2089.7853    3.3191     9539586777.3942
   807.952    8.0393    4.2770    3.6116   2093.3291    3.3083     9815139564.6080
   830.964    8.0640    4.2852    3.6195   2096.8829    3.2976    10090388087.0886
   853.976    8.0888    4.2934    3.6274   2100.4858    3.2872    10365353952.7723
   876.988    8.1139    4.3020    3.6355   2103.9146    3.2769    10640056230.1169
   900.000    8.1397    4.3110    3.6438   2107.2532    3.2669    10914518203.7832
   916.991    8.1594    4.3180    3.6501   2109.7504    3.2596    11116952115.8907
   933.982    8.1795    4.3253    3.6565   2112.1936    3.2525    11319288845.2966
   950.973    8.2000    4.3329    3.6632   2114.6520    3.2454    11521545079.5197
   967.964    8.2220    4.3413    3.6703   2117.1437    3.2385    11723743742.5283
   984.956    8.2435    4.3495    3.6773   2119.6240    3.2317    11925899651.9582
  1001.947    8.2680    4.3596    3.6853   2122.1195    3.2250    12128043096.6590
  1018.938    8.2870    4.3661    3.6920   2124.8173    3.2185    12330171206.7555
  1035.929    8.3045    4.3719    3.6983   2127.3351    3.2121    12532242938.1536
  1052.920    8.3242    4.3788    3.7053   2130.1243    3.2058    12734275583.3464
  1069.911    8.3419    4.3848    3.7117   2132.7088    3.1997    12936279990.6581
  1086.902    8.3574    4.3897    3.7172   2135.1266    3.1938    13138222537.4580
  1103.893    8.3752    4.3961    3.7237   2137.0592    3.1881    13340116525.2258
  1120.884    8.3975    4.4057    3.7321   2138.4659    3.1825    13542050842.0792
  1137.876    8.4893    4.4614    3.7582   2147.8160    3.1769    13744564901.9417
  1154.867    8.6495    4.5627    3.8010   2163.8978    3.1711    13948585246.5418
  1171.858    8.8522    4.6928    3.8527   2182.1596    3.1650    14154778855.9783
  1188.849    8.8851    4.7095    3.8623   2184.1238    3.1586    14362218265.6586
  1205.840    8.8996    4.7139    3.8676   2186.2872    3.1525    14569643057.5624
  1222.831    8.9140    4.7181    3.8730   2188.4380    3.1465    14776951746.6652
  1239.822    8.9279    4.7222    3.8783   2190.4959    3.1408    14984155595.7066
  1256.813    8.9415    4.7261    3.8835   2192.3666    3.1353    15191260855.6529
  1273.804    8.9547    4.7298    3.8887   2194.1673    3.1300    15398279227.0018
  1290.796    8.9687    4.7340    3.8942   2196.0219    3.1250    15605234972.0118
  1307.787    8.9816    4.7377    3.8994   2197.7228    3.1202    15812143986.2463
  1324.778    8.9946    4.7412    3.9048   2199.2195    3.1157    16019018539.6768
  1341.769    9.0073    4.7447    3.9100   2200.7819    3.1115    16225876415.5208
  1358.760    9.0204    4.7486    3.9154   2202.2376    3.1076    16432733981.3865
  1375.751    9.0327    4.7519    3.9209   2203.6273    3.1039    16639615972.4996
  1392.742    9.0452    4.7556    3.9260   2204.8019    3.1006    16846532751.8221
  1409.733    9.0571    4.7587    3.9314   2205.9640    3.0975    17053503687.1725
  1426.724    9.0696    4.7620    3.9373   2207.3781    3.0949    17260571380.8346
  1443.716    9.0811    4.7649    3.9426   2208.4135    3.0925    17467753306.6837
  1460.707    9.1213    4.7862    3.9539   2212.8707    3.0905    17675213609.6270
  1477.698    9.1620    4.8081    3.9656   2217.2715    3.0887    17883140133.4827
  1494.689    9.1999    4.8283    3.9771   2221.7782    3.0872    18091557001.8355
  1511.680    9.2425    4.8522    3.9896   2226.2850    3.0861    18300504560.7356
  1528.671    9.2833    4.8749    4.0025   2231.3394    3.0852    18510039867.3173
  1545.662    9.3033    4.8842    4.0095   2233.9716    3.0847    18720040844.1991
  1562.653    9.3166    4.8893    4.0141   2235.5933    3.0847    18930313002.5421
  1562.653    5.0189    0.0000    4.0248         nan    3.0847    18930313002.5421
  1581.478    5.0356    0.0000    4.0310         nan    3.0850    19164209650.6723
  1600.303    5.0524    0.0000    4.0372         nan    3.0859    19398490189.5813
  1619.128    5.0692    0.0000    4.0434         nan    3.0874    19633199063.1555
  1637.953    5.0854    0.0000    4.0495         nan    3.0895    19868377286.3496
  1656.778    5.1013    0.0000    4.0554         nan    3.0923    20104065351.1181
  1675.603    5.1173    0.0000    4.0613         nan    3.0959    20340312130.8473
  1694.428    5.1330    0.0000    4.0671         nan    3.1001    20577169661.7782
  1713.252    5.1481    0.0000    4.0727         nan    3.1052    20814687020.3275
  1732.077    5.1632    0.0000    4.0783         nan    3.1110    21052918971.2048
  1732.077    5.2278    0.0000    6.4826         nan    3.1110    21052918971.2048
  1789.230    5.2982    0.0000    6.5237         nan    3.0142    22209199831.8394
  1846.382    5.3649    0.0000    6.5627         nan    2.9162    23336395642.9640
  1903.535    5.4280    0.0000    6.5997         nan    2.8171    24433277458.4807
  1960.687    5.4878    0.0000    6.6348         nan    2.7169    25498682797.4288
  2017.840    5.5443    0.0000    6.6681         nan    2.6157    26531511902.5506
  2074.992    5.5978    0.0000    6.6996         nan    2.5136    27530724559.7510
  2132.145    5.6483    0.0000    6.7295         nan    2.4106    28495337395.4857
  2189.297    5.6960    0.0000    6.7577         nan    2.3068    29424421589.7591
  2246.450    5.7410    0.0000    6.7844         nan    2.2021    30317100955.5813
  2303.602    5.7833    0.0000    6.8095         nan    2.0968    31172550358.8838
  2360.755    5.8231    0.0000    6.8331         nan    1.9908    31989994466.9699
  2417.907    5.8603    0.0000    6.8553         nan    1.8841    32768706830.9710
  2475.060    5.8952    0.0000    6.8761         nan    1.7769    33508009338.3232
  2532.212    5.9277    0.0000    6.8954         nan    1.6691    34207272101.7468
  2589.365    5.9579    0.0000    6.9134         nan    1.5609    34865913904.5666
  2646.517    5.9858    0.0000    6.9301         nan    1.4523    35483403408.3485
  2703.670    6.0114    0.0000    6.9455         nan    1.3434    36059261470.9796
  2760.822    6.0349    0.0000    6.9595         nan    1.2343    36593065177.0977
  2817.975    6.0563    0.0000    6.9723         nan    1.1251    37084454647.1054
  2875.127    6.0755    0.0000    6.9838         nan    1.0159    37533144593.4471
  2932.280    6.0927    0.0000    6.9941         nan    0.9072    37938944441.4386
  2989.432    6.1077    0.0000    7.0031         nan    0.7992    38301794874.7079
  3046.585    6.1208    0.0000    7.0109         nan    0.6928    38621838238.3873
  3103.737    6.1317    0.0000    7.0175         nan    0.5897    38899565221.1440
  3160.890    6.1407    0.0000    7.0229         nan    0.4937    39136154120.2828
  3218.042    6.1477    0.0000    7.0271         nan    0.4163    39334376861.1791
  3275.195    6.1527    0.0000    7.0300         nan    0.4031    39501584616.6007
  3332.347    6.1556    0.0000    7.0318         nan    0.8261    39663572848.5764
  3389.500    6.1566    0.0000    7.0324         nan    0.0000    39995580536.5985
