# Depth[km]  Vp[km/s]  Vs[km/s] Rho[g/cm3]    T[K]     g[m/s2]         P[Pa]        
     0.000    3.7520    2.2618    1.7149    273.1500    3.7291              0.0000
    11.074    3.7520    2.2618    1.7149    317.3064    3.7376       70815398.2606
    11.074    4.4112    2.6591    2.0162    317.3064    3.7376       70815398.2606
    27.818    4.4112    2.6591    2.0162    384.0804    3.7465      196992510.0264
    27.818    6.4425    3.8836    2.9446    384.0804    3.7465      196992510.0264
    47.329    6.4425    3.8836    2.9446    461.8897    3.7419      412237761.3608
    47.329    7.9573    4.5332    3.5034    461.8897    3.7419      412237761.3608
    57.097    7.9497    4.5237    3.5032    500.8406    3.7350      540276977.9151
    66.864    7.9418    4.5141    3.5030    539.7914    3.7283      668074047.9893
    76.631    7.9334    4.5042    3.5026    578.7423    3.7215      795627746.4839
    86.398    7.9244    4.4940    3.5021    617.6931    3.7148      922935086.3314
    96.166    7.9157    4.4841    3.5017    656.6440    3.7080     1049996013.9312
   105.933    7.9067    4.4741    3.5013    695.5948    3.7014     1176812307.9079
   115.700    7.8980    4.4643    3.5008    734.5457    3.6947     1303384237.4933
   125.468    7.8885    4.4542    3.5002    773.4965    3.6881     1429709911.7093
   135.235    7.8794    4.4442    3.4997    812.4474    3.6815     1555788795.0949
   145.002    7.8698    4.4342    3.4991    851.3982    3.6750     1681621448.3284
   154.769    7.8599    4.4239    3.4983    890.3491    3.6684     1807205466.9308
   164.537    7.8509    4.4141    3.4978    929.3000    3.6620     1932543611.7366
   174.304    7.8411    4.4041    3.4970    968.2508    3.6555     2057636546.6155
   184.071    7.8315    4.3940    3.4963   1007.2017    3.6491     2182482474.9490
   193.839    7.8215    4.3840    3.4955   1046.1525    3.6427     2307081433.9658
   203.606    7.8116    4.3739    3.4947   1085.1034    3.6363     2431433518.5943
   213.373    7.8018    4.3639    3.4939   1124.0542    3.6300     2555540168.1070
   223.140    7.7915    4.3537    3.4930   1163.0051    3.6238     2679402007.1217
   232.908    7.7812    4.3435    3.4921   1201.9559    3.6175     2803018076.7736
   242.675    7.7715    4.3337    3.4912   1240.9068    3.6113     2926389128.4730
   252.442    7.7605    4.3231    3.4901   1279.8576    3.6052     3049514697.4450
   262.210    7.7519    4.3138    3.4894   1318.8085    3.5990     3172398641.5144
   271.977    7.7420    4.3039    3.4884   1357.7593    3.5929     3295042825.0888
   281.744    7.7329    4.2943    3.4875   1396.7102    3.5869     3417446190.5888
   291.512    7.7229    4.2843    3.4865   1435.6610    3.5809     3539610574.8780
   301.279    7.7131    4.2745    3.4855   1474.6119    3.5749     3661535734.8541
   311.046    7.7034    4.2647    3.4845   1513.5627    3.5690     3783223005.3977
   320.813    7.6935    4.2548    3.4834   1552.5136    3.5631     3904672309.1112
   330.581    7.6837    4.2449    3.4824   1591.4644    3.5573     4025885302.6563
   340.348    7.6737    4.2351    3.4814   1630.4153    3.5515     4146864642.9325
   350.115    7.6636    4.2250    3.4803   1669.3661    3.5458     4267611562.8006
   359.883    7.6530    4.2148    3.4792   1708.3170    3.5401     4388125412.6733
   369.650    7.6439    4.2053    3.4782   1747.2678    3.5344     4508409049.5472
   379.417    7.6329    4.1949    3.4771   1786.2187    3.5288     4628464218.3739
   389.184    7.6230    4.1850    3.4760   1825.1695    3.5233     4748291047.3992
   398.952    7.6127    4.1749    3.4750   1864.1204    3.5178     4867892579.3545
   408.719    7.6025    4.1649    3.4739   1903.0712    3.5123     4987270018.6090
   418.486    7.5917    4.1545    3.4727   1942.0221    3.5069     5106423063.0487
   428.254    7.5808    4.1441    3.4715   1980.9729    3.5015     5225351749.1040
   438.021    7.5707    4.1342    3.4704   2019.9238    3.4962     5344059350.0750
   461.120    7.6025    4.1436    3.4792   2024.8791    3.4837     5624679211.1147
   484.219    7.6338    4.1528    3.4879   2029.7357    3.4713     5905000925.3741
   507.318    7.6633    4.1615    3.4963   2034.4415    3.4590     6185010115.3241
   530.417    7.6927    4.1702    3.5047   2039.0094    3.4467     6464694617.5064
   553.516    7.7209    4.1785    3.5129   2043.4818    3.4346     6744048260.2720
   576.615    7.7487    4.1868    3.5209   2047.8044    3.4225     7023061742.1325
   599.714    7.7760    4.1948    3.5290   2052.1547    3.4106     7301734004.7914
   622.813    7.8022    4.2025    3.5369   2056.3172    3.3987     7580062030.6656
   645.911    7.8287    4.2103    3.5447   2060.3453    3.3870     7858040242.7016
   669.010    7.8550    4.2180    3.5526   2064.4269    3.3754     8135674815.0803
   692.109    7.8806    4.2257    3.5603   2068.3970    3.3640     8412967502.3025
   715.208    7.9063    4.2334    3.5681   2072.2390    3.3527     8689923063.3184
   738.307    7.9313    4.2407    3.5757   2075.9597    3.3416     8966544691.5941
   761.406    7.9563    4.2482    3.5833   2079.6701    3.3306     9242836036.8320
   784.505    7.9820    4.2561    3.5911   2083.4111    3.3199     9518815062.6015
   807.604    8.0071    4.2638    3.5988   2087.0012    3.3092     9794492404.3016
   830.703    8.0320    4.2714    3.6065   2090.5016    3.2988    10069876790.5477
   853.802    8.0573    4.2793    3.6142   2093.9630    3.2886    10344984987.3153
   876.901    8.0837    4.2880    3.6223   2097.4553    3.2786    10619841425.1173
   900.000    8.1094    4.2963    3.6303   2100.8280    3.2688    10894471097.8477
   917.069    8.1292    4.3028    3.6365   2103.3547    3.2618    11097204280.0785
   934.139    8.1477    4.3089    3.6423   2105.7981    3.2548    11299831222.9039
   951.208    8.1695    4.3167    3.6490   2108.2201    3.2480    11502374794.1935
   968.277    8.1911    4.3244    3.6559   2110.7282    3.2413    11704869714.6503
   985.347    8.2131    4.3326    3.6627   2113.1287    3.2347    11907325778.3073
  1002.416    8.2361    4.3413    3.6700   2115.6111    3.2283    12109762654.5873
  1019.485    8.2588    4.3499    3.6773   2118.0812    3.2220    12312198387.5132
  1036.554    8.2856    4.3610    3.6858   2120.6712    3.2158    12514672363.3575
  1053.624    8.3045    4.3675    3.6920   2123.0827    3.2098    12717161766.4051
  1070.693    8.3222    4.3731    3.6980   2125.2712    3.2039    12919604997.6999
  1087.762    8.3392    4.3786    3.7037   2127.4440    3.1982    13121997322.3777
  1104.832    8.3563    4.3841    3.7094   2129.6762    3.1927    13324342991.8941
  1121.901    8.3736    4.3899    3.7154   2131.8823    3.1874    13526659230.8192
  1138.970    8.5271    4.4866    3.7567   2146.9577    3.1821    13729925898.5012
  1156.040    8.7080    4.6018    3.8041   2166.3912    3.1763    13935259698.6970
  1173.109    8.8480    4.6899    3.8401   2175.7064    3.1703    14142485044.2162
  1190.178    8.8633    4.6948    3.8452   2177.9852    3.1643    14350429254.9716
  1207.248    8.8788    4.6996    3.8504   2180.3301    3.1585    14558257132.3298
  1224.317    8.8951    4.7038    3.8570   2183.2980    3.1528    14766021816.0472
  1241.386    8.9105    4.7085    3.8625   2185.8002    3.1475    14973742495.0133
  1258.455    8.9259    4.7132    3.8681   2188.3313    3.1423    15181406404.4535
  1275.525    8.9401    4.7178    3.8730   2190.6911    3.1374    15389011929.9616
  1292.594    8.9539    4.7225    3.8777   2192.9520    3.1327    15596548231.9746
  1309.663    8.9698    4.7273    3.8833   2195.2966    3.1284    15804052316.1717
  1326.733    8.9850    4.7318    3.8893   2198.0802    3.1242    16011576457.8153
  1343.802    8.9994    4.7364    3.8945   2200.5674    3.1204    16219125924.2862
  1360.871    9.0129    4.7410    3.8992   2202.8283    3.1169    16426684392.6258
  1377.941    9.0273    4.7457    3.9044   2205.2951    3.1137    16634271858.1370
  1395.010    9.0415    4.7503    3.9094   2207.5542    3.1108    16841916987.4565
  1412.079    9.0549    4.7550    3.9140   2209.7571    3.1082    17049622799.1895
  1429.149    9.0918    4.7740    3.9236   2215.5725    3.1060    17257534330.4838
  1446.218    9.1332    4.7964    3.9337   2221.4488    3.1041    17465819439.2745
  1463.287    9.1735    4.8186    3.9434   2227.2674    3.1024    17674501119.0501
  1480.356    9.2130    4.8406    3.9533   2233.5763    3.1011    17883592731.3477
  1497.426    9.2530    4.8619    3.9648   2239.7112    3.1002    18093162787.3329
  1514.495    9.2934    4.8841    3.9768   2244.4627    3.0995    18303287565.2320
  1531.564    9.3338    4.9065    3.9893   2249.2759    3.0992    18514014812.6666
  1548.634    9.3516    4.9144    3.9951   2251.4015    3.0992    18725203116.3041
  1565.703    9.3647    4.9191    3.9997   2253.6182    3.0997    18936669285.2040
  1565.703    5.1057    0.0000    4.0206         nan    3.0997    18936669285.2040
  1583.202    5.1180    0.0000    4.0261         nan    3.1005    19154902662.7332
  1600.701    5.1303    0.0000    4.0317         nan    3.1017    19373489055.2012
  1618.199    5.1426    0.0000    4.0373         nan    3.1035    19592465273.7062
  1635.698    5.1546    0.0000    4.0427         nan    3.1058    19811867160.7739
  1653.197    5.1663    0.0000    4.0481         nan    3.1088    20031728474.8964
  1670.696    5.1780    0.0000    4.0534         nan    3.1123    20252087686.6535
  1688.195    5.1897    0.0000    4.0587         nan    3.1166    20472989282.5821
  1705.693    5.2010    0.0000    4.0638         nan    3.1214    20694474598.4412
  1723.192    5.2122    0.0000    4.0689         nan    3.1270    20916586047.0693
  1723.192    5.3701    0.0000    6.4889         nan    3.1270    20916586047.0693
  1780.651    5.4358    0.0000    6.5284         nan    3.0294    22086036434.0384
  1838.110    5.4980    0.0000    6.5658         nan    2.9306    23225660816.3234
  1895.569    5.5571    0.0000    6.6015         nan    2.8307    24334278386.3101
  1953.028    5.6131    0.0000    6.6354         nan    2.7298    25410768970.2973
  2010.487    5.6661    0.0000    6.6675         nan    2.6280    26454070109.3660
  2067.946    5.7164    0.0000    6.6981         nan    2.5252    27463174568.3697
  2125.404    5.7639    0.0000    6.7270         nan    2.4216    28437128216.3842
  2182.863    5.8088    0.0000    6.7544         nan    2.3171    29375028235.7444
  2240.322    5.8512    0.0000    6.7803         nan    2.2119    30276021630.3638
  2297.781    5.8911    0.0000    6.8047         nan    2.1060    31139304024.0036
  2355.240    5.9287    0.0000    6.8277         nan    1.9994    31964118745.5592
  2412.699    5.9639    0.0000    6.8493         nan    1.8923    32749756219.5416
  2470.158    5.9969    0.0000    6.8695         nan    1.7845    33495553710.7902
  2527.617    6.0276    0.0000    6.8884         nan    1.6763    34200895501.7258
  2585.076    6.0562    0.0000    6.9059         nan    1.5676    34865213639.1021
  2642.534    6.0826    0.0000    6.9222         nan    1.4586    35487989479.2680
  2699.993    6.1069    0.0000    6.9372         nan    1.3493    36068756415.8142
  2757.452    6.1292    0.0000    6.9509         nan    1.2397    36607104446.8161
  2814.911    6.1495    0.0000    6.9634         nan    1.1301    37102687746.6443
  2872.370    6.1677    0.0000    6.9747         nan    1.0207    37555237388.4638
  2929.829    6.1840    0.0000    6.9847         nan    0.9117    37964583375.9402
  2987.288    6.1983    0.0000    6.9936         nan    0.8035    38330694545.0680
  3044.747    6.2107    0.0000    7.0012         nan    0.6971    38653755321.5677
  3102.206    6.2211    0.0000    7.0076         nan    0.5943    38934325529.7649
  3159.664    6.2296    0.0000    7.0129         nan    0.4993    39173709904.1835
  3217.123    6.2362    0.0000    7.0170         nan    0.4243    39374944761.3029
  3274.582    6.2410    0.0000    7.0199         nan    0.4191    39546049257.3745
  3332.041    6.2438    0.0000    7.0217         nan    0.8870    39715123872.0335
  3389.500    6.2447    0.0000    7.0223         nan    0.0000    40073003152.0244
