# Depth[km]  Vp[km/s]  Vs[km/s] Rho[g/cm3]    T[K]     g[m/s2]         P[Pa]        
     0.000    3.7953    2.1993    1.6682    273.1500    3.7291              0.0000
    11.941    3.7953    2.1993    1.6682    317.5784    3.7387       74281476.1740
    11.941    5.0376    2.9192    2.2142    317.5784    3.7387       74281476.1740
    24.557    5.0376    2.9192    2.2142    364.5226    3.7433      178720855.8148
    24.557    6.3217    3.6633    2.7787    364.5226    3.7433      178720855.8148
    43.161    6.3217    3.6633    2.7787    433.7507    3.7414      372233282.4813
    43.161    7.9545    4.5348    3.4846    433.7507    3.7414      372233282.4813
    53.136    7.9495    4.5271    3.4848    470.8671    3.7346      502283050.7051
    63.111    7.9441    4.5193    3.4849    507.9836    3.7278      632101295.0300
    73.086    7.9384    4.5113    3.4850    545.1000    3.7210      761686341.2796
    83.060    7.9324    4.5031    3.4850    582.2164    3.7142      891036394.5724
    93.035    7.9263    4.4948    3.4850    619.3329    3.7075     1020150456.1848
   103.010    7.9194    4.4862    3.4848    656.4493    3.7008     1149026142.6558
   112.985    7.9130    4.4778    3.4846    693.5657    3.6941     1277662908.2209
   122.959    7.9066    4.4695    3.4845    730.6822    3.6875     1406063320.5825
   132.934    7.9001    4.4611    3.4843    767.7986    3.6809     1534227097.3702
   142.909    7.8930    4.4525    3.4840    804.9151    3.6743     1662151593.1078
   152.884    7.8863    4.4441    3.4838    842.0315    3.6677     1789836969.1608
   162.858    7.8789    4.4353    3.4833    879.1479    3.6612     1917281972.6420
   172.833    7.8719    4.4269    3.4830    916.2644    3.6547     2044485534.1945
   182.808    7.8656    4.4186    3.4827    953.3808    3.6483     2171451578.7278
   192.783    7.8584    4.4101    3.4822    990.4972    3.6418     2298179590.0329
   202.758    7.8515    4.4016    3.4817   1027.6137    3.6355     2424667522.1566
   212.732    7.8447    4.3932    3.4813   1064.7301    3.6291     2550916609.6701
   222.707    7.8374    4.3846    3.4807   1101.8465    3.6228     2676926924.5524
   232.682    7.8303    4.3760    3.4802   1138.9630    3.6165     2802699170.6199
   242.657    7.8232    4.3676    3.4797   1176.0794    3.6103     2928235217.4344
   252.631    7.8167    4.3593    3.4792   1213.1958    3.6041     3053535941.8973
   262.606    7.8097    4.3508    3.4785   1250.3123    3.5979     3178600391.4877
   272.581    7.8028    4.3424    3.4780   1287.4287    3.5918     3303429835.0460
   282.556    7.7960    4.3341    3.4775   1324.5452    3.5857     3428027255.6226
   292.530    7.7894    4.3258    3.4769   1361.6616    3.5796     3552393418.5321
   302.505    7.7826    4.3174    3.4763   1398.7780    3.5736     3676528819.6508
   312.480    7.7754    4.3090    3.4756   1435.8945    3.5677     3800431904.5477
   322.455    7.7681    4.3005    3.4749   1473.0109    3.5617     3924103260.3465
   332.430    7.7616    4.2923    3.4743   1510.1273    3.5559     4047546804.9476
   342.404    7.7543    4.2837    3.4735   1547.2438    3.5500     4170762004.1644
   352.379    7.7474    4.2753    3.4729   1584.3602    3.5442     4293749847.5629
   362.354    7.7408    4.2671    3.4722   1621.4766    3.5385     4416513592.1711
   372.329    7.7330    4.2583    3.4714   1658.5931    3.5328     4539051405.3313
   382.303    7.7264    4.2501    3.4707   1695.7095    3.5271     4661365338.7505
   392.278    7.7194    4.2416    3.4700   1732.8259    3.5215     4783459984.7679
   402.253    7.7119    4.2330    3.4692   1769.9424    3.5159     4905332940.4335
   412.228    7.7054    4.2247    3.4685   1807.0588    3.5104     5026985641.6167
   422.202    7.6973    4.2157    3.4676   1844.1753    3.5049     5148420436.6095
   432.177    7.6907    4.2074    3.4669   1881.2917    3.4995     5269638464.8920
   442.152    7.6828    4.1985    3.4660   1918.4081    3.4941     5390641035.1020
   465.044    7.7102    4.2068    3.4741   1922.7899    3.4819     5668206731.6048
   487.937    7.7373    4.2150    3.4820   1927.0795    3.4698     5945439868.1847
   510.829    7.7633    4.2227    3.4899   1931.3643    3.4577     6222334935.2937
   533.722    7.7889    4.2303    3.4978   1935.5834    3.4457     6498889729.2449
   556.614    7.8136    4.2376    3.5053   1939.5327    3.4339     6775094909.8074
   579.506    7.8384    4.2449    3.5129   1943.5775    3.4221     7050945938.6307
   602.399    7.8624    4.2519    3.5204   1947.4318    3.4105     7326444370.3136
   625.291    7.8861    4.2588    3.5279   1951.3538    3.3990     7601590039.8417
   648.184    7.9107    4.2661    3.5354   1955.2810    3.3876     7876391510.4549
   671.076    7.9339    4.2728    3.5428   1958.9858    3.3764     8150851960.0477
   693.968    7.9568    4.2794    3.5500   1962.6593    3.3653     8424966140.4325
   716.861    7.9797    4.2861    3.5573   1966.2530    3.3544     8698737689.4326
   739.753    8.0033    4.2931    3.5646   1969.9721    3.3436     8972182432.1159
   762.646    8.0256    4.2994    3.5718   1973.4478    3.3331     9245305639.5720
   785.538    8.0486    4.3063    3.5790   1976.9283    3.3227     9518112271.2613
   808.430    8.0712    4.3129    3.5862   1980.3290    3.3125     9790617488.2890
   831.323    8.0931    4.3192    3.5932   1983.6419    3.3025    10062825856.4945
   854.215    8.1166    4.3263    3.6006   1986.9826    3.2927    10334758125.5069
   877.108    8.1392    4.3331    3.6079   1990.2281    3.2831    10606437440.1494
   900.000    8.1624    4.3404    3.6152   1993.4571    3.2738    10877877094.1065
   917.033    8.1799    4.3458    3.6208   1995.8287    3.2670    11079624530.9435
   934.066    8.1966    4.3509    3.6261   1998.1967    3.2604    11281257409.8249
   951.098    8.2157    4.3572    3.6322   2000.7141    3.2539    11482797598.9840
   968.131    8.2349    4.3639    3.6383   2003.0584    3.2475    11684274114.3629
   985.164    8.2533    4.3701    3.6442   2005.3848    3.2413    11885688660.4451
  1002.197    8.2727    4.3768    3.6504   2007.7209    3.2353    12087052541.9825
  1019.229    8.2923    4.3837    3.6568   2010.0638    3.2294    12288388017.3937
  1036.262    8.3130    4.3913    3.6635   2012.4084    3.2236    12489715798.6363
  1053.295    8.3289    4.3960    3.6689   2014.6122    3.2180    12691016672.8159
  1070.328    8.3445    4.4006    3.6741   2016.7916    3.2126    12892258783.9301
  1087.361    8.3604    4.4053    3.6795   2018.9144    3.2074    13093452822.5328
  1104.393    8.4769    4.4787    3.7110   2030.5389    3.2022    13295328789.7865
  1121.426    8.6254    4.5737    3.7502   2044.5589    3.1968    13498806573.3436
  1138.459    8.8083    4.6923    3.7968   2060.3011    3.1911    13704276365.4294
  1155.492    8.8246    4.6970    3.8025   2063.0512    3.1852    13910798750.9194
  1172.525    8.8401    4.7013    3.8079   2065.3981    3.1796    14117244210.4871
  1189.557    8.8557    4.7056    3.8135   2067.8097    3.1741    14323620918.1945
  1206.590    8.8714    4.7100    3.8191   2070.1732    3.1689    14529946066.9991
  1223.623    8.8870    4.7143    3.8247   2072.5783    3.1639    14736233379.3804
  1240.656    8.9028    4.7187    3.8304   2074.9511    3.1592    14942499897.0568
  1257.688    8.9183    4.7231    3.8360   2077.3599    3.1547    15148760844.6483
  1274.721    8.9338    4.7273    3.8416   2079.7641    3.1504    15355029304.0072
  1291.754    8.9493    4.7318    3.8472   2082.1698    3.1464    15561320942.0110
  1308.787    8.9649    4.7363    3.8530   2084.5579    3.1427    15767655164.3829
  1325.820    8.9802    4.7407    3.8586   2086.9956    3.1392    15974049205.3311
  1342.852    8.9957    4.7451    3.8643   2089.3734    3.1361    16180520846.5630
  1359.885    9.0243    4.7580    3.8724   2093.6662    3.1332    16387152176.0425
  1376.918    9.0643    4.7782    3.8825   2099.1432    3.1306    16594079592.6750
  1393.951    9.1037    4.7982    3.8927   2104.7845    3.1282    16801377499.5605
  1410.984    9.1438    4.8189    3.9032   2110.6201    3.1262    17009070240.0084
  1428.016    9.1825    4.8390    3.9136   2116.4201    3.1244    17217182109.2156
  1445.049    9.2218    4.8597    3.9242   2122.3393    3.1229    17425734412.2985
  1462.082    9.2625    4.8818    3.9353   2128.4378    3.1217    17634764632.3281
  1479.115    9.3023    4.9034    3.9464   2135.1931    3.1208    17844305990.3984
  1496.147    9.3263    4.9145    3.9540   2138.1730    3.1203    18054284401.9897
  1513.180    9.3403    4.9189    3.9592   2140.4118    3.1201    18264564523.8028
  1530.213    9.3543    4.9234    3.9643   2142.6281    3.1204    18475109439.8322
  1547.246    9.3680    4.9278    3.9694   2144.8278    3.1212    18685946630.9533
  1564.279    9.3816    4.9322    3.9744   2147.0751    3.1225    18897104759.5055
  1564.279    4.6016    0.0000    3.9988         nan    3.1225    18897104759.5055
  1577.183    4.6141    0.0000    4.0038         nan    3.1235    19058332991.0240
  1590.088    4.6266    0.0000    4.0088         nan    3.1248    19219815255.8342
  1602.992    4.6391    0.0000    4.0138         nan    3.1263    19381566119.2230
  1615.897    4.6516    0.0000    4.0188         nan    3.1282    19543600660.4055
  1628.801    4.6640    0.0000    4.0238         nan    3.1304    19705933862.4280
  1641.706    4.6759    0.0000    4.0286         nan    3.1329    19868576768.4118
  1654.610    4.6877    0.0000    4.0333         nan    3.1357    20031541685.1820
  1667.515    4.6996    0.0000    4.0381         nan    3.1389    20194846074.0422
  1680.419    4.7114    0.0000    4.0428         nan    3.1424    20358508014.0852
  1680.419    5.1914    0.0000    6.3430         nan    3.1424    20358508014.0852
  1739.353    5.2762    0.0000    6.3854         nan    3.0449    21537113911.0591
  1798.287    5.3561    0.0000    6.4254         nan    2.9462    22686547896.8938
  1857.221    5.4314    0.0000    6.4632         nan    2.8462    23805456896.5734
  1916.154    5.5025    0.0000    6.4989         nan    2.7451    24892570386.7083
  1975.088    5.5694    0.0000    6.5326         nan    2.6430    25946694080.6053
  2034.022    5.6325    0.0000    6.5645         nan    2.5398    26966704632.7423
  2092.956    5.6920    0.0000    6.5946         nan    2.4358    27951545164.0062
  2151.890    5.7479    0.0000    6.6229         nan    2.3308    28900221465.0771
  2210.824    5.8006    0.0000    6.6496         nan    2.2250    29811798763.8555
  2269.757    5.8500    0.0000    6.6747         nan    2.1184    30685398966.1583
  2328.691    5.8963    0.0000    6.6983         nan    2.0112    31520198310.6741
  2387.625    5.9397    0.0000    6.7204         nan    1.9032    32315425394.9634
  2446.559    5.9801    0.0000    6.7410         nan    1.7946    33070359545.7501
  2505.493    6.0178    0.0000    6.7603         nan    1.6855    33784329527.6736
  2564.426    6.0528    0.0000    6.7781         nan    1.5758    34456712609.2914
  2623.360    6.0850    0.0000    6.7946         nan    1.4656    35086934042.1935
  2682.294    6.1147    0.0000    6.8098         nan    1.3550    35674467065.7632
  2741.228    6.1418    0.0000    6.8236         nan    1.2441    36218833643.0506
  2800.162    6.1664    0.0000    6.8362         nan    1.1329    36719606309.8015
  2859.096    6.1886    0.0000    6.8476         nan    1.0215    37176411852.3597
  2918.029    6.2083    0.0000    6.8577         nan    0.9100    37588938211.2971
  2976.963    6.2256    0.0000    6.8666         nan    0.7986    37956947499.3679
  3035.897    6.2406    0.0000    6.8743         nan    0.6876    38280301548.5987
  3094.831    6.2532    0.0000    6.8807         nan    0.5777    38559015605.6998
  3153.765    6.2635    0.0000    6.8860         nan    0.4703    38793383007.6899
  3212.699    6.2715    0.0000    6.8901         nan    0.3696    38984308644.7109
  3271.632    6.2772    0.0000    6.8931         nan    0.2922    39134408401.0975
  3330.566    6.2807    0.0000    6.8948         nan    0.3736    39253115621.6988
  3389.500    6.2818    0.0000    6.8954         nan    0.0000    39404929141.8753
