# Depth[km]  Vp[km/s]  Vs[km/s] Rho[g/cm3]    T[K]     g[m/s2]         P[Pa]        
     0.000    3.7365    2.2293    1.6774    273.1500    3.7291              0.0000
    11.565    3.7365    2.2293    1.6774    316.5334    3.7383       72338665.0523
    11.565    4.7782    2.8508    2.1450    316.5334    3.7383       72338665.0523
    28.187    4.7782    2.8508    2.1450    378.8939    3.7453      205628626.8922
    28.187    6.0913    3.6342    2.7345    378.8939    3.7453      205628626.8922
    48.139    6.0913    3.6342    2.7345    453.7464    3.7442      409967951.7146
    48.139    7.9626    4.5362    3.5045    453.7464    3.7442      409967951.7146
    58.162    7.9562    4.5274    3.5046    491.3482    3.7372      541484117.3689
    68.185    7.9494    4.5184    3.5045    528.9499    3.7302      672754737.4376
    78.208    7.9421    4.5091    3.5045    566.5517    3.7233      803778925.7220
    88.231    7.9348    4.4998    3.5043    604.1535    3.7164      934555967.1217
    98.254    7.9265    4.4902    3.5040    641.7552    3.7095     1065082585.1572
   108.277    7.9190    4.4809    3.5039    679.3570    3.7027     1195359455.4196
   118.299    7.9111    4.4715    3.5036    716.9588    3.6958     1325388573.0394
   128.322    7.9033    4.4622    3.5034    754.5605    3.6891     1455169757.4188
   138.345    7.8948    4.4526    3.5030    792.1623    3.6823     1584700869.0188
   148.368    7.8868    4.4433    3.5027    829.7641    3.6756     1713981432.1961
   158.391    7.8784    4.4339    3.5023    867.3658    3.6689     1843013089.0471
   168.414    7.8701    4.4245    3.5019    904.9676    3.6622     1971795413.3156
   178.436    7.8617    4.4150    3.5015    942.5693    3.6556     2100328821.0656
   188.459    7.8530    4.4055    3.5010    980.1711    3.6490     2228612084.8473
   198.482    7.8445    4.3962    3.5005   1017.7729    3.6424     2356645210.9171
   208.505    7.8365    4.3871    3.5001   1055.3746    3.6359     2484432111.2172
   218.528    7.8273    4.3774    3.4995   1092.9764    3.6294     2611971334.1670
   228.551    7.8189    4.3681    3.4990   1130.5782    3.6229     2739261882.2060
   238.574    7.8097    4.3584    3.4983   1168.1799    3.6165     2866304906.4189
   248.596    7.8013    4.3492    3.4978   1205.7817    3.6101     2993101448.1295
   258.619    7.7927    4.3399    3.4972   1243.3835    3.6038     3119653993.9743
   268.642    7.7837    4.3302    3.4966   1280.9852    3.5975     3245961992.7623
   278.665    7.7753    4.3211    3.4959   1318.5870    3.5912     3372025334.9257
   288.688    7.7673    4.3121    3.4953   1356.1888    3.5850     3497845736.1142
   298.711    7.7591    4.3030    3.4946   1393.7905    3.5788     3623425249.7559
   308.733    7.7505    4.2938    3.4939   1431.3923    3.5727     3748763268.6721
   318.756    7.7425    4.2850    3.4933   1468.9941    3.5666     3873861714.9943
   328.779    7.7337    4.2756    3.4925   1506.5958    3.5605     3998721483.4250
   338.802    7.7252    4.2664    3.4917   1544.1976    3.5545     4123341587.5666
   348.825    7.7166    4.2571    3.4910   1581.7993    3.5485     4247725112.6778
   358.848    7.7079    4.2478    3.4903   1619.4011    3.5426     4371874513.8508
   368.871    7.6998    4.2388    3.4896   1657.0029    3.5367     4495791222.1412
   378.893    7.6904    4.2292    3.4887   1694.6046    3.5308     4619474048.2865
   388.916    7.6821    4.2201    3.4880   1732.2064    3.5251     4742924959.8656
   398.939    7.6733    4.2108    3.4873   1769.8082    3.5193     4866147246.8264
   408.962    7.6646    4.2015    3.4866   1807.4099    3.5136     4989142413.2894
   418.985    7.6552    4.1919    3.4857   1845.0117    3.5080     5111910423.0569
   429.008    7.6464    4.1825    3.4849   1882.6135    3.5023     5234451748.9425
   439.030    7.6375    4.1731    3.4842   1920.2152    3.4968     5356771216.4274
   449.053    7.6289    4.1639    3.4834   1957.8170    3.4913     5478870472.7247
   471.601    7.6586    4.1726    3.4918   1962.3591    3.4790     5753411630.5537
   494.148    7.6871    4.1810    3.4999   1966.6300    3.4668     6027631742.1521
   516.695    7.7150    4.1892    3.5079   1970.8905    3.4546     6301517522.5138
   539.243    7.7427    4.1974    3.5159   1975.0921    3.4425     6575067387.1819
   561.790    7.7695    4.2054    3.5237   1979.1919    3.4306     6848275725.9785
   584.337    7.7957    4.2130    3.5315   1983.2301    3.4187     7121138008.9081
   606.885    7.8215    4.2206    3.5392   1987.0910    3.4069     7393650816.4458
   629.432    7.8474    4.2283    3.5469   1991.0330    3.3952     7665814464.9340
   651.979    7.8721    4.2355    3.5544   1994.7594    3.3837     7937627666.6258
   674.527    7.8977    4.2433    3.5619   1998.4429    3.3723     8209089506.8256
   697.074    7.9223    4.2506    3.5694   2002.0642    3.3610     8480205765.8929
   719.621    7.9466    4.2578    3.5767   2005.6089    3.3499     8750977894.8929
   742.169    7.9713    4.2652    3.5843   2009.1867    3.3389     9021415889.3748
   764.716    7.9956    4.2725    3.5917   2012.6218    3.3281     9291530000.6431
   787.263    8.0200    4.2800    3.5991   2016.0022    3.3174     9561324990.2275
   809.811    8.0439    4.2872    3.6065   2019.2903    3.3069     9830808221.1102
   832.358    8.0687    4.2950    3.6141   2022.6988    3.2966    10099999541.3589
   854.905    8.0927    4.3025    3.6215   2025.8694    3.2865    10368913261.3405
   877.453    8.1181    4.3108    3.6294   2029.0897    3.2766    10637567459.1738
   900.000    8.1432    4.3189    3.6371   2032.1019    3.2669    10905986049.0208
   916.832    8.1624    4.3254    3.6431   2034.4187    3.2598    11106146454.8050
   933.663    8.1833    4.3328    3.6496   2036.8990    3.2528    11306215040.4835
   950.495    8.2023    4.3392    3.6557   2039.1549    3.2459    11506197439.8769
   967.327    8.2211    4.3456    3.6616   2041.4235    3.2392    11706084366.8757
   984.158    8.2430    4.3537    3.6686   2043.6854    3.2326    11905908132.2039
  1000.990    8.2681    4.3638    3.6765   2046.1119    3.2261    12105729678.0541
  1017.822    8.2940    4.3744    3.6847   2048.6344    3.2197    12305588722.0373
  1034.654    8.3169    4.3833    3.6922   2050.9484    3.2134    12505478131.6978
  1051.485    8.3337    4.3887    3.6978   2053.0288    3.2073    12705331737.5955
  1068.317    8.3507    4.3941    3.7035   2055.0951    3.2014    12905108912.6819
  1085.149    8.3672    4.3994    3.7091   2057.1842    3.1956    13104820955.9723
  1101.980    8.3838    4.4047    3.7147   2059.2638    3.1900    13304475676.7292
  1118.812    8.5203    4.4902    3.7519   2072.4445    3.1844    13504932095.8942
  1135.644    8.6874    4.5963    3.7963   2088.9686    3.1785    13707220575.4175
  1152.475    8.8570    4.7041    3.8400   2101.7848    3.1722    13911488119.8319
  1169.307    8.8751    4.7115    3.8456   2103.9627    3.1658    14116668837.4428
  1186.139    8.8905    4.7160    3.8509   2106.1961    3.1596    14321727282.1261
  1202.971    8.9071    4.7204    3.8577   2109.0099    3.1536    14526705804.9183
  1219.802    8.9222    4.7248    3.8631   2111.3890    3.1478    14731618933.5882
  1236.634    8.9377    4.7295    3.8688   2113.7649    3.1422    14936448108.8528
  1253.466    8.9526    4.7340    3.8742   2116.1597    3.1368    15141205993.3514
  1270.297    8.9672    4.7385    3.8794   2118.4897    3.1317    15345895719.4460
  1287.129    8.9815    4.7430    3.8845   2120.7802    3.1268    15550521615.6565
  1303.961    8.9964    4.7476    3.8900   2123.1688    3.1222    15755106965.5515
  1320.792    9.0100    4.7522    3.8947   2125.2968    3.1178    15959656332.8848
  1337.624    9.0241    4.7566    3.8999   2127.6709    3.1137    16164176264.6773
  1354.456    9.0370    4.7611    3.9042   2129.7567    3.1098    16368676779.1189
  1371.288    9.0513    4.7656    3.9094   2131.9863    3.1063    16573174368.2655
  1388.119    9.0835    4.7815    3.9177   2136.1911    3.1031    16777791689.2666
  1404.951    9.1212    4.8019    3.9266   2141.5197    3.1001    16982645606.8104
  1421.783    9.1634    4.8242    3.9378   2147.9201    3.0974    17187827861.5984
  1438.614    9.2013    4.8450    3.9472   2153.4936    3.0949    17393367634.5423
  1455.446    9.2410    4.8673    3.9573   2159.2795    3.0927    17599250156.3775
  1472.278    9.2829    4.8903    3.9686   2165.2162    3.0908    17805542970.5673
  1489.109    9.3234    4.9134    3.9794   2171.5036    3.0892    18012284969.6722
  1505.941    9.3646    4.9372    3.9904   2177.7457    3.0879    18219487244.3041
  1522.773    9.3782    4.9422    3.9951   2179.8067    3.0870    18427010160.4463
  1539.605    9.3904    4.9464    3.9993   2181.8054    3.0865    18634702484.7249
  1556.436    9.4027    4.9507    4.0037   2183.7849    3.0864    18842584270.2178
  1556.436    4.9927    0.0000    4.0152         nan    3.0864    18842584270.2178
  1576.320    5.0114    0.0000    4.0218         nan    3.0867    19089198451.1957
  1596.204    5.0301    0.0000    4.0284         nan    3.0877    19336243394.2074
  1616.088    5.0488    0.0000    4.0350         nan    3.0893    19583770973.3981
  1635.972    5.0667    0.0000    4.0413         nan    3.0917    19831827601.3442
  1655.856    5.0845    0.0000    4.0476         nan    3.0948    20080461010.0653
  1675.740    5.1022    0.0000    4.0539         nan    3.0986    20329730522.0687
  1695.624    5.1194    0.0000    4.0600         nan    3.1034    20579694415.9455
  1715.509    5.1362    0.0000    4.0660         nan    3.1090    20830411133.1366
  1735.393    5.1530    0.0000    4.0719         nan    3.1155    21081949209.6580
  1735.393    5.3157    0.0000    6.5039         nan    3.1155    21081949209.6580
  1792.431    5.3593    0.0000    6.5439         nan    3.0186    22241259051.6741
  1849.469    5.4007    0.0000    6.5823         nan    2.9206    23371275006.3330
  1906.507    5.4402    0.0000    6.6191         nan    2.8215    24470863540.7250
  1963.545    5.4778    0.0000    6.6543         nan    2.7214    25538935805.2094
  2020.584    5.5135    0.0000    6.6879         nan    2.6203    26574446998.9315
  2077.622    5.5475    0.0000    6.7200         nan    2.5182    27576395873.8207
  2134.660    5.5797    0.0000    6.7506         nan    2.4153    28543824368.8551
  2191.698    5.6102    0.0000    6.7797         nan    2.3115    29475817369.1728
  2248.736    5.6390    0.0000    6.8073         nan    2.2069    30371502591.1478
  2305.774    5.6662    0.0000    6.8335         nan    2.1016    31230050603.7884
  2362.813    5.6919    0.0000    6.8583         nan    1.9955    32050675005.8024
  2419.851    5.7160    0.0000    6.8817         nan    1.8889    32832632791.6504
  2476.889    5.7385    0.0000    6.9036         nan    1.7816    33575224961.5169
  2533.927    5.7596    0.0000    6.9242         nan    1.6737    34277797461.1773
  2590.965    5.7793    0.0000    6.9434         nan    1.5654    34939742591.6031
  2648.004    5.7975    0.0000    6.9612         nan    1.4567    35560501112.7359
  2705.042    5.8142    0.0000    6.9777         nan    1.3476    36139565411.0698
  2762.080    5.8296    0.0000    6.9928         nan    1.2383    36676484363.5151
  2819.118    5.8435    0.0000    7.0066         nan    1.1289    37170871006.0758
  2876.156    5.8561    0.0000    7.0191         nan    1.0195    37622415052.9878
  2933.195    5.8674    0.0000    7.0302         nan    0.9105    38030904224.6037
  2990.233    5.8773    0.0000    7.0400         nan    0.8023    38396262525.3524
  3047.271    5.8858    0.0000    7.0485         nan    0.6958    38718623526.6478
  3104.309    5.8930    0.0000    7.0557         nan    0.5925    38998482582.2052
  3161.347    5.8989    0.0000    7.0616         nan    0.4967    39237048404.4207
  3218.385    5.9035    0.0000    7.0661         nan    0.4200    39437181435.7978
  3275.424    5.9068    0.0000    7.0694         nan    0.4096    39606485476.7482
  3332.462    5.9087    0.0000    7.0714         nan    0.8491    39771664241.9561
  3389.500    5.9094    0.0000    7.0720         nan    0.0000    40114162909.4677
