# Depth[km]  Vp[km/s]  Vs[km/s] Rho[g/cm3]    T[K]     g[m/s2]         P[Pa]        
     0.000    3.4856    2.0891    1.5812    273.1500    3.7291              0.0000
    10.961    3.4856    2.0891    1.5812    319.1373    3.7387       64627854.0534
    10.961    4.6634    2.7949    2.1155    319.1373    3.7387       64627854.0534
    27.916    4.6634    2.7949    2.1155    390.2859    3.7463      198734794.6484
    27.916    6.5341    3.9161    2.9641    390.2859    3.7463      198734794.6484
    43.244    6.5341    3.9161    2.9641    454.6005    3.7424      368933121.2165
    43.244    7.9557    4.5340    3.5026    454.6005    3.7424      368933121.2165
    52.862    7.9472    4.5240    3.5022    494.9583    3.7357      494999614.0068
    62.479    7.9383    4.5138    3.5017    535.3161    3.7290      620824173.4164
    72.097    7.9290    4.5034    3.5012    575.6740    3.7223      746405103.8573
    81.715    7.9189    4.4927    3.5005    616.0318    3.7157      871739275.1861
    91.333    7.9093    4.4822    3.4999    656.3897    3.7091      996826908.1048
   100.951    7.8995    4.4717    3.4993    696.7475    3.7025     1121669968.7893
   110.569    7.8891    4.4610    3.4985    737.1054    3.6959     1246266074.9393
   120.187    7.8792    4.4506    3.4978    777.4632    3.6894     1370615778.5176
   129.805    7.8684    4.4398    3.4969    817.8210    3.6829     1494718021.5902
   139.423    7.8587    4.4295    3.4962    858.1789    3.6764     1618573738.7837
   149.041    7.8477    4.4187    3.4953    898.5367    3.6700     1742183068.0121
   158.659    7.8369    4.4080    3.4943    938.8946    3.6636     1865542997.1212
   168.277    7.8261    4.3975    3.4934    979.2524    3.6573     1988654998.3012
   177.895    7.8153    4.3868    3.4924   1019.6103    3.6509     2111518888.9774
   187.512    7.8037    4.3759    3.4913   1059.9681    3.6447     2234132963.5503
   197.130    7.7926    4.3652    3.4902   1100.3259    3.6384     2356497810.1926
   206.748    7.7817    4.3546    3.4892   1140.6838    3.6322     2478616184.2974
   216.366    7.7709    4.3440    3.4881   1181.0416    3.6260     2600489790.8401
   225.984    7.7592    4.3332    3.4869   1221.3995    3.6199     2722116591.7374
   235.602    7.7475    4.3223    3.4856   1261.7573    3.6138     2843493904.2264
   245.220    7.7369    4.3119    3.4846   1302.1152    3.6077     2964626206.4525
   254.838    7.7266    4.3017    3.4835   1342.4730    3.6017     3085517621.6146
   264.456    7.7151    4.2910    3.4822   1382.8308    3.5957     3206166130.4477
   274.074    7.7048    4.2808    3.4810   1423.1887    3.5898     3326572201.4258
   283.692    7.6938    4.2703    3.4797   1463.5465    3.5839     3446737001.3010
   293.310    7.6824    4.2597    3.4784   1503.9044    3.5781     3566658719.8894
   302.928    7.6715    4.2493    3.4771   1544.2622    3.5722     3686339435.6039
   312.546    7.6606    4.2388    3.4759   1584.6201    3.5665     3805783109.5166
   322.163    7.6490    4.2281    3.4745   1624.9779    3.5608     3924989063.5601
   331.781    7.6381    4.2176    3.4732   1665.3357    3.5551     4043958252.9581
   341.399    7.6263    4.2068    3.4718   1705.6936    3.5495     4162692701.0256
   351.017    7.6147    4.1961    3.4704   1746.0514    3.5439     4281191838.6540
   360.635    7.6027    4.1852    3.4690   1786.4093    3.5383     4399457057.1053
   370.253    7.5915    4.1746    3.4678   1826.7671    3.5329     4517492253.3737
   379.871    7.5797    4.1637    3.4663   1867.1250    3.5274     4635298307.9962
   389.489    7.5681    4.1530    3.4649   1907.4828    3.5220     4752874427.8766
   399.107    7.5558    4.1420    3.4635   1947.8406    3.5167     4870222248.6370
   408.725    7.5436    4.1309    3.4620   1988.1985    3.5114     4987343268.0630
   418.343    7.5321    4.1202    3.4606   2028.5563    3.5061     5104239375.3452
   427.961    7.5201    4.1093    3.4591   2068.9142    3.5010     5220912242.7942
   451.563    7.5551    4.1196    3.4685   2074.3534    3.4883     5507126374.4664
   475.165    7.5877    4.1293    3.4775   2079.5333    3.4757     5793062983.8782
   498.767    7.6195    4.1386    3.4864   2084.6374    3.4632     6078700519.6337
   522.368    7.6502    4.1477    3.4951   2089.6077    3.4508     6364028810.6638
   545.970    7.6796    4.1564    3.5035   2094.3368    3.4385     6649032894.5578
   569.572    7.7083    4.1648    3.5119   2099.0122    3.4263     6933702240.4688
   593.174    7.7368    4.1732    3.5202   2103.6235    3.4142     7218035308.3793
   616.776    7.7649    4.1815    3.5285   2108.1570    3.4022     7502032393.1373
   640.378    7.7923    4.1895    3.5366   2112.5659    3.3903     7785690655.2809
   663.980    7.8193    4.1975    3.5447   2116.8254    3.3786     8069006700.0669
   687.582    7.8464    4.2056    3.5527   2121.0058    3.3670     8351981689.6531
   711.184    7.8726    4.2133    3.5607   2125.2648    3.3556     8634624858.6785
   734.786    7.8985    4.2210    3.5686   2129.2096    3.3443     8916938052.7370
   758.388    7.9248    4.2289    3.5765   2133.2952    3.3332     9198927294.5401
   781.990    7.9508    4.2367    3.5844   2137.1170    3.3223     9480605374.2881
   805.592    7.9772    4.2449    3.5924   2141.0073    3.3116     9761983822.5330
   829.194    8.0027    4.2526    3.6003   2144.7610    3.3011    10043075066.1863
   852.796    8.0292    4.2610    3.6084   2148.4604    3.2908    10323897456.7602
   876.398    8.0549    4.2690    3.6164   2152.0714    3.2807    10604470557.4239
   900.000    8.0824    4.2781    3.6249   2155.7603    3.2709    10884821592.3509
   916.598    8.1014    4.2843    3.6308   2158.2334    3.2641    11081773903.8138
   933.196    8.1213    4.2911    3.6369   2160.7283    3.2574    11278642678.0580
   949.794    8.1412    4.2980    3.6431   2163.1496    3.2509    11475441849.8262
   966.392    8.1617    4.3052    3.6496   2165.6514    3.2444    11672188682.8974
   982.989    8.1830    4.3130    3.6562   2168.1558    3.2381    11868900001.7980
   999.587    8.2057    4.3216    3.6633   2170.6422    3.2320    12065599082.2427
  1016.185    8.2281    4.3300    3.6705   2173.1506    3.2259    12262306532.2006
  1032.783    8.2533    4.3403    3.6785   2175.6723    3.2200    12459051091.4720
  1049.381    8.2747    4.3483    3.6853   2178.1662    3.2142    12655831263.0604
  1065.979    8.2921    4.3539    3.6912   2180.3805    3.2086    12852597344.1793
  1082.577    8.3092    4.3595    3.6969   2182.7523    3.2031    13049326421.3291
  1099.175    8.3258    4.3649    3.7023   2184.9642    3.1979    13246017652.5583
  1115.773    8.3429    4.3705    3.7082   2187.1944    3.1928    13442685093.3631
  1132.371    8.3597    4.3761    3.7138   2189.4101    3.1879    13639343350.6277
  1148.968    8.4726    4.4458    3.7445   2201.2306    3.1830    13836660689.5580
  1165.566    8.6519    4.5600    3.7915   2219.6217    3.1778    14035725620.2178
  1182.164    8.8312    4.6744    3.8371   2233.6433    3.1723    14236907772.2124
  1198.762    8.8459    4.6789    3.8420   2236.1960    3.1667    14439070109.1662
  1215.360    8.8623    4.6836    3.8477   2238.5560    3.1613    14641156347.0461
  1231.958    8.8774    4.6882    3.8536   2241.4342    3.1561    14843203678.3285
  1248.556    8.8916    4.6926    3.8584   2243.8241    3.1511    15045199063.3234
  1265.154    8.9071    4.6973    3.8642   2246.4417    3.1464    15247153519.6105
  1281.752    8.9217    4.7020    3.8694   2248.8691    3.1419    15449089715.5979
  1298.350    8.9350    4.7065    3.8738   2251.1602    3.1376    15650987270.4502
  1314.947    8.9499    4.7110    3.8792   2253.6159    3.1336    15852866867.6888
  1331.545    8.9641    4.7157    3.8841   2255.9192    3.1299    16054756235.6241
  1348.143    8.9786    4.7203    3.8891   2258.2234    3.1264    16256664741.6369
  1364.741    8.9917    4.7247    3.8936   2260.4991    3.1233    16458597462.1583
  1381.339    9.0068    4.7292    3.9000   2263.6548    3.1204    16660607339.3795
  1397.937    9.0206    4.7338    3.9049   2265.9791    3.1179    16862724520.3034
  1414.535    9.0335    4.7382    3.9092   2268.2117    3.1157    17064916459.0514
  1431.133    9.0456    4.7418    3.9139   2269.8639    3.1138    17267198929.2502
  1447.731    9.0659    4.7498    3.9214   2272.2964    3.1123    17469673349.6565
  1464.328    9.1033    4.7691    3.9315   2276.6710    3.1110    17672501100.4211
  1480.926    9.1391    4.7877    3.9416   2281.0242    3.1101    17875770070.6509
  1497.524    9.1809    4.8098    3.9540   2285.5882    3.1094    18079559020.7192
  1514.122    9.2196    4.8304    3.9658   2289.9208    3.1091    18283929989.4299
  1530.720    9.2573    4.8508    3.9774   2294.6923    3.1091    18488882604.4076
  1547.318    9.2947    4.8710    3.9895   2298.7044    3.1094    18694448025.1362
  1547.318    5.0546    0.0000    4.0171         nan    3.1094    18694448025.1362
  1565.630    5.0662    0.0000    4.0231         nan    3.1098    18923355877.0657
  1583.943    5.0778    0.0000    4.0291         nan    3.1108    19152634175.6875
  1602.255    5.0895    0.0000    4.0351         nan    3.1123    19382323476.1174
  1620.568    5.1008    0.0000    4.0409         nan    3.1144    19612462477.3419
  1638.880    5.1119    0.0000    4.0467         nan    3.1171    19843088645.7924
  1657.193    5.1229    0.0000    4.0524         nan    3.1205    20074245635.3598
  1675.505    5.1340    0.0000    4.0582         nan    3.1246    20305982446.2890
  1693.818    5.1446    0.0000    4.0637         nan    3.1294    20538343880.0911
  1712.130    5.1551    0.0000    4.0692         nan    3.1349    20771377877.7338
  1712.130    5.1712    0.0000    6.4466         nan    3.1349    20771377877.7338
  1769.971    5.2429    0.0000    6.4891         nan    3.0378    21944171963.2156
  1827.811    5.3108    0.0000    6.5295         nan    2.9393    23087898470.8441
  1885.651    5.3750    0.0000    6.5679         nan    2.8397    24201256694.6378
  1943.492    5.4358    0.0000    6.6042         nan    2.7390    25283016395.7334
  2001.332    5.4933    0.0000    6.6387         nan    2.6372    26332013676.5933
  2059.172    5.5477    0.0000    6.6713         nan    2.5344    27347147467.9384
  2117.013    5.5991    0.0000    6.7022         nan    2.4307    28327376526.6635
  2174.853    5.6475    0.0000    6.7314         nan    2.3261    29271716867.1478
  2232.693    5.6932    0.0000    6.7590         nan    2.2207    30179239568.7247
  2290.534    5.7362    0.0000    6.7850         nan    2.1145    31049068912.9455
  2348.374    5.7766    0.0000    6.8094         nan    2.0075    31880380824.2821
  2406.214    5.8144    0.0000    6.8323         nan    1.8999    32672401600.2812
  2464.055    5.8498    0.0000    6.8538         nan    1.7917    33424406932.8085
  2521.895    5.8828    0.0000    6.8738         nan    1.6829    34135721245.3297
  2579.735    5.9134    0.0000    6.8924         nan    1.5736    34805717399.6382
  2637.576    5.9417    0.0000    6.9097         nan    1.4638    35433816876.1619
  2695.416    5.9678    0.0000    6.9255         nan    1.3536    36019490607.4335
  2753.256    5.9916    0.0000    6.9400         nan    1.2430    36562260782.7229
  2811.097    6.0133    0.0000    6.9532         nan    1.1322    37061704194.8165
  2868.937    6.0328    0.0000    6.9651         nan    1.0213    37517458186.5404
  2926.777    6.0502    0.0000    6.9758         nan    0.9104    37929231252.0974
  2984.618    6.0655    0.0000    6.9851         nan    0.7998    38296822530.4347
  3042.458    6.0787    0.0000    6.9932         nan    0.6900    38620159592.2846
  3100.298    6.0899    0.0000    7.0000         nan    0.5817    38899377402.6553
  3158.139    6.0990    0.0000    7.0055         nan    0.4772    39135001197.0329
  3215.979    6.1060    0.0000    7.0098         nan    0.3825    39328435115.7106
  3273.819    6.1111    0.0000    7.0129         nan    0.3222    39483572696.6625
  3331.660    6.1141    0.0000    7.0148         nan    0.4948    39614276271.3424
  3389.500    6.1151    0.0000    7.0154         nan    0.0000    39815044142.4910
