# Depth[km]  Vp[km/s]  Vs[km/s] Rho[g/cm3]    T[K]     g[m/s2]         P[Pa]        
     0.000    3.4935    2.0932    1.6012    273.1500    3.7291              0.0000
    10.613    3.4935    2.0932    1.6012    316.9203    3.7382       63371538.2532
    10.613    4.7832    2.8660    2.1923    316.9203    3.7382       63371538.2532
    28.790    4.7832    2.8660    2.1923    391.8893    3.7452      212335503.5474
    28.790    6.2315    3.7338    2.8561    391.8893    3.7452      212335503.5474
    43.349    6.2315    3.7338    2.8561    451.9395    3.7428      368073843.4204
    43.349    7.9571    4.5349    3.5029    451.9395    3.7428      368073843.4204
    52.846    7.9492    4.5254    3.5026    491.1089    3.7362      492575745.2496
    62.342    7.9409    4.5156    3.5022    530.2782    3.7296      616844211.8873
    71.839    7.9319    4.5054    3.5017    569.4475    3.7230      740877728.4127
    81.336    7.9224    4.4951    3.5011    608.6169    3.7164      864673650.6387
    90.832    7.9134    4.4851    3.5006    647.7862    3.7099      988231684.9638
   100.329    7.9040    4.4748    3.5000    686.9555    3.7034     1111553581.3836
   109.826    7.8948    4.4649    3.4995    726.1248    3.6969     1234639671.9286
   119.323    7.8848    4.4545    3.4988    765.2942    3.6904     1357487782.1385
   128.819    7.8752    4.4443    3.4981    804.4635    3.6840     1480097298.7831
   138.316    7.8652    4.4341    3.4973    843.6328    3.6776     1602468970.3939
   147.813    7.8548    4.4237    3.4965    882.8022    3.6713     1724600298.8457
   157.309    7.8447    4.4135    3.4957    921.9715    3.6650     1846491633.3721
   166.806    7.8343    4.4032    3.4948    961.1408    3.6587     1968143665.4884
   176.303    7.8244    4.3931    3.4940   1000.3102    3.6524     2089557393.2419
   185.799    7.8137    4.3827    3.4930   1039.4795    3.6462     2210732461.1182
   195.296    7.8032    4.3724    3.4920   1078.6488    3.6400     2331667469.9840
   204.793    7.7926    4.3621    3.4911   1117.8182    3.6338     2452364142.3565
   214.290    7.7821    4.3518    3.4902   1156.9875    3.6277     2572824205.5358
   223.786    7.7723    4.3418    3.4892   1196.1568    3.6216     2693048986.5124
   233.283    7.7612    4.3314    3.4881   1235.3262    3.6156     2813036507.6412
   242.780    7.7503    4.3209    3.4870   1274.4955    3.6096     2932786111.7044
   252.276    7.7406    4.3111    3.4860   1313.6648    3.6036     3052301348.1028
   261.773    7.7300    4.3009    3.4849   1352.8342    3.5977     3171582093.9909
   271.270    7.7202    4.2911    3.4838   1392.0035    3.5918     3290629267.8463
   280.766    7.7096    4.2809    3.4827   1431.1728    3.5860     3409444109.0568
   290.263    7.6995    4.2709    3.4815   1470.3421    3.5801     3528025906.9798
   299.760    7.6892    4.2609    3.4804   1509.5115    3.5744     3646376601.0919
   309.257    7.6782    4.2506    3.4791   1548.6808    3.5686     3764495760.2553
   318.753    7.6683    4.2407    3.4781   1587.8501    3.5630     3882386388.6883
   328.250    7.6573    4.2304    3.4768   1627.0195    3.5573     4000050107.8120
   337.747    7.6463    4.2200    3.4755   1666.1888    3.5517     4117483867.1454
   347.243    7.6358    4.2099    3.4744   1705.3581    3.5462     4234691713.4245
   356.740    7.6250    4.1996    3.4731   1744.5275    3.5407     4351676861.8962
   366.237    7.6139    4.1893    3.4718   1783.6968    3.5352     4468437916.4143
   375.733    7.6027    4.1788    3.4706   1822.8661    3.5298     4584975178.9137
   385.230    7.5921    4.1687    3.4694   1862.0355    3.5244     4701293073.9644
   394.727    7.5805    4.1580    3.4680   1901.2048    3.5191     4817391527.4893
   404.224    7.5687    4.1473    3.4667   1940.3741    3.5138     4933268711.2928
   413.720    7.5584    4.1373    3.4654   1979.5435    3.5085     5048928950.3048
   423.217    7.5469    4.1266    3.4641   2018.7128    3.5034     5164374538.5182
   447.056    7.5814    4.1369    3.4734   2023.9928    3.4904     5454078003.6214
   470.895    7.6140    4.1466    3.4825   2029.0513    3.4776     5743475727.9259
   494.734    7.6456    4.1560    3.4913   2033.9742    3.4648     6032547840.9344
   518.574    7.6757    4.1648    3.4999   2038.7596    3.4521     6321279320.5106
   542.413    7.7052    4.1734    3.5085   2043.5174    3.4395     6609660869.5335
   566.252    7.7347    4.1823    3.5170   2048.0754    3.4270     6897686987.1659
   590.091    7.7625    4.1903    3.5252   2052.5002    3.4146     7185350137.9017
   613.930    7.7908    4.1988    3.5334   2056.7789    3.4024     7472644271.9209
   637.769    7.8177    4.2067    3.5415   2061.0829    3.3902     7759567950.9364
   661.608    7.8451    4.2148    3.5497   2065.3050    3.3782     8046124273.0735
   685.448    7.8712    4.2223    3.5577   2069.5215    3.3664     8332314630.1257
   709.287    7.8984    4.2306    3.5657   2073.4824    3.3547     8618144375.8389
   733.126    7.9243    4.2383    3.5736   2077.3594    3.3431     8903619299.7648
   756.965    7.9502    4.2461    3.5815   2081.1845    3.3318     9188742237.2281
   780.804    7.9764    4.2540    3.5895   2085.0853    3.3206     9473527354.4418
   804.643    8.0023    4.2619    3.5974   2088.7941    3.3096     9757987375.4557
   828.483    8.0283    4.2699    3.6054   2092.4328    3.2988    10042133862.9803
   852.322    8.0542    4.2780    3.6134   2096.0180    3.2883    10325984947.5784
   876.161    8.0816    4.2869    3.6217   2099.6377    3.2779    10609567106.8587
   900.000    8.1080    4.2954    3.6300   2103.1128    3.2678    10892905244.5553
   916.998    8.1278    4.3020    3.6362   2105.6362    3.2608    11094713860.6672
   933.996    8.1463    4.3080    3.6420   2108.0898    3.2538    11296417097.8914
   950.995    8.1680    4.3158    3.6487   2110.5082    3.2470    11498037857.9346
   967.993    8.1893    4.3234    3.6555   2112.9851    3.2403    11699608280.5882
   984.991    8.2112    4.3315    3.6623   2115.3900    3.2338    11901137778.4455
  1001.989    8.2343    4.3403    3.6696   2117.8672    3.2273    12102647580.5322
  1018.988    8.2571    4.3490    3.6768   2120.3477    3.2210    12304155346.1520
  1035.986    8.2839    4.3600    3.6854   2122.9407    3.2149    12505703872.8892
  1052.984    8.3029    4.3666    3.6916   2125.3387    3.2088    12707270631.9317
  1069.982    8.3205    4.3722    3.6976   2127.5093    3.2030    12908790842.8385
  1086.981    8.3376    4.3778    3.7032   2129.6831    3.1973    13110259711.6429
  1103.979    8.3545    4.3832    3.7089   2131.9090    3.1918    13311680492.8622
  1120.977    8.3716    4.3889    3.7147   2134.0857    3.1865    13513066672.5904
  1137.975    8.5118    4.4767    3.7527   2147.9161    3.1812    13715303756.1207
  1154.973    8.6909    4.5906    3.7997   2166.9555    3.1755    13919500226.7281
  1171.972    8.8458    4.6888    3.8394   2177.9293    3.1695    14125672437.1227
  1188.970    8.8614    4.6938    3.8446   2180.2303    3.1635    14332664659.0080
  1205.968    8.8764    4.6984    3.8497   2182.5993    3.1576    14539540195.2652
  1222.966    8.8931    4.7028    3.8564   2185.5314    3.1520    14746351095.9235
  1239.965    8.9085    4.7075    3.8620   2188.0266    3.1466    14953121754.4204
  1256.963    8.9238    4.7122    3.8675   2190.5157    3.1414    15159832407.8132
  1273.961    8.9382    4.7167    3.8725   2192.8938    3.1365    15366483713.3852
  1290.959    8.9518    4.7214    3.8771   2195.1879    3.1318    15573067131.3995
  1307.958    8.9677    4.7263    3.8827   2197.5273    3.1274    15779615346.1047
  1324.956    8.9829    4.7308    3.8887   2200.3129    3.1233    15986181440.3940
  1341.954    8.9972    4.7353    3.8939   2202.8036    3.1194    16192769584.8794
  1358.952    9.0109    4.7399    3.8986   2205.0594    3.1158    16399364078.9734
  1375.950    9.0250    4.7445    3.9038   2207.5297    3.1126    16605984417.7347
  1392.949    9.0394    4.7492    3.9088   2209.7706    3.1096    16812658617.6459
  1409.947    9.0527    4.7539    3.9133   2211.9809    3.1070    17019390327.7813
  1426.945    9.0868    4.7709    3.9226   2217.3615    3.1047    17226313226.0532
  1443.943    9.1256    4.7919    3.9320   2222.9414    3.1028    17433577506.2326
  1460.942    9.1653    4.8137    3.9416   2228.8007    3.1011    17641210020.1218
  1477.940    9.2048    4.8356    3.9514   2234.9110    3.0997    17849240856.3911
  1494.938    9.2473    4.8585    3.9634   2241.1664    3.0986    18057754592.4327
  1511.936    9.2857    4.8793    3.9749   2245.5245    3.0979    18266815618.3279
  1528.935    9.3264    4.9020    3.9872   2250.7422    3.0975    18476453069.0915
  1545.933    9.3475    4.9119    3.9944   2253.0890    3.0975    18686574948.8609
  1562.931    9.3601    4.9163    3.9988   2255.5555    3.0979    18897000835.9021
  1562.931    4.9197    0.0000    4.0334         nan    3.0979    18897000835.9021
  1582.304    4.9362    0.0000    4.0401         nan    3.0983    19139272318.2492
  1601.678    4.9527    0.0000    4.0468         nan    3.0994    19381982529.3503
  1621.051    4.9692    0.0000    4.0535         nan    3.1012    19625180269.4949
  1640.425    4.9850    0.0000    4.0599         nan    3.1036    19868909779.8672
  1659.798    5.0007    0.0000    4.0663         nan    3.1068    20113215766.9622
  1679.172    5.0164    0.0000    4.0727         nan    3.1107    20358153141.3428
  1698.545    5.0317    0.0000    4.0789         nan    3.1154    20603777723.1690
  1717.919    5.0465    0.0000    4.0850         nan    3.1209    20850144006.9508
  1737.292    5.0614    0.0000    4.0910         nan    3.1273    21097314637.7214
  1737.292    4.9707    0.0000    6.5145         nan    3.1273    21097314637.7214
  1794.265    5.0424    0.0000    6.5603         nan    3.0310    22262090831.0819
  1851.237    5.1102    0.0000    6.6036         nan    2.9334    23398693173.4633
  1908.210    5.1744    0.0000    6.6448         nan    2.8345    24505749047.7722
  1965.183    5.2350    0.0000    6.6838         nan    2.7344    25581960585.9855
  2022.156    5.2924    0.0000    6.7208         nan    2.6333    26626100158.6601
  2079.128    5.3466    0.0000    6.7558         nan    2.5310    27637006549.5567
  2136.101    5.3978    0.0000    6.7889         nan    2.4278    28613581703.9533
  2193.074    5.4461    0.0000    6.8202         nan    2.3237    29554787949.3306
  2250.046    5.4916    0.0000    6.8498         nan    2.2186    30459645623.9264
  2307.019    5.5344    0.0000    6.8776         nan    2.1128    31327231065.0634
  2363.992    5.5746    0.0000    6.9038         nan    2.0062    32156674920.1960
  2420.964    5.6123    0.0000    6.9284         nan    1.8988    32947160761.4840
  2477.937    5.6475    0.0000    6.9514         nan    1.7908    33697924000.3550
  2534.910    5.6803    0.0000    6.9728         nan    1.6822    34408251122.1883
  2591.882    5.7108    0.0000    6.9928         nan    1.5730    35077479287.7383
  2648.855    5.7390    0.0000    7.0112         nan    1.4634    35704996394.5337
  2705.828    5.7649    0.0000    7.0282         nan    1.3533    36290241766.7625
  2762.800    5.7886    0.0000    7.0438         nan    1.2428    36832707770.4381
  2819.773    5.8102    0.0000    7.0579         nan    1.1320    37331942887.5765
  2876.746    5.8296    0.0000    7.0707         nan    1.0211    37787557242.3702
  2933.719    5.8469    0.0000    7.0820         nan    0.9102    38199232509.6440
  2990.691    5.8621    0.0000    7.0920         nan    0.7995    38566740185.4159
  3047.664    5.8752    0.0000    7.1007         nan    0.6895    38889977053.0199
  3104.637    5.8863    0.0000    7.1079         nan    0.5809    39169039344.0471
  3161.609    5.8954    0.0000    7.1139         nan    0.4759    39404394543.0949
  3218.582    5.9024    0.0000    7.1185         nan    0.3801    39597340490.9577
  3275.555    5.9074    0.0000    7.1218         nan    0.3165    39751518601.4812
  3332.527    5.9104    0.0000    7.1238         nan    0.4717    39879941555.6891
  3389.500    5.9114    0.0000    7.1245         nan    0.0000    40071392738.4610
