# Depth[km]  Vp[km/s]  Vs[km/s] Rho[g/cm3]    T[K]     g[m/s2]         P[Pa]        
     0.000    3.8794    2.2423    1.6971    273.1500    3.7291              0.0000
    11.829    3.8794    2.2423    1.6971    317.5171    3.7383       74861117.5399
    11.829    4.8934    2.8284    2.1407    317.5171    3.7383       74861117.5399
    26.742    4.8934    2.8284    2.1407    373.4555    3.7447      194204220.8076
    26.742    6.5720    3.7986    2.8750    373.4555    3.7447      194204220.8076
    40.839    6.5720    3.7986    2.8750    426.3358    3.7421      345978997.3260
    40.839    7.8425    4.4868    3.4770    426.3358    3.7421      345978997.3260
    50.787    7.8389    4.4804    3.4774    463.6496    3.7354      475417691.5536
    60.734    7.8345    4.4735    3.4777    500.9635    3.7286      604636098.4611
    70.682    7.8296    4.4663    3.4780    538.2774    3.7219      733632548.5148
    80.630    7.8244    4.4589    3.4781    575.5913    3.7152      862404642.2851
    90.577    7.8191    4.4515    3.4783    612.9051    3.7086      990951171.6122
   100.525    7.8127    4.4435    3.4782    650.2190    3.7019     1119268422.8469
   110.473    7.8069    4.4358    3.4782    687.5329    3.6953     1247355026.8359
   120.420    7.8011    4.4280    3.4783    724.8467    3.6887     1375213744.8827
   130.368    7.7953    4.4203    3.4783    762.1606    3.6822     1502845185.9796
   140.315    7.7883    4.4120    3.4780    799.4745    3.6756     1630244750.6404
   150.263    7.7824    4.4042    3.4779    836.7884    3.6691     1757411424.2622
   160.211    7.7754    4.3959    3.4776    874.1022    3.6627     1884345964.9782
   170.158    7.7693    4.3880    3.4774    911.4161    3.6562     2011048035.7738
   180.106    7.7625    4.3798    3.4770    948.7300    3.6498     2137517794.9475
   190.054    7.7565    4.3719    3.4768    986.0438    3.6435     2263755006.7145
   200.001    7.7497    4.3637    3.4764   1023.3577    3.6371     2389760241.3790
   209.949    7.7427    4.3554    3.4758   1060.6716    3.6308     2515528888.9408
   219.896    7.7357    4.3471    3.4753   1097.9855    3.6246     2641060659.0209
   229.844    7.7290    4.3390    3.4748   1135.2993    3.6184     2766358182.8842
   239.792    7.7227    4.3308    3.4746   1172.6132    3.6122     2891426348.3280
   249.739    7.7160    4.3227    3.4741   1209.9271    3.6060     3016266683.5690
   259.687    7.7084    4.3142    3.4734   1247.2410    3.5999     3140873556.7646
   269.634    7.7014    4.3059    3.4729   1284.5548    3.5938     3265248124.7695
   279.582    7.6947    4.2978    3.4724   1321.8687    3.5878     3389394360.4708
   289.530    7.6858    4.2886    3.4717   1359.1826    3.5818     3513311298.0496
   299.477    7.6780    4.2800    3.4713   1396.4964    3.5758     3637001442.9030
   309.425    7.6692    4.2709    3.4706   1433.8103    3.5699     3760466421.4171
   319.373    7.6612    4.2621    3.4701   1471.1242    3.5640     3883707129.0567
   329.320    7.6531    4.2534    3.4696   1508.4381    3.5582     4006727250.4927
   339.268    7.6442    4.2442    3.4690   1545.7519    3.5524     4129525605.6405
   349.215    7.6360    4.2354    3.4684   1583.0658    3.5466     4252102519.2141
   359.163    7.6273    4.2264    3.4678   1620.3797    3.5409     4374459564.0986
   369.111    7.6178    4.2170    3.4671   1657.6935    3.5353     4496596219.0940
   379.058    7.6095    4.2080    3.4665   1695.0074    3.5297     4618515643.1575
   389.006    7.6003    4.1987    3.4658   1732.3213    3.5241     4740219028.3474
   398.953    7.5846    4.1869    3.4641   1769.6352    3.5186     4861687690.6344
   408.901    7.5821    4.1802    3.4645   1806.9490    3.5131     4982942481.9537
   418.849    7.5729    4.1709    3.4637   1844.2629    3.5077     5104002298.5755
   428.796    7.5605    4.1604    3.4626   1881.5768    3.5023     5224841617.7131
   438.744    7.5524    4.1514    3.4620   1918.8907    3.4969     5345465552.1019
   461.807    7.5809    4.1588    3.4701   1923.0476    3.4847     5625000379.2154
   484.870    7.6091    4.1661    3.4780   1927.1240    3.4725     5904198862.9604
   507.932    7.6493    4.1783    3.4877   1932.3619    3.4604     6183128902.1353
   530.995    7.6795    4.1865    3.4960   1936.6799    3.4484     6461802781.0340
   554.058    7.7076    4.1940    3.5039   1940.7448    3.4364     6740150390.1578
   577.121    7.7358    4.2017    3.5117   1944.6737    3.4246     7018157945.1256
   600.184    7.7633    4.2090    3.5195   1948.6215    3.4129     7295824348.6795
   623.246    7.7905    4.2163    3.5271   1952.4704    3.4014     7573149507.3268
   646.309    7.8179    4.2239    3.5348   1956.3132    3.3899     7850134442.8743
   669.372    7.8445    4.2310    3.5423   1960.0825    3.3786     8126781459.4788
   692.435    7.8701    4.2377    3.5497   1963.7358    3.3675     8403089076.5127
   715.498    7.8958    4.2447    3.5570   1967.2610    3.3565     8679055656.4589
   738.560    7.9205    4.2512    3.5642   1970.6894    3.3457     8954681336.4440
   761.623    7.9459    4.2582    3.5714   1974.1405    3.3350     9229974704.8804
   784.686    7.9706    4.2648    3.5786   1977.5509    3.3246     9504945898.9753
   807.749    7.9954    4.2715    3.5857   1980.9142    3.3143     9779602790.7428
   830.812    8.0193    4.2778    3.5927   1984.1329    3.3043    10053952494.9201
   853.874    8.0437    4.2843    3.5998   1987.4411    3.2945    10328008457.8167
   876.937    8.0677    4.2910    3.6068   1990.5825    3.2849    10601785660.9322
   900.000    8.0923    4.2979    3.6139   1993.8370    3.2755    10875299762.6192
   916.514    8.1100    4.3029    3.6190   1996.1359    3.2690    11070916991.3103
   933.027    8.1271    4.3075    3.6241   1998.3231    3.2626    11266418781.0967
   949.541    8.1442    4.3124    3.6291   2000.4844    3.2563    11461809805.8950
   966.054    8.1610    4.3170    3.6341   2002.6276    3.2502    11657095658.3931
   982.568    8.1798    4.3228    3.6396   2004.8733    3.2443    11852295332.9681
   999.081    8.1970    4.3277    3.6447   2006.9980    3.2385    12047420777.2677
  1015.595    8.2146    4.3330    3.6499   2009.1137    3.2328    12242472613.0738
  1032.108    8.2308    4.3373    3.6548   2011.1281    3.2273    12437452954.1987
  1048.622    8.2464    4.3415    3.6594   2013.1448    3.2220    12632354478.2558
  1065.135    8.2685    4.3500    3.6658   2015.9954    3.2168    12827227649.1796
  1081.649    8.3731    4.4152    3.6936   2025.3571    3.2117    13022698946.2817
  1098.162    8.4870    4.4865    3.7239   2037.5475    3.2064    13219400301.8066
  1114.676    8.6001    4.5574    3.7534   2048.0712    3.2010    13417361844.4298
  1131.189    8.6149    4.5609    3.7580   2051.6811    3.1956    13615889226.9394
  1147.703    8.6309    4.5652    3.7629   2054.1515    3.1904    13814331514.6218
  1164.216    8.6461    4.5689    3.7677   2056.3498    3.1854    14012703449.4011
  1180.730    8.6653    4.5777    3.7722   2062.4425    3.1806    14211008775.6202
  1197.243    8.7079    4.6104    3.7780   2068.1947    3.1760    14409286154.3746
  1213.757    8.7596    4.6530    3.7843   2072.7549    3.1716    14607593190.0625
  1230.270    8.7849    4.6681    3.7895   2075.1477    3.1675    14805928299.8868
  1246.784    8.7993    4.6722    3.7942   2077.4592    3.1635    15004263166.3886
  1263.298    8.8142    4.6763    3.7990   2079.7797    3.1599    15202602429.4188
  1279.811    8.8453    4.6902    3.8068   2083.8504    3.1565    15401040470.3282
  1296.325    8.8824    4.7076    3.8158   2089.0095    3.1532    15599699567.4021
  1312.838    8.9200    4.7254    3.8252   2094.1883    3.1503    15798636277.3840
  1329.352    8.9580    4.7434    3.8349   2099.2486    3.1475    15997881892.0011
  1345.865    8.9965    4.7617    3.8452   2104.4449    3.1449    16197471471.4661
  1362.379    9.0357    4.7802    3.8560   2109.8545    3.1426    16397447929.4795
  1378.892    9.0674    4.7948    3.8650   2114.1686    3.1406    16597791297.3432
  1395.406    9.0842    4.7981    3.8720   2116.0952    3.1388    16798417832.9902
  1411.919    9.1002    4.8016    3.8785   2118.0966    3.1373    16999279149.5763
  1428.433    9.1167    4.8050    3.8854   2120.0981    3.1361    17200391407.8863
  1444.946    9.1331    4.8084    3.8924   2122.0413    3.1353    17401791489.5436
  1461.460    9.1507    4.8114    3.9006   2123.9891    3.1348    17603532470.2020
  1477.973    9.2260    4.8482    3.9338   2136.3343    3.1345    17806313014.1342
  1494.487    9.2533    4.8622    3.9430   2141.8241    3.1343    18010168785.9490
  1511.000    9.2800    4.8754    3.9521   2147.4281    3.1345    18214485623.4735
  1527.514    9.3050    4.8879    3.9605   2152.4816    3.1351    18419270255.5037
  1544.027    9.3305    4.9008    3.9691   2157.5828    3.1360    18624531817.5064
  1544.027    4.9463    0.0000    4.0083         nan    3.1360    18624531817.5064
  1556.667    4.9558    0.0000    4.0126         nan    3.1366    18783491610.1849
  1569.306    4.9654    0.0000    4.0169         nan    3.1375    18942652512.1350
  1581.945    4.9749    0.0000    4.0212         nan    3.1386    19102027927.3023
  1594.584    4.9845    0.0000    4.0255         nan    3.1400    19261631710.0130
  1607.223    4.9940    0.0000    4.0298         nan    3.1417    19421478181.1314
  1619.862    5.0031    0.0000    4.0340         nan    3.1437    19581578406.7184
  1632.502    5.0122    0.0000    4.0381         nan    3.1460    19741943862.6973
  1645.141    5.0213    0.0000    4.0422         nan    3.1486    19902590332.1018
  1657.780    5.0304    0.0000    4.0463         nan    3.1515    20063534273.0089
  1657.780    5.2545    0.0000    6.2723         nan    3.1515    20063534273.0089
  1717.494    5.3209    0.0000    6.3140         nan    3.0541    21247862008.2359
  1777.209    5.3839    0.0000    6.3536         nan    2.9554    22402985675.1635
  1836.923    5.4437    0.0000    6.3913         nan    2.8555    23527604518.7344
  1896.638    5.5003    0.0000    6.4272         nan    2.7545    24620484114.1631
  1956.352    5.5539    0.0000    6.4612         nan    2.6525    25680453247.1569
  2016.067    5.6047    0.0000    6.4935         nan    2.5494    26706401282.8363
  2075.781    5.6528    0.0000    6.5241         nan    2.4454    27697275960.7125
  2135.496    5.6982    0.0000    6.5531         nan    2.3405    28652081573.4425
  2195.210    5.7410    0.0000    6.5804         nan    2.2348    29569877500.4635
  2254.925    5.7814    0.0000    6.6063         nan    2.1284    30449777091.1178
  2314.639    5.8193    0.0000    6.6306         nan    2.0212    31290946908.2534
  2374.354    5.8549    0.0000    6.6535         nan    1.9134    32092606371.0587
  2434.068    5.8881    0.0000    6.6749         nan    1.8050    32854027875.0293
  2493.783    5.9192    0.0000    6.6948         nan    1.6960    33574537515.9807
  2553.497    5.9480    0.0000    6.7134         nan    1.5866    34253516632.7798
  2613.212    5.9747    0.0000    6.7307         nan    1.4769    34890404524.1746
  2672.926    5.9993    0.0000    6.7465         nan    1.3669    35484702922.3391
  2732.641    6.0218    0.0000    6.7611         nan    1.2568    36035983227.7281
  2792.355    6.0423    0.0000    6.7743         nan    1.1468    36543898280.8226
  2852.070    6.0607    0.0000    6.7862         nan    1.0371    37008201933.5746
  2911.784    6.0771    0.0000    6.7969         nan    0.9281    37428782743.8139
  2971.499    6.0915    0.0000    6.8062         nan    0.8206    37805724807.5305
  3031.213    6.1040    0.0000    6.8143         nan    0.7158    38139424587.1264
  3090.928    6.1146    0.0000    6.8212         nan    0.6164    38430833953.0027
  3150.642    6.1232    0.0000    6.8268         nan    0.5288    38682021944.4843
  3210.357    6.1298    0.0000    6.8311         nan    0.4715    38897674567.9545
  3270.071    6.1346    0.0000    6.8342         nan    0.5190    39090036643.7229
  3329.786    6.1375    0.0000    6.8360         nan    1.2772    39301860850.2465
  3389.500    6.1384    0.0000    6.8367         nan    0.0000    39823232787.8573
