# Depth[km]  Vp[km/s]  Vs[km/s] Rho[g/cm3]    T[K]     g[m/s2]         P[Pa]        
     0.000    3.6089    2.1522    1.7260    273.1500    3.7291              0.0000
    10.332    3.6089    2.1522    1.7260    312.8381    3.7369       66503387.0104
    10.332    4.7476    2.8314    2.2706    312.8381    3.7369       66503387.0104
    26.717    4.7476    2.8314    2.2706    375.7777    3.7421      205525488.8243
    26.717    6.4614    3.8535    3.0903    375.7777    3.7421      205525488.8243
    45.132    6.4614    3.8535    3.0903    446.5219    3.7354      418486838.0562
    45.132    7.9508    4.5316    3.4841    446.5219    3.7354      418486838.0562
    54.988    7.9452    4.5236    3.4842    484.3825    3.7286      546755909.3564
    64.844    7.9392    4.5155    3.4842    522.2431    3.7219      674792889.3544
    74.699    7.9328    4.5070    3.4841    560.1037    3.7152      802596594.6380
    84.555    7.9262    4.4985    3.4839    597.9643    3.7085      930165772.5384
    94.411    7.9188    4.4896    3.4836    635.8249    3.7018     1057496637.2904
   104.267    7.9120    4.4810    3.4834    673.6856    3.6952     1184589267.9124
   114.122    7.9050    4.4723    3.4832    711.5462    3.6885     1311445970.4179
   123.978    7.8979    4.4636    3.4829    749.4068    3.6820     1438066087.8062
   133.834    7.8904    4.4547    3.4825    787.2674    3.6754     1564447211.6371
   143.689    7.8831    4.4460    3.4821    825.1280    3.6689     1690589144.1087
   153.545    7.8756    4.4372    3.4817    862.9886    3.6624     1816492547.4178
   163.401    7.8676    4.4281    3.4811    900.8493    3.6560     1942154847.8772
   173.257    7.8607    4.4196    3.4807    938.7099    3.6495     2067578122.3912
   183.112    7.8530    4.4107    3.4801    976.5705    3.6432     2192763248.0401
   192.968    7.8454    4.4019    3.4795   1014.4311    3.6368     2317708651.9703
   202.824    7.8374    4.3929    3.4788   1052.2917    3.6305     2442413126.9780
   212.679    7.8301    4.3843    3.4782   1090.1523    3.6242     2566876798.7183
   222.535    7.8224    4.3755    3.4776   1128.0129    3.6180     2691102739.3449
   232.391    7.8147    4.3666    3.4769   1165.8736    3.6117     2815092304.5763
   242.246    7.8075    4.3580    3.4763   1203.7342    3.6056     2938846821.8422
   252.102    7.8006    4.3495    3.4756   1241.5948    3.5994     3062366551.8913
   261.958    7.7929    4.3407    3.4749   1279.4554    3.5933     3185650554.1684
   271.814    7.7854    4.3319    3.4742   1317.3160    3.5873     3308700666.1297
   281.669    7.7782    4.3233    3.4735   1355.1766    3.5813     3431519319.9477
   291.525    7.7702    4.3144    3.4726   1393.0373    3.5753     3554104294.4760
   301.381    7.7629    4.3058    3.4719   1430.8979    3.5693     3676455761.9062
   311.236    7.7557    4.2973    3.4711   1468.7585    3.5635     3798577573.3102
   321.092    7.7476    4.2883    3.4702   1506.6191    3.5576     3920469287.1682
   330.948    7.7402    4.2797    3.4694   1544.4797    3.5518     4042131218.0263
   340.804    7.7330    4.2711    3.4687   1582.3403    3.5460     4163567229.1597
   350.659    7.7249    4.2622    3.4677   1620.2010    3.5403     4284775460.5105
   360.515    7.7174    4.2534    3.4669   1658.0616    3.5346     4405757137.6209
   370.371    7.7098    4.2447    3.4660   1695.9222    3.5290     4526514576.2990
   380.226    7.7020    4.2358    3.4651   1733.7828    3.5234     4647048044.9686
   390.082    7.6948    4.2271    3.4643   1771.6434    3.5179     4767361119.1858
   399.938    7.6865    4.2181    3.4633   1809.5040    3.5124     4887453263.5493
   409.793    7.6785    4.2092    3.4623   1847.3647    3.5069     5007323985.8811
   419.649    7.6711    4.2003    3.4614   1885.2253    3.5015     5126976986.4586
   429.505    7.6620    4.1909    3.4604   1923.0859    3.4962     5246413027.1793
   439.361    7.6539    4.1817    3.4596   1960.9465    3.4909     5365634550.7040
   462.393    7.6824    4.1904    3.4677   1965.4673    3.4786     5644118710.5251
   485.424    7.7102    4.1988    3.4758   1969.9224    3.4664     5922273936.5293
   508.456    7.7380    4.2076    3.4838   1974.2820    3.4543     6200096268.3842
   531.488    7.7635    4.2149    3.4917   1978.6412    3.4423     6477578833.8642
   554.520    7.7884    4.2222    3.4994   1982.8078    3.4303     6754711171.5576
   577.552    7.8137    4.2297    3.5071   1987.0389    3.4185     7031494543.9862
   600.584    7.8377    4.2367    3.5146   1991.0182    3.4069     7307926165.5766
   623.616    7.8624    4.2440    3.5223   1995.1573    3.3953     7584008133.7999
   646.648    7.8861    4.2508    3.5299   1999.1557    3.3839     7859749201.3598
   669.680    7.9102    4.2579    3.5374   2003.1713    3.3726     8135148572.8378
   692.712    7.9338    4.2648    3.5447   2006.9834    3.3614     8410206737.0171
   715.744    7.9568    4.2714    3.5521   2010.7453    3.3505     8684926837.4499
   738.776    7.9797    4.2780    3.5593   2014.4314    3.3397     8959312818.7562
   761.808    8.0034    4.2851    3.5668   2018.2049    3.3290     9233378852.1339
   784.840    8.0260    4.2916    3.5740   2021.8209    3.3186     9507135253.4109
   807.872    8.0493    4.2986    3.5813   2025.3023    3.3083     9780586342.7286
   830.904    8.0716    4.3049    3.5886   2028.8250    3.2983    10053747163.0089
   853.936    8.0947    4.3119    3.5958   2032.2618    3.2884    10326631810.2019
   876.968    8.1179    4.3189    3.6032   2035.6892    3.2788    10599258826.1666
   900.000    8.1412    4.3261    3.6107   2039.0117    3.2695    10871649544.8833
   916.828    8.1585    4.3315    3.6162   2041.4274    3.2628    11070459720.0451
   933.657    8.1758    4.3368    3.6218   2043.8905    3.2562    11269167017.3643
   950.485    8.1937    4.3427    3.6274   2046.2552    3.2498    11467782515.9136
   967.314    8.2117    4.3485    3.6332   2048.6588    3.2435    11666320404.4397
   984.142    8.2315    4.3555    3.6394   2051.1955    3.2374    11864803502.9295
  1000.971    8.2508    4.3623    3.6457   2053.6280    3.2314    12063249187.8941
  1017.799    8.2702    4.3691    3.6520   2056.0174    3.2255    12261667496.3436
  1034.628    8.2912    4.3768    3.6588   2058.4198    3.2198    12460082672.6702
  1051.456    8.3069    4.3814    3.6641   2060.7058    3.2143    12658475267.9264
  1068.284    8.3227    4.3862    3.6693   2062.8409    3.2089    12856810789.1460
  1085.113    8.3383    4.3908    3.6746   2065.0720    3.2038    13055099964.5978
  1101.941    8.3549    4.3961    3.6800   2067.3371    3.1988    13253359564.7536
  1118.770    8.4757    4.4728    3.7124   2080.1569    3.1938    13452328246.2576
  1135.598    8.6380    4.5768    3.7549   2095.7585    3.1886    13653000310.6560
  1152.427    8.8006    4.6811    3.7965   2109.5097    3.1831    13855601286.2556
  1169.255    8.8162    4.6854    3.8020   2112.1039    3.1775    14059111484.7094
  1186.084    8.8301    4.6893    3.8067   2114.5091    3.1721    14262537612.5828
  1202.912    8.8470    4.6939    3.8129   2116.9490    3.1669    14465909047.3081
  1219.740    8.8625    4.6983    3.8184   2119.3492    3.1620    14669258831.7357
  1236.569    8.8780    4.7026    3.8239   2121.8010    3.1572    14872584369.0786
  1253.397    8.8935    4.7070    3.8295   2124.2017    3.1527    15075902200.7540
  1270.226    8.9089    4.7114    3.8351   2126.6477    3.1485    15279226199.7735
  1287.054    8.9243    4.7157    3.8406   2129.0709    3.1445    15482570228.9855
  1303.883    8.9398    4.7201    3.8463   2131.5178    3.1407    15685952267.7048
  1320.711    8.9550    4.7245    3.8519   2133.9672    3.1373    15889390016.6414
  1337.540    8.9694    4.7287    3.8570   2136.3787    3.1341    16092887577.0327
  1354.368    8.9854    4.7334    3.8630   2138.8439    3.1312    16296472484.2364
  1371.196    9.0004    4.7378    3.8686   2141.2924    3.1286    16500173886.9949
  1388.025    9.0331    4.7534    3.8773   2146.1964    3.1263    16704083816.4341
  1404.853    9.0728    4.7737    3.8874   2151.8417    3.1243    16908338200.0977
  1421.682    9.1113    4.7933    3.8974   2157.5305    3.1226    17112988489.3950
  1438.510    9.1514    4.8143    3.9080   2163.4529    3.1211    17318065721.2675
  1455.339    9.1898    4.8344    3.9182   2169.3540    3.1199    17523593341.5340
  1472.167    9.2297    4.8557    3.9290   2175.3755    3.1191    17729596820.3504
  1488.996    9.2690    4.8770    3.9399   2181.8875    3.1185    17936111809.2125
  1505.824    9.3089    4.8990    3.9509   2188.6022    3.1183    18143164991.0285
  1522.652    9.3279    4.9069    3.9572   2190.9639    3.1185    18350659822.5920
  1539.481    9.3420    4.9115    3.9625   2193.2555    3.1191    18558469476.5063
  1556.309    9.3553    4.9157    3.9673   2195.4811    3.1201    18766583169.7287
  1556.309    5.0863    0.0000    4.0084         nan    3.1201    18766583169.7287
  1574.552    5.1022    0.0000    4.0142         nan    3.1212    18994897380.4915
  1592.794    5.1181    0.0000    4.0200         nan    3.1228    19223619791.1928
  1611.036    5.1340    0.0000    4.0258         nan    3.1250    19452792323.3715
  1629.278    5.1495    0.0000    4.0315         nan    3.1278    19682454689.5089
  1647.521    5.1646    0.0000    4.0371         nan    3.1313    19912645123.1009
  1665.763    5.1797    0.0000    4.0426         nan    3.1354    20143408505.9627
  1684.005    5.1948    0.0000    4.0482         nan    3.1403    20374795334.3403
  1702.248    5.2092    0.0000    4.0534         nan    3.1459    20606851486.0800
  1720.490    5.2235    0.0000    4.0587         nan    3.1523    20839626132.9624
  1720.490    5.3474    0.0000    6.5241         nan    3.1523    20839626132.9624
  1778.042    5.4071    0.0000    6.5645         nan    3.0542    22026924551.3733
  1835.594    5.4639    0.0000    6.6030         nan    2.9549    23184201259.3977
  1893.146    5.5178    0.0000    6.6397         nan    2.8546    24310251666.4040
  1950.698    5.5690    0.0000    6.6746         nan    2.7531    25403929243.3175
  2008.250    5.6175    0.0000    6.7079         nan    2.6507    26464143316.1751
  2065.802    5.6636    0.0000    6.7395         nan    2.5473    27489857205.5427
  2123.354    5.7072    0.0000    6.7694         nan    2.4431    28480086674.8331
  2180.907    5.7485    0.0000    6.7978         nan    2.3380    29433898667.2010
  2238.459    5.7874    0.0000    6.8247         nan    2.2322    30350410319.1406
  2296.011    5.8242    0.0000    6.8501         nan    2.1256    31228788259.5736
  2353.563    5.8587    0.0000    6.8741         nan    2.0184    32068248217.8343
  2411.115    5.8912    0.0000    6.8966         nan    1.9105    32868054986.2143
  2468.667    5.9216    0.0000    6.9177         nan    1.8021    33627522823.0882
  2526.219    5.9499    0.0000    6.9374         nan    1.6932    34346016432.0648
  2583.771    5.9763    0.0000    6.9557         nan    1.5839    35022952739.1485
  2641.323    6.0007    0.0000    6.9728         nan    1.4743    35657803827.6647
  2698.875    6.0232    0.0000    6.9884         nan    1.3644    36250101626.7039
  2756.427    6.0438    0.0000    7.0028         nan    1.2545    36799445370.3053
  2813.979    6.0625    0.0000    7.0159         nan    1.1446    37305513621.1732
  2871.531    6.0794    0.0000    7.0277         nan    1.0351    37768084159.1994
  2929.083    6.0945    0.0000    7.0382         nan    0.9264    38187068124.5929
  2986.636    6.1077    0.0000    7.0475         nan    0.8192    38562571566.3117
  3044.188    6.1191    0.0000    7.0555         nan    0.7147    38895013553.1092
  3101.740    6.1288    0.0000    7.0623         nan    0.6158    39185371790.6766
  3159.292    6.1367    0.0000    7.0678         nan    0.5287    39435750240.3573
  3216.844    6.1428    0.0000    7.0721         nan    0.4723    39650894455.8583
  3274.396    6.1472    0.0000    7.0752         nan    0.5221    39843184519.0418
  3331.948    6.1498    0.0000    7.0770         nan    1.2916    40055821207.3143
  3389.500    6.1507    0.0000    7.0777         nan    0.0000    40581891379.2169
