# Depth[km]  Vp[km/s]  Vs[km/s] Rho[g/cm3]    T[K]     g[m/s2]         P[Pa]        
     0.000    3.7788    2.2880    1.7197    273.1500    3.7291              0.0000
    12.768    3.7788    2.2880    1.7197    325.1435    3.7388       81884209.1706
    12.768    4.6303    2.8036    2.1072    325.1435    3.7388       81884209.1706
    29.973    4.6303    2.8036    2.1072    395.2077    3.7467      217435629.3579
    29.973    5.5753    3.3758    2.5373    395.2077    3.7467      217435629.3579
    45.831    5.5753    3.3758    2.5373    459.7849    3.7484      368185887.2585
    45.831    7.9971    4.5431    3.5189    459.7849    3.7484      368185887.2585
    55.350    7.9891    4.5333    3.5185    498.5522    3.7417      493745971.0638
    64.870    7.9808    4.5233    3.5181    537.3195    3.7349      619065801.0574
    74.390    7.9721    4.5131    3.5176    576.0869    3.7283      744144175.9442
    83.909    7.9629    4.5028    3.5170    614.8542    3.7216      868978692.2912
    93.429    7.9541    4.4926    3.5164    653.6215    3.7150      993569643.2069
   102.949    7.9451    4.4825    3.5159    692.3888    3.7084     1117918676.9096
   112.468    7.9362    4.4725    3.5153    731.1562    3.7018     1242025826.6144
   121.988    7.9268    4.4624    3.5145    769.9235    3.6952     1365889694.2357
   131.508    7.9176    4.4523    3.5139    808.6908    3.6887     1489509931.3364
   141.027    7.9082    4.4423    3.5131    847.4582    3.6822     1612887309.3391
   150.547    7.8984    4.4321    3.5123    886.2255    3.6758     1736020130.6477
   160.066    7.8891    4.4222    3.5115    924.9928    3.6694     1858908893.9735
   169.586    7.8799    4.4124    3.5107    963.7602    3.6630     1981555787.1920
   179.106    7.8704    4.4024    3.5099   1002.5275    3.6566     2103961073.4839
   188.625    7.8608    4.3925    3.5090   1041.2948    3.6503     2226123589.8079
   198.145    7.8514    4.3827    3.5081   1080.0622    3.6440     2348043926.0317
   207.665    7.8415    4.3726    3.5071   1118.8295    3.6378     2469722505.3111
   217.184    7.8315    4.3626    3.5062   1157.5968    3.6316     2591158759.6944
   226.704    7.8224    4.3530    3.5053   1196.3642    3.6254     2712354975.6757
   236.224    7.8129    4.3433    3.5043   1235.1315    3.6192     2833312670.8218
   245.743    7.8033    4.3334    3.5034   1273.8988    3.6131     2954032921.5416
   255.263    7.7935    4.3235    3.5023   1312.6662    3.6070     3074515529.2225
   264.783    7.7852    4.3143    3.5014   1351.4335    3.6010     3194761630.3349
   274.302    7.7756    4.3044    3.5003   1390.2008    3.5950     3314772513.3637
   283.822    7.7663    4.2949    3.4992   1428.9682    3.5891     3434546655.0259
   293.341    7.7573    4.2854    3.4982   1467.7355    3.5831     3554086708.0479
   302.861    7.7480    4.2759    3.4972   1506.5028    3.5773     3673394544.4027
   312.381    7.7385    4.2659    3.4961   1545.2702    3.5714     3792469287.4225
   321.900    7.7291    4.2564    3.4950   1584.0375    3.5656     3911313190.6801
   331.420    7.7197    4.2468    3.4939   1622.8048    3.5599     4029927067.4293
   340.940    7.7106    4.2372    3.4929   1661.5722    3.5542     4148312677.7234
   350.459    7.7009    4.2274    3.4917   1700.3395    3.5485     4266471751.5126
   359.979    7.6912    4.2176    3.4905   1739.1068    3.5429     4384403349.1483
   369.499    7.6813    4.2077    3.4894   1777.8742    3.5373     4502108510.1314
   379.018    7.6716    4.1979    3.4882   1816.6415    3.5318     4619588646.8665
   388.538    7.6625    4.1883    3.4871   1855.4088    3.5263     4736847459.3768
   398.057    7.6528    4.1784    3.4859   1894.1762    3.5208     4853885583.9782
   407.577    7.6431    4.1686    3.4847   1932.9435    3.5154     4970702747.2170
   417.097    7.6331    4.1586    3.4835   1971.7108    3.5101     5087300840.4513
   426.616    7.6234    4.1488    3.4823   2010.4782    3.5048     5203680676.1549
   450.286    7.6536    4.1583    3.4910   2015.3868    3.4917     5492915099.0330
   473.955    7.6830    4.1676    3.4996   2020.2438    3.4786     5781784901.3123
   497.624    7.7113    4.1765    3.5082   2024.9966    3.4657     6070282711.2406
   521.293    7.7388    4.1851    3.5164   2029.5194    3.4528     6358393681.0370
   544.962    7.7655    4.1933    3.5246   2034.0212    3.4400     6646106937.9122
   568.631    7.7922    4.2018    3.5328   2038.3822    3.4274     6933423198.0860
   592.301    7.8179    4.2097    3.5409   2042.7703    3.4148     7220340914.4859
   615.970    7.8436    4.2177    3.5489   2047.0417    3.4024     7506858058.8313
   639.639    7.8690    4.2256    3.5568   2051.1043    3.3900     7792973007.7836
   663.308    7.8946    4.2337    3.5648   2055.2467    3.3779     8078691506.2142
   686.977    7.9196    4.2415    3.5727   2059.2645    3.3658     8364018653.9459
   710.647    7.9444    4.2493    3.5806   2063.1817    3.3539     8648956868.3920
   734.316    7.9693    4.2572    3.5885   2067.0122    3.3422     8933513667.0085
   757.985    7.9944    4.2652    3.5964   2070.8917    3.3306     9217700316.0894
   781.654    8.0188    4.2730    3.6042   2074.5806    3.3192     9501524789.7345
   805.323    8.0431    4.2807    3.6121   2078.2424    3.3080     9784994769.1859
   828.992    8.0685    4.2891    3.6202   2081.8352    3.2970    10068133040.7258
   852.662    8.0947    4.2981    3.6284   2085.4569    3.2862    10350966922.0873
   876.331    8.1203    4.3067    3.6367   2088.9417    3.2756    10633516805.4507
   900.000    8.1466    4.3158    3.6452   2092.4105    3.2652    10915805070.3006
   917.251    8.1666    4.3230    3.6516   2094.8661    3.2578    11121312128.9268
   934.502    8.1867    4.3302    3.6582   2097.3830    3.2505    11326715431.5297
   951.753    8.2079    4.3381    3.6650   2099.8411    3.2433    11532034021.1924
   969.003    8.2296    4.3463    3.6721   2102.3335    3.2362    11737288003.5346
   986.254    8.2512    4.3545    3.6791   2104.8019    3.2293    11942489619.0287
  1003.505    8.2774    4.3656    3.6876   2107.3379    3.2225    12147684529.6539
  1020.756    8.2959    4.3717    3.6942   2110.0294    3.2158    12352864576.3209
  1038.007    8.3132    4.3773    3.7004   2112.5253    3.2093    12557972628.1306
  1055.258    8.3340    4.3849    3.7079   2115.4447    3.2029    12763042526.6569
  1072.509    8.3511    4.3906    3.7139   2117.9976    3.1967    12968078851.2193
  1089.760    8.3665    4.3953    3.7195   2120.3495    3.1906    13173036694.5336
  1107.010    8.3838    4.4013    3.7258   2122.3801    3.1848    13377933461.5413
  1124.261    8.4188    4.4193    3.7375   2125.0673    3.1791    13582949100.6898
  1141.512    8.5601    4.5078    3.7760   2140.4534    3.1733    13788972916.0296
  1158.763    8.7305    4.6160    3.8207   2159.3993    3.1671    13996900281.9084
  1176.014    8.8832    4.7128    3.8597   2168.8184    3.1607    14206714667.4237
  1193.265    8.8982    4.7173    3.8651   2170.8717    3.1542    14417311421.2368
  1210.516    8.9130    4.7219    3.8704   2173.0798    3.1480    14627769110.5198
  1227.767    8.9267    4.7258    3.8756   2175.0231    3.1419    14838095601.2590
  1245.017    8.9413    4.7303    3.8812   2177.0725    3.1361    15048308766.6939
  1262.268    8.9550    4.7343    3.8864   2178.8927    3.1305    15258423495.1785
  1279.519    8.9684    4.7380    3.8918   2180.7616    3.1252    15468450592.5774
  1296.770    8.9817    4.7418    3.8970   2182.5601    3.1201    15678405514.4567
  1314.021    8.9953    4.7458    3.9025   2184.2703    3.1153    15888308503.7926
  1331.272    9.0083    4.7495    3.9077   2185.9235    3.1108    16098176889.1442
  1348.523    9.0217    4.7534    3.9133   2187.4374    3.1065    16308030286.5019
  1365.774    9.0342    4.7569    3.9186   2188.8463    3.1026    16517887519.2797
  1383.024    9.0462    4.7599    3.9240   2190.0456    3.0989    16727762060.1600
  1400.275    9.0595    4.7640    3.9295   2191.2451    3.0956    16937682354.7375
  1417.526    9.0710    4.7666    3.9350   2192.6886    3.0926    17147672467.1081
  1434.777    9.0834    4.7702    3.9405   2193.8173    3.0900    17357750971.5807
  1452.028    9.1213    4.7899    3.9511   2198.2056    3.0876    17568079506.4761
  1469.279    9.1624    4.8119    3.9631   2202.7718    3.0856    17778851341.4119
  1486.530    9.2037    4.8345    3.9748   2207.3313    3.0838    17990113354.7252
  1503.781    9.2431    4.8559    3.9868   2212.0951    3.0824    18201885996.4554
  1521.031    9.2863    4.8804    3.9999   2216.9439    3.0812    18414227863.7834
  1538.282    9.3134    4.8943    4.0087   2220.3451    3.0805    18627074838.1336
  1555.533    9.3260    4.8987    4.0135   2222.2463    3.0801    18840226577.4961
  1572.784    9.3386    4.9032    4.0181   2224.2302    3.0802    19053602792.7548
  1572.784    4.8771    0.0000    4.0281         nan    3.0802    19053602792.7548
  1592.542    4.8916    0.0000    4.0350         nan    3.0808    19298960009.9936
  1612.300    4.9062    0.0000    4.0419         nan    3.0820    19544781945.9765
  1632.058    4.9207    0.0000    4.0488         nan    3.0839    19791120719.0554
  1651.817    4.9346    0.0000    4.0554         nan    3.0865    20038023481.4738
  1671.575    4.9485    0.0000    4.0620         nan    3.0899    20285538923.9982
  1691.333    4.9623    0.0000    4.0686         nan    3.0940    20533726887.8302
  1711.091    4.9757    0.0000    4.0750         nan    3.0990    20782646183.4044
  1730.849    4.9889    0.0000    4.0813         nan    3.1049    21032356154.4890
  1750.607    5.0021    0.0000    4.0876         nan    3.1117    21282926103.6183
  1750.607    5.1349    0.0000    6.5548         nan    3.1117    21282926103.6183
  1807.121    5.2150    0.0000    6.5973         nan    3.0150    22439352894.3974
  1863.634    5.2905    0.0000    6.6374         nan    2.9171    23566876603.6895
  1920.148    5.3618    0.0000    6.6754         nan    2.8180    24664216035.4107
  1976.661    5.4291    0.0000    6.7114         nan    2.7178    25730166652.4998
  2033.175    5.4926    0.0000    6.7454         nan    2.6166    26763595125.1088
  2089.688    5.5525    0.0000    6.7775         nan    2.5145    27763434761.7931
  2146.202    5.6089    0.0000    6.8078         nan    2.4114    28728681665.5706
  2202.715    5.6621    0.0000    6.8364         nan    2.3076    29658391506.7795
  2259.229    5.7121    0.0000    6.8634         nan    2.2029    30551676823.2092
  2315.743    5.7591    0.0000    6.8888         nan    2.0975    31407704791.2259
  2372.256    5.8032    0.0000    6.9126         nan    1.9914    32225695440.2529
  2428.770    5.8445    0.0000    6.9349         nan    1.8848    33004920299.9767
  2485.283    5.8831    0.0000    6.9558         nan    1.7775    33744701507.9015
  2541.797    5.9189    0.0000    6.9752         nan    1.6698    34444411442.7915
  2598.310    5.9522    0.0000    6.9933         nan    1.5616    35103473010.5634
  2654.824    5.9830    0.0000    7.0100         nan    1.4530    35721360803.8327
  2711.337    6.0113    0.0000    7.0254         nan    1.3441    36297603518.1094
  2767.851    6.0371    0.0000    7.0394         nan    1.2351    36831788286.7332
  2824.365    6.0606    0.0000    7.0522         nan    1.1260    37323568114.3289
  2880.878    6.0818    0.0000    7.0637         nan    1.0170    37772674589.3481
  2937.392    6.1006    0.0000    7.0739         nan    0.9084    38178940105.3647
  2993.905    6.1171    0.0000    7.0829         nan    0.8008    38542338304.1324
  3050.419    6.1314    0.0000    7.0907         nan    0.6950    38863062066.6804
  3106.932    6.1435    0.0000    7.0973         nan    0.5928    39141686083.0053
  3163.446    6.1533    0.0000    7.1026         nan    0.4986    39379542944.1471
  3219.959    6.1609    0.0000    7.1068         nan    0.4249    39579727593.6608
  3276.473    6.1664    0.0000    7.1098         nan    0.4225    39750407406.1912
  3332.986    6.1697    0.0000    7.1115         nan    0.9036    39920194121.0885
  3389.500    6.1707    0.0000    7.1121         nan    0.0000    40283380685.4481
