# Depth[km]  Vp[km/s]  Vs[km/s] Rho[g/cm3]    T[K]     g[m/s2]         P[Pa]        
     0.000    3.3610    2.0364    1.5322    273.1500    3.7291              0.0000
    10.667    3.3610    2.0364    1.5322    316.8513    3.7389       60948282.1384
    10.667    4.5846    2.7778    2.0900    316.8513    3.7389       60948282.1384
    28.841    4.5846    2.7778    2.0900    391.3127    3.7474      202962736.0742
    28.841    6.0839    3.6863    2.7735    391.3127    3.7474      202962736.0742
    49.423    6.0839    3.6863    2.7735    475.6429    3.7456      416886066.5253
    49.423    7.9936    4.5390    3.5187    475.6429    3.7456      416886066.5253
    59.147    7.9852    4.5288    3.5183    515.4839    3.7387      545035079.9406
    68.871    7.9764    4.5184    3.5178    555.3249    3.7319      672932015.7142
    78.594    7.9674    4.5080    3.5172    595.1659    3.7250      800575839.9790
    88.318    7.9578    4.4974    3.5166    635.0069    3.7183      927964318.6995
    98.042    7.9488    4.4871    3.5160    674.8478    3.7115     1055097790.4528
   107.766    7.9393    4.4766    3.5153    714.6888    3.7048     1181977884.5747
   117.490    7.9298    4.4661    3.5146    754.5298    3.6981     1308602877.1282
   127.214    7.9202    4.4558    3.5139    794.3708    3.6914     1434972896.1714
   136.938    7.9104    4.4454    3.5131    834.2118    3.6848     1561087902.1369
   146.662    7.9003    4.4348    3.5122    874.0528    3.6782     1686946206.8310
   156.385    7.8910    4.4248    3.5115    913.8938    3.6716     1812550614.6894
   166.109    7.8811    4.4145    3.5106    953.7348    3.6651     1937901674.0003
   175.833    7.8710    4.4042    3.5097    993.5758    3.6586     2062997439.5049
   185.557    7.8612    4.3940    3.5087   1033.4168    3.6521     2187838572.0280
   195.281    7.8517    4.3840    3.5078   1073.2577    3.6457     2312426535.7440
   205.005    7.8414    4.3736    3.5068   1113.0987    3.6393     2436761569.5543
   214.729    7.8310    4.3632    3.5058   1152.9397    3.6329     2560842667.2955
   224.453    7.8218    4.3535    3.5049   1192.7807    3.6266     2684672213.3962
   234.176    7.8118    4.3433    3.5039   1232.6217    3.6203     2808251902.9104
   243.900    7.8015    4.3330    3.5028   1272.4627    3.6141     2931581473.2417
   253.624    7.7918    4.3230    3.5018   1312.3037    3.6079     3054662082.0243
   263.348    7.7830    4.3134    3.5008   1352.1447    3.6017     3177495655.7828
   273.072    7.7731    4.3033    3.4996   1391.9857    3.5956     3300081537.7050
   282.796    7.7639    4.2937    3.4986   1431.8267    3.5895     3422420892.6641
   292.520    7.7541    4.2837    3.4975   1471.6676    3.5834     3544515292.6922
   302.244    7.7445    4.2738    3.4963   1511.5086    3.5774     3666364185.0222
   311.967    7.7345    4.2635    3.4952   1551.3496    3.5715     3787969659.1398
   321.691    7.7251    4.2539    3.4941   1591.1906    3.5656     3909333977.2392
   331.415    7.7151    4.2438    3.4929   1631.0316    3.5597     4030457876.3528
   341.139    7.7051    4.2337    3.4917   1670.8726    3.5539     4151341488.1990
   350.863    7.6949    4.2236    3.4905   1710.7136    3.5481     4271985202.0337
   360.587    7.6859    4.2139    3.4894   1750.5546    3.5424     4392392705.3328
   370.311    7.6756    4.2037    3.4882   1790.3956    3.5367     4512565719.1483
   380.035    7.6655    4.1935    3.4869   1830.2366    3.5310     4632502754.0791
   389.758    7.6556    4.1834    3.4857   1870.0775    3.5254     4752206006.0107
   399.482    7.6449    4.1731    3.4845   1909.9185    3.5199     4871677346.7789
   409.206    7.6348    4.1629    3.4832   1949.7595    3.5144     4990916928.2012
   418.930    7.6250    4.1528    3.4819   1989.6005    3.5089     5109926895.5304
   428.654    7.6147    4.1426    3.4806   2029.4415    3.5035     5228709045.0295
   438.378    7.6049    4.1324    3.4793   2069.2825    3.4982     5347264136.5616
   461.459    7.6345    4.1418    3.4879   2074.2193    3.4856     5628536179.8689
   484.540    7.6626    4.1505    3.4963   2079.1395    3.4730     5909477800.8272
   507.621    7.6908    4.1595    3.5046   2083.8753    3.4606     6190078973.7118
   530.702    7.7181    4.1681    3.5128   2088.6350    3.4482     6470334438.2055
   553.783    7.7445    4.1763    3.5209   2093.1260    3.4360     6750237422.5730
   576.864    7.7705    4.1844    3.5289   2097.5542    3.4238     7029781122.6012
   599.946    7.7961    4.1924    3.5368   2101.9650    3.4117     7308964237.3786
   623.027    7.8213    4.2002    3.5447   2106.3025    3.3998     7587786481.8469
   646.108    7.8467    4.2083    3.5525   2110.4710    3.3879     7866248774.9756
   669.189    7.8713    4.2160    3.5603   2114.5436    3.3762     8144350858.6130
   692.270    7.8957    4.2235    3.5681   2118.6863    3.3647     8422099117.0805
   715.351    7.9199    4.2311    3.5758   2122.6216    3.3533     8699498910.5207
   738.432    7.9455    4.2396    3.5838   2126.6074    3.3420     8976565053.9908
   761.513    7.9687    4.2467    3.5913   2130.3936    3.3309     9253296240.4099
   784.594    7.9929    4.2544    3.5990   2134.1587    3.3200     9529693136.9337
   807.676    8.0176    4.2624    3.6069   2137.9843    3.3092     9805784220.6253
   830.757    8.0423    4.2705    3.6148   2141.5819    3.2987    10081583308.8590
   853.838    8.0671    4.2787    3.6227   2145.1369    3.2883    10357101767.1624
   876.919    8.0924    4.2873    3.6309   2148.6942    3.2781    10632364464.3066
   900.000    8.1170    4.2955    3.6388   2152.3460    3.2682    10907384654.9477
   917.463    8.1388    4.3035    3.6457   2154.9541    3.2608    11115252284.1025
   934.926    8.1592    4.3108    3.6523   2157.6204    3.2535    11323036273.1625
   952.388    8.1806    4.3188    3.6592   2160.1957    3.2464    11530741719.9281
   969.851    8.2019    4.3266    3.6661   2162.8101    3.2394    11738382979.5914
   987.314    8.2256    4.3360    3.6738   2165.4139    3.2325    11945986968.9808
  1004.777    8.2493    4.3453    3.6816   2168.1408    3.2258    12153587769.6921
  1022.239    8.2682    4.3517    3.6884   2170.9068    3.2192    12361167035.5492
  1039.702    8.2871    4.3581    3.6951   2173.7146    3.2127    12568698799.3137
  1057.165    8.3061    4.3646    3.7019   2176.5230    3.2064    12776192908.0303
  1074.628    8.3251    4.3712    3.7086   2179.2984    3.2003    12983661077.8612
  1092.090    8.3423    4.3771    3.7149   2181.5444    3.1944    13191097807.6534
  1109.553    8.3660    4.3872    3.7239   2183.0461    3.1886    13398574026.4675
  1127.016    8.3906    4.3980    3.7331   2184.0640    3.1830    13606181439.2567
  1144.479    8.4252    4.4153    3.7449   2186.5197    3.1775    13814007573.7792
  1161.941    8.5838    4.5156    3.7876   2201.8677    3.1719    14022987713.3349
  1179.404    8.7970    4.6524    3.8424   2219.7398    3.1659    14234300766.5883
  1196.867    8.8632    4.6909    3.8604   2227.3281    3.1597    14447227472.5288
  1214.330    8.8779    4.6951    3.8660   2229.5860    3.1536    14660386535.2504
  1231.792    8.8926    4.6995    3.8715   2231.6296    3.1477    14873440013.7615
  1249.255    8.9072    4.7037    3.8771   2233.8604    3.1421    15086401332.9452
  1266.718    8.9226    4.7082    3.8829   2235.8400    3.1367    15299294792.7444
  1284.181    8.9356    4.7119    3.8883   2237.5324    3.1316    15512129738.1457
  1301.643    8.9499    4.7161    3.8939   2239.5790    3.1267    15724917567.3205
  1319.106    8.9633    4.7197    3.8995   2241.2001    3.1221    15937681020.2945
  1336.569    8.9771    4.7235    3.9053   2242.9184    3.1178    16150442882.9817
  1354.032    8.9897    4.7270    3.9105   2244.4254    3.1138    16363212425.6787
  1371.494    9.0038    4.7311    3.9166   2245.6692    3.1101    16576014306.1766
  1388.957    9.0162    4.7341    3.9222   2247.0483    3.1067    16788882137.3195
  1406.420    9.0297    4.7382    3.9281   2248.4190    3.1037    17001833154.1504
  1423.883    9.0415    4.7408    3.9339   2249.5086    3.1010    17214892340.8832
  1441.345    9.0536    4.7441    3.9391   2250.3382    3.0987    17428063226.3593
  1458.808    9.0666    4.7475    3.9459   2251.5452    3.0967    17641396370.5675
  1476.271    9.0950    4.7610    3.9550   2254.2366    3.0951    17855024864.5709
  1493.734    9.1365    4.7831    3.9672   2258.8494    3.0938    18069120271.1100
  1511.196    9.1782    4.8056    3.9800   2263.0896    3.0929    18283801724.8526
  1528.659    9.2190    4.8277    3.9929   2267.7190    3.0923    18499111353.2163
  1546.122    9.2577    4.8491    4.0051   2271.4916    3.0920    18715056195.9127
  1563.585    9.2704    4.8535    4.0099   2273.8856    3.0922    18931441557.0975
  1581.047    9.2829    4.8579    4.0147   2275.8542    3.0929    19148098924.9369
  1581.047    4.7571    0.0000    4.0315         nan    3.0929    19148098924.9369
  1596.519    4.7713    0.0000    4.0372         nan    3.0937    19341148117.5951
  1611.990    4.7854    0.0000    4.0428         nan    3.0949    19534517951.6486
  1627.462    4.7996    0.0000    4.0485         nan    3.0965    19728233899.5242
  1642.933    4.8138    0.0000    4.0541         nan    3.0986    19922322515.7585
  1658.405    4.8273    0.0000    4.0595         nan    3.1011    20116805039.5597
  1673.877    4.8407    0.0000    4.0649         nan    3.1041    20311703783.6292
  1689.348    4.8542    0.0000    4.0703         nan    3.1076    20507048850.0605
  1704.820    4.8676    0.0000    4.0756         nan    3.1116    20702871841.4957
  1720.291    4.8804    0.0000    4.0808         nan    3.1161    20899199715.0877
  1720.291    4.9563    0.0000    6.4229         nan    3.1161    20899199715.0877
  1777.850    5.0367    0.0000    6.4684         nan    3.0202    22055292446.5398
  1835.409    5.1124    0.0000    6.5115         nan    2.9231    23183525227.6240
  1892.968    5.1838    0.0000    6.5523         nan    2.8246    24282502387.0723
  1950.527    5.2512    0.0000    6.5908         nan    2.7250    25350911864.0575
  2008.086    5.3147    0.0000    6.6272         nan    2.6243    26387519257.0733
  2065.645    5.3746    0.0000    6.6616         nan    2.5225    27391162875.9030
  2123.204    5.4311    0.0000    6.6941         nan    2.4198    28360749626.2134
  2180.763    5.4844    0.0000    6.7248         nan    2.3162    29295251597.1860
  2238.321    5.5344    0.0000    6.7537         nan    2.2117    30193703260.7621
  2295.880    5.5815    0.0000    6.7809         nan    2.1065    31055199231.5905
  2353.439    5.6256    0.0000    6.8064         nan    2.0005    31878892560.7406
  2410.998    5.6669    0.0000    6.8303         nan    1.8939    32663993577.9266
  2468.557    5.7054    0.0000    6.8526         nan    1.7866    33409769338.7712
  2526.116    5.7413    0.0000    6.8735         nan    1.6789    34115543792.3671
  2583.675    5.7746    0.0000    6.8928         nan    1.5707    34780698879.2988
  2641.234    5.8054    0.0000    6.9107         nan    1.4622    35404676915.8493
  2698.793    5.8337    0.0000    6.9272         nan    1.3534    35986984865.5813
  2756.352    5.8595    0.0000    6.9422         nan    1.2445    36527201536.4514
  2813.911    5.8830    0.0000    6.9559         nan    1.1357    37024989543.5208
  2871.470    5.9041    0.0000    6.9682         nan    1.0273    37480115432.3233
  2929.029    5.9230    0.0000    6.9792         nan    0.9197    37892484543.9031
  2986.588    5.9395    0.0000    6.9888         nan    0.8136    38262204171.4985
  3044.146    5.9538    0.0000    6.9972         nan    0.7105    38589705060.4099
  3101.705    5.9658    0.0000    7.0042         nan    0.6130    38875994375.5301
  3159.264    5.9757    0.0000    7.0100         nan    0.5280    39123240617.2744
  3216.823    5.9833    0.0000    7.0144         nan    0.4747    39336335464.9641
  3274.382    5.9888    0.0000    7.0176         nan    0.5318    39528040316.5137
  3331.941    5.9920    0.0000    7.0195         nan    1.3367    39742886207.1457
  3389.500    5.9931    0.0000    7.0201         nan    0.0000    40282983389.8407
