# Depth[km]  Vp[km/s]  Vs[km/s] Rho[g/cm3]    T[K]     g[m/s2]         P[Pa]        
     0.000    3.6877    2.2192    1.6874    273.1500    3.7291              0.0000
    11.842    3.6877    2.2192    1.6874    319.7746    3.7385       74514280.5804
    11.842    5.1143    3.0777    2.3402    319.7746    3.7385       74514280.5804
    31.496    5.1143    3.0777    2.3402    397.1646    3.7435      246459076.5775
    31.496    5.8024    3.4918    2.6550    397.1646    3.7435      246459076.5775
    45.418    5.8024    3.4918    2.6550    451.9867    3.7436      384838999.1803
    45.418    7.9596    4.5357    3.5036    451.9867    3.7436      384838999.1803
    55.244    7.9523    4.5264    3.5034    490.6773    3.7368      513713947.2032
    65.070    7.9447    4.5170    3.5032    529.3679    3.7300      642345885.1911
    74.896    7.9364    4.5070    3.5029    568.0585    3.7231      770733468.4193
    84.722    7.9283    4.4974    3.5026    606.7491    3.7164      898876309.7406
    94.548    7.9193    4.4873    3.5022    645.4397    3.7096     1026771714.0075
   104.373    7.9107    4.4775    3.5018    684.1303    3.7029     1154419291.7409
   114.199    7.9021    4.4677    3.5014    722.8209    3.6962     1281821853.9925
   124.025    7.8928    4.4576    3.5008    761.5115    3.6895     1408976976.2428
   133.851    7.8841    4.4478    3.5004    800.2021    3.6829     1535884608.1349
   143.677    7.8746    4.4379    3.4998    838.8927    3.6763     1662545320.2213
   153.503    7.8656    4.4280    3.4992    877.5833    3.6697     1788957863.6394
   163.329    7.8563    4.4181    3.4986    916.2739    3.6632     1915123437.5388
   173.154    7.8467    4.4082    3.4979    954.9646    3.6567     2041040842.9160
   182.980    7.8373    4.3983    3.4973    993.6552    3.6502     2166710175.7868
   192.806    7.8278    4.3884    3.4966   1032.3458    3.6438     2292132929.4103
   202.632    7.8180    4.3784    3.4958   1071.0364    3.6374     2417307931.9698
   212.458    7.8080    4.3683    3.4950   1109.7270    3.6310     2542234392.7515
   222.284    7.7986    4.3585    3.4942   1148.4176    3.6247     2666914944.4736
   232.109    7.7889    4.3486    3.4934   1187.1082    3.6184     2791351041.7379
   241.935    7.7795    4.3388    3.4927   1225.7988    3.6122     2915543771.6927
   251.761    7.7683    4.3282    3.4916   1264.4894    3.6060     3039489832.3963
   261.587    7.7602    4.3191    3.4910   1303.1800    3.5998     3163192210.4821
   271.413    7.7504    4.3093    3.4900   1341.8706    3.5937     3286654531.8772
   281.239    7.7412    4.2996    3.4892   1380.5612    3.5876     3409874595.6084
   291.065    7.7323    4.2902    3.4883   1419.2518    3.5815     3532855265.2677
   300.890    7.7223    4.2803    3.4873   1457.9424    3.5755     3655596080.8552
   310.716    7.7133    4.2708    3.4864   1496.6330    3.5695     3778097683.4200
   320.542    7.7035    4.2609    3.4854   1535.3236    3.5636     3900361715.1907
   330.368    7.6940    4.2512    3.4845   1574.0142    3.5577     4022388738.3131
   340.194    7.6841    4.2414    3.4835   1612.7048    3.5519     4144181149.1483
   350.020    7.6744    4.2316    3.4825   1651.3954    3.5461     4265739933.8998
   359.846    7.6647    4.2218    3.4815   1690.0860    3.5403     4387065365.6508
   369.671    7.6552    4.2121    3.4806   1728.7766    3.5346     4508160692.2851
   379.497    7.6454    4.2023    3.4795   1767.4672    3.5290     4629026179.3926
   389.323    7.6353    4.1923    3.4786   1806.1578    3.5234     4749662618.9112
   399.149    7.6250    4.1822    3.4774   1844.8484    3.5178     4870070758.2054
   408.975    7.6154    4.1724    3.4765   1883.5390    3.5123     4990253879.8287
   418.801    7.6051    4.1624    3.4754   1922.2296    3.5068     5110213977.5396
   428.626    7.5949    4.1522    3.4743   1960.9202    3.5014     5229949335.7139
   438.452    7.5845    4.1422    3.4733   1999.6108    3.4960     5349462576.3852
   461.530    7.6162    4.1516    3.4820   2004.4594    3.4835     5630035269.5133
   484.607    7.6469    4.1607    3.4906   2009.2123    3.4711     5910300408.6087
   507.684    7.6762    4.1693    3.4990   2013.7968    3.4587     6190243634.9461
   530.762    7.7055    4.1780    3.5073   2018.3641    3.4464     6469856726.2769
   553.839    7.7335    4.1862    3.5155   2022.7533    3.4342     6749132545.8674
   576.917    7.7608    4.1942    3.5235   2027.0458    3.4221     7028061508.8662
   599.994    7.7873    4.2020    3.5314   2031.1483    3.4101     7306638531.8010
   623.071    7.8142    4.2100    3.5393   2035.2832    3.3983     7584862848.4103
   646.149    7.8409    4.2179    3.5472   2039.3635    3.3865     7862738921.4942
   669.226    7.8669    4.2257    3.5550   2043.3902    3.3749     8140265666.9752
   692.304    7.8924    4.2332    3.5627   2047.2806    3.3634     8417443356.2643
   715.381    7.9177    4.2406    3.5704   2050.9725    3.3521     8694275518.4937
   738.458    7.9426    4.2481    3.5780   2054.6643    3.3409     8970764983.7919
   761.536    7.9681    4.2558    3.5857   2058.4058    3.3299     9246924505.7344
   784.613    7.9932    4.2634    3.5934   2061.9970    3.3191     9522766251.3905
   807.690    8.0178    4.2709    3.6009   2065.4749    3.3084     9798293880.0169
   830.768    8.0427    4.2786    3.6086   2068.9548    3.2980    10073517858.7769
   853.845    8.0691    4.2871    3.6166   2072.4583    3.2877    10348467366.5951
   876.923    8.0943    4.2950    3.6244   2075.7972    3.2777    10623162808.7169
   900.000    8.1203    4.3035    3.6326   2079.1563    3.2678    10897622833.4961
   916.710    8.1394    4.3099    3.6385   2081.5248    3.2609    11096142479.1558
   933.420    8.1578    4.3159    3.6443   2083.8815    3.2540    11294557095.8641
   950.130    8.1791    4.3236    3.6509   2086.2648    3.2473    11492890193.9061
   966.840    8.1998    4.3310    3.6574   2088.6520    3.2407    11691168894.0581
   983.550    8.2204    4.3385    3.6639   2091.0168    3.2342    11889397817.2114
  1000.259    8.2439    4.3476    3.6713   2093.3934    3.2278    12087606464.7848
  1016.969    8.2680    4.3570    3.6790   2095.8447    3.2216    12285830678.4975
  1033.679    8.2943    4.3679    3.6874   2098.3152    3.2154    12484104771.0395
  1050.389    8.3117    4.3736    3.6932   2100.5894    3.2094    12682383338.3878
  1067.099    8.3284    4.3789    3.6988   2102.7396    3.2036    12880596220.1264
  1083.809    8.3450    4.3842    3.7044   2104.8672    3.1980    13078749062.5032
  1100.519    8.3621    4.3899    3.7101   2106.9819    3.1925    13276856268.8151
  1117.229    8.3901    4.4029    3.7188   2110.0349    3.1872    13475009166.0961
  1133.939    8.5388    4.4964    3.7590   2124.7557    3.1818    13674132414.8455
  1150.649    8.7174    4.6103    3.8057   2143.1671    3.1761    13875230300.5117
  1167.358    8.8525    4.6951    3.8406   2152.4647    3.1700    14078133049.8562
  1184.068    8.8679    4.7003    3.8456   2154.6575    3.1640    14281705267.1231
  1200.778    8.8826    4.7048    3.8506   2156.9359    3.1581    14485153028.0647
  1217.488    8.8993    4.7092    3.8574   2159.8205    3.1525    14688536582.6508
  1234.198    8.9143    4.7137    3.8628   2162.2674    3.1470    14891878164.4469
  1250.908    8.9293    4.7183    3.8682   2164.6635    3.1418    15095151983.2292
  1267.618    8.9436    4.7228    3.8732   2166.9984    3.1368    15298360767.9837
  1284.328    8.9570    4.7274    3.8777   2169.1959    3.1320    15501496424.4432
  1301.038    8.9729    4.7320    3.8837   2171.6881    3.1275    15704598334.2466
  1317.748    8.9872    4.7363    3.8890   2174.1596    3.1233    15907700970.8674
  1334.458    9.0017    4.7411    3.8942   2176.5125    3.1193    16110801909.1925
  1351.167    9.0150    4.7455    3.8989   2178.8001    3.1156    16313902825.0538
  1367.877    9.0291    4.7500    3.9041   2181.1521    3.1122    16517018422.9147
  1384.587    9.0420    4.7545    3.9084   2183.2849    3.1091    16720158825.8514
  1401.297    9.0562    4.7591    3.9134   2185.4579    3.1063    16923338414.1767
  1418.007    9.0946    4.7790    3.9234   2191.5584    3.1038    17126724116.5835
  1434.717    9.1346    4.8007    3.9330   2197.0601    3.1015    17330455672.5825
  1451.427    9.1727    4.8215    3.9423   2202.6855    3.0996    17534531293.9123
  1468.137    9.2137    4.8446    3.9525   2208.5763    3.0979    17738982067.8918
  1484.847    9.2531    4.8658    3.9632   2214.7564    3.0966    17943863981.4152
  1501.557    9.2939    4.8890    3.9738   2220.6547    3.0955    18149208134.3124
  1518.267    9.3333    4.9114    3.9845   2227.6164    3.0948    18355031916.6367
  1534.976    9.3636    4.9275    3.9939   2230.9944    3.0944    18561327108.2533
  1551.686    9.3752    4.9313    3.9984   2232.5402    3.0944    18767955770.8280
  1551.686    4.8728    0.0000    4.0469         nan    3.0944    18767955770.8280
  1572.225    4.8901    0.0000    4.0542         nan    3.0942    19025387136.6268
  1592.764    4.9074    0.0000    4.0615         nan    3.0946    19283265465.8208
  1613.303    4.9247    0.0000    4.0688         nan    3.0958    19541646352.8350
  1633.841    4.9412    0.0000    4.0759         nan    3.0976    19800578468.0575
  1654.380    4.9576    0.0000    4.0828         nan    3.1003    20060113081.4549
  1674.919    4.9740    0.0000    4.0898         nan    3.1038    20320315296.5566
  1695.458    4.9898    0.0000    4.0965         nan    3.1081    20581246121.2369
  1715.997    5.0054    0.0000    4.1032         nan    3.1134    20842968885.4223
  1736.535    5.0210    0.0000    4.1098         nan    3.1196    21105560160.7355
  1736.535    5.2665    0.0000    6.5212         nan    3.1196    21105560160.7355
  1793.534    5.3382    0.0000    6.5619         nan    3.0224    22268745122.9749
  1850.533    5.4060    0.0000    6.6005         nan    2.9240    23402514345.0090
  1907.532    5.4702    0.0000    6.6372         nan    2.8245    24505647305.8234
  1964.531    5.5309    0.0000    6.6719         nan    2.7240    25576990490.9138
  2021.529    5.5884    0.0000    6.7049         nan    2.6224    26615453542.7846
  2078.528    5.6427    0.0000    6.7361         nan    2.5200    27620006000.0158
  2135.527    5.6941    0.0000    6.7656         nan    2.4167    28589674537.4498
  2192.526    5.7425    0.0000    6.7935         nan    2.3125    29523540646.3137
  2249.524    5.7882    0.0000    6.8199         nan    2.2076    30420738705.0079
  2306.523    5.8312    0.0000    6.8447         nan    2.1020    31280454418.5005
  2363.522    5.8715    0.0000    6.8681         nan    1.9957    32101923619.0666
  2420.521    5.9094    0.0000    6.8900         nan    1.8888    32884431444.9580
  2477.520    5.9447    0.0000    6.9105         nan    1.7814    33627311944.9566
  2534.518    5.9777    0.0000    6.9296         nan    1.6734    34329948197.8502
  2591.517    6.0083    0.0000    6.9474         nan    1.5651    34991773102.6383
  2648.516    6.0366    0.0000    6.9639         nan    1.4564    35612271101.6090
  2705.515    6.0627    0.0000    6.9790         nan    1.3474    36190981278.0191
  2762.513    6.0865    0.0000    6.9929         nan    1.2383    36727502585.9203
  2819.512    6.1082    0.0000    7.0055         nan    1.1291    37221502556.2585
  2876.511    6.1277    0.0000    7.0169         nan    1.0202    37672731957.3764
  2933.510    6.1451    0.0000    7.0270         nan    0.9118    38081050212.0751
  2990.509    6.1604    0.0000    7.0359         nan    0.8044    38446471458.8376
  3047.507    6.1736    0.0000    7.0436         nan    0.6992    38769253183.9523
  3104.506    6.1847    0.0000    7.0501         nan    0.5980    39050080779.5070
  3161.505    6.1938    0.0000    7.0554         nan    0.5060    39290494307.2101
  3218.504    6.2009    0.0000    7.0596         nan    0.4371    39494028073.3653
  3275.502    6.2059    0.0000    7.0625         nan    0.4491    39669965760.7438
  3332.501    6.2089    0.0000    7.0643         nan    1.0085    39850778886.6220
  3389.500    6.2100    0.0000    7.0648         nan    0.0000    40256888037.1772
