# Depth[km]  Vp[km/s]  Vs[km/s] Rho[g/cm3]    T[K]     g[m/s2]         P[Pa]        
     0.000    4.0792    2.4402    1.8591    273.1500    3.7291              0.0000
    11.376    4.0792    2.4402    1.8591    318.2527    3.7364       78866443.0779
    11.376    4.1006    2.4530    1.8688    318.2527    3.7364       78866443.0779
    26.510    4.1006    2.4530    1.8688    378.2577    3.7463      184540684.4874
    26.510    6.0074    3.5937    2.7378    378.2577    3.7463      184540684.4874
    45.096    6.0074    3.5937    2.7378    451.9555    3.7452      375182926.2874
    45.096    7.9596    4.5357    3.5036    451.9555    3.7452      375182926.2874
    55.275    7.9519    4.5260    3.5034    492.3149    3.7381      508740535.3700
    65.454    7.9438    4.5160    3.5032    532.6743    3.7310      642036611.4528
    75.633    7.9351    4.5058    3.5028    573.0337    3.7239      775069525.8445
    85.812    7.9260    4.4954    3.5024    613.3931    3.7169      907836362.3653
    95.990    7.9170    4.4851    3.5020    653.7526    3.7100     1040337103.3991
   106.169    7.9079    4.4747    3.5015    694.1120    3.7030     1172573498.3251
   116.348    7.8989    4.4646    3.5011    734.4714    3.6961     1304545850.1047
   126.527    7.8891    4.4541    3.5005    774.8308    3.6892     1436252097.2248
   136.706    7.8798    4.4438    3.5000    815.1902    3.6823     1567691731.2957
   146.884    7.8700    4.4334    3.4993    855.5496    3.6755     1698865572.8250
   157.063    7.8599    4.4229    3.4986    895.9090    3.6688     1829771115.6989
   167.242    7.8501    4.4126    3.4979    936.2684    3.6620     1960408785.3304
   177.421    7.8405    4.4023    3.4973    976.6278    3.6553     2090781218.5729
   187.600    7.8306    4.3921    3.4966   1016.9872    3.6486     2220889158.6815
   197.778    7.8203    4.3816    3.4957   1057.3466    3.6420     2350730601.6300
   207.957    7.8101    4.3712    3.4949   1097.7060    3.6354     2480305410.6185
   218.136    7.7993    4.3605    3.4940   1138.0654    3.6288     2609613224.2425
   228.315    7.7890    4.3501    3.4931   1178.4248    3.6223     2738654169.0371
   238.494    7.7793    4.3400    3.4923   1218.7842    3.6159     2867432856.0850
   248.672    7.7678    4.3291    3.4911   1259.1436    3.6094     2995945639.1279
   258.851    7.7588    4.3193    3.4905   1299.5030    3.6030     3124196397.6724
   269.030    7.7488    4.3091    3.4894   1339.8624    3.5967     3252188903.1419
   279.209    7.7391    4.2990    3.4885   1380.2218    3.5904     3379920618.5316
   289.388    7.7298    4.2892    3.4876   1420.5812    3.5841     3507395421.2422
   299.566    7.7192    4.2788    3.4866   1460.9406    3.5779     3634611995.8453
   309.745    7.7096    4.2688    3.4856   1501.3000    3.5717     3761571108.2161
   319.924    7.6991    4.2584    3.4845   1541.6594    3.5656     3888272910.6241
   330.103    7.6895    4.2485    3.4836   1582.0188    3.5595     4014720351.1632
   340.282    7.6786    4.2380    3.4824   1622.3782    3.5535     4140915152.7865
   350.460    7.6684    4.2277    3.4814   1662.7376    3.5475     4266856597.9360
   360.639    7.6582    4.2175    3.4803   1703.0970    3.5416     4392548046.6170
   370.818    7.6475    4.2071    3.4792   1743.4564    3.5357     4517989612.1440
   380.997    7.6370    4.1966    3.4781   1783.8158    3.5299     4643183066.5181
   391.176    7.6269    4.1864    3.4770   1824.1752    3.5241     4768131638.5997
   401.354    7.6163    4.1760    3.4759   1864.5346    3.5184     4892836801.3291
   411.533    7.6056    4.1656    3.4748   1904.8940    3.5127     5017298621.2912
   421.712    7.5947    4.1550    3.4736   1945.2535    3.5071     5141518551.3003
   431.891    7.5835    4.1442    3.4724   1985.6129    3.5015     5265497900.5029
   442.070    7.5725    4.1337    3.4713   2025.9723    3.4960     5389237915.4520
   452.248    7.5623    4.1233    3.4701   2066.3317    3.4905     5512742302.3423
   474.636    7.5935    4.1326    3.4787   2071.3101    3.4786     5784249214.3171
   497.024    7.6230    4.1412    3.4870   2075.9906    3.4668     6055486863.2465
   519.411    7.6527    4.1501    3.4953   2080.6858    3.4550     6326444142.2716
   541.799    7.6802    4.1581    3.5033   2085.2493    3.4433     6597112025.8367
   564.186    7.7077    4.1662    3.5113   2089.6492    3.4317     6867481537.5976
   586.574    7.7349    4.1743    3.5192   2093.9744    3.4202     7137550598.4512
   608.962    7.7612    4.1820    3.5270   2098.2342    3.4088     7407314751.2057
   631.349    7.7873    4.1897    3.5347   2102.4481    3.3975     7676772646.4997
   653.737    7.8134    4.1974    3.5424   2106.5183    3.3864     7945926164.6557
   676.124    7.8391    4.2052    3.5500   2110.4289    3.3754     8214774261.5384
   698.512    7.8638    4.2123    3.5576   2114.4412    3.3645     8483319694.7180
   720.899    7.8882    4.2194    3.5650   2118.2302    3.3537     8751565230.8149
   743.287    7.9137    4.2272    3.5727   2122.2008    3.3431     9019521701.0313
   765.675    7.9379    4.2344    3.5800   2125.8586    3.3327     9287192956.1579
   788.062    7.9622    4.2417    3.5875   2129.3810    3.3224     9554580173.0337
   810.450    7.9872    4.2495    3.5951   2133.0500    3.3123     9821704151.8719
   832.837    8.0118    4.2571    3.6026   2136.5939    3.3024    10088579109.0111
   855.225    8.0366    4.2648    3.6103   2140.0820    3.2927    10355216969.3301
   877.612    8.0612    4.2726    3.6179   2143.4487    3.2832    10621631083.0350
   900.000    8.0874    4.2813    3.6259   2146.9151    3.2739    10887851443.9734
   915.975    8.1055    4.2872    3.6316   2149.2971    3.2674    11077640128.9662
   931.951    8.1233    4.2929    3.6371   2151.6961    3.2610    11267342767.4240
   947.926    8.1436    4.3002    3.6434   2154.0566    3.2547    11456981829.7657
   963.901    8.1632    4.3071    3.6496   2156.4248    3.2486    11646580554.5377
   979.876    8.1836    4.3145    3.6559   2158.7838    3.2425    11836145313.0652
   995.852    8.2068    4.3236    3.6632   2161.1506    3.2366    12025708725.1613
  1011.827    8.2267    4.3308    3.6695   2163.5415    3.2307    12215277346.5218
  1027.802    8.2506    4.3404    3.6771   2165.9605    3.2251    12404865647.5845
  1043.777    8.2699    4.3476    3.6833   2168.3794    3.2195    12594473528.6347
  1059.753    8.2900    4.3548    3.6899   2170.5491    3.2141    12784081891.5345
  1075.728    8.3065    4.3602    3.6954   2172.8027    3.2088    12973681884.9134
  1091.703    8.3228    4.3655    3.7009   2174.9478    3.2036    13163251133.0148
  1107.678    8.3389    4.3707    3.7063   2177.0478    3.1987    13352797193.4375
  1123.654    8.3549    4.3759    3.7117   2179.1749    3.1939    13542327630.9800
  1139.629    8.4116    4.4084    3.7278   2185.1804    3.1892    13732121521.0741
  1155.604    8.5703    4.5089    3.7699   2200.6144    3.1844    13923119646.0900
  1171.579    8.7683    4.6362    3.8206   2217.8428    3.1792    14116191952.5560
  1187.555    8.8401    4.6789    3.8396   2225.3214    3.1738    14310719410.2702
  1203.530    8.8546    4.6834    3.8445   2227.6333    3.1685    14505522891.7115
  1219.505    8.8699    4.6876    3.8505   2230.3506    3.1634    14700277191.1339
  1235.480    8.8844    4.6920    3.8557   2232.7555    3.1585    14894998675.0501
  1251.456    8.8988    4.6964    3.8608   2235.1367    3.1538    15089678084.8091
  1267.431    8.9130    4.7008    3.8659   2237.5523    3.1493    15284325339.2853
  1283.406    8.9267    4.7052    3.8706   2239.7952    3.1451    15478943274.2837
  1299.381    8.9395    4.7096    3.8749   2241.9801    3.1410    15673524516.8947
  1315.357    8.9539    4.7139    3.8801   2244.3308    3.1373    15868094061.2947
  1331.332    8.9675    4.7183    3.8848   2246.5461    3.1337    16062675695.4278
  1347.307    8.9815    4.7228    3.8897   2248.7350    3.1304    16257278399.1805
  1363.282    8.9941    4.7270    3.8940   2250.9093    3.1274    16451907758.5117
  1379.258    9.0086    4.7313    3.9002   2253.9795    3.1247    16646611598.2077
  1395.233    9.0218    4.7357    3.9048   2256.1875    3.1223    16841417219.9344
  1411.208    9.0341    4.7398    3.9090   2258.3261    3.1201    17036290845.8360
  1427.184    9.0466    4.7442    3.9133   2260.4385    3.1183    17231241647.1407
  1443.159    9.0639    4.7507    3.9197   2263.6438    3.1168    17426345973.4232
  1459.134    9.1026    4.7711    3.9297   2267.6570    3.1156    17621764015.3445
  1475.109    9.1373    4.7890    3.9402   2271.3155    3.1146    17817613903.5836
  1491.085    9.1761    4.8094    3.9510   2276.5436    3.1140    18013934761.0410
  1507.060    9.2116    4.8282    3.9616   2280.6759    3.1136    18210747057.3883
  1523.035    9.2490    4.8484    3.9731   2284.8508    3.1135    18408083378.2405
  1523.035    4.9783    0.0000    3.9937         nan    3.1135    18408083378.2405
  1540.543    4.9912    0.0000    3.9996         nan    3.1135    18625950711.8224
  1558.052    5.0041    0.0000    4.0056         nan    3.1140    18844140871.8577
  1575.560    5.0169    0.0000    4.0115         nan    3.1149    19062687251.9509
  1593.069    5.0296    0.0000    4.0173         nan    3.1164    19281622464.5914
  1610.577    5.0419    0.0000    4.0230         nan    3.1184    19500975910.2398
  1628.085    5.0542    0.0000    4.0287         nan    3.1210    19720781186.1320
  1645.594    5.0664    0.0000    4.0343         nan    3.1242    19941078685.0925
  1663.102    5.0783    0.0000    4.0398         nan    3.1280    20161906143.8561
  1680.611    5.0900    0.0000    4.0452         nan    3.1325    20383300891.8873
  1680.611    5.5658    0.0000    6.3421         nan    3.1325    20383300891.8873
  1739.538    5.6131    0.0000    6.3791         nan    3.0345    21557389874.1438
  1798.465    5.6581    0.0000    6.4145         nan    2.9354    22701227050.6679
  1857.392    5.7011    0.0000    6.4484         nan    2.8353    23813715454.9729
  1916.320    5.7419    0.0000    6.4808         nan    2.7342    24893803491.0039
  1975.247    5.7808    0.0000    6.5117         nan    2.6322    25940484063.4855
  2034.174    5.8177    0.0000    6.5412         nan    2.5293    26952793860.0278
  2093.101    5.8527    0.0000    6.5693         nan    2.4255    27929812773.9029
  2152.028    5.8859    0.0000    6.5960         nan    2.3210    28870663465.9715
  2210.956    5.9173    0.0000    6.6213         nan    2.2156    29774511065.0077
  2269.883    5.9470    0.0000    6.6453         nan    2.1096    30640563014.4032
  2328.810    5.9749    0.0000    6.6680         nan    2.0029    31468069084.0656
  2387.737    6.0012    0.0000    6.6893         nan    1.8956    32256321583.5744
  2446.665    6.0258    0.0000    6.7094         nan    1.7877    33004655828.4495
  2505.592    6.0488    0.0000    6.7282         nan    1.6793    33712450949.8503
  2564.519    6.0702    0.0000    6.7457         nan    1.5705    34379131185.2690
  2623.446    6.0900    0.0000    6.7620         nan    1.4613    35004167876.6161
  2682.373    6.1083    0.0000    6.7770         nan    1.3517    35587082551.0402
  2741.301    6.1250    0.0000    6.7908         nan    1.2420    36127451718.6368
  2800.228    6.1403    0.0000    6.8034         nan    1.1322    36624914508.4402
  2859.155    6.1540    0.0000    6.8147         nan    1.0224    37079185204.5626
  2918.082    6.1663    0.0000    6.8249         nan    0.9131    37490074673.2901
  2977.009    6.1770    0.0000    6.8338         nan    0.8046    37857528894.5101
  3035.937    6.1864    0.0000    6.8415         nan    0.6977    38181702806.3573
  3094.864    6.1943    0.0000    6.8481         nan    0.5942    38463113768.0598
  3153.791    6.2007    0.0000    6.8534         nan    0.4982    38702996104.8346
  3212.718    6.2057    0.0000    6.8576         nan    0.4213    38904247498.3433
  3271.646    6.2093    0.0000    6.8605         nan    0.4113    39074547148.3849
  3330.573    6.2114    0.0000    6.8623         nan    0.8538    39240835704.7595
  3389.500    6.2121    0.0000    6.8629         nan    0.0000    39586122924.7330
