# Depth[km]  Vp[km/s]  Vs[km/s] Rho[g/cm3]    T[K]     g[m/s2]         P[Pa]        
     0.000    3.6306    2.1610    1.6490    273.1500    3.7291              0.0000
    12.557    3.6306    2.1610    1.6490    321.9662    3.7394       77220295.6732
    12.557    4.5731    2.7220    2.0772    321.9662    3.7394       77220295.6732
    25.205    4.5731    2.7220    2.0772    371.1382    3.7455      175461376.9304
    25.205    5.9285    3.5287    2.6928    371.1382    3.7455      175461376.9304
    46.007    5.9285    3.5287    2.6928    452.0091    3.7450      385259188.4102
    46.007    7.9609    4.5361    3.5040    452.0091    3.7450      385259188.4102
    55.622    7.9540    4.5271    3.5039    489.3913    3.7383      511432385.1963
    65.237    7.9468    4.5180    3.5037    526.7735    3.7316      637374875.3640
    74.853    7.9392    4.5087    3.5035    564.1558    3.7249      763085971.9493
    84.468    7.9314    4.4993    3.5032    601.5380    3.7183      888564638.7574
    94.084    7.9228    4.4896    3.5028    638.9202    3.7117     1013807787.1893
   103.699    7.9148    4.4802    3.5025    676.3025    3.7051     1138816077.4197
   113.314    7.9066    4.4707    3.5022    713.6847    3.6986     1263591528.4705
   122.930    7.8984    4.4613    3.5019    751.0669    3.6920     1388134384.5368
   132.545    7.8895    4.4516    3.5013    788.4492    3.6856     1512442111.4114
   142.160    7.8811    4.4422    3.5009    825.8314    3.6791     1636514161.7013
   151.776    7.8723    4.4328    3.5004    863.2136    3.6727     1760351980.9032
   161.391    7.8629    4.4229    3.4997    900.5959    3.6663     1883952758.2429
   171.007    7.8548    4.4138    3.4993    937.9781    3.6599     2007319392.6544
   180.622    7.8457    4.4042    3.4987    975.3603    3.6536     2130452900.8922
   190.237    7.8366    4.3947    3.4980   1012.7425    3.6473     2253350905.5361
   199.853    7.8274    4.3851    3.4973   1050.1248    3.6410     2376013602.4052
   209.468    7.8181    4.3755    3.4966   1087.5070    3.6348     2498441108.0382
   219.083    7.8090    4.3660    3.4960   1124.8892    3.6286     2620634896.7686
   228.699    7.7995    4.3562    3.4952   1162.2715    3.6224     2742595590.8940
   238.314    7.7908    4.3470    3.4946   1199.6537    3.6163     2864324978.8288
   247.929    7.7815    4.3375    3.4938   1237.0359    3.6102     2985823438.0921
   257.545    7.7711    4.3273    3.4928   1274.4182    3.6041     3107086707.1262
   267.160    7.7634    4.3186    3.4923   1311.8004    3.5981     3228120334.5339
   276.776    7.7549    4.3095    3.4915   1349.1826    3.5921     3348928891.0157
   286.391    7.7457    4.3000    3.4907   1386.5649    3.5862     3469508523.5510
   296.006    7.7368    4.2908    3.4898   1423.9471    3.5802     3589858879.9791
   305.622    7.7277    4.2814    3.4890   1461.3293    3.5744     3709981465.3820
   315.237    7.7193    4.2724    3.4881   1498.7116    3.5685     3829879221.6755
   324.852    7.7107    4.2632    3.4873   1536.0938    3.5628     3949553451.1804
   334.468    7.7006    4.2534    3.4863   1573.4760    3.5570     4069002756.6289
   344.083    7.6920    4.2442    3.4855   1610.8583    3.5513     4188228937.0138
   353.699    7.6828    4.2348    3.4846   1648.2405    3.5456     4307234770.9533
   363.314    7.6736    4.2254    3.4837   1685.6227    3.5400     4426019860.5756
   372.929    7.6642    4.2159    3.4828   1723.0049    3.5345     4544585290.3672
   382.545    7.6547    4.2065    3.4818   1760.3872    3.5289     4662930520.2431
   392.160    7.6455    4.1970    3.4810   1797.7694    3.5234     4781059235.9430
   401.775    7.6361    4.1874    3.4800   1835.1516    3.5180     4898974906.5415
   411.391    7.6260    4.1777    3.4790   1872.5339    3.5126     5016674864.0747
   421.006    7.6174    4.1686    3.4782   1909.9161    3.5072     5134163136.7557
   430.621    7.6078    4.1589    3.4772   1947.2983    3.5019     5251442708.7128
   454.090    7.6392    4.1681    3.4860   1952.0534    3.4891     5537582911.2395
   477.559    7.6697    4.1772    3.4946   1956.6258    3.4763     5823383719.6972
   501.028    7.6998    4.1861    3.5032   1961.2457    3.4636     6108838387.5717
   524.497    7.7287    4.1946    3.5115   1965.6326    3.4509     6393936264.1260
   547.966    7.7569    4.2029    3.5197   1969.8990    3.4384     6678662658.9079
   571.435    7.7840    4.2109    3.5277   1974.0103    3.4260     6963008476.9826
   594.904    7.8113    4.2189    3.5357   1978.1416    3.4137     7246972610.8519
   618.373    7.8381    4.2268    3.5438   1982.2519    3.4015     7530561242.4051
   641.842    7.8646    4.2346    3.5517   1986.1928    3.3894     7813771352.6219
   665.311    7.8909    4.2425    3.5595   1990.0354    3.3774     8096600708.5818
   688.780    7.9166    4.2501    3.5673   1993.8089    3.3656     8379051620.2687
   712.249    7.9421    4.2577    3.5750   1997.4944    3.3540     8661127255.4184
   735.718    7.9677    4.2654    3.5828   2001.2205    3.3425     8942837944.2798
   759.186    7.9927    4.2728    3.5904   2004.7692    3.3312     9224188129.0349
   782.655    8.0183    4.2808    3.5982   2008.2950    3.3201     9505187601.7243
   806.124    8.0431    4.2882    3.6059   2011.7273    3.3091     9785849660.7760
   829.593    8.0690    4.2964    3.6138   2015.2210    3.2983    10066192887.6952
   853.062    8.0938    4.3040    3.6216   2018.5915    3.2878    10346234010.3758
   876.531    8.1203    4.3127    3.6296   2021.8831    3.2775    10625990466.7107
   900.000    8.1463    4.3212    3.6377   2025.0080    3.2673    10905486576.3296
   917.150    8.1662    4.3279    3.6440   2027.4842    3.2601    11109501733.2786
   934.300    8.1869    4.3352    3.6505   2029.8653    3.2530    11313421341.0195
   951.450    8.2066    4.3419    3.6566   2032.1468    3.2460    11517248372.1031
   968.600    8.2281    4.3497    3.6634   2034.4900    3.2391    11720997041.6520
   985.751    8.2482    4.3568    3.6698   2036.8066    3.2324    11924680972.0049
  1002.901    8.2742    4.3673    3.6780   2039.2297    3.2258    12128347658.4277
  1020.051    8.3004    4.3780    3.6864   2041.7799    3.2193    12332057160.3578
  1037.201    8.3224    4.3863    3.6936   2044.0782    3.2129    12535786840.0210
  1054.351    8.3396    4.3918    3.6994   2046.1832    3.2067    12739471708.0073
  1071.501    8.3567    4.3972    3.7051   2048.3146    3.2007    12943078845.9701
  1088.651    8.3738    4.4027    3.7109   2050.3876    3.1949    13146620046.6935
  1105.801    8.4264    4.4320    3.7261   2055.9122    3.1892    13350365989.8216
  1122.952    8.5771    4.5269    3.7669   2070.2263    3.1833    13555277816.3174
  1140.102    8.7550    4.6401    3.8136   2089.0334    3.1771    13762201801.4574
  1157.252    8.8653    4.7082    3.8425   2095.2782    3.1706    13970782808.6386
  1174.402    8.8835    4.7152    3.8482   2097.2997    3.1642    14179879154.7905
  1191.552    8.8996    4.7195    3.8546   2100.0814    3.1579    14388876688.6105
  1208.702    8.9155    4.7241    3.8604   2102.5286    3.1518    14597790293.4583
  1225.852    8.9308    4.7288    3.8659   2104.9180    3.1460    14806608741.5732
  1243.002    8.9462    4.7333    3.8714   2107.3271    3.1404    15015338152.4944
  1260.152    8.9614    4.7379    3.8769   2109.7212    3.1350    15223992697.5242
  1277.303    8.9766    4.7427    3.8825   2112.1112    3.1298    15432587611.2267
  1294.453    8.9913    4.7473    3.8878   2114.4767    3.1249    15641132119.8825
  1311.603    9.0059    4.7520    3.8930   2116.7678    3.1203    15849631369.9166
  1328.753    9.0203    4.7565    3.8983   2119.1485    3.1160    16058101310.8042
  1345.903    9.0338    4.7613    3.9029   2121.2564    3.1119    16266544400.4312
  1363.053    9.0483    4.7658    3.9080   2123.5303    3.1081    16474976729.8425
  1380.203    9.0747    4.7787    3.9149   2127.1466    3.1047    16683477463.0622
  1397.353    9.1144    4.7996    3.9245   2132.5533    3.1015    16892183493.1034
  1414.503    9.1551    4.8208    3.9356   2138.7046    3.0986    17101226169.1868
  1431.654    9.1943    4.8423    3.9451   2144.4750    3.0959    17310621227.1306
  1448.804    9.2344    4.8647    3.9552   2150.2693    3.0936    17520357750.7376
  1465.954    9.2760    4.8883    3.9658   2156.1726    3.0915    17730481808.0963
  1483.104    9.3165    4.9103    3.9772   2162.6889    3.0897    17941049496.6359
  1500.254    9.3603    4.9358    3.9889   2169.1965    3.0883    18152108286.3315
  1517.404    9.3773    4.9430    3.9944   2171.5571    3.0872    18363521931.9369
  1534.554    9.3901    4.9475    3.9989   2173.5731    3.0865    18575124864.9130
  1551.704    9.4025    4.9518    4.0032   2175.5711    3.0863    18786914436.0737
  1568.855    9.4151    4.9563    4.0077   2177.5823    3.0865    18998921989.4364
  1568.855    5.2209    0.0000    4.0185         nan    3.0865    18998921989.4364
  1587.919    5.2352    0.0000    4.0243         nan    3.0872    19235552145.5110
  1606.983    5.2496    0.0000    4.0301         nan    3.0885    19472574436.4754
  1626.047    5.2639    0.0000    4.0358         nan    3.0905    19710036699.9784
  1645.111    5.2778    0.0000    4.0414         nan    3.0931    19947983804.0829
  1664.176    5.2914    0.0000    4.0469         nan    3.0965    20186461044.9659
  1683.240    5.3051    0.0000    4.0525         nan    3.1006    20425521985.8816
  1702.304    5.3185    0.0000    4.0579         nan    3.1055    20665222268.9525
  1721.368    5.3315    0.0000    4.0631         nan    3.1112    20905616253.6377
  1740.433    5.3445    0.0000    4.0684         nan    3.1178    21146764709.7458
  1740.433    5.4248    0.0000    6.5409         nan    3.1178    21146764709.7458
  1797.297    5.4779    0.0000    6.5794         nan    3.0203    22309807597.6754
  1854.161    5.5285    0.0000    6.6162         nan    2.9217    23442942452.1369
  1911.026    5.5765    0.0000    6.6513         nan    2.8220    24545057273.1975
  1967.890    5.6223    0.0000    6.6848         nan    2.7214    25615090037.1664
  2024.755    5.6657    0.0000    6.7167         nan    2.6198    26652027214.8252
  2081.619    5.7070    0.0000    6.7471         nan    2.5173    27654902515.4035
  2138.483    5.7461    0.0000    6.7760         nan    2.4140    28622795833.2225
  2195.348    5.7831    0.0000    6.8034         nan    2.3099    29554832385.2804
  2252.212    5.8181    0.0000    6.8294         nan    2.2051    30450182035.0382
  2309.077    5.8512    0.0000    6.8539         nan    2.0995    31308058805.2748
  2365.941    5.8823    0.0000    6.8771         nan    1.9933    32127720598.7667
  2422.805    5.9115    0.0000    6.8989         nan    1.8865    32908469157.9940
  2479.670    5.9389    0.0000    6.9194         nan    1.7791    33649650319.8628
  2536.534    5.9645    0.0000    6.9386         nan    1.6713    34350654655.5688
  2593.399    5.9883    0.0000    6.9564         nan    1.5630    35010918643.5350
  2650.263    6.0103    0.0000    6.9730         nan    1.4543    35629926616.1656
  2707.127    6.0306    0.0000    6.9882         nan    1.3454    36207213875.8947
  2763.992    6.0492    0.0000    7.0022         nan    1.2362    36742371658.2310
  2820.856    6.0662    0.0000    7.0150         nan    1.1270    37235055136.8933
  2877.720    6.0814    0.0000    7.0265         nan    1.0180    37684996669.1230
  2934.585    6.0950    0.0000    7.0368         nan    0.9093    38092028537.7743
  2991.449    6.1070    0.0000    7.0458         nan    0.8016    38456123950.4915
  3048.314    6.1174    0.0000    7.0536         nan    0.6957    38777475719.1621
  3105.178    6.1261    0.0000    7.0603         nan    0.5935    39056659879.3152
  3162.042    6.1333    0.0000    7.0657         nan    0.4992    39295013814.4401
  3218.907    6.1388    0.0000    7.0699         nan    0.4255    39495645712.4152
  3275.771    6.1428    0.0000    7.0729         nan    0.4235    39666760660.7578
  3332.636    6.1452    0.0000    7.0746         nan    0.9068    39837106356.3554
  3389.500    6.1459    0.0000    7.0752         nan    0.0000    40201905898.9710
