# Depth[km]  Vp[km/s]  Vs[km/s] Rho[g/cm3]    T[K]     g[m/s2]         P[Pa]        
     0.000    3.4412    2.0614    1.5596    273.1500    3.7291              0.0000
    12.444    3.4412    2.0614    1.5596    325.7250    3.7403       72371849.9331
    12.444    4.3323    2.5952    1.9634    325.7250    3.7403       72371849.9331
    26.086    4.3323    2.5952    1.9634    383.3641    3.7481      172552289.2037
    26.086    5.4310    3.2533    2.4613    383.3641    3.7481      172552289.2037
    44.043    5.4310    3.2533    2.4613    459.2395    3.7512      338218156.1272
    44.043    7.9952    4.5426    3.5183    459.2395    3.7512      338218156.1272
    53.314    7.9867    4.5325    3.5178    498.4101    3.7446      460562423.7579
    62.585    7.9778    4.5223    3.5172    537.5806    3.7381      582674197.5896
    71.855    7.9687    4.5119    3.5166    576.7512    3.7316      704552286.6293
    81.126    7.9590    4.5013    3.5159    615.9217    3.7251      826194699.8735
    90.396    7.9497    4.4910    3.5152    655.0923    3.7187      947601392.0104
    99.667    7.9401    4.4806    3.5145    694.2629    3.7123     1068773737.8006
   108.938    7.9302    4.4702    3.5136    733.4334    3.7059     1189710248.1633
   118.208    7.9207    4.4599    3.5129    772.6040    3.6995     1310411281.5573
   127.479    7.9105    4.4494    3.5120    811.7745    3.6932     1430876348.7718
   136.749    7.9007    4.4392    3.5112    850.9451    3.6869     1551105726.1121
   146.020    7.8907    4.4289    3.5102    890.1157    3.6806     1671100006.9571
   155.291    7.8805    4.4187    3.5092    929.2862    3.6744     1790857473.5919
   164.561    7.8706    4.4085    3.5083    968.4568    3.6682     1910379116.6320
   173.832    7.8605    4.3982    3.5073   1007.6273    3.6620     2029665885.8182
   183.102    7.8505    4.3882    3.5063   1046.7979    3.6559     2148717534.9323
   192.373    7.8404    4.3781    3.5052   1085.9685    3.6498     2267534023.4655
   201.644    7.8301    4.3679    3.5041   1125.1390    3.6437     2386115287.2277
   210.914    7.8197    4.3576    3.5030   1164.3096    3.6377     2504462863.5460
   220.185    7.8094    4.3475    3.5019   1203.4802    3.6317     2622577244.4264
   229.455    7.7992    4.3374    3.5007   1242.6507    3.6257     2740457960.8037
   238.726    7.7889    4.3272    3.4997   1281.8213    3.6198     2858108020.4239
   247.997    7.7783    4.3169    3.4985   1320.9918    3.6139     2975527533.3861
   257.267    7.7697    4.3077    3.4973   1360.1624    3.6080     3092716948.1606
   266.538    7.7592    4.2974    3.4961   1399.3330    3.6022     3209676857.2000
   275.808    7.7499    4.2878    3.4950   1438.5035    3.5964     3326408629.9879
   285.079    7.7400    4.2779    3.4937   1477.6741    3.5907     3442913901.7842
   294.350    7.7302    4.2681    3.4925   1516.8446    3.5850     3559191991.6779
   303.620    7.7199    4.2580    3.4912   1556.0152    3.5793     3675244099.1090
   312.891    7.7102    4.2482    3.4901   1595.1858    3.5737     3791072632.2952
   322.161    7.6996    4.2380    3.4887   1634.3563    3.5681     3906678160.0235
   331.432    7.6895    4.2280    3.4874   1673.5269    3.5626     4022059454.7655
   340.703    7.6790    4.2179    3.4861   1712.6974    3.5571     4137217631.2486
   349.973    7.6696    4.2081    3.4849   1751.8680    3.5516     4252157216.5513
   359.244    7.6591    4.1980    3.4836   1791.0386    3.5462     4366879158.7157
   368.514    7.6488    4.1879    3.4822   1830.2091    3.5409     4481381811.8184
   377.785    7.6381    4.1776    3.4809   1869.3797    3.5355     4595666873.4145
   387.056    7.6277    4.1674    3.4795   1908.5502    3.5303     4709735289.3847
   396.326    7.6165    4.1569    3.4780   1947.7208    3.5250     4823586322.8670
   405.597    7.6065    4.1469    3.4766   1986.8914    3.5199     4937222137.4616
   414.868    7.5958    4.1366    3.4752   2026.0619    3.5147     5050645931.2267
   439.124    7.6280    4.1467    3.4844   2031.3274    3.5014     5347317858.4953
   463.381    7.6583    4.1563    3.4933   2036.3954    3.4881     5643630151.7966
   487.637    7.6883    4.1658    3.5021   2041.3601    3.4749     5939566487.1543
   511.894    7.7171    4.1748    3.5107   2046.2475    3.4618     6235118860.4899
   536.151    7.7447    4.1834    3.5192   2050.9356    3.4488     6530275314.7151
   560.407    7.7722    4.1921    3.5276   2055.5237    3.4359     6825028347.1961
   584.664    7.7993    4.2005    3.5360   2060.0357    3.4231     7119377771.7954
   608.921    7.8259    4.2088    3.5442   2064.4857    3.4104     7413320551.5510
   633.177    7.8525    4.2171    3.5525   2068.8703    3.3979     7706858551.3887
   657.434    7.8786    4.2253    3.5607   2073.1980    3.3855     7999995679.5806
   681.690    7.9042    4.2334    3.5687   2077.2820    3.3732     8292730323.0934
   705.947    7.9299    4.2413    3.5770   2081.4813    3.3611     8585071571.1126
   730.204    7.9550    4.2492    3.5849   2085.4663    3.3492     8877025789.0617
   754.460    7.9804    4.2573    3.5930   2089.3733    3.3375     9168596164.5268
   778.717    8.0062    4.2656    3.6012   2093.3411    3.3259     9459800949.8873
   802.974    8.0314    4.2737    3.6093   2097.1289    3.3146     9750653954.5741
   827.230    8.0568    4.2818    3.6174   2100.8380    3.3034    10041167861.2054
   851.487    8.0832    4.2908    3.6258   2104.5207    3.2925    10331366444.0892
   875.743    8.1102    4.3000    3.6345   2108.2649    3.2817    10621284191.8341
   900.000    8.1373    4.3094    3.6432   2111.8330    3.2712    10910949312.7309
   917.221    8.1570    4.3164    3.6496   2114.4006    3.2639    11116358852.6619
   934.441    8.1774    4.3238    3.6561   2116.8743    3.2568    11321672561.2459
   951.662    8.1983    4.3315    3.6629   2119.3713    3.2497    11526909834.1944
   968.882    8.2190    4.3392    3.6697   2121.8955    3.2428    11732082276.3261
   986.103    8.2420    4.3482    3.6771   2124.4560    3.2360    11937212941.8113
  1003.323    8.2674    4.3587    3.6854   2126.9923    3.2293    12142351356.1962
  1020.544    8.2862    4.3650    3.6921   2129.7420    3.2228    12347482738.4869
  1037.764    8.3038    4.3708    3.6983   2132.2818    3.2164    12552557496.0213
  1054.985    8.3239    4.3779    3.7055   2135.1237    3.2101    12757598151.1450
  1072.206    8.3415    4.3839    3.7118   2137.7104    3.2040    12962614591.4832
  1089.426    8.3572    4.3888    3.7174   2140.1939    3.1982    13167570835.9075
  1106.647    8.3765    4.3961    3.7245   2141.9700    3.1924    13372498905.9732
  1123.867    8.4001    4.4063    3.7335   2143.3520    3.1869    13577502317.2888
  1141.088    8.5019    4.4687    3.7621   2153.7831    3.1813    13783179347.5843
  1158.308    8.6689    4.5745    3.8063   2170.9719    3.1756    13990494446.1607
  1175.529    8.8705    4.7039    3.8575   2186.9074    3.1694    14200042761.3298
  1192.750    8.8857    4.7085    3.8631   2189.0453    3.1631    14410732065.4550
  1209.970    8.9001    4.7128    3.8684   2191.2556    3.1570    14621299493.0474
  1227.191    8.9145    4.7169    3.8739   2193.2466    3.1511    14831755448.9102
  1244.411    8.9284    4.7210    3.8792   2195.2973    3.1454    15042112171.4022
  1261.632    8.9423    4.7250    3.8845   2197.2932    3.1400    15252378650.6916
  1278.852    8.9561    4.7290    3.8899   2199.1903    3.1349    15462572924.8411
  1296.073    8.9701    4.7331    3.8954   2200.8562    3.1300    15672717072.5674
  1313.293    8.9830    4.7366    3.9008   2202.5554    3.1254    15882827829.9934
  1330.514    8.9960    4.7403    3.9061   2204.2091    3.1210    16092915535.6084
  1347.735    9.0094    4.7441    3.9118   2205.7388    3.1169    16303003884.9458
  1364.955    9.0221    4.7477    3.9171   2207.2103    3.1132    16513112930.6299
  1382.176    9.0345    4.7510    3.9224   2208.4229    3.1097    16723254151.2334
  1399.396    9.0471    4.7546    3.9278   2209.8276    3.1066    16933447296.2483
  1416.617    9.0594    4.7581    3.9332   2210.6562    3.1038    17143716432.0930
  1433.837    9.0723    4.7615    3.9394   2212.3163    3.1013    17354108072.7972
  1451.058    9.0931    4.7703    3.9467   2213.9657    3.0992    17564693041.5358
  1468.278    9.1324    4.7910    3.9581   2219.0168    3.0974    17775631809.5543
  1485.499    9.1735    4.8130    3.9701   2223.3430    3.0959    17987072574.6367
  1502.720    9.2149    4.8357    3.9824   2227.9036    3.0948    18199059406.7722
  1519.940    9.2550    4.8578    3.9946   2232.7703    3.0939    18411620392.8793
  1537.161    9.2925    4.8784    4.0066   2236.6962    3.0934    18624767971.2742
  1554.381    9.3056    4.8832    4.0115   2238.8059    3.0932    18838327318.0712
  1571.602    9.3184    4.8880    4.0161   2240.8592    3.0936    19052130664.7957
  1571.602    4.5732    0.0000    3.9518         nan    3.0936    19052130664.7957
  1584.739    4.5840    0.0000    3.9568         nan    3.0949    19212838175.4699
  1597.876    4.5948    0.0000    3.9619         nan    3.0965    19373818591.8164
  1611.013    4.6057    0.0000    3.9669         nan    3.0984    19535087387.6910
  1624.150    4.6165    0.0000    3.9719         nan    3.1007    19696660592.4308
  1637.288    4.6272    0.0000    3.9769         nan    3.1032    19858553707.3424
  1650.425    4.6375    0.0000    3.9817         nan    3.1061    20020779109.1437
  1663.562    4.6478    0.0000    3.9865         nan    3.1093    20183350958.3278
  1676.699    4.6581    0.0000    3.9913         nan    3.1129    20346287846.2078
  1689.836    4.6684    0.0000    3.9961         nan    3.1169    20509609034.5921
  1689.836    5.0676    0.0000    6.3169         nan    3.1169    20509609034.5921
  1748.445    5.1482    0.0000    6.3606         nan    3.0206    21667558098.1530
  1807.054    5.2243    0.0000    6.4019         nan    2.9231    22797274276.3125
  1865.664    5.2961    0.0000    6.4410         nan    2.8243    23897392087.3190
  1924.273    5.3638    0.0000    6.4780         nan    2.7244    24966626863.8058
  1982.882    5.4277    0.0000    6.5129         nan    2.6233    26003768965.7448
  2041.491    5.4880    0.0000    6.5459         nan    2.5213    27007678922.1736
  2100.100    5.5448    0.0000    6.5771         nan    2.4183    27977283334.0440
  2158.709    5.5983    0.0000    6.6066         nan    2.3144    28911571408.7644
  2217.318    5.6487    0.0000    6.6343         nan    2.2096    29809592027.2947
  2275.927    5.6960    0.0000    6.6604         nan    2.1041    30670451276.2461
  2334.536    5.7404    0.0000    6.6849         nan    1.9978    31493310397.0107
  2393.145    5.7820    0.0000    6.7079         nan    1.8908    32277384125.9291
  2451.754    5.8208    0.0000    6.7293         nan    1.7832    33021939421.9410
  2510.364    5.8569    0.0000    6.7493         nan    1.6751    33726294609.1129
  2568.973    5.8904    0.0000    6.7679         nan    1.5664    34389818999.9442
  2627.582    5.9214    0.0000    6.7851         nan    1.4572    35011933126.8964
  2686.191    5.9499    0.0000    6.8009         nan    1.3477    35592109810.8778
  2744.800    5.9759    0.0000    6.8154         nan    1.2379    36129876471.1157
  2803.409    5.9995    0.0000    6.8285         nan    1.1279    36624819402.0633
  2862.018    6.0208    0.0000    6.8404         nan    1.0177    37076591364.0440
  2920.627    6.0398    0.0000    6.8509         nan    0.9078    37484925107.9279
  2979.236    6.0564    0.0000    6.8602         nan    0.7982    37849658233.4420
  3037.845    6.0708    0.0000    6.8682         nan    0.6897    38170781363.9511
  3096.455    6.0830    0.0000    6.8749         nan    0.5833    38448538803.1052
  3155.064    6.0929    0.0000    6.8805         nan    0.4817    38683661640.1277
  3213.673    6.1006    0.0000    6.8847         nan    0.3928    38877990576.7770
  3272.282    6.1060    0.0000    6.8878         nan    0.3479    39036528686.4621
  3330.891    6.1093    0.0000    6.8896         nan    0.6013    39176974740.0899
  3389.500    6.1104    0.0000    6.8902         nan    0.0000    39419796349.0212
