# Depth[km]  Vp[km/s]  Vs[km/s] Rho[g/cm3]    T[K]     g[m/s2]         P[Pa]        
     0.000    3.5802    2.1565    1.6585    273.1500    3.7291              0.0000
     9.623    3.5802    2.1565    1.6585    311.8095    3.7369       59514547.5691
     9.623    4.3044    2.5927    1.9940    311.8095    3.7369       59514547.5691
    27.792    4.3044    2.5927    1.9940    384.8108    3.7469      194897881.0472
    27.792    5.4868    3.3049    2.5417    384.8108    3.7469      194897881.0472
    47.015    5.4868    3.3049    2.5417    462.0490    3.7489      377973705.1236
    47.015    7.9976    4.5428    3.5192    462.0490    3.7489      377973705.1236
    56.769    7.9897    4.5329    3.5189    501.2388    3.7420      506649028.1603
    66.523    7.9814    4.5229    3.5185    540.4287    3.7351      635074261.1876
    76.276    7.9728    4.5127    3.5180    579.6186    3.7283      763248002.3179
    86.030    7.9637    4.5023    3.5174    618.8085    3.7215      891168029.0265
    95.784    7.9549    4.4921    3.5169    657.9983    3.7147     1018834702.8069
   105.538    7.9460    4.4819    3.5164    697.1882    3.7079     1146249608.7357
   115.291    7.9372    4.4720    3.5158    736.3781    3.7012     1273412906.3895
   125.045    7.9277    4.4616    3.5151    775.5679    3.6945     1400323160.2791
   134.799    7.9186    4.4515    3.5145    814.7578    3.6878     1526979472.9781
   144.553    7.9092    4.4414    3.5137    853.9477    3.6812     1653382624.8370
   154.306    7.8996    4.4313    3.5130    893.1376    3.6746     1779532013.3499
   164.060    7.8904    4.4213    3.5122    932.3274    3.6680     1905428221.4469
   173.814    7.8812    4.4114    3.5115    971.5173    3.6615     2031072657.1938
   183.568    7.8720    4.4016    3.5107   1010.7072    3.6550     2156466061.5141
   193.321    7.8622    4.3914    3.5098   1049.8971    3.6486     2281607002.9449
   203.075    7.8531    4.3817    3.5090   1089.0869    3.6421     2406495783.8865
   212.829    7.8436    4.3717    3.5081   1128.2768    3.6357     2531134574.3630
   222.583    7.8335    4.3616    3.5072   1167.4667    3.6294     2655522501.8294
   232.336    7.8245    4.3521    3.5063   1206.6565    3.6231     2779660701.0274
   242.090    7.8149    4.3421    3.5054   1245.8464    3.6168     2903551274.2660
   251.844    7.8050    4.3320    3.5044   1285.0363    3.6105     3027193836.1635
   261.598    7.7954    4.3220    3.5035   1324.2262    3.6043     3150589348.9310
   271.351    7.7873    4.3130    3.5025   1363.4160    3.5982     3273739489.2812
   281.105    7.7777    4.3030    3.5015   1402.6059    3.5921     3396644285.2000
   290.859    7.7690    4.2937    3.5005   1441.7958    3.5860     3519305262.9212
   300.613    7.7600    4.2841    3.4995   1480.9857    3.5799     3641724200.4360
   310.366    7.7502    4.2742    3.4985   1520.1755    3.5739     3763901132.5867
   320.120    7.7409    4.2643    3.4974   1559.3654    3.5680     3885836446.3402
   329.874    7.7320    4.2550    3.4964   1598.5553    3.5621     4007532516.3457
   339.628    7.7226    4.2453    3.4953   1637.7451    3.5562     4128991385.8392
   349.381    7.7134    4.2356    3.4943   1676.9350    3.5504     4250214077.0161
   359.135    7.7039    4.2257    3.4932   1716.1249    3.5446     4371201090.6020
   368.889    7.6940    4.2158    3.4921   1755.3148    3.5389     4491952199.1922
   378.643    7.6847    4.2060    3.4909   1794.5046    3.5332     4612469121.3693
   388.396    7.6756    4.1964    3.4899   1833.6945    3.5275     4732755323.8933
   398.150    7.6659    4.1865    3.4887   1872.8844    3.5219     4852810981.0566
   407.904    7.6561    4.1766    3.4876   1912.0743    3.5164     4972636853.9163
   417.658    7.6464    4.1667    3.4865   1951.2641    3.5109     5092235212.4998
   427.411    7.6370    4.1567    3.4853   1990.4540    3.5054     5211606782.4643
   437.165    7.6271    4.1467    3.4841   2029.6439    3.5000     5330752693.0524
   460.307    7.6564    4.1559    3.4926   2034.5102    3.4873     5613298547.9685
   483.449    7.6849    4.1650    3.5010   2039.2380    3.4747     5895498967.0802
   506.590    7.7126    4.1737    3.5093   2043.9204    3.4621     6177346938.4373
   529.732    7.7391    4.1820    3.5174   2048.3938    3.4496     6458830804.2443
   552.874    7.7655    4.1902    3.5254   2052.7879    3.4372     6739941651.4676
   576.016    7.7913    4.1983    3.5334   2057.1434    3.4249     7020681610.0471
   599.157    7.8174    4.2066    3.5413   2061.3357    3.4127     7301046473.5103
   622.299    7.8421    4.2142    3.5492   2065.6155    3.4007     7581036403.4553
   645.441    7.8665    4.2217    3.5569   2069.6569    3.3887     7860651092.4031
   668.583    7.8917    4.2296    3.5647   2073.7194    3.3769     8139893454.7627
   691.724    7.9158    4.2371    3.5724   2077.5921    3.3652     8418769341.8493
   714.866    7.9404    4.2450    3.5802   2081.5381    3.3537     8697282256.6769
   738.008    7.9645    4.2526    3.5878   2085.3064    3.3423     8975437412.7109
   761.150    7.9891    4.2604    3.5957   2089.1537    3.3311     9253247799.7633
   784.291    8.0132    4.2681    3.6034   2092.8193    3.3201     9530725425.7276
   807.433    8.0372    4.2758    3.6111   2096.3934    3.3092     9807874728.1919
   830.575    8.0622    4.2841    3.6190   2099.9289    3.2985    10084716842.3251
   853.717    8.0872    4.2925    3.6270   2103.5361    3.2880    10361274508.9342
   876.858    8.1126    4.3010    3.6352   2106.9897    3.2777    10637568327.9337
   900.000    8.1382    4.3099    3.6434   2110.4083    3.2677    10913621130.0087
   916.988    8.1578    4.3169    3.6497   2112.9097    3.2604    11116048548.5757
   933.976    8.1780    4.3243    3.6562   2115.3553    3.2533    11318379505.5392
   950.964    8.1985    4.3318    3.6629   2117.7984    3.2463    11520630851.7069
   967.952    8.2192    4.3395    3.6696   2120.2843    3.2394    11722816079.0788
   984.940    8.2419    4.3484    3.6770   2122.8021    3.2326    11924960090.5883
  1001.928    8.2664    4.3585    3.6850   2125.2885    3.2259    12127103013.3287
  1018.916    8.2854    4.3650    3.6917   2128.0001    3.2194    12329231763.0850
  1035.904    8.3030    4.3708    3.6979   2130.5238    3.2130    12531305297.7261
  1052.892    8.3225    4.3777    3.7049   2133.3125    3.2068    12733340143.8375
  1069.880    8.3402    4.3838    3.7113   2135.8913    3.2007    12935346393.2632
  1086.868    8.3557    4.3886    3.7168   2138.3177    3.1948    13137291100.0506
  1103.856    8.3736    4.3950    3.7233   2140.2477    3.1891    13339190064.8118
  1120.845    8.3964    4.4049    3.7320   2141.6049    3.1835    13541139074.6393
  1137.833    8.4797    4.4549    3.7559   2149.7013    3.1780    13743617118.7843
  1154.821    8.6402    4.5566    3.7987   2165.5942    3.1722    13947545219.3582
  1171.809    8.8336    4.6802    3.8484   2184.9291    3.1661    14153596320.2163
  1188.797    8.8827    4.7079    3.8618   2187.1645    3.1598    14360945460.2387
  1205.785    8.8970    4.7120    3.8672   2189.1873    3.1537    14568387521.8868
  1222.773    8.9120    4.7168    3.8726   2191.3347    3.1478    14775717755.9275
  1239.761    8.9255    4.7205    3.8779   2193.3442    3.1421    14982946011.2847
  1256.749    8.9396    4.7248    3.8832   2195.3689    3.1366    15190080941.6995
  1273.737    8.9529    4.7286    3.8884   2197.1930    3.1314    15397133912.8012
  1290.725    8.9662    4.7324    3.8936   2199.0103    3.1264    15604118084.8447
  1307.713    8.9798    4.7364    3.8991   2200.7082    3.1216    15811056997.0099
  1324.701    8.9926    4.7400    3.9043   2202.3553    3.1172    16017966879.3501
  1341.689    9.0055    4.7436    3.9096   2203.7414    3.1130    16224857927.5443
  1358.677    9.0185    4.7473    3.9152   2205.3126    3.1090    16431756313.3038
  1375.665    9.0307    4.7506    3.9204   2206.6980    3.1054    16638680713.1945
  1392.653    9.0427    4.7537    3.9258   2207.7417    3.1021    16845645841.5035
  1409.641    9.0557    4.7578    3.9310   2208.7977    3.0991    17052669472.8186
  1426.629    9.0677    4.7607    3.9369   2210.2330    3.0965    17259784303.1689
  1443.617    9.0792    4.7636    3.9424   2211.3697    3.0941    17467020032.3519
  1460.605    9.1160    4.7827    3.9529   2215.2312    3.0921    17674520191.0196
  1477.593    9.1549    4.8034    3.9641   2219.8741    3.0904    17882456590.0081
  1494.581    9.1959    4.8258    3.9762   2224.2159    3.0890    18090890183.3810
  1511.569    9.2358    4.8475    3.9885   2229.0646    3.0879    18299867015.7133
  1528.557    9.2771    4.8707    4.0010   2233.4682    3.0871    18509420275.8718
  1545.546    9.3005    4.8822    4.0093   2236.3295    3.0866    18719464236.8050
  1562.534    9.3126    4.8865    4.0135   2238.4285    3.0866    18929804170.1947
  1562.534    4.7487    0.0000    4.0426         nan    3.0866    18929804170.1947
  1580.629    4.7672    0.0000    4.0493         nan    3.0867    19155781197.3452
  1598.723    4.7856    0.0000    4.0561         nan    3.0872    19382137357.3953
  1616.818    4.8041    0.0000    4.0628         nan    3.0883    19608910979.0872
  1634.913    4.8220    0.0000    4.0694         nan    3.0900    19836137274.0607
  1653.008    4.8395    0.0000    4.0758         nan    3.0923    20063848887.3814
  1671.103    4.8570    0.0000    4.0821         nan    3.0952    20292085811.7138
  1689.198    4.8744    0.0000    4.0885         nan    3.0988    20520894712.2183
  1707.293    4.8910    0.0000    4.0946         nan    3.1030    20750315705.0276
  1725.388    4.9075    0.0000    4.1006         nan    3.1080    20980391890.9738
  1725.388    5.2381    0.0000    6.4444         nan    3.1080    20980391890.9738
  1782.771    5.2901    0.0000    6.4854         nan    3.0116    22133390890.7481
  1840.155    5.3395    0.0000    6.5245         nan    2.9140    23257537399.6281
  1897.538    5.3865    0.0000    6.5619         nan    2.8153    24351649053.7080
  1954.921    5.4312    0.0000    6.5976         nan    2.7155    25414595300.1689
  2012.304    5.4737    0.0000    6.6316         nan    2.6147    26445295969.7510
  2069.687    5.5140    0.0000    6.6639         nan    2.5129    27442720078.4627
  2127.070    5.5522    0.0000    6.6947         nan    2.4103    28405884839.8684
  2184.454    5.5884    0.0000    6.7240         nan    2.3068    29333854870.6934
  2241.837    5.6226    0.0000    6.7517         nan    2.2025    30225741584.6671
  2299.220    5.6548    0.0000    6.7779         nan    2.0974    31080702778.6618
  2356.603    5.6852    0.0000    6.8026         nan    1.9916    31897942427.6422
  2413.986    5.7137    0.0000    6.8259         nan    1.8852    32676710720.5463
  2471.369    5.7404    0.0000    6.8478         nan    1.7781    33416304394.6871
  2528.753    5.7654    0.0000    6.8683         nan    1.6706    34116067461.2238
  2586.136    5.7886    0.0000    6.8873         nan    1.5625    34775392471.5489
  2643.519    5.8101    0.0000    6.9050         nan    1.4541    35393722569.6577
  2700.902    5.8299    0.0000    6.9214         nan    1.3453    35970554735.8978
  2758.285    5.8480    0.0000    6.9363         nan    1.2363    36505444914.5629
  2815.668    5.8645    0.0000    6.9500         nan    1.1272    36998016245.6133
  2873.052    5.8794    0.0000    6.9623         nan    1.0183    37447972646.8379
  2930.435    5.8927    0.0000    6.9733         nan    0.9098    37855122095.5317
  2987.818    5.9044    0.0000    6.9830         nan    0.8022    38219418560.7902
  3045.201    5.9145    0.0000    6.9913         nan    0.6964    38541042432.7554
  3102.584    5.9230    0.0000    6.9984         nan    0.5943    38820567737.3070
  3159.967    5.9300    0.0000    7.0042         nan    0.5004    39059348522.5465
  3217.351    5.9354    0.0000    7.0087         nan    0.4276    39260550320.0347
  3274.734    5.9392    0.0000    7.0119         nan    0.4278    39432548680.6277
  3332.117    5.9415    0.0000    7.0138         nan    0.9237    39604711183.6147
  3389.500    5.9423    0.0000    7.0145         nan    0.0000    39976507236.2408
