# Depth[km]  Vp[km/s]  Vs[km/s] Rho[g/cm3]    T[K]     g[m/s2]         P[Pa]        
     0.000    3.6675    2.1921    1.6540    273.1500    3.7291              0.0000
    11.896    3.6675    2.1921    1.6540    320.5210    3.7388       73372675.0507
    11.896    4.5718    2.7326    2.0618    320.5210    3.7388       73372675.0507
    25.417    4.5718    2.7326    2.0618    374.3696    3.7455      177607206.1835
    25.417    5.2678    3.1486    2.3757    374.3696    3.7455      177607206.1835
    44.818    5.2678    3.1486    2.3757    451.6323    3.7502      350237248.8155
    44.818    8.0003    4.5456    3.5195    451.6323    3.7502      350237248.8155
    54.401    7.9927    4.5360    3.5192    489.7947    3.7434      476708965.6829
    63.983    7.9850    4.5265    3.5188    527.9571    3.7366      602940392.2348
    73.566    7.9767    4.5165    3.5184    566.1195    3.7299      728930511.4966
    83.148    7.9685    4.5067    3.5180    604.2819    3.7232      854679050.4015
    92.731    7.9596    4.4965    3.5175    642.4443    3.7165      980184162.0667
   102.314    7.9512    4.4867    3.5170    680.6067    3.7099     1105446117.7961
   111.896    7.9425    4.4769    3.5165    718.7691    3.7032     1230466351.1226
   121.479    7.9335    4.4669    3.5158    756.9315    3.6966     1355242706.8723
   131.061    7.9249    4.4571    3.5153    795.0939    3.6901     1479775874.1486
   140.644    7.9157    4.4472    3.5146    833.2563    3.6835     1604065894.0460
   150.227    7.9069    4.4375    3.5140    871.4187    3.6770     1728112609.3220
   159.809    7.8979    4.4278    3.5133    909.5811    3.6706     1851917118.3930
   169.392    7.8889    4.4182    3.5126    947.7435    3.6641     1975478867.2809
   178.974    7.8796    4.4083    3.5118    985.9059    3.6577     2098797448.2543
   188.557    7.8711    4.3989    3.5111   1024.0683    3.6513     2221875122.1316
   198.140    7.8619    4.3892    3.5103   1062.2307    3.6450     2344711921.6003
   207.722    7.8527    4.3796    3.5095   1100.3931    3.6387     2467306347.4850
   217.305    7.8433    4.3698    3.5086   1138.5555    3.6324     2589659450.5825
   226.887    7.8341    4.3603    3.5078   1176.7179    3.6262     2711772136.1502
   236.470    7.8253    4.3507    3.5069   1214.8803    3.6200     2833646173.6482
   246.053    7.8162    4.3412    3.5060   1253.0427    3.6138     2955282274.0397
   255.635    7.8067    4.3314    3.5051   1291.2051    3.6077     3076680853.0550
   265.218    7.7981    4.3222    3.5043   1329.3675    3.6016     3197843676.6315
   274.800    7.7895    4.3130    3.5033   1367.5299    3.5956     3318770605.9172
   284.383    7.7802    4.3033    3.5024   1405.6923    3.5896     3439460778.8205
   293.966    7.7724    4.2945    3.5015   1443.8547    3.5836     3559918143.5311
   303.548    7.7633    4.2850    3.5005   1482.0171    3.5776     3680143263.0496
   313.131    7.7546    4.2757    3.4996   1520.1795    3.5717     3800135958.9118
   322.713    7.7456    4.2661    3.4986   1558.3418    3.5659     3919898914.2673
   332.296    7.7364    4.2567    3.4976   1596.5042    3.5601     4039431957.0937
   341.879    7.7282    4.2477    3.4967   1634.6666    3.5543     4158737603.9350
   351.461    7.7188    4.2381    3.4957   1672.8290    3.5486     4277816441.8333
   361.044    7.7096    4.2285    3.4946   1710.9914    3.5429     4396667025.6903
   370.626    7.7009    4.2193    3.4937   1749.1538    3.5372     4515293012.7285
   380.209    7.6918    4.2097    3.4926   1787.3162    3.5316     4633696247.3766
   389.792    7.6823    4.2000    3.4915   1825.4786    3.5261     4751875631.1021
   399.374    7.6730    4.1904    3.4904   1863.6410    3.5206     4869832404.2266
   408.957    7.6636    4.1808    3.4894   1901.8034    3.5151     4987568690.2291
   418.539    7.6549    4.1715    3.4884   1939.9658    3.5097     5105087487.4639
   428.122    7.6457    4.1619    3.4873   1978.1282    3.5043     5222389717.6516
   451.716    7.6754    4.1712    3.4959   1982.8915    3.4912     5511075876.8212
   475.310    7.7039    4.1802    3.5044   1987.5481    3.4781     5799386030.2528
   498.904    7.7315    4.1888    3.5127   1992.1055    3.4651     6087305741.9417
   522.498    7.7586    4.1973    3.5210   1996.5723    3.4522     6374827155.5155
   546.092    7.7854    4.2057    3.5291   2000.8914    3.4394     6661946598.7061
   569.685    7.8115    4.2138    3.5372   2005.2008    3.4267     6948660658.8339
   593.279    7.8373    4.2219    3.5452   2009.4203    3.4141     7234966739.8789
   616.873    7.8624    4.2296    3.5531   2013.4564    3.4016     7520860605.4481
   640.467    7.8879    4.2377    3.5611   2017.5508    3.3893     7806345055.4362
   664.061    7.9126    4.2453    3.5688   2021.4582    3.3771     8091421171.8729
   687.655    7.9378    4.2533    3.5767   2025.3874    3.3650     8376094181.5303
   711.249    7.9620    4.2609    3.5845   2029.1677    3.3531     8660370291.9248
   734.843    7.9872    4.2689    3.5924   2032.9742    3.3413     8944256637.8214
   758.437    8.0115    4.2766    3.6002   2036.6320    3.3297     9227763297.7220
   782.031    8.0360    4.2844    3.6080   2040.2372    3.3182     9510898735.3791
   805.624    8.0608    4.2926    3.6159   2043.7526    3.3070     9793677565.8763
   829.218    8.0859    4.3008    3.6239   2047.3589    3.2959    10076118401.9236
   852.812    8.1109    4.3090    3.6320   2050.7538    3.2850    10358239083.9670
   876.406    8.1366    4.3178    3.6402   2054.1776    3.2744    10640059437.7436
   900.000    8.1628    4.3270    3.6487   2057.5169    3.2639    10921611149.4956
   917.320    8.1827    4.3341    3.6551   2059.9897    3.2564    11128055003.2007
   934.640    8.2033    4.3416    3.6617   2062.4430    3.2490    11334390133.0219
   951.960    8.2244    4.3495    3.6686   2064.8401    3.2417    11540637204.0108
   969.280    8.2464    4.3579    3.6758   2067.2911    3.2346    11746816880.3481
   986.599    8.2654    4.3649    3.6820   2069.6992    3.2275    11952914764.3770
  1003.919    8.2948    4.3776    3.6915   2072.2307    3.2206    12159003330.3542
  1021.239    8.3139    4.3842    3.6983   2074.8433    3.2138    12365105944.4378
  1038.559    8.3335    4.3910    3.7053   2077.6509    3.2072    12571158648.1452
  1055.879    8.3519    4.3973    3.7119   2080.2602    3.2007    12777163713.1521
  1073.199    8.3676    4.4021    3.7175   2082.5611    3.1944    12983089629.6846
  1090.519    8.3830    4.4068    3.7231   2084.8590    3.1882    13188918948.1634
  1107.839    8.3981    4.4114    3.7285   2087.1322    3.1823    13394656214.2550
  1125.159    8.5143    4.4835    3.7605   2099.4552    3.1763    13601039219.9871
  1142.478    8.6755    4.5856    3.8032   2114.6201    3.1701    13809093953.0936
  1159.798    8.8842    4.7197    3.8562   2133.4532    3.1635    14019369342.8420
  1177.118    8.9067    4.7293    3.8635   2135.7948    3.1567    14230855677.0451
  1194.438    8.9212    4.7337    3.8687   2138.0139    3.1501    14442231920.3125
  1211.758    8.9352    4.7378    3.8740   2139.9974    3.1438    14653452836.8141
  1229.078    8.9497    4.7423    3.8793   2142.1969    3.1376    14864534398.2176
  1246.398    8.9633    4.7461    3.8846   2144.0116    3.1317    15075490782.2938
  1263.718    8.9769    4.7502    3.8898   2145.9399    3.1260    15286331902.0536
  1281.038    8.9901    4.7540    3.8949   2147.7711    3.1205    15497069142.4877
  1298.357    9.0036    4.7579    3.9002   2149.3564    3.1154    15707722722.9762
  1315.677    9.0164    4.7614    3.9055   2151.1249    3.1104    15918312139.2069
  1332.997    9.0300    4.7657    3.9108   2152.8118    3.1058    16128854757.2543
  1350.317    9.0423    4.7689    3.9160   2154.2048    3.1015    16339367113.2930
  1367.637    9.0551    4.7726    3.9215   2155.5427    3.0974    16549870603.4623
  1384.957    9.0674    4.7760    3.9267   2157.1082    3.0937    16760385097.9443
  1402.277    9.0797    4.7793    3.9320   2158.3414    3.0902    16970926773.0641
  1419.597    9.0949    4.7850    3.9373   2159.4539    3.0872    17181519912.1447
  1436.917    9.1338    4.8049    3.9490   2164.6737    3.0844    17392358080.9804
  1454.236    9.1746    4.8270    3.9600   2169.4368    3.0819    17603612726.2295
  1471.556    9.2159    4.8496    3.9715   2174.2510    3.0797    17815295752.4312
  1488.876    9.2566    4.8721    3.9836   2178.8399    3.0777    18027456405.3240
  1506.196    9.2981    4.8953    3.9960   2183.7918    3.0761    18240136560.0261
  1523.516    9.3376    4.9175    4.0082   2188.4634    3.0748    18453358069.1256
  1540.836    9.3509    4.9226    4.0128   2190.6306    3.0739    18666938441.0308
  1558.156    9.3640    4.9274    4.0175   2192.7247    3.0734    18880703579.1073
  1575.476    9.3768    4.9319    4.0226   2194.8437    3.0734    19094695498.2931
  1575.476    4.8587    0.0000    4.0403         nan    3.0734    19094695498.2931
  1596.060    4.8722    0.0000    4.0476         nan    3.0738    19350531237.8547
  1616.644    4.8857    0.0000    4.0548         nan    3.0748    19606855892.7518
  1637.228    4.8992    0.0000    4.0621         nan    3.0766    19863728027.4357
  1657.812    4.9120    0.0000    4.0691         nan    3.0791    20121200059.2346
  1678.397    4.9249    0.0000    4.0761         nan    3.0825    20379327751.6642
  1698.981    4.9377    0.0000    4.0831         nan    3.0867    20638180311.6736
  1719.565    4.9500    0.0000    4.0898         nan    3.0919    20897822423.1576
  1740.149    4.9623    0.0000    4.0964         nan    3.0980    21158322412.5020
  1760.733    4.9745    0.0000    4.1031         nan    3.1051    21419762200.7135
  1760.733    5.0197    0.0000    6.5700         nan    3.1051    21419762200.7135
  1816.898    5.0971    0.0000    6.6142         nan    3.0091    22569399413.8751
  1873.062    5.1701    0.0000    6.6560         nan    2.9119    23690763330.4067
  1929.227    5.2390    0.0000    6.6956         nan    2.8134    24782543377.8989
  1985.391    5.3041    0.0000    6.7331         nan    2.7139    25843506453.5308
  2041.555    5.3656    0.0000    6.7685         nan    2.6133    26872491784.7090
  2097.720    5.4236    0.0000    6.8020         nan    2.5118    27868406662.9956
  2153.884    5.4783    0.0000    6.8337         nan    2.4093    28830222918.3934
  2210.048    5.5298    0.0000    6.8636         nan    2.3060    29756974036.5651
  2266.213    5.5783    0.0000    6.8917         nan    2.2020    30647752854.5092
  2322.377    5.6239    0.0000    6.9183         nan    2.0972    31501709809.8414
  2378.541    5.6667    0.0000    6.9432         nan    1.9917    32318051749.1922
  2434.706    5.7067    0.0000    6.9665         nan    1.8857    33096041343.0088
  2490.870    5.7442    0.0000    6.9883         nan    1.7791    33834997210.5958
  2547.035    5.7790    0.0000    7.0087         nan    1.6721    34534294938.0903
  2603.199    5.8113    0.0000    7.0276         nan    1.5647    35193369296.6347
  2659.363    5.8412    0.0000    7.0450         nan    1.4571    35811718170.9980
  2715.528    5.8687    0.0000    7.0611         nan    1.3493    36388909048.8011
  2771.692    5.8938    0.0000    7.0758         nan    1.2417    36924589527.1831
  2827.856    5.9166    0.0000    7.0892         nan    1.1343    37418504412.9137
  2884.021    5.9372    0.0000    7.1013         nan    1.0276    37870524159.0426
  2940.185    5.9555    0.0000    7.1120         nan    0.9222    38280693825.4005
  2996.349    5.9716    0.0000    7.1214         nan    0.8192    38649321474.6787
  3052.514    5.9854    0.0000    7.1296         nan    0.7203    38977147938.7244
  3108.678    5.9972    0.0000    7.1365         nan    0.6295    39265699989.8736
  3164.843    6.0067    0.0000    7.1421         nan    0.5562    39518106654.2521
  3221.007    6.0142    0.0000    7.1464         nan    0.5276    39741278619.8598
  3277.171    6.0195    0.0000    7.1495         nan    0.6540    39953089408.8515
  3333.336    6.0226    0.0000    7.1514         nan    1.8299    40215723470.1984
  3389.500    6.0237    0.0000    7.1520         nan    0.0000    40950752849.2473
