# Depth[km]  Vp[km/s]  Vs[km/s] Rho[g/cm3]    T[K]     g[m/s2]         P[Pa]        
     0.000    3.9446    2.3786    1.7865    273.1500    3.7291              0.0000
    12.791    3.9446    2.3786    1.7865    325.4678    3.7381       85211080.9068
    12.791    4.5832    2.7637    2.0758    325.4678    3.7381       85211080.9068
    30.189    4.5832    2.7637    2.0758    396.6369    3.7465      220210221.1864
    30.189    5.4430    3.2821    2.4651    396.6369    3.7465      220210221.1864
    45.456    5.4430    3.2821    2.4651    459.0895    3.7491      361212406.3632
    45.456    7.9969    4.5431    3.5188    459.0895    3.7491      361212406.3632
    55.303    7.9886    4.5329    3.5184    499.3715    3.7421      491115426.0919
    65.150    7.9799    4.5226    3.5180    539.6535    3.7352      620760695.2584
    74.998    7.9708    4.5120    3.5174    579.9355    3.7283      750146859.3823
    84.845    7.9612    4.5012    3.5168    620.2175    3.7214      879271785.6764
    94.692    7.9520    4.4908    3.5162    660.4995    3.7145     1008135628.0536
   104.540    7.9426    4.4802    3.5155    700.7815    3.7077     1136739913.6507
   114.387    7.9332    4.4698    3.5149    741.0634    3.7009     1265084439.8116
   124.234    7.9232    4.4591    3.5141    781.3454    3.6942     1393167917.2096
   134.082    7.9134    4.4486    3.5133    821.6274    3.6874     1520988837.1980
   143.929    7.9039    4.4383    3.5126    861.9094    3.6808     1648549352.9372
   153.776    7.8938    4.4278    3.5117    902.1914    3.6741     1775849756.8548
   163.624    7.8839    4.4174    3.5108    942.4734    3.6675     1902888326.8248
   173.471    7.8741    4.4070    3.5100    982.7554    3.6609     2029666148.4719
   183.318    7.8638    4.3967    3.5090   1023.0374    3.6543     2156183121.3886
   193.166    7.8542    4.3865    3.5081   1063.3194    3.6478     2282440094.4572
   203.013    7.8441    4.3762    3.5071   1103.6014    3.6413     2408437877.6345
   212.860    7.8343    4.3660    3.5062   1143.8834    3.6349     2534177962.2709
   222.708    7.8238    4.3555    3.5051   1184.1653    3.6285     2659660267.1578
   232.555    7.8142    4.3455    3.5042   1224.4473    3.6221     2784885011.7363
   242.402    7.8035    4.3350    3.5031   1264.7293    3.6158     2909853199.2051
   252.250    7.7936    4.3247    3.5021   1305.0113    3.6095     3034565549.4114
   262.097    7.7849    4.3153    3.5011   1345.2933    3.6033     3159025395.8532
   271.944    7.7747    4.3048    3.4999   1385.5753    3.5971     3283231703.3360
   281.791    7.7655    4.2952    3.4988   1425.8573    3.5909     3407184784.8747
   291.639    7.7556    4.2851    3.4977   1466.1393    3.5848     3530886959.2152
   301.486    7.7457    4.2749    3.4967   1506.4213    3.5787     3654340103.9979
   311.333    7.7359    4.2648    3.4954   1546.7033    3.5727     3777543361.2687
   321.181    7.7266    4.2551    3.4944   1586.9853    3.5667     3900498981.8670
   331.028    7.7166    4.2450    3.4932   1627.2673    3.5608     4023208999.8860
   340.875    7.7064    4.2347    3.4920   1667.5492    3.5549     4145671942.7152
   350.723    7.6973    4.2250    3.4909   1707.8312    3.5490     4267892256.8537
   360.570    7.6870    4.2147    3.4897   1748.1132    3.5432     4389870991.0425
   370.417    7.6766    4.2043    3.4884   1788.3952    3.5374     4511606716.0416
   380.265    7.6665    4.1942    3.4871   1828.6772    3.5317     4633100413.9302
   390.112    7.6565    4.1839    3.4859   1868.9592    3.5261     4754354854.7879
   399.959    7.6458    4.1735    3.4847   1909.2412    3.5204     4875372323.1516
   409.807    7.6356    4.1632    3.4834   1949.5232    3.5149     4996152703.4299
   419.654    7.6257    4.1530    3.4821   1989.8052    3.5094     5116698156.7820
   429.501    7.6153    4.1427    3.4808   2030.0872    3.5039     5237010500.6997
   439.349    7.6053    4.1324    3.4795   2070.3692    3.4985     5357090569.9338
   462.381    7.6349    4.1417    3.4880   2075.2981    3.4859     5637811644.3086
   485.414    7.6629    4.1505    3.4965   2080.2102    3.4735     5918205307.2000
   508.446    7.6911    4.1594    3.5047   2084.9380    3.4611     6198261637.1376
   531.479    7.7185    4.1680    3.5130   2089.6738    3.4487     6477976951.5733
   554.512    7.7448    4.1762    3.5210   2094.1609    3.4365     6757344545.8537
   577.544    7.7707    4.1843    3.5290   2098.5947    3.4244     7036354700.6343
   600.577    7.7961    4.1923    3.5369   2102.9756    3.4124     7315006309.5928
   623.609    7.8214    4.2001    3.5448   2107.3172    3.4005     7593302116.8459
   646.642    7.8467    4.2081    3.5526   2111.4917    3.3887     7871241412.4674
   669.674    7.8712    4.2158    3.5603   2115.5584    3.3770     8148822552.1538
   692.707    7.8957    4.2234    3.5682   2119.6836    3.3655     8426055176.6572
   715.739    7.9197    4.2309    3.5758   2123.6245    3.3541     8702943010.7542
   738.772    7.9453    4.2393    3.5838   2127.6051    3.3429     8979499253.5500
   761.805    7.9685    4.2464    3.5912   2131.3833    3.3319     9255724244.2292
   784.837    7.9927    4.2542    3.5990   2135.1372    3.3210     9531620289.4266
   807.870    8.0174    4.2622    3.6069   2138.9445    3.3103     9807213805.1018
   830.902    8.0420    4.2702    3.6147   2142.5587    3.2998    10082517554.9240
   853.935    8.0667    4.2784    3.6226   2146.0992    3.2895    10357544829.0681
   876.967    8.0919    4.2869    3.6308   2149.6604    3.2793    10632320150.8948
   900.000    8.1166    4.2952    3.6387   2153.3003    3.2694    10906856637.7644
   917.417    8.1384    4.3033    3.6456   2155.8963    3.2621    11114257924.8229
   934.835    8.1589    4.3107    3.6522   2158.5362    3.2549    11321577183.0478
   952.252    8.1802    4.3186    3.6591   2161.1185    3.2478    11528819773.1647
   969.669    8.2013    4.3264    3.6660   2163.7284    3.2408    11736000781.9730
   987.087    8.2250    4.3357    3.6736   2166.3548    3.2340    11943147123.3700
  1004.504    8.2486    4.3449    3.6815   2169.0724    3.2273    12150292594.4609
  1021.922    8.2673    4.3512    3.6881   2171.8258    3.2207    12357416362.0678
  1039.339    8.2863    4.3576    3.6948   2174.6404    3.2143    12564493455.8643
  1056.756    8.3054    4.3642    3.7017   2177.4490    3.2080    12771537154.5610
  1074.174    8.3243    4.3708    3.7084   2180.2414    3.2019    12978557300.6832
  1091.591    8.3411    4.3764    3.7145   2182.5105    3.1960    13185542935.3912
  1109.008    8.3652    4.3867    3.7236   2183.9630    3.1903    13392570787.0012
  1126.426    8.3893    4.3974    3.7327   2184.9629    3.1847    13599731572.0256
  1143.843    8.4225    4.4137    3.7442   2186.5769    3.1793    13807099949.9551
  1161.261    8.5765    4.5109    3.7857   2201.7563    3.1737    14015582145.6636
  1178.678    8.7802    4.6413    3.8383   2219.7105    3.1678    14226302011.3560
  1196.095    8.8619    4.6901    3.8602   2228.0423    3.1616    14438682594.5802
  1213.513    8.8768    4.6945    3.8657   2230.4249    3.1556    14651404114.3189
  1230.930    8.8917    4.6990    3.8712   2232.5121    3.1497    14864021258.1658
  1248.347    8.9061    4.7031    3.8768   2234.6788    3.1441    15076549376.0534
  1265.765    8.9205    4.7073    3.8824   2236.6990    3.1388    15289004135.7363
  1283.182    8.9341    4.7110    3.8879   2238.3993    3.1337    15501400188.0355
  1300.600    8.9487    4.7155    3.8936   2240.4521    3.1288    15713758322.2914
  1318.017    8.9623    4.7192    3.8992   2242.0097    3.1243    15926095674.0385
  1335.434    8.9755    4.7227    3.9048   2243.7728    3.1200    16138427823.0321
  1352.852    8.9896    4.7270    3.9105   2245.2197    3.1160    16350778347.9747
  1370.269    9.0025    4.7305    3.9162   2246.4928    3.1123    16563167222.4734
  1387.686    9.0150    4.7336    3.9219   2247.8563    3.1090    16775613405.7338
  1405.104    9.0283    4.7374    3.9278   2249.1481    3.1060    16988144943.0281
  1422.521    9.0404    4.7404    3.9335   2250.3200    3.1033    17200784782.0639
  1439.938    9.0525    4.7436    3.9387   2251.1090    3.1010    17413536759.5309
  1457.356    9.0654    4.7469    3.9455   2252.3693    3.0990    17626451583.4916
  1474.773    9.0905    4.7583    3.9540   2254.6052    3.0974    17839644646.7567
  1492.191    9.1310    4.7797    3.9661   2259.2914    3.0962    18053284464.5710
  1509.608    9.1725    4.8022    3.9783   2263.7221    3.0952    18267492418.2301
  1527.025    9.2155    4.8258    3.9917   2267.8753    3.0946    18482327038.0991
  1544.443    9.2554    4.8477    4.0046   2272.1891    3.0944    18697830564.1257
  1561.860    9.2677    4.8519    4.0095   2273.9014    3.0945    18913794993.0976
  1579.277    9.2813    4.8570    4.0143   2276.6810    3.0952    19130029765.9517
  1579.277    4.8201    0.0000    4.0313         nan    3.0952    19130029765.9517
  1593.119    4.8265    0.0000    4.0362         nan    3.0959    19302845548.8529
  1606.960    4.8329    0.0000    4.0412         nan    3.0969    19475912630.9594
  1620.802    4.8393    0.0000    4.0462         nan    3.0983    19649249194.8773
  1634.643    4.8457    0.0000    4.0511         nan    3.1000    19822874109.6365
  1648.485    4.8520    0.0000    4.0560         nan    3.1020    19996804971.2637
  1662.326    4.8581    0.0000    4.0608         nan    3.1044    20171058077.8700
  1676.168    4.8642    0.0000    4.0656         nan    3.1073    20345652543.3404
  1690.009    4.8703    0.0000    4.0703         nan    3.1105    20520610383.2955
  1703.851    4.8764    0.0000    4.0751         nan    3.1141    20695954451.3105
  1703.851    5.2048    0.0000    6.3796         nan    3.1141    20695954451.3105
  1761.977    5.2795    0.0000    6.4211         nan    3.0172    21854479898.0471
  1820.102    5.3501    0.0000    6.4605         nan    2.9191    22984048176.7545
  1878.228    5.4168    0.0000    6.4978         nan    2.8197    24083379224.8105
  1936.354    5.4800    0.0000    6.5331         nan    2.7193    25151263336.6841
  1994.480    5.5396    0.0000    6.5666         nan    2.6179    26186556525.7147
  2052.606    5.5960    0.0000    6.5983         nan    2.5154    27188176515.4534
  2110.732    5.6493    0.0000    6.6283         nan    2.4120    28155099232.0574
  2168.857    5.6995    0.0000    6.6566         nan    2.3077    29086355689.1695
  2226.983    5.7468    0.0000    6.6833         nan    2.2025    29981029174.9069
  2285.109    5.7913    0.0000    6.7085         nan    2.0965    30838252655.4531
  2343.235    5.8330    0.0000    6.7321         nan    1.9898    31657206307.9017
  2401.361    5.8722    0.0000    6.7543         nan    1.8823    32437115087.9522
  2459.487    5.9088    0.0000    6.7751         nan    1.7741    33177246218.7572
  2517.612    5.9428    0.0000    6.7944         nan    1.6653    33876906449.5618
  2575.738    5.9745    0.0000    6.8124         nan    1.5557    34535438868.4873
  2633.864    6.0037    0.0000    6.8291         nan    1.4455    35152218944.0287
  2691.990    6.0306    0.0000    6.8444         nan    1.3346    35726649275.2692
  2750.116    6.0553    0.0000    6.8584         nan    1.2230    36258152184.4262
  2808.242    6.0776    0.0000    6.8712         nan    1.1106    36746158641.3923
  2866.367    6.0978    0.0000    6.8826         nan    0.9972    37190090755.2694
  2924.493    6.1157    0.0000    6.8929         nan    0.8826    37589332494.4414
  2982.619    6.1315    0.0000    6.9019         nan    0.7662    37943177663.3811
  3040.745    6.1451    0.0000    6.9097         nan    0.6470    38250730821.4962
  3098.871    6.1566    0.0000    6.9162         nan    0.5227    38510701997.6742
  3156.997    6.1660    0.0000    6.9216         nan    0.3881    38720933060.2723
  3215.122    6.1733    0.0000    6.9258         nan    0.2275    38877134130.5478
  3273.248    6.1785    0.0000    6.9287         nan   -0.0229    38968721087.2515
  3331.374    6.1816    0.0000    6.9305         nan   -0.8800    38959486978.8706
  3389.500    6.1826    0.0000    6.9311         nan    0.0000    38604985543.8454
