# Depth[km]  Vp[km/s]  Vs[km/s] Rho[g/cm3]    T[K]     g[m/s2]         P[Pa]        
     0.000    3.7204    2.2405    1.7950    273.1500    3.7291              0.0000
    11.168    3.7204    2.2405    1.7950    313.3545    3.7369       74751534.6655
    11.168    4.7159    2.8401    2.2753    313.3545    3.7369       74751534.6655
    28.217    4.7159    2.8401    2.2753    374.7402    3.7422      219715961.1583
    28.217    6.3512    3.8249    3.0643    374.7402    3.7422      219715961.1583
    46.370    6.3512    3.8249    3.0643    440.0950    3.7361      427869995.8715
    46.370    7.8443    4.4854    3.4778    440.0950    3.7361      427869995.8715
    56.542    7.8408    4.4790    3.4784    476.7202    3.7291      560055872.4412
    66.715    7.8368    4.4722    3.4788    513.3454    3.7222      692015708.6158
    76.887    7.8326    4.4653    3.4792    549.9705    3.7154      823747581.4551
    87.060    7.8279    4.4581    3.4795    586.5957    3.7085      955249211.5118
    97.232    7.8231    4.4509    3.4798    623.2209    3.7017     1086519701.8088
   107.405    7.8173    4.4432    3.4799    659.8461    3.6949     1217555142.4324
   117.577    7.8123    4.4358    3.4801    696.4713    3.6881     1348354110.3616
   127.750    7.8071    4.4284    3.4802    733.0964    3.6814     1478919629.9527
   137.922    7.8019    4.4209    3.4804    769.7216    3.6746     1609251751.7576
   148.095    7.7957    4.4130    3.4802    806.3468    3.6679     1739346402.9397
   158.267    7.7902    4.4054    3.4803    842.9720    3.6613     1869202976.3689
   168.440    7.7852    4.3980    3.4803    879.5971    3.6547     1998825641.7768
   178.613    7.7788    4.3899    3.4801    916.2223    3.6481     2128210890.1814
   188.785    7.7735    4.3824    3.4801    952.8475    3.6415     2257358199.5453
   198.958    7.7672    4.3744    3.4798    989.4727    3.6350     2386267149.3365
   209.130    7.7612    4.3665    3.4796   1026.0979    3.6285     2514935266.7155
   219.303    7.7554    4.3588    3.4793   1062.7230    3.6220     2643364445.4056
   229.475    7.7494    4.3509    3.4790   1099.3482    3.6156     2771554416.7872
   239.648    7.7432    4.3430    3.4787   1135.9734    3.6092     2899505229.6178
   249.820    7.7367    4.3348    3.4783   1172.5986    3.6029     3027218307.9799
   259.993    7.7314    4.3273    3.4782   1209.2237    3.5966     3154698174.5443
   270.165    7.7253    4.3194    3.4778   1245.8489    3.5903     3281945584.4925
   280.338    7.7189    4.3114    3.4775   1282.4741    3.5841     3408958019.9602
   290.510    7.7127    4.3035    3.4771   1319.0993    3.5779     3535736456.9295
   300.683    7.7061    4.2955    3.4768   1355.7245    3.5717     3662282782.8910
   310.856    7.6972    4.2864    3.4762   1392.3496    3.5656     3788594361.3956
   321.028    7.6897    4.2778    3.4758   1428.9748    3.5595     3914672529.8994
   331.201    7.6824    4.2694    3.4755   1465.6000    3.5535     4040523898.3465
   341.373    7.6750    4.2609    3.4752   1502.2252    3.5475     4166149805.7311
   351.546    7.6677    4.2524    3.4748   1538.8503    3.5415     4291551030.6921
   361.718    7.6604    4.2440    3.4744   1575.4755    3.5356     4416729067.6541
   371.891    7.6520    4.2352    3.4739   1612.1007    3.5298     4541682910.6830
   382.063    7.6444    4.2266    3.4735   1648.7259    3.5239     4666413440.4780
   392.236    7.6358    4.2175    3.4730   1685.3511    3.5182     4790921544.2687
   402.408    7.6281    4.2089    3.4726   1721.9762    3.5124     4915208472.9173
   412.581    7.6203    4.2002    3.4722   1758.6014    3.5068     5039278133.3021
   422.754    7.6124    4.1914    3.4717   1795.2266    3.5011     5163131922.2414
   432.926    7.6040    4.1825    3.4712   1831.8518    3.4955     5286769195.6083
   443.099    7.5880    4.1705    3.4695   1868.4769    3.4900     5410169768.2473
   453.271    7.5806    4.1619    3.4692   1905.1021    3.4845     5533339085.0689
   475.608    7.6079    4.1690    3.4769   1909.0085    3.4726     5803651126.1759
   497.944    7.6471    4.1808    3.4863   1914.0819    3.4607     6073702960.0589
   520.280    7.6764    4.1888    3.4944   1918.2930    3.4489     6343507058.4738
   542.617    7.7043    4.1964    3.5020   1922.1444    3.4372     6612995577.3682
   564.953    7.7313    4.2036    3.5097   1926.0186    3.4256     6882155499.2086
   587.290    7.7585    4.2110    3.5172   1929.7582    3.4141     7150984609.2785
   609.626    7.7849    4.2181    3.5247   1933.4928    3.4026     7419481781.4137
   631.963    7.8115    4.2253    3.5321   1937.2222    3.3914     7687648440.8228
   654.299    7.8370    4.2323    3.5393   1940.7670    3.3802     7955480460.4621
   676.636    7.8620    4.2389    3.5465   1944.2670    3.3692     8222974497.6467
   698.972    7.8868    4.2455    3.5536   1947.6972    3.3583     8490133132.0531
   721.308    7.9114    4.2521    3.5607   1951.0937    3.3475     8756960227.5545
   743.645    7.9358    4.2586    3.5677   1954.4735    3.3370     9023461047.0994
   765.981    7.9601    4.2652    3.5747   1957.7633    3.3266     9289641522.9613
   788.318    7.9837    4.2716    3.5814   1960.9103    3.3163     9555503059.5896
   810.654    8.0074    4.2778    3.5884   1964.1736    3.3063     9821054466.0901
   832.991    8.0307    4.2841    3.5951   1967.2027    3.2964    10086306418.8677
   855.327    8.0542    4.2905    3.6020   1970.3730    3.2868    10351269082.9097
   877.664    8.0783    4.2972    3.6089   1973.5300    3.2773    10615961395.3920
   900.000    8.1019    4.3039    3.6157   1976.5691    3.2681    10880396895.0925
   916.669    8.1191    4.3086    3.6208   1978.7950    3.2614    11077504375.5981
   933.338    8.1361    4.3132    3.6258   1980.9429    3.2548    11274481245.1334
   950.006    8.1535    4.3181    3.6309   1983.1232    3.2484    11471335632.5939
   966.675    8.1712    4.3233    3.6361   1985.3520    3.2421    11668077932.9226
   983.344    8.1894    4.3287    3.6415   1987.5157    3.2360    11864724770.8745
  1000.013    8.2075    4.3342    3.6468   1989.6312    3.2300    12061289463.9275
  1016.681    8.2241    4.3388    3.6518   1991.6857    3.2241    12257766320.5420
  1033.350    8.2405    4.3432    3.6567   1993.7002    3.2184    12454153432.6591
  1050.019    8.2561    4.3473    3.6614   1995.7390    3.2130    12650452004.9182
  1066.688    8.3131    4.3799    3.6768   2001.2109    3.2076    12846953233.8073
  1083.357    8.4194    4.4463    3.7052   2011.4624    3.2021    13044296813.0819
  1100.025    8.5409    4.5226    3.7374   2024.8051    3.1965    13242922971.7027
  1116.694    8.6096    4.5630    3.7556   2031.4147    3.1908    13442544730.1245
  1133.363    8.6255    4.5672    3.7605   2034.7279    3.1852    13642425136.1004
  1150.032    8.6945    4.6256    3.7678   2038.4703    3.1798    13842277988.6507
  1166.701    8.7090    4.6302    3.7719   2048.3499    3.1746    14042092142.1967
  1183.369    8.7513    4.6624    3.7779   2050.8202    3.1695    14241845760.7088
  1200.038    8.7664    4.6668    3.7827   2053.2534    3.1647    14441569380.1524
  1216.707    8.7813    4.6710    3.7875   2055.6419    3.1601    14641241224.6800
  1233.376    8.7958    4.6750    3.7922   2057.9328    3.1558    14840872349.0613
  1250.044    8.8107    4.6793    3.7969   2060.3127    3.1517    15040478403.1477
  1266.713    8.8351    4.6892    3.8035   2063.6962    3.1478    15240122133.3073
  1283.382    8.8729    4.7070    3.8125   2068.7640    3.1442    15439930203.3913
  1300.051    8.9115    4.7253    3.8219   2073.9780    3.1408    15639991761.2607
  1316.720    8.9497    4.7436    3.8316   2078.9366    3.1376    15840334192.7271
  1333.388    8.9863    4.7609    3.8411   2084.1494    3.1346    16040972948.8122
  1350.057    9.0256    4.7793    3.8519   2089.3621    3.1318    16241951645.8387
  1366.726    9.0651    4.7982    3.8630   2094.5588    3.1293    16443324897.2029
  1383.395    9.0797    4.8021    3.8680   2096.7670    3.1270    16644954852.7837
  1400.064    9.0965    4.8052    3.8753   2098.5623    3.1250    16846757719.7014
  1416.732    9.1127    4.8086    3.8818   2100.5562    3.1234    17048793557.9473
  1433.401    9.1293    4.8121    3.8888   2102.5670    3.1221    17251075544.6320
  1450.070    9.1463    4.8153    3.8964   2104.4708    3.1211    17453651583.4537
  1466.739    9.1858    4.8310    3.9143   2112.9093    3.1203    17656826657.2850
  1483.407    9.2512    4.8655    3.9408   2121.9799    3.1198    17861109024.6132
  1500.076    9.2798    4.8801    3.9505   2127.5778    3.1194    18066293491.5267
  1516.745    9.3050    4.8925    3.9591   2132.9633    3.1194    18271928377.9107
  1533.414    9.3300    4.9049    3.9676   2138.0851    3.1198    18478006781.6718
  1550.083    9.3551    4.9179    3.9758   2143.1595    3.1205    18684544855.2582
  1550.083    4.9634    0.0000    4.0040         nan    3.1205    18684544855.2582
  1568.766    4.9793    0.0000    4.0103         nan    3.1215    18918167825.2935
  1587.449    4.9952    0.0000    4.0166         nan    3.1230    19152227158.1350
  1606.132    5.0112    0.0000    4.0229         nan    3.1251    19386766931.0167
  1624.815    5.0266    0.0000    4.0290         nan    3.1279    19621828156.0481
  1643.499    5.0418    0.0000    4.0350         nan    3.1313    19857450823.2030
  1662.182    5.0569    0.0000    4.0410         nan    3.1355    20093682818.2975
  1680.865    5.0719    0.0000    4.0469         nan    3.1403    20330576364.5613
  1699.548    5.0863    0.0000    4.0526         nan    3.1460    20568179792.9717
  1718.231    5.1007    0.0000    4.0583         nan    3.1525    20806546225.5901
  1718.231    5.1834    0.0000    6.5101         nan    3.1525    20806546225.5901
  1775.861    5.2639    0.0000    6.5529         nan    3.0545    21993161025.0835
  1833.491    5.3399    0.0000    6.5934         nan    2.9554    23150250997.9502
  1891.121    5.4115    0.0000    6.6317         nan    2.8550    24276482591.3175
  1948.751    5.4792    0.0000    6.6679         nan    2.7535    25370600846.7504
  2006.381    5.5431    0.0000    6.7022         nan    2.6510    26431423781.9048
  2064.011    5.6033    0.0000    6.7346         nan    2.5475    27457837643.8846
  2121.641    5.6601    0.0000    6.7652         nan    2.4430    28448792877.0789
  2179.271    5.7136    0.0000    6.7940         nan    2.3377    29403300676.0706
  2236.901    5.7640    0.0000    6.8212         nan    2.2315    30320430027.9059
  2294.531    5.8113    0.0000    6.8468         nan    2.1246    31199305170.1103
  2352.161    5.8557    0.0000    6.8709         nan    2.0169    32039103407.3854
  2409.791    5.8973    0.0000    6.8934         nan    1.9086    32839053247.9873
  2467.421    5.9361    0.0000    6.9145         nan    1.7996    33598432830.3197
  2525.051    5.9722    0.0000    6.9341         nan    1.6901    34316568628.5589
  2582.681    6.0058    0.0000    6.9523         nan    1.5800    34992834441.5236
  2640.311    6.0368    0.0000    6.9692         nan    1.4694    35626650695.6913
  2697.941    6.0653    0.0000    6.9847         nan    1.3584    36217484129.3609
  2755.570    6.0913    0.0000    6.9989         nan    1.2471    36764847987.5123
  2813.200    6.1150    0.0000    7.0118         nan    1.1353    37268302971.4030
  2870.830    6.1362    0.0000    7.0234         nan    1.0234    37727459404.0005
  2928.460    6.1552    0.0000    7.0337         nan    0.9112    38141981515.7218
  2986.090    6.1719    0.0000    7.0428         nan    0.7991    38511595722.5594
  3043.720    6.1863    0.0000    7.0507         nan    0.6871    38836107058.1090
  3101.350    6.1984    0.0000    7.0573         nan    0.5758    39115433895.1228
  3158.980    6.2083    0.0000    7.0627         nan    0.4659    39349688753.9403
  3216.610    6.2160    0.0000    7.0669         nan    0.3604    39539394636.3378
  3274.240    6.2215    0.0000    7.0699         nan    0.2699    39686198512.8925
  3331.870    6.2248    0.0000    7.0717         nan    0.2822    39796185472.7291
  3389.500    6.2259    0.0000    7.0723         nan    0.0000    39911192705.2342
