# Depth[km]  Vp[km/s]  Vs[km/s] Rho[g/cm3]    T[K]     g[m/s2]         P[Pa]        
     0.000    3.5399    2.1355    1.6387    273.1500    3.7291              0.0000
    11.045    3.5399    2.1355    1.6387    314.4200    3.7383       67490945.1696
    11.045    4.8084    2.9008    2.2259    314.4200    3.7383       67490945.1696
    28.209    4.8084    2.9008    2.2259    378.5639    3.7443      210318525.5601
    28.209    6.4474    3.8896    2.9846    378.5639    3.7443      210318525.5601
    44.498    6.4474    3.8896    2.9846    439.4332    3.7399      392347880.3031
    44.498    7.9532    4.5335    3.4845    439.4332    3.7399      392347880.3031
    54.452    7.9481    4.5258    3.4847    476.6303    3.7331      522067468.0972
    64.406    7.9426    4.5178    3.4848    513.8273    3.7263      651555733.5112
    74.359    7.9368    4.5098    3.4848    551.0244    3.7195      780810903.9851
    84.313    7.9307    4.5015    3.4848    588.2215    3.7128      909831271.9769
    94.267    7.9238    4.4929    3.4846    625.4186    3.7061     1038613612.1319
   104.221    7.9175    4.4846    3.4845    662.6157    3.6994     1167157854.0267
   114.175    7.9110    4.4762    3.4844    699.8127    3.6927     1295465871.0690
   124.129    7.9046    4.4678    3.4842    737.0098    3.6861     1423537588.2181
   134.083    7.8973    4.4591    3.4839    774.2069    3.6795     1551370657.1891
   144.036    7.8908    4.4507    3.4837    811.4040    3.6729     1678965096.9273
   153.990    7.8841    4.4423    3.4834    848.6011    3.6664     1806322808.5446
   163.944    7.8766    4.4336    3.4829    885.7981    3.6599     1933440192.1038
   173.898    7.8695    4.4249    3.4825    922.9952    3.6534     2060316432.0630
   183.852    7.8630    4.4166    3.4822    960.1923    3.6470     2186955437.3913
   193.806    7.8559    4.4081    3.4818    997.3894    3.6406     2313356823.0048
   203.759    7.8488    4.3996    3.4813   1034.5865    3.6342     2439518935.7323
   213.713    7.8413    4.3909    3.4806   1071.7835    3.6279     2565440240.2218
   223.667    7.8347    4.3826    3.4802   1108.9806    3.6216     2691122637.3427
   233.621    7.8275    4.3739    3.4797   1146.1777    3.6153     2816570373.3773
   243.575    7.8204    4.3654    3.4792   1183.3748    3.6091     2941782820.3981
   253.529    7.8141    4.3573    3.4786   1220.5719    3.6029     3066759877.1954
   263.483    7.8065    4.3486    3.4780   1257.7689    3.5967     3191500949.1678
   273.436    7.7995    4.3401    3.4774   1294.9660    3.5906     3316007324.4609
   283.390    7.7930    4.3319    3.4768   1332.1631    3.5846     3440282087.9289
   293.344    7.7859    4.3235    3.4762   1369.3602    3.5785     3564324809.3302
   303.298    7.7782    4.3147    3.4754   1406.5573    3.5725     3688133308.0234
   313.252    7.7716    4.3064    3.4748   1443.7543    3.5666     3811710319.8620
   323.206    7.7648    4.2981    3.4742   1480.9514    3.5607     3935060199.3464
   333.159    7.7581    4.2898    3.4736   1518.1485    3.5548     4058183800.8968
   343.113    7.7502    4.2811    3.4727   1555.3456    3.5490     4181078228.6282
   353.067    7.7437    4.2729    3.4721   1592.5427    3.5432     4303744452.5609
   363.021    7.7372    4.2646    3.4714   1629.7397    3.5375     4426187599.6885
   372.975    7.7294    4.2558    3.4706   1666.9368    3.5318     4548406489.5458
   382.929    7.7226    4.2475    3.4699   1704.1339    3.5262     4670401694.5869
   392.883    7.7145    4.2385    3.4690   1741.3310    3.5206     4792174309.7066
   402.836    7.7076    4.2301    3.4683   1778.5281    3.5150     4913726404.2456
   412.790    7.7002    4.2215    3.4675   1815.7251    3.5095     5035060208.2088
   422.744    7.6932    4.2130    3.4667   1852.9222    3.5041     5156175818.0073
   432.698    7.6855    4.2042    3.4658   1890.1193    3.4986     5277073261.9529
   442.652    7.6782    4.1955    3.4650   1927.3164    3.4933     5397755904.6931
   465.519    7.7061    4.2040    3.4731   1931.6823    3.4811     5674874890.8825
   488.387    7.7327    4.2119    3.4811   1936.0563    3.4690     5951664984.7557
   511.254    7.7593    4.2200    3.4890   1940.3041    3.4569     6228120582.8561
   534.121    7.7839    4.2272    3.4966   1944.3759    3.4450     6504231084.7121
   556.989    7.8093    4.2347    3.5044   1948.5165    3.4332     6779994516.8350
   579.856    7.8343    4.2421    3.5120   1952.6018    3.4214     7055414531.1852
   602.724    7.8584    4.2492    3.5195   1956.4778    3.4098     7330485701.2440
   625.591    7.8821    4.2561    3.5269   1960.4002    3.3984     7605206051.4040
   648.458    7.9062    4.2631    3.5344   1964.3401    3.3870     7879582532.3971
   671.326    7.9294    4.2698    3.5418   1968.1275    3.3758     8153619056.0851
   694.193    7.9525    4.2765    3.5491   1971.7809    3.3648     8427314836.2504
   717.061    7.9756    4.2833    3.5563   1975.3934    3.3539     8700672478.5687
   739.928    7.9987    4.2900    3.5637   1979.1456    3.3431     8973704551.3684
   762.796    8.0214    4.2966    3.5708   1982.6295    3.3326     9246417852.2650
   785.663    8.0442    4.3033    3.5781   1986.1254    3.3222     9518818963.8931
   808.530    8.0667    4.3099    3.5852   1989.5221    3.3121     9790919609.4001
   831.398    8.0888    4.3162    3.5923   1992.9004    3.3021    10062725432.3378
   854.265    8.1117    4.3231    3.5996   1996.2264    3.2923    10334254853.6988
   877.133    8.1351    4.3304    3.6069   1999.5212    3.2828    10605533494.5303
   900.000    8.1580    4.3374    3.6143   2002.7542    3.2735    10876578485.9779
   916.934    8.1755    4.3428    3.6199   2005.1781    3.2668    11077090115.6968
   933.869    8.1930    4.3484    3.6254   2007.5229    3.2602    11277497854.6585
   950.803    8.2105    4.3541    3.6309   2009.8250    3.2537    11477807027.9295
   967.738    8.2303    4.3609    3.6373   2012.4115    3.2474    11678046785.8237
   984.672    8.2485    4.3669    3.6432   2014.7488    3.2412    11878233994.6201
  1001.607    8.2679    4.3736    3.6494   2017.0788    3.2352    12078372410.5635
  1018.541    8.2875    4.3807    3.6557   2019.4264    3.2293    12278483357.7518
  1035.476    8.3081    4.3882    3.6624   2021.7893    3.2236    12478587639.6901
  1052.410    8.3241    4.3930    3.6678   2023.9593    3.2181    12678665934.8438
  1069.345    8.3398    4.3977    3.6730   2026.1134    3.2127    12878688421.7575
  1086.279    8.3555    4.4023    3.6783   2028.2583    3.2075    13078664009.6014
  1103.213    8.4480    4.4594    3.7036   2037.5201    3.2024    13279148089.5498
  1120.148    8.5896    4.5496    3.7411   2051.2681    3.1971    13481016112.9241
  1137.082    8.7579    4.6583    3.7844   2069.6581    3.1915    13684738864.8014
  1154.017    8.8188    4.6935    3.8009   2072.4594    3.1858    13889721424.9504
  1170.951    8.8343    4.6978    3.8064   2074.8301    3.1802    14094926563.0189
  1187.886    8.8501    4.7021    3.8120   2077.2415    3.1748    14300067119.3670
  1204.820    8.8656    4.7064    3.8175   2079.6448    3.1696    14505158810.4039
  1221.755    8.8809    4.7108    3.8229   2081.9917    3.1646    14710208860.8240
  1238.689    8.8967    4.7151    3.8287   2084.4111    3.1599    14915237185.7296
  1255.624    8.9124    4.7196    3.8343   2086.7885    3.1554    15120263914.1015
  1272.558    8.9279    4.7239    3.8400   2089.1784    3.1511    15325299554.7555
  1289.492    8.9431    4.7282    3.8455   2091.5929    3.1471    15530356903.2323
  1306.427    8.9587    4.7327    3.8513   2094.0081    3.1434    15735455085.7742
  1323.361    8.9739    4.7370    3.8568   2096.4110    3.1399    15940611117.6805
  1340.296    8.9894    4.7415    3.8626   2098.8462    3.1368    16145843685.8285
  1357.230    9.0073    4.7477    3.8685   2101.5727    3.1339    16351180345.2750
  1374.165    9.0468    4.7675    3.8785   2107.1661    3.1313    16556751770.8074
  1391.099    9.0864    4.7876    3.8887   2112.8556    3.1290    16762688112.0323
  1408.034    9.1265    4.8083    3.8991   2118.5659    3.1269    16969016941.0247
  1424.968    9.1646    4.8279    3.9093   2124.2309    3.1251    17175755223.1323
  1441.902    9.2054    4.8496    3.9202   2130.2623    3.1236    17382933052.7267
  1458.837    9.2439    4.8700    3.9307   2136.1632    3.1224    17590576666.4369
  1475.771    9.2830    4.8911    3.9416   2142.6832    3.1215    17798704905.9346
  1492.706    9.3192    4.9106    3.9519   2147.8014    3.1209    18007334269.7667
  1509.640    9.3334    4.9150    3.9572   2150.0365    3.1207    18216336831.3998
  1526.575    9.3473    4.9194    3.9623   2152.2756    3.1210    18425600165.7452
  1543.509    9.3614    4.9241    3.9675   2154.5238    3.1217    18635153181.1732
  1560.444    9.3750    4.9286    3.9725   2156.7051    3.1228    18845023320.5973
  1560.444    4.6911    0.0000    3.9946         nan    3.1228    18845023320.5973
  1574.050    4.7022    0.0000    3.9997         nan    3.1239    19014870035.9196
  1587.657    4.7133    0.0000    4.0048         nan    3.1252    19184988994.7525
  1601.264    4.7244    0.0000    4.0099         nan    3.1269    19355397275.7324
  1614.871    4.7355    0.0000    4.0150         nan    3.1288    19526112588.5800
  1628.478    4.7464    0.0000    4.0200         nan    3.1312    19697151447.9173
  1642.084    4.7570    0.0000    4.0248         nan    3.1339    19868527847.2884
  1655.691    4.7675    0.0000    4.0297         nan    3.1369    20040258404.7711
  1669.298    4.7781    0.0000    4.0345         nan    3.1404    20212363745.3218
  1682.905    4.7886    0.0000    4.0394         nan    3.1442    20384865260.0189
  1682.905    5.1201    0.0000    6.3484         nan    3.1442    20384865260.0189
  1741.753    5.2029    0.0000    6.3920         nan    3.0470    21563551238.6171
  1800.601    5.2809    0.0000    6.4331         nan    2.9485    22713400086.7780
  1859.449    5.3545    0.0000    6.4720         nan    2.8488    23833029265.9474
  1918.297    5.4239    0.0000    6.5088         nan    2.7480    24921139449.7636
  1977.145    5.4894    0.0000    6.5436         nan    2.6460    25976508411.1210
  2035.993    5.5511    0.0000    6.5764         nan    2.5430    26997985905.8099
  2094.842    5.6093    0.0000    6.6074         nan    2.4391    27984489373.5733
  2153.690    5.6641    0.0000    6.6367         nan    2.3343    28935000318.8137
  2212.538    5.7157    0.0000    6.6643         nan    2.2286    29848561265.4471
  2271.386    5.7641    0.0000    6.6902         nan    2.1222    30724273218.4088
  2330.234    5.8095    0.0000    6.7145         nan    2.0150    31561293581.9389
  2389.082    5.8520    0.0000    6.7373         nan    1.9071    32358834516.1212
  2447.930    5.8917    0.0000    6.7586         nan    1.7986    33116161738.3541
  2506.778    5.9286    0.0000    6.7785         nan    1.6896    33832593811.8158
  2565.626    5.9628    0.0000    6.7969         nan    1.5801    34507502015.4142
  2624.475    5.9945    0.0000    6.8140         nan    1.4701    35140310969.6271
  2683.323    6.0236    0.0000    6.8296         nan    1.3598    35730500322.4174
  2742.171    6.0502    0.0000    6.8440         nan    1.2493    36277608028.8516
  2801.019    6.0744    0.0000    6.8570         nan    1.1386    36781236180.0479
  2859.867    6.0961    0.0000    6.8688         nan    1.0279    37241061150.6517
  2918.715    6.1154    0.0000    6.8792         nan    0.9174    37656851501.2036
  2977.563    6.1325    0.0000    6.8884         nan    0.8077    38028500716.9154
  3036.411    6.1472    0.0000    6.8963         nan    0.6993    38356090494.1304
  3095.259    6.1596    0.0000    6.9030         nan    0.5938    38640022810.7663
  3154.108    6.1697    0.0000    6.9085         nan    0.4946    38881325616.5877
  3212.956    6.1775    0.0000    6.9128         nan    0.4119    39082469422.8806
  3271.804    6.1831    0.0000    6.9158         nan    0.3864    39250058482.9096
  3330.652    6.1865    0.0000    6.9176         nan    0.7490    39407328798.2301
  3389.500    6.1876    0.0000    6.9182         nan    0.0000    39712231863.0723
