# Depth[km]  Vp[km/s]  Vs[km/s] Rho[g/cm3]    T[K]     g[m/s2]         P[Pa]        
     0.000    3.9293    2.3784    1.7907    273.1500    3.7291              0.0000
    14.268    3.9293    2.3784    1.7907    331.0252    3.7392       95277605.8786
    14.268    4.6890    2.8383    2.1370    331.0252    3.7392       95277605.8786
    29.744    4.6890    2.8383    2.1370    393.8076    3.7458      218943362.9706
    29.744    5.3273    3.2246    2.4279    393.8076    3.7458      218943362.9706
    47.476    5.3273    3.2246    2.4279    465.7398    3.7494      380206520.9485
    47.476    7.9961    4.5416    3.5189    465.7398    3.7494      380206520.9485
    57.237    7.9880    4.5316    3.5186    505.3378    3.7425      508988018.6748
    66.999    7.9795    4.5214    3.5181    544.9357    3.7356      637517701.3509
    76.760    7.9706    4.5110    3.5176    584.5336    3.7288      765794276.5701
    86.521    7.9613    4.5006    3.5170    624.1316    3.7220      893815682.2746
    96.283    7.9523    4.4903    3.5165    663.7295    3.7152     1021582129.4028
   106.044    7.9432    4.4800    3.5159    703.3274    3.7084     1149094976.0223
   115.805    7.9341    4.4697    3.5152    742.9254    3.7017     1276354109.8441
   125.566    7.9244    4.4593    3.5145    782.5233    3.6950     1403358340.8616
   135.328    7.9148    4.4490    3.5137    822.1212    3.6884     1530106148.1013
   145.089    7.9055    4.4389    3.5131    861.7192    3.6817     1656599566.6721
   154.850    7.8957    4.4286    3.5122    901.3171    3.6752     1782839062.3313
   164.611    7.8860    4.4183    3.5114    940.9150    3.6686     1908822968.5222
   174.373    7.8766    4.4083    3.5106    980.5130    3.6621     2034552302.8127
   184.134    7.8667    4.3981    3.5097   1020.1109    3.6556     2160027580.0909
   193.895    7.8571    4.3881    3.5088   1059.7088    3.6491     2285248850.5129
   203.656    7.8474    4.3781    3.5079   1099.3067    3.6427     2410216466.5596
   213.418    7.8379    4.3680    3.5070   1138.9047    3.6363     2534932635.1514
   223.179    7.8280    4.3580    3.5061   1178.5026    3.6300     2659398501.7339
   232.940    7.8188    4.3481    3.5051   1218.1005    3.6237     2783614075.8741
   242.702    7.8085    4.3379    3.5040   1257.6985    3.6174     2907578092.2355
   252.463    7.7987    4.3278    3.5031   1297.2964    3.6112     3031291989.7013
   262.224    7.7895    4.3180    3.5022   1336.8943    3.6050     3154760543.6973
   271.985    7.7801    4.3081    3.5011   1376.4923    3.5989     3277981784.9922
   281.747    7.7712    4.2987    3.5001   1416.0902    3.5928     3400955432.4898
   291.508    7.7619    4.2890    3.4990   1455.6881    3.5867     3523684644.8726
   301.269    7.7526    4.2793    3.4979   1495.2861    3.5807     3646169612.7561
   311.030    7.7427    4.2690    3.4968   1534.8840    3.5747     3768410345.1492
   320.792    7.7331    4.2593    3.4958   1574.4819    3.5688     3890409556.9183
   330.553    7.7235    4.2494    3.4946   1614.0799    3.5629     4012168029.5135
   340.314    7.7145    4.2398    3.4936   1653.6778    3.5570     4133687284.2675
   350.075    7.7045    4.2298    3.4925   1693.2757    3.5512     4254968982.8711
   359.837    7.6946    4.2198    3.4912   1732.8737    3.5455     4376011528.6117
   369.598    7.6856    4.2101    3.4902   1772.4716    3.5397     4496819049.2061
   379.359    7.6755    4.2000    3.4890   1812.0695    3.5341     4617393584.7952
   389.121    7.6653    4.1898    3.4878   1851.6675    3.5285     4737733573.3682
   398.882    7.6557    4.1799    3.4866   1891.2654    3.5229     4857840868.9974
   408.643    7.6459    4.1699    3.4854   1930.8633    3.5174     4977717755.6972
   418.404    7.6358    4.1598    3.4842   1970.4613    3.5119     5097364884.7148
   428.166    7.6259    4.1497    3.4830   2010.0592    3.5065     5216783671.8642
   437.927    7.6156    4.1394    3.4817   2049.6571    3.5011     5335975942.7907
   461.031    7.6450    4.1487    3.4902   2054.5587    3.4885     5617949765.7392
   484.134    7.6739    4.1578    3.4986   2059.3585    3.4759     5899588877.3932
   507.238    7.7018    4.1666    3.5070   2064.0735    3.4634     6180886693.3276
   530.342    7.7285    4.1749    3.5151   2068.5958    3.4511     6461831676.0570
   553.445    7.7551    4.1832    3.5232   2073.1887    3.4388     6742418531.7080
   576.549    7.7808    4.1912    3.5312   2077.5967    3.4266     7022647884.0650
   599.652    7.8064    4.1993    3.5391   2081.8943    3.4145     7302514214.0430
   622.756    7.8315    4.2071    3.5469   2086.0220    3.4025     7582012163.5633
   645.860    7.8568    4.2151    3.5548   2090.2269    3.3907     7861147467.2130
   668.963    7.8816    4.2228    3.5626   2094.3641    3.3790     8139925549.4812
   692.067    7.9057    4.2303    3.5703   2098.2764    3.3674     8418344183.6506
   715.171    7.9304    4.2381    3.5781   2102.3056    3.3560     8696411758.9486
   738.274    7.9546    4.2458    3.5857   2106.1091    3.3447     8974133481.0203
   761.378    7.9787    4.2535    3.5934   2109.8722    3.3336     9251514681.7430
   784.482    8.0034    4.2614    3.6013   2113.7039    3.3227     9528574086.4479
   807.585    8.0279    4.2694    3.6091   2117.2892    3.3119     9805325802.5390
   830.689    8.0520    4.2771    3.6169   2120.9043    3.3013    10081778486.8196
   853.793    8.0764    4.2853    3.6246   2124.4817    3.2910    10357943791.7217
   876.896    8.1027    4.2943    3.6331   2128.0591    3.2808    10633857898.2199
   900.000    8.1284    4.3032    3.6413   2131.5145    3.2708    10909551516.5739
   916.689    8.1477    4.3100    3.6475   2134.0085    3.2638    11108488747.9250
   933.378    8.1675    4.3171    3.6539   2136.4726    3.2568    11307338604.9682
   950.067    8.1875    4.3245    3.6604   2138.9384    3.2500    11506115340.4634
   966.755    8.2084    4.3324    3.6672   2141.3965    3.2433    11704835703.1925
   983.444    8.2310    4.3413    3.6744   2143.8448    3.2367    11903525208.7355
  1000.133    8.2539    4.3505    3.6819   2146.3518    3.2302    12102209417.8980
  1016.822    8.2725    4.3569    3.6885   2148.9866    3.2239    12300875312.6731
  1033.511    8.2895    4.3624    3.6945   2151.5032    3.2177    12499490952.4477
  1050.200    8.3093    4.3694    3.7016   2154.3265    3.2116    12698076991.5596
  1066.889    8.3272    4.3757    3.7080   2156.9344    3.2057    12896649879.9499
  1083.577    8.3428    4.3806    3.7136   2159.3263    3.2000    13095178274.9517
  1100.266    8.3613    4.3875    3.7203   2161.2892    3.1944    13293680255.8405
  1116.955    8.3838    4.3972    3.7288   2162.5008    3.1890    13492241583.9295
  1133.644    8.4073    4.4076    3.7377   2163.7931    3.1837    13690928129.6820
  1150.333    8.5335    4.4863    3.7724   2176.4172    3.1784    13890443041.6054
  1167.022    8.7015    4.5928    3.8167   2194.5894    3.1728    14091718297.0628
  1183.711    8.8652    4.6971    3.8582   2206.1176    3.1668    14294909809.1121
  1200.399    8.8793    4.7012    3.8634   2208.4265    3.1609    14498956982.4313
  1217.088    8.8941    4.7056    3.8690   2210.6340    3.1551    14702904832.9099
  1233.777    8.9076    4.7095    3.8743   2212.4155    3.1495    14906765836.6022
  1250.466    8.9213    4.7135    3.8794   2214.4999    3.1441    15110538514.5984
  1267.155    8.9347    4.7174    3.8846   2216.3937    3.1390    15314235022.2071
  1283.844    8.9483    4.7213    3.8899   2218.2535    3.1341    15517874205.7227
  1300.533    8.9610    4.7247    3.8952   2219.7593    3.1295    15721473721.2718
  1317.221    8.9747    4.7289    3.9006   2221.5626    3.1251    15925051667.8341
  1333.910    8.9875    4.7326    3.9058   2222.9127    3.1210    16128620879.3372
  1350.599    8.9999    4.7359    3.9111   2224.3601    3.1171    16332194643.7493
  1367.288    9.0126    4.7395    3.9166   2225.7658    3.1135    16535796311.3975
  1383.977    9.0252    4.7430    3.9220   2227.2526    3.1103    16739447679.9867
  1400.666    9.0371    4.7461    3.9274   2228.2758    3.1073    16943164666.9188
  1417.354    9.0491    4.7495    3.9326   2229.4129    3.1046    17146961698.4228
  1434.043    9.0612    4.7531    3.9378   2230.2788    3.1023    17350853315.6086
  1450.732    9.0725    4.7553    3.9440   2231.6670    3.1003    17554885549.1811
  1467.421    9.1045    4.7715    3.9535   2234.7995    3.0986    17759193736.1845
  1484.110    9.1409    4.7904    3.9645   2239.1383    3.0972    17963921450.9028
  1500.799    9.1814    4.8125    3.9763   2243.5416    3.0961    18169146758.4111
  1517.488    9.2231    4.8356    3.9891   2247.7235    3.0953    18374935566.5076
  1534.176    9.2614    4.8566    4.0012   2252.2461    3.0948    18581315508.5109
  1550.865    9.2818    4.8661    4.0085   2254.6522    3.0947    18788165503.8153
  1550.865    4.6609    0.0000    3.9745         nan    3.0947    18788165503.8153
  1566.706    4.6719    0.0000    3.9805         nan    3.0954    18983152226.4981
  1582.547    4.6829    0.0000    3.9865         nan    3.0965    19178477817.1094
  1598.387    4.6938    0.0000    3.9925         nan    3.0981    19374167938.6664
  1614.228    4.7048    0.0000    3.9985         nan    3.1001    19570249367.0487
  1630.069    4.7152    0.0000    4.0042         nan    3.1025    19766743618.9987
  1645.909    4.7257    0.0000    4.0099         nan    3.1054    19963673508.8993
  1661.750    4.7361    0.0000    4.0157         nan    3.1088    20161069651.8577
  1677.590    4.7466    0.0000    4.0214         nan    3.1127    20358964011.2832
  1693.431    4.7565    0.0000    4.0269         nan    3.1172    20557383695.6013
  1693.431    5.4905    0.0000    6.3578         nan    3.1172    20557383695.6013
  1751.916    5.5464    0.0000    6.3954         nan    3.0197    21719886945.1273
  1810.401    5.5997    0.0000    6.4312         nan    2.9211    22852525569.7683
  1868.886    5.6503    0.0000    6.4654         nan    2.8215    23954180427.8725
  1927.372    5.6985    0.0000    6.4980         nan    2.7210    25023784046.4157
  1985.857    5.7442    0.0000    6.5291         nan    2.6194    26060318946.3402
  2044.342    5.7876    0.0000    6.5586         nan    2.5170    27062816225.6042
  2102.827    5.8287    0.0000    6.5867         nan    2.4137    28030354377.1430
  2161.312    5.8676    0.0000    6.6133         nan    2.3097    28962058324.3998
  2219.797    5.9044    0.0000    6.6385         nan    2.2049    29857098672.1005
  2278.282    5.9391    0.0000    6.6624         nan    2.0994    30714691178.9555
  2336.768    5.9718    0.0000    6.6848         nan    1.9933    31534096471.8301
  2395.253    6.0025    0.0000    6.7060         nan    1.8865    32314620042.3989
  2453.738    6.0312    0.0000    6.7258         nan    1.7793    33055612596.0793
  2512.223    6.0581    0.0000    6.7444         nan    1.6715    33756470862.5397
  2570.708    6.0831    0.0000    6.7617         nan    1.5634    34416639047.4919
  2629.193    6.1062    0.0000    6.7777         nan    1.4548    35035611216.9039
  2687.678    6.1275    0.0000    6.7925         nan    1.3461    35612935096.0143
  2746.164    6.1470    0.0000    6.8060         nan    1.2372    36148218103.8194
  2804.649    6.1648    0.0000    6.8184         nan    1.1283    36641137071.4260
  2863.134    6.1808    0.0000    6.8295         nan    1.0197    37091454310.2641
  2921.619    6.1951    0.0000    6.8395         nan    0.9117    37499045189.0732
  2980.104    6.2077    0.0000    6.8482         nan    0.8048    37863947838.2652
  3038.589    6.2185    0.0000    6.8558         nan    0.7002    38186458525.5145
  3097.074    6.2277    0.0000    6.8622         nan    0.6000    38467329986.0860
  3155.559    6.2352    0.0000    6.8674         nan    0.5096    38708229754.5731
  3214.045    6.2410    0.0000    6.8715         nan    0.4442    38912963737.1566
  3272.530    6.2451    0.0000    6.8744         nan    0.4656    39091507795.1180
  3331.015    6.2476    0.0000    6.8761         nan    1.0755    39278729587.9566
  3389.500    6.2485    0.0000    6.8767         nan    0.0000    39711274635.6304
