# Depth[km]  Vp[km/s]  Vs[km/s] Rho[g/cm3]    T[K]     g[m/s2]         P[Pa]        
     0.000    3.6188    2.1561    1.6237    273.1500    3.7291              0.0000
    12.065    3.6188    2.1561    1.6237    321.3712    3.7393       73050530.9436
    12.065    4.6300    2.7585    2.0774    321.3712    3.7393       73050530.9436
    25.191    4.6300    2.7585    2.0774    373.8418    3.7456      175018801.0973
    25.191    5.3238    3.1719    2.3887    373.8418    3.7456      175018801.0973
    44.669    5.3238    3.1719    2.3887    451.7012    3.7501      349291088.3847
    44.669    7.9999    4.5454    3.5193    451.7012    3.7501      349291088.3847
    54.240    7.9923    4.5359    3.5190    489.9574    3.7433      475596451.2299
    63.811    7.9845    4.5263    3.5187    528.2137    3.7365      601661630.0709
    73.381    7.9761    4.5162    3.5183    566.4699    3.7298      727485624.3209
    82.952    7.9678    4.5063    3.5178    604.7261    3.7231      853067948.2573
    92.523    7.9589    4.4963    3.5173    642.9823    3.7164      978406790.1195
   102.093    7.9504    4.4864    3.5168    681.2386    3.7098     1103502560.7884
   111.664    7.9416    4.4764    3.5163    719.4948    3.7032     1228356761.4110
   121.235    7.9326    4.4665    3.5156    757.7510    3.6966     1352967568.3776
   130.805    7.9239    4.4567    3.5150    796.0072    3.6900     1477335176.9337
   140.376    7.9146    4.4467    3.5143    834.2635    3.6835     1601459518.3089
   149.946    7.9058    4.4370    3.5137    872.5197    3.6770     1725340803.1598
   159.517    7.8967    4.4272    3.5130    910.7759    3.6706     1848979983.3309
   169.088    7.8874    4.4174    3.5122    949.0321    3.6641     1972375593.1048
   178.658    7.8784    4.4077    3.5114    987.2883    3.6577     2095528161.1245
   188.229    7.8692    4.3980    3.5106   1025.5446    3.6514     2218438400.3085
   197.800    7.8600    4.3883    3.5098   1063.8008    3.6450     2341106388.5168
   207.370    7.8508    4.3786    3.5090   1102.0570    3.6387     2463533185.8193
   216.941    7.8417    4.3690    3.5082   1140.3132    3.6325     2585720045.4018
   226.512    7.8323    4.3594    3.5073   1178.5695    3.6262     2707667164.9032
   236.082    7.8234    4.3498    3.5065   1216.8257    3.6201     2829375735.9738
   245.653    7.8141    4.3401    3.5056   1255.0819    3.6139     2950846206.8211
   255.223    7.8048    4.3304    3.5047   1293.3381    3.6078     3072079480.0705
   264.794    7.7957    4.3210    3.5038   1331.5944    3.6017     3193076853.4194
   274.365    7.7877    4.3120    3.5029   1369.8506    3.5957     3313838224.9776
   283.935    7.7781    4.3022    3.5019   1408.1068    3.5897     3434364179.8588
   293.506    7.7699    4.2932    3.5009   1446.3630    3.5837     3554656050.5164
   303.077    7.7611    4.2839    3.5000   1484.6193    3.5778     3674715677.3461
   312.647    7.7522    4.2744    3.4990   1522.8755    3.5719     3794544186.2851
   322.218    7.7430    4.2648    3.4980   1561.1317    3.5660     3914141932.4606
   331.788    7.7343    4.2556    3.4970   1599.3879    3.5602     4033509856.4873
   341.359    7.7248    4.2460    3.4960   1637.6442    3.5545     4152648604.0140
   350.930    7.7162    4.2367    3.4951   1675.9004    3.5487     4271560646.3199
   360.500    7.7067    4.2270    3.4940   1714.1566    3.5431     4390246997.9338
   370.071    7.6975    4.2175    3.4929   1752.4128    3.5374     4508706816.0775
   379.642    7.6888    4.2081    3.4919   1790.6691    3.5318     4626943315.8444
   389.212    7.6798    4.1987    3.4908   1828.9253    3.5263     4744958127.5643
   398.783    7.6699    4.1888    3.4897   1867.1815    3.5208     4862750448.0089
   408.354    7.6605    4.1792    3.4886   1905.4377    3.5153     4980321916.5723
   417.924    7.6513    4.1695    3.4875   1943.6940    3.5099     5097674589.7701
   427.495    7.6417    4.1598    3.4864   1981.9502    3.5046     5214808727.4320
   451.120    7.6721    4.1694    3.4952   1986.8485    3.4914     5503830803.5593
   474.745    7.7005    4.1784    3.5036   1991.4463    3.4783     5792478987.7329
   498.371    7.7284    4.1871    3.5120   1996.1226    3.4653     6080738144.0493
   521.996    7.7558    4.1957    3.5202   2000.5446    3.4524     6368601715.3657
   545.621    7.7825    4.2040    3.5284   2004.9373    3.4396     6656063319.6823
   569.246    7.8088    4.2122    3.5366   2009.2586    3.4269     6943121057.4407
   592.872    7.8346    4.2203    3.5446   2013.4924    3.4143     7229772592.1712
   616.497    7.8599    4.2282    3.5525   2017.5271    3.4018     7516012260.0135
   640.122    7.8852    4.2361    3.5604   2021.6421    3.3894     7801839740.5181
   663.747    7.9100    4.2438    3.5682   2025.5735    3.3772     8087258696.3357
   687.373    7.9353    4.2518    3.5762   2029.5502    3.3651     8372276186.6408
   710.998    7.9597    4.2594    3.5840   2033.3161    3.3532     8656898863.1702
   734.623    7.9847    4.2673    3.5918   2037.1719    3.3414     8941132041.1555
   758.248    8.0092    4.2752    3.5996   2040.8324    3.3298     9224983981.4741
   781.874    8.0338    4.2831    3.6075   2044.4606    3.3183     9508464012.7320
   805.499    8.0585    4.2911    3.6154   2048.0029    3.3071     9791588090.8621
   829.124    8.0837    4.2993    3.6234   2051.6090    3.2960    10074375110.8798
   852.749    8.1087    4.3075    3.6315   2055.0488    3.2851    10356842515.2047
   876.375    8.1345    4.3165    3.6397   2058.4752    3.2745    10639010083.0144
   900.000    8.1609    4.3256    3.6483   2061.8506    3.2640    10920911643.0847
   917.297    8.1806    4.3327    3.6546   2064.2734    3.2565    11127069888.9452
   934.595    8.2014    4.3403    3.6613   2066.7242    3.2491    11333120580.8650
   951.892    8.2224    4.3481    3.6682   2069.1573    3.2419    11539084448.1150
   969.190    8.2444    4.3566    3.6753   2071.6095    3.2347    11744979840.7304
   986.487    8.2633    4.3634    3.6815   2074.0376    3.2277    11950794762.1513
  1003.785    8.2924    4.3760    3.6909   2076.5409    3.2208    12156598150.6425
  1021.082    8.3117    4.3827    3.6978   2079.1946    3.2140    12362415890.8834
  1038.380    8.3311    4.3893    3.7047   2081.9789    3.2074    12568184225.7928
  1055.677    8.3498    4.3958    3.7114   2084.6204    3.2009    12773906242.2569
  1072.974    8.3654    4.4006    3.7170   2086.9324    3.1946    12979554333.0305
  1090.272    8.3808    4.4053    3.7226   2089.2218    3.1885    13185106041.9179
  1107.569    8.3959    4.4099    3.7279   2091.5006    3.1826    13390565049.3488
  1124.867    8.4991    4.4732    3.7569   2102.8454    3.1767    13596585129.7782
  1142.164    8.6569    4.5731    3.7988   2117.8981    3.1705    13804170677.3318
  1159.462    8.8509    4.6972    3.8487   2137.8472    3.1640    14013873816.6982
  1176.759    8.9040    4.7275    3.8630   2139.8320    3.1573    14224900816.7025
  1194.057    8.9184    4.7317    3.8683   2141.9499    3.1507    14436015149.5702
  1211.354    8.9324    4.7358    3.8735   2144.0946    3.1443    14646976199.2223
  1228.651    8.9462    4.7398    3.8787   2146.1180    3.1382    14857792109.6874
  1245.949    8.9603    4.7441    3.8841   2148.0978    3.1323    15068482935.2025
  1263.246    8.9739    4.7481    3.8892   2149.9331    3.1266    15279063297.2794
  1280.544    8.9873    4.7519    3.8946   2151.7250    3.1212    15489545390.7191
  1297.841    9.0010    4.7560    3.8998   2153.5083    3.1160    15699947514.3443
  1315.139    9.0138    4.7596    3.9051   2155.2169    3.1111    15910285155.4513
  1332.436    9.0265    4.7632    3.9102   2156.8406    3.1065    16120571872.8654
  1349.734    9.0397    4.7670    3.9157   2158.3984    3.1021    16330830413.3730
  1367.031    9.0522    4.7705    3.9209   2159.8834    3.0981    16541080151.4368
  1384.328    9.0650    4.7742    3.9264   2161.2735    3.0943    16751341790.3395
  1401.626    9.0772    4.7776    3.9316   2162.4931    3.0909    16961637213.2856
  1418.923    9.0892    4.7812    3.9364   2163.4061    3.0879    17171967847.8822
  1436.221    9.1287    4.8014    3.9482   2168.3571    3.0851    17382533176.9765
  1453.518    9.1684    4.8228    3.9590   2172.7870    3.0826    17593512791.7806
  1470.816    9.2078    4.8440    3.9702   2177.5743    3.0804    17804907155.7710
  1488.113    9.2499    4.8674    3.9824   2182.4701    3.0785    18016775111.8899
  1505.411    9.2905    4.8899    3.9947   2187.2367    3.0769    18229164694.5792
  1522.708    9.3327    4.9140    4.0074   2191.9632    3.0756    18442108301.3121
  1540.005    9.3454    4.9185    4.0121   2194.2397    3.0746    18655423486.0164
  1557.303    9.3587    4.9235    4.0167   2196.3148    3.0742    18868922865.0904
  1574.600    9.3724    4.9286    4.0220   2198.6002    3.0742    19082653088.9524
  1574.600    4.8200    0.0000    4.0397         nan    3.0742    19082653088.9524
  1595.049    4.8336    0.0000    4.0470         nan    3.0745    19336829484.0041
  1615.498    4.8472    0.0000    4.0544         nan    3.0755    19591495277.9825
  1635.946    4.8608    0.0000    4.0617         nan    3.0773    19846707621.9545
  1656.395    4.8739    0.0000    4.0688         nan    3.0797    20102517546.2836
  1676.844    4.8868    0.0000    4.0758         nan    3.0831    20358979103.9254
  1697.293    4.8998    0.0000    4.0829         nan    3.0872    20616159563.1388
  1717.741    4.9123    0.0000    4.0896         nan    3.0922    20874122116.2726
  1738.190    4.9246    0.0000    4.0964         nan    3.0982    21132933037.3811
  1758.639    4.9370    0.0000    4.1031         nan    3.1052    21392671718.7753
  1758.639    5.0578    0.0000    6.5680         nan    3.1052    21392671718.7753
  1814.875    5.1379    0.0000    6.6116         nan    3.0089    22543429222.0498
  1871.112    5.2135    0.0000    6.6528         nan    2.9114    23665674171.8723
  1927.348    5.2847    0.0000    6.6917         nan    2.8127    24758101747.7154
  1983.585    5.3520    0.0000    6.7286         nan    2.7129    25819485512.0974
  2039.822    5.4154    0.0000    6.7634         nan    2.6120    26848671769.9009
  2096.058    5.4752    0.0000    6.7963         nan    2.5102    27844574847.2617
  2152.295    5.5316    0.0000    6.8274         nan    2.4075    28806173132.9646
  2208.531    5.5848    0.0000    6.8567         nan    2.3039    29732505755.4551
  2264.768    5.6347    0.0000    6.8843         nan    2.1995    30622669807.1104
  2321.005    5.6817    0.0000    6.9103         nan    2.0944    31475818058.2611
  2377.241    5.7257    0.0000    6.9347         nan    1.9886    32291157126.9008
  2433.478    5.7669    0.0000    6.9575         nan    1.8821    33067946098.4578
  2489.714    5.8054    0.0000    6.9789         nan    1.7751    33805495617.8970
  2545.951    5.8413    0.0000    6.9988         nan    1.6676    34503167524.9181
  2602.188    5.8745    0.0000    7.0173         nan    1.5596    35160375161.9600
  2658.424    5.9052    0.0000    7.0344         nan    1.4512    35776584582.0987
  2714.661    5.9334    0.0000    7.0501         nan    1.3426    36351317052.6876
  2770.897    5.9593    0.0000    7.0645         nan    1.2337    36884153537.2684
  2827.134    5.9827    0.0000    7.0776         nan    1.1248    37374742372.7375
  2883.371    6.0038    0.0000    7.0893         nan    1.0161    37822812390.8823
  2939.607    6.0226    0.0000    7.0998         nan    0.9078    38228195846.7627
  2995.844    6.0391    0.0000    7.1090         nan    0.8004    38590870141.1698
  3052.080    6.0533    0.0000    7.1170         nan    0.6949    38911038271.1143
  3108.317    6.0654    0.0000    7.1237         nan    0.5932    39189296517.9063
  3164.554    6.0752    0.0000    7.1292         nan    0.4997    39427022371.6187
  3220.790    6.0828    0.0000    7.1335         nan    0.4274    39627410574.3146
  3277.027    6.0882    0.0000    7.1365         nan    0.4287    39798887294.4883
  3333.263    6.0915    0.0000    7.1383         nan    0.9293    39970965460.0781
  3389.500    6.0926    0.0000    7.1389         nan    0.0000    40344048760.9099
