# Depth[km]  Vp[km/s]  Vs[km/s] Rho[g/cm3]    T[K]     g[m/s2]         P[Pa]        
     0.000    3.5893    2.1509    1.6143    273.1500    3.7291              0.0000
    11.306    3.5893    2.1509    1.6143    316.7482    3.7387       68057355.0655
    11.306    5.0048    2.9991    2.2509    316.7482    3.7387       68057355.0655
    30.472    5.0048    2.9991    2.2509    390.6647    3.7451      229348027.3472
    30.472    6.0556    3.6288    2.7235    390.6647    3.7451      229348027.3472
    46.008    6.0556    3.6288    2.7235    450.5850    3.7444      387820844.6129
    46.008    7.9612    4.5364    3.5040    450.5850    3.7444      387820844.6129
    55.844    7.9543    4.5274    3.5039    488.5192    3.7375      516869066.9566
    65.680    7.9472    4.5182    3.5038    526.4533    3.7307      645676996.5741
    75.516    7.9395    4.5087    3.5036    564.3874    3.7238      774243895.7565
    85.353    7.9317    4.4993    3.5034    602.3215    3.7171      902568603.1640
    95.189    7.9231    4.4895    3.5030    640.2557    3.7103     1030647992.3697
   105.025    7.9150    4.4799    3.5027    678.1898    3.7036     1158482713.8201
   114.861    7.9069    4.4704    3.5024    716.1239    3.6969     1286074890.9003
   124.697    7.8986    4.4609    3.5021    754.0580    3.6902     1413424558.3629
   134.533    7.8897    4.4511    3.5016    791.9921    3.6836     1540529269.5422
   144.369    7.8813    4.4415    3.5012    829.9263    3.6770     1667388710.9046
   154.205    7.8723    4.4318    3.5007    867.8604    3.6704     1794004277.8703
   164.041    7.8631    4.4221    3.5000    905.7945    3.6638     1920373333.5139
   173.877    7.8548    4.4127    3.4996    943.7286    3.6573     2046498079.9280
   183.713    7.8456    4.4031    3.4990    981.6628    3.6508     2172379590.2390
   193.549    7.8366    4.3935    3.4984   1019.5969    3.6444     2298016268.4187
   203.385    7.8273    4.3837    3.4977   1057.5310    3.6380     2423407841.2586
   213.221    7.8180    4.3740    3.4970   1095.4651    3.6316     2548554536.7647
   223.057    7.8090    4.3645    3.4964   1133.3993    3.6253     2673458353.7623
   232.893    7.7996    4.3548    3.4957   1171.3334    3.6190     2798119783.8527
   242.729    7.7906    4.3452    3.4950   1209.2675    3.6127     2922539688.3160
   252.565    7.7813    4.3356    3.4942   1247.2016    3.6065     3046718507.7489
   262.401    7.7722    4.3260    3.4935   1285.1358    3.6003     3170658058.2512
   272.237    7.7634    4.3166    3.4927   1323.0699    3.5941     3294358586.2665
   282.073    7.7548    4.3074    3.4920   1361.0040    3.5880     3417820199.7555
   291.909    7.7453    4.2977    3.4911   1398.9381    3.5819     3541042629.3867
   301.745    7.7369    4.2886    3.4903   1436.8723    3.5759     3664027437.5485
   311.581    7.7280    4.2792    3.4895   1474.8064    3.5699     3786777610.1642
   321.417    7.7193    4.2699    3.4887   1512.7405    3.5640     3909293567.5716
   331.253    7.7101    4.2604    3.4878   1550.6746    3.5581     4031575975.1236
   341.089    7.7009    4.2509    3.4870   1588.6088    3.5522     4153625173.7334
   350.925    7.6922    4.2416    3.4862   1626.5429    3.5464     4275444627.3546
   360.761    7.6828    4.2320    3.4853   1664.4770    3.5406     4397035318.5547
   370.597    7.6735    4.2225    3.4844   1702.4111    3.5349     4518396631.6020
   380.433    7.6641    4.2129    3.4835   1740.3453    3.5292     4639530414.6879
   390.269    7.6545    4.2033    3.4825   1778.2794    3.5235     4760436262.8925
   400.105    7.6454    4.1938    3.4817   1816.2135    3.5179     4881117568.3811
   409.941    7.6359    4.1841    3.4808   1854.1476    3.5124     5001577485.4028
   419.777    7.6262    4.1745    3.4798   1892.0817    3.5069     5121814362.9121
   429.613    7.6167    4.1648    3.4789   1930.0159    3.5014     5241831061.3940
   439.449    7.6075    4.1551    3.4781   1967.9500    3.4960     5361630973.3904
   462.476    7.6385    4.1644    3.4867   1972.6512    3.4835     5641978119.4002
   485.504    7.6683    4.1732    3.4951   1977.1863    3.4710     5922001204.1448
   508.532    7.6969    4.1815    3.5033   1981.6945    3.4586     6201686647.3472
   531.559    7.7259    4.1902    3.5116   1986.0520    3.4462     6481029104.1209
   554.587    7.7531    4.1981    3.5196   1990.2791    3.4340     6760021919.5453
   577.614    7.7805    4.2062    3.5276   1994.4309    3.4219     7038656489.3862
   600.642    7.8073    4.2142    3.5355   1998.5215    3.4098     7316933401.2815
   623.669    7.8338    4.2220    3.5434   2002.5516    3.3979     7594853393.1701
   646.697    7.8592    4.2294    3.5511   2006.4278    3.3861     7872410631.8590
   669.724    7.8854    4.2372    3.5589   2010.3435    3.3745     8149607781.2260
   692.752    7.9107    4.2447    3.5665   2014.0381    3.3629     8426448332.8696
   715.780    7.9356    4.2521    3.5740   2017.7322    3.3516     8702929822.1955
   738.807    7.9610    4.2598    3.5818   2021.4201    3.3403     8979065851.5185
   761.835    7.9860    4.2674    3.5894   2024.9601    3.3293     9254866647.5088
   784.862    8.0104    4.2747    3.5969   2028.4025    3.3184     9530333110.8530
   807.890    8.0352    4.2823    3.6045   2031.8572    3.3077     9805477853.8521
   830.917    8.0609    4.2904    3.6123   2035.3115    3.2972    10080322514.5585
   853.945    8.0851    4.2978    3.6198   2038.6038    3.2869    10354876042.5443
   876.972    8.1111    4.3063    3.6279   2041.9558    3.2768    10629160834.2729
   900.000    8.1369    4.3148    3.6359   2045.1660    3.2669    10903206300.7062
   916.857    8.1559    4.3210    3.6418   2047.4114    3.2598    11103599396.7444
   933.715    8.1775    4.3289    3.6484   2049.7624    3.2528    11303901466.6919
   950.572    8.1962    4.3351    3.6544   2052.2065    3.2459    11504120639.8040
   967.429    8.2149    4.3414    3.6603   2054.4938    3.2392    11704243927.6131
   984.287    8.2368    4.3494    3.6673   2056.8094    3.2326    11904304012.4140
  1001.144    8.2609    4.3590    3.6749   2059.2125    3.2261    12104353213.6964
  1018.001    8.2867    4.3696    3.6831   2061.6270    3.2197    12304430835.5376
  1034.859    8.3111    4.3792    3.6910   2064.1204    3.2135    12504551009.8670
  1051.716    8.3281    4.3846    3.6967   2066.2433    3.2074    12704651418.3207
  1068.573    8.3449    4.3900    3.7023   2068.3525    3.2015    12904677439.4159
  1085.431    8.3619    4.3955    3.7081   2070.4172    3.1957    13104640055.7698
  1102.288    8.3786    4.4009    3.7137   2072.5510    3.1902    13304550804.6228
  1119.145    8.4903    4.4698    3.7444   2083.6173    3.1846    13505090591.7453
  1136.003    8.6552    4.5743    3.7884   2099.2704    3.1788    13707284317.9927
  1152.860    8.8520    4.7004    3.8389   2115.1934    3.1725    13911640185.2021
  1169.717    8.8701    4.7074    3.8446   2117.4760    3.1662    14117100483.1064
  1186.575    8.8851    4.7119    3.8497   2119.7409    3.1600    14322437387.3346
  1203.432    8.9016    4.7163    3.8563   2122.5088    3.1540    14527685618.7867
  1220.289    8.9172    4.7209    3.8620   2124.9606    3.1483    14732873102.2292
  1237.147    8.9323    4.7255    3.8674   2127.3144    3.1427    14937979740.8001
  1254.004    8.9475    4.7301    3.8730   2129.7558    3.1374    15143014094.8302
  1270.862    8.9623    4.7347    3.8784   2132.1331    3.1322    15347988951.5107
  1287.719    8.9767    4.7392    3.8835   2134.4701    3.1274    15552907870.3263
  1304.576    8.9915    4.7438    3.8889   2136.8206    3.1228    15757786249.3076
  1321.434    9.0053    4.7484    3.8937   2139.0363    3.1184    15962630494.6292
  1338.291    9.0192    4.7527    3.8988   2141.4315    3.1143    16167449309.5686
  1355.148    9.0323    4.7573    3.9032   2143.5370    3.1105    16372250317.9042
  1372.006    9.0468    4.7619    3.9085   2145.8049    3.1071    16577055696.6061
  1388.863    9.0685    4.7713    3.9148   2148.7879    3.1039    16781934319.4786
  1405.720    9.1092    4.7933    3.9243   2154.3491    3.1010    16987017445.9059
  1422.578    9.1493    4.8144    3.9350   2160.7251    3.0983    17192435860.0417
  1439.435    9.1895    4.8366    3.9449   2166.2913    3.0959    17398214586.2929
  1456.292    9.2280    4.8580    3.9546   2171.8710    3.0938    17604345066.0770
  1473.150    9.2687    4.8801    3.9656   2178.2485    3.0920    17810876778.1762
  1490.007    9.3086    4.9026    3.9761   2184.4143    3.0905    18017848399.7660
  1506.864    9.3497    4.9263    3.9871   2190.9743    3.0893    18225277441.1231
  1523.722    9.3738    4.9385    3.9942   2194.0606    3.0884    18433097378.7652
  1540.579    9.3862    4.9429    3.9985   2196.0426    3.0880    18641157776.1929
  1557.436    9.3989    4.9474    4.0030   2198.0794    3.0880    18849417775.4726
  1557.436    4.9287    0.0000    4.0084         nan    3.0880    18849417775.4726
  1577.170    4.9453    0.0000    4.0151         nan    3.0885    19093880869.8334
  1596.904    4.9619    0.0000    4.0218         nan    3.0896    19338792449.1473
  1616.637    4.9785    0.0000    4.0286         nan    3.0914    19584203375.2309
  1636.371    4.9945    0.0000    4.0350         nan    3.0939    19830159497.4038
  1656.104    5.0103    0.0000    4.0414         nan    3.0971    20076707746.5127
  1675.838    5.0261    0.0000    4.0478         nan    3.1011    20323906040.5395
  1695.572    5.0414    0.0000    4.0541         nan    3.1060    20571811931.3594
  1715.305    5.0564    0.0000    4.0602         nan    3.1117    20820482713.3533
  1735.039    5.0714    0.0000    4.0663         nan    3.1183    21069985065.4849
  1735.039    5.2364    0.0000    6.5131         nan    3.1183    21069985065.4849
  1792.089    5.3029    0.0000    6.5543         nan    3.0211    22232340181.8181
  1849.140    5.3659    0.0000    6.5935         nan    2.9227    23365386118.3539
  1906.190    5.4256    0.0000    6.6307         nan    2.8231    24467890961.1512
  1963.241    5.4821    0.0000    6.6661         nan    2.7225    25538685195.9859
  2020.291    5.5357    0.0000    6.6997         nan    2.6208    26576658288.2605
  2077.341    5.5865    0.0000    6.7315         nan    2.5181    27580755677.4713
  2134.392    5.6344    0.0000    6.7617         nan    2.4145    28549976102.0141
  2191.442    5.6798    0.0000    6.7903         nan    2.3101    29483369182.5520
  2248.492    5.7225    0.0000    6.8173         nan    2.2047    30380033189.1341
  2305.543    5.7628    0.0000    6.8427         nan    2.0986    31239112932.5596
  2362.593    5.8006    0.0000    6.8667         nan    1.9917    32059797701.9051
  2419.644    5.8361    0.0000    6.8892         nan    1.8841    32841319159.5940
  2476.694    5.8694    0.0000    6.9102         nan    1.7757    33582949090.1205
  2533.744    5.9003    0.0000    6.9299         nan    1.6667    34283996844.8614
  2590.795    5.9291    0.0000    6.9482         nan    1.5570    34943806263.4083
  2647.845    5.9557    0.0000    6.9651         nan    1.4466    35561751727.3620
  2704.895    5.9802    0.0000    6.9807         nan    1.3356    36137232794.3263
  2761.946    6.0027    0.0000    6.9950         nan    1.2237    36669666490.6560
  2818.996    6.0231    0.0000    7.0080         nan    1.1111    37158475646.8726
  2876.047    6.0415    0.0000    7.0198         nan    0.9974    37603070317.3194
  2933.097    6.0578    0.0000    7.0302         nan    0.8825    38002816568.1031
  2990.147    6.0722    0.0000    7.0394         nan    0.7656    38356980881.3893
  3047.198    6.0847    0.0000    7.0474         nan    0.6458    38664624131.4280
  3104.248    6.0952    0.0000    7.0541         nan    0.5206    38924381773.2481
  3161.298    6.1038    0.0000    7.0596         nan    0.3843    39133956553.2236
  3218.349    6.1104    0.0000    7.0638         nan    0.2201    39288764968.4606
  3275.399    6.1152    0.0000    7.0669         nan   -0.0401    39377478271.2343
  3332.450    6.1180    0.0000    7.0687         nan   -0.9494    39361316860.8574
  3389.500    6.1190    0.0000    7.0693         nan    0.0000    38978423342.5490
