# Depth[km]  Vp[km/s]  Vs[km/s] Rho[g/cm3]    T[K]     g[m/s2]         P[Pa]        
     0.000    3.6407    2.1708    1.6379    273.1500    3.7291              0.0000
    10.858    3.6407    2.1708    1.6379    313.2750    3.7381       66320269.3849
    10.858    4.7714    2.8450    2.1466    313.2750    3.7381       66320269.3849
    27.978    4.7714    2.8450    2.1466    376.5475    3.7453      203698218.2261
    27.978    6.5670    3.9157    2.9545    376.5475    3.7453      203698218.2261
    43.548    6.5670    3.9157    2.9545    434.0891    3.7415      375980727.4425
    43.548    7.9546    4.5347    3.4847    434.0891    3.7415      375980727.4425
    53.454    7.9497    4.5272    3.4849    470.7010    3.7347      505142407.5378
    63.360    7.9444    4.5195    3.4850    507.3130    3.7279      634076626.0838
    73.267    7.9390    4.5116    3.4851    543.9249    3.7212      762781825.7588
    83.173    7.9331    4.5035    3.4851    580.5368    3.7145      891256379.5828
    93.080    7.9272    4.4955    3.4851    617.1488    3.7078     1019499147.9717
   102.986    7.9205    4.4870    3.4849    653.7607    3.7012     1147507827.3688
   112.892    7.9142    4.4788    3.4848    690.3726    3.6945     1275281880.8626
   122.799    7.9080    4.4705    3.4848    726.9846    3.6879     1402823756.5581
   132.705    7.9016    4.4623    3.4846    763.5965    3.6814     1530132961.9206
   142.612    7.8948    4.4538    3.4843    800.2084    3.6748     1657207140.7736
   152.518    7.8883    4.4456    3.4841    836.8203    3.6683     1784046709.8639
   162.424    7.8814    4.4372    3.4837    873.4323    3.6618     1910651280.6035
   172.331    7.8749    4.4289    3.4835    910.0442    3.6554     2037020663.1825
   182.237    7.8679    4.4204    3.4831    946.6561    3.6490     2163155569.3089
   192.144    7.8612    4.4121    3.4827    983.2681    3.6426     2289054720.4687
   202.050    7.8547    4.4039    3.4823   1019.8800    3.6362     2414720114.5462
   211.956    7.8481    4.3957    3.4819   1056.4919    3.6299     2540152537.1299
   221.863    7.8409    4.3873    3.4813   1093.1039    3.6236     2665348685.0490
   231.769    7.8339    4.3788    3.4808   1129.7158    3.6174     2790309441.9358
   241.676    7.8268    4.3703    3.4803   1166.3277    3.6112     2915037478.0937
   251.582    7.8204    4.3622    3.4799   1202.9397    3.6050     3039534607.1979
   261.488    7.8144    4.3542    3.4794   1239.5516    3.5989     3163803276.0761
   271.395    7.8077    4.3460    3.4788   1276.1635    3.5928     3287841287.9181
   281.301    7.8001    4.3373    3.4782   1312.7754    3.5867     3411647574.2274
   291.207    7.7936    4.3292    3.4777   1349.3874    3.5807     3535225511.6159
   301.114    7.7872    4.3210    3.4771   1385.9993    3.5747     3658576773.8255
   311.020    7.7799    4.3126    3.4765   1422.6112    3.5688     3781699917.2259
   320.927    7.7737    4.3046    3.4759   1459.2232    3.5629     3904596016.0249
   330.833    7.7671    4.2965    3.4753   1495.8351    3.5571     4027268962.2914
   340.739    7.7607    4.2883    3.4747   1532.4470    3.5512     4149720529.6386
   350.646    7.7535    4.2799    3.4740   1569.0590    3.5455     4271948488.7121
   360.552    7.7467    4.2716    3.4734   1605.6709    3.5397     4393953924.4963
   370.459    7.7403    4.2636    3.4727   1642.2828    3.5341     4515740252.3196
   380.365    7.7327    4.2549    3.4719   1678.8948    3.5284     4637305412.7309
   390.271    7.7260    4.2466    3.4713   1715.5067    3.5228     4758651815.7635
   400.178    7.7183    4.2380    3.4704   1752.1186    3.5173     4879779926.5329
   410.084    7.7118    4.2298    3.4698   1788.7305    3.5118     5000691263.8992
   419.991    7.7055    4.2217    3.4692   1825.3425    3.5063     5121391617.9687
   429.897    7.6979    4.2130    3.4683   1861.9544    3.5009     5241878609.7579
   439.803    7.6910    4.2046    3.4676   1898.5663    3.4956     5362153345.8605
   462.813    7.7189    4.2131    3.4757   1902.8936    3.4832     5641389792.0390
   485.823    7.7453    4.2209    3.4837   1907.2117    3.4710     5920284786.5420
   508.833    7.7710    4.2285    3.4915   1911.2783    3.4588     6198826953.3141
   531.843    7.7968    4.2362    3.4993   1915.3989    3.4467     6477012636.8756
   554.853    7.8216    4.2436    3.5069   1919.3155    3.4347     6754839085.3291
   577.862    7.8468    4.2511    3.5146   1923.3531    3.4229     7032305086.8985
   600.872    7.8708    4.2580    3.5222   1927.2895    3.4111     7309412853.4751
   623.882    7.8954    4.2653    3.5298   1931.3046    3.3995     7586164990.9346
   646.892    7.9189    4.2720    3.5372   1935.0020    3.3880     7862561145.7794
   669.902    7.9420    4.2787    3.5445   1938.6865    3.3767     8138597771.5257
   692.912    7.9654    4.2855    3.5518   1942.2795    3.3655     8414279180.3389
   715.921    7.9891    4.2925    3.5592   1946.0429    3.3545     8689617145.9562
   738.931    8.0120    4.2991    3.5665   1949.5710    3.3436     8964618237.2319
   761.941    8.0344    4.3055    3.5736   1953.0165    3.3329     9239282984.9237
   784.951    8.0573    4.3123    3.5809   1956.4670    3.3224     9513623135.2953
   807.961    8.0806    4.3194    3.5882   1959.8210    3.3121     9787655017.7255
   830.971    8.1029    4.3258    3.5953   1963.1280    3.3020    10061385586.5012
   853.980    8.1258    4.3327    3.6026   1966.4105    3.2921    10334828025.9215
   876.990    8.1488    4.3397    3.6099   1969.6469    3.2825    10608004407.7778
   900.000    8.1720    4.3467    3.6173   1972.8800    3.2731    10880934477.8117
   916.840    8.1891    4.3521    3.6228   1975.1788    3.2663    11080463775.3232
   933.680    8.2055    4.3571    3.6280   1977.4999    3.2597    11279876842.5545
   950.520    8.2253    4.3640    3.6342   1979.9155    3.2532    11479200268.2387
   967.360    8.2438    4.3702    3.6401   1982.2014    3.2469    11678460765.3129
   984.200    8.2615    4.3760    3.6458   1984.5061    3.2407    11877651675.2778
  1001.040    8.2806    4.3826    3.6520   1986.7781    3.2347    12076786372.9635
  1017.880    8.3005    4.3898    3.6584   1989.0184    3.2288    12275892065.3992
  1034.720    8.3208    4.3973    3.6650   1991.3174    3.2230    12474987720.7334
  1051.561    8.3364    4.4018    3.6703   1993.4790    3.2174    12674051872.8252
  1068.401    8.3521    4.4065    3.6755   1995.5606    3.2120    12873056295.9149
  1085.241    8.3837    4.4220    3.6849   1999.0732    3.2068    13072123137.7621
  1102.081    8.5084    4.5011    3.7186   2011.3308    3.2015    13272027945.0674
  1118.921    8.6568    4.5962    3.7576   2025.6964    3.1960    13473562820.8503
  1135.761    8.8151    4.6979    3.7982   2038.7682    3.1902    13676894107.9351
  1152.601    8.8312    4.7028    3.8038   2041.3893    3.1843    13881094696.5001
  1169.441    8.8466    4.7073    3.8091   2043.7144    3.1786    14085211211.6685
  1186.281    8.8623    4.7115    3.8147   2046.0313    3.1732    14289255805.3341
  1203.121    8.8776    4.7158    3.8202   2048.3814    3.1679    14493244659.6909
  1219.961    8.8932    4.7201    3.8257   2050.6880    3.1628    14697190244.9417
  1236.801    8.9087    4.7244    3.8314   2053.0625    3.1580    14901109319.7721
  1253.641    8.9241    4.7287    3.8369   2055.3785    3.1534    15105014648.7184
  1270.481    8.9395    4.7331    3.8426   2057.7199    3.1491    15308920548.2603
  1287.321    8.9549    4.7374    3.8482   2060.0624    3.1450    15512844559.5687
  1304.161    8.9701    4.7417    3.8538   2062.4343    3.1412    15716799929.3101
  1321.001    8.9853    4.7461    3.8593   2064.7777    3.1376    15920801673.8860
  1337.841    9.0006    4.7505    3.8650   2067.1110    3.1343    16124869371.3774
  1354.682    9.0389    4.7695    3.8747   2072.4329    3.1313    16329129817.9186
  1371.522    9.0786    4.7896    3.8848   2077.9323    3.1285    16533716311.4445
  1388.362    9.1184    4.8099    3.8953   2083.5578    3.1260    16738663529.1483
  1405.202    9.1558    4.8290    3.9052   2089.2506    3.1237    16943980952.6192
  1422.042    9.1950    4.8495    3.9157   2094.8084    3.1217    17149684613.4661
  1438.882    9.2349    4.8707    3.9265   2100.7356    3.1200    17355817112.9914
  1455.722    9.2749    4.8922    3.9376   2106.7205    3.1186    17562412163.5728
  1472.562    9.3142    4.9137    3.9485   2112.7888    3.1174    17769488407.9863
  1489.402    9.3302    4.9194    3.9542   2115.0901    3.1166    17976923910.1755
  1506.242    9.3441    4.9237    3.9594   2117.2895    3.1162    18184590531.7814
  1523.082    9.3578    4.9281    3.9644   2119.4598    3.1162    18392498157.3406
  1539.922    9.3718    4.9327    3.9696   2121.6650    3.1167    18600676852.2765
  1556.762    9.3853    4.9371    3.9746   2123.8319    3.1176    18809153700.9374
  1556.762    5.0362    0.0000    4.0035         nan    3.1176    18809153700.9374
  1571.511    5.0475    0.0000    4.0083         nan    3.1184    18993352150.8220
  1586.260    5.0589    0.0000    4.0131         nan    3.1196    19177820694.4901
  1601.009    5.0703    0.0000    4.0179         nan    3.1212    19362581221.0378
  1615.758    5.0816    0.0000    4.0227         nan    3.1232    19547656477.9785
  1630.507    5.0926    0.0000    4.0274         nan    3.1256    19733066505.0541
  1645.257    5.1034    0.0000    4.0319         nan    3.1284    19918830888.4867
  1660.006    5.1143    0.0000    4.0365         nan    3.1316    20104973863.4280
  1674.755    5.1251    0.0000    4.0411         nan    3.1354    20291522137.2495
  1689.504    5.1357    0.0000    4.0456         nan    3.1395    20478501371.4315
  1689.504    5.1960    0.0000    6.3658         nan    3.1395    20478501371.4315
  1748.124    5.2601    0.0000    6.4082         nan    3.0424    21653974526.4847
  1806.745    5.3210    0.0000    6.4484         nan    2.9441    22800453128.0988
  1865.365    5.3788    0.0000    6.4868         nan    2.8445    23916646983.4016
  1923.986    5.4335    0.0000    6.5232         nan    2.7438    25001330109.6496
  1982.606    5.4854    0.0000    6.5578         nan    2.6421    26053337779.2356
  2041.227    5.5346    0.0000    6.5907         nan    2.5393    27071563999.6813
  2099.848    5.5811    0.0000    6.6218         nan    2.4357    28054959365.2926
  2158.468    5.6250    0.0000    6.6514         nan    2.3311    29002529237.3628
  2217.089    5.6665    0.0000    6.6793         nan    2.2256    29913332217.4335
  2275.709    5.7056    0.0000    6.7056         nan    2.1194    30786478893.5701
  2334.330    5.7423    0.0000    6.7304         nan    2.0125    31621130854.8716
  2392.950    5.7768    0.0000    6.7537         nan    1.9048    32416499981.9493
  2451.571    5.8090    0.0000    6.7756         nan    1.7965    33171848042.3386
  2510.192    5.8391    0.0000    6.7960         nan    1.6877    33886486652.3565
  2568.812    5.8671    0.0000    6.8149         nan    1.5783    34559777706.3829
  2627.433    5.8930    0.0000    6.8325         nan    1.4685    35191134450.7279
  2686.053    5.9168    0.0000    6.8487         nan    1.3584    35780023500.4577
  2744.674    5.9386    0.0000    6.8636         nan    1.2479    36325968310.6428
  2803.294    5.9584    0.0000    6.8771         nan    1.1373    36828555011.2675
  2861.915    5.9763    0.0000    6.8893         nan    1.0266    37287442285.6500
  2920.535    5.9922    0.0000    6.9001         nan    0.9162    37702378542.8880
  2979.156    6.0062    0.0000    6.9097         nan    0.8064    38073233082.5440
  3037.777    6.0184    0.0000    6.9180         nan    0.6979    38400056108.3101
  3096.397    6.0286    0.0000    6.9250         nan    0.5920    38683203736.8720
  3155.018    6.0369    0.0000    6.9307         nan    0.4922    38923627106.9363
  3213.638    6.0434    0.0000    6.9351         nan    0.4078    39123644423.8377
  3272.259    6.0480    0.0000    6.9382         nan    0.3776    39289485051.4883
  3330.879    6.0508    0.0000    6.9401         nan    0.7145    39443104066.0158
  3389.500    6.0517    0.0000    6.9408         nan    0.0000    39733807878.0096
