# Depth[km]  Vp[km/s]  Vs[km/s] Rho[g/cm3]    T[K]     g[m/s2]         P[Pa]        
     0.000    3.6037    2.1787    1.6508    273.1500    3.7291              0.0000
     9.547    3.6037    2.1787    1.6508    311.2239    3.7369       58775418.1491
     9.547    4.3660    2.6395    2.0000    311.2239    3.7369       58775418.1491
    28.050    4.3660    2.6395    2.0000    385.0185    3.7470      197065974.6373
    28.050    5.5591    3.3608    2.5466    385.0185    3.7470      197065974.6373
    47.555    5.5591    3.3608    2.5466    462.8088    3.7489      383181078.7224
    47.555    7.9979    4.5428    3.5193    462.8088    3.7489      383181078.7224
    57.335    7.9900    4.5329    3.5190    501.8151    3.7420      512212425.3787
    67.116    7.9819    4.5230    3.5186    540.8215    3.7351      640993509.8832
    76.896    7.9734    4.5128    3.5182    579.8279    3.7283      769523036.7127
    86.676    7.9645    4.5026    3.5176    618.8343    3.7214      897798585.1457
    96.456    7.9558    4.4924    3.5172    657.8407    3.7146     1025820420.1426
   106.237    7.9471    4.4824    3.5167    696.8470    3.7079     1153590348.3672
   116.017    7.9384    4.4724    3.5161    735.8534    3.7011     1281108440.5434
   125.797    7.9291    4.4623    3.5155    774.8598    3.6944     1408373282.4924
   135.577    7.9201    4.4522    3.5149    813.8662    3.6877     1535384369.0522
   145.358    7.9107    4.4421    3.5142    852.8726    3.6811     1662142034.5288
   155.138    7.9013    4.4320    3.5134    891.8789    3.6745     1788645491.8216
   164.918    7.8926    4.4223    3.5128    930.8853    3.6679     1914897217.8174
   174.698    7.8831    4.4123    3.5120    969.8917    3.6613     2040896925.6784
   184.479    7.8739    4.4024    3.5112   1008.8981    3.6548     2166643703.3826
   194.259    7.8645    4.3926    3.5104   1047.9045    3.6484     2292137810.8153
   204.039    7.8553    4.3828    3.5096   1086.9108    3.6419     2417379516.9319
   213.819    7.8461    4.3729    3.5087   1125.9172    3.6355     2542370987.7156
   223.600    7.8366    4.3631    3.5079   1164.9236    3.6291     2667112917.9815
   233.380    7.8275    4.3534    3.5070   1203.9300    3.6228     2791606210.9517
   243.160    7.8178    4.3436    3.5061   1242.9364    3.6165     2915850080.7496
   252.940    7.8079    4.3334    3.5051   1281.9427    3.6102     3039844632.4030
   262.721    7.7998    4.3242    3.5043   1320.9491    3.6040     3163593775.5420
   272.501    7.7909    4.3148    3.5034   1359.9555    3.5978     3287098426.2427
   282.281    7.7812    4.3047    3.5023   1398.9619    3.5917     3410355994.4421
   292.062    7.7728    4.2956    3.5015   1437.9683    3.5856     3533369612.6712
   301.842    7.7640    4.2861    3.5005   1476.9746    3.5796     3656142004.6070
   311.622    7.7547    4.2765    3.4995   1515.9810    3.5735     3778672045.5114
   321.402    7.7455    4.2666    3.4985   1554.9874    3.5676     3900961525.3695
   331.183    7.7362    4.2571    3.4975   1593.9938    3.5616     4023011558.1801
   340.963    7.7274    4.2476    3.4965   1633.0002    3.5557     4144823817.3552
   350.743    7.7182    4.2380    3.4954   1672.0065    3.5499     4266399837.2958
   360.523    7.7085    4.2282    3.4943   1711.0129    3.5441     4387738396.1584
   370.304    7.6998    4.2187    3.4934   1750.0193    3.5383     4508842956.4439
   380.084    7.6904    4.2090    3.4923   1789.0257    3.5326     4629715648.1548
   389.864    7.6810    4.1992    3.4912   1828.0321    3.5270     4750355423.1286
   399.644    7.6711    4.1893    3.4900   1867.0385    3.5214     4870763165.8947
   409.425    7.6616    4.1794    3.4890   1906.0448    3.5158     4990940832.6516
   419.205    7.6523    4.1697    3.4878   1945.0512    3.5103     5110890604.7380
   428.985    7.6425    4.1597    3.4867   1984.0576    3.5048     5230613481.4627
   438.765    7.6332    4.1499    3.4856   2023.0640    3.4994     5350111134.7095
   461.827    7.6626    4.1592    3.4941   2027.9799    3.4867     5631749559.3328
   484.889    7.6902    4.1679    3.5024   2032.5750    3.4741     5913041826.1701
   507.951    7.7181    4.1767    3.5106   2037.1809    3.4615     6193975494.3079
   531.012    7.7444    4.1849    3.5187   2041.6259    3.4491     6474545600.2066
   554.074    7.7704    4.1929    3.5267   2046.0139    3.4367     6754745571.3144
   577.136    7.7964    4.2012    3.5346   2050.2531    3.4245     7034573994.8785
   600.198    7.8218    4.2091    3.5425   2054.4954    3.4123     7314028429.3476
   623.259    7.8471    4.2170    3.5503   2058.6807    3.4003     7593110271.7404
   646.321    7.8712    4.2245    3.5580   2062.6607    3.3884     7871815875.1348
   669.383    7.8963    4.2325    3.5658   2066.6784    3.3766     8150148685.1719
   692.444    7.9202    4.2399    3.5735   2070.5444    3.3650     8428116248.8871
   715.506    7.9445    4.2475    3.5812   2074.4737    3.3534     8705722806.5075
   738.568    7.9687    4.2551    3.5888   2078.2217    3.3421     8982974149.2629
   761.630    7.9931    4.2629    3.5965   2081.9880    3.3309     9259879004.6547
   784.691    8.0170    4.2706    3.6042   2085.6215    3.3199     9536446319.6636
   807.753    8.0411    4.2783    3.6119   2089.1444    3.3091     9812687980.9448
   830.815    8.0658    4.2865    3.6198   2092.6944    3.2984    10088625336.6098
   853.877    8.0909    4.2949    3.6278   2096.2673    3.2880    10364279571.0104
   876.938    8.1160    4.3034    3.6359   2099.6951    3.2777    10639670426.8892
   900.000    8.1420    4.3125    3.6442   2103.0720    3.2676    10914820923.0373
   916.955    8.1613    4.3193    3.6505   2105.5395    3.2604    11116890886.6882
   933.909    8.1812    4.3265    3.6569   2108.0090    3.2532    11318862287.8818
   950.864    8.2018    4.3342    3.6636   2110.4073    3.2462    11520753687.0719
   967.819    8.2236    4.3425    3.6706   2112.9129    3.2393    11722587347.2530
   984.774    8.2452    4.3508    3.6777   2115.3480    3.2325    11924377574.7218
  1001.728    8.2698    4.3609    3.6857   2117.8630    3.2259    12126157912.9318
  1018.683    8.2889    4.3675    3.6925   2120.5390    3.2194    12327928097.4998
  1035.638    8.3062    4.3732    3.6986   2123.0099    3.2130    12529642177.2809
  1052.592    8.3260    4.3802    3.7057   2125.8267    3.2067    12731315488.3267
  1069.547    8.3435    4.3861    3.7120   2128.3538    3.2007    12932960848.5613
  1086.502    8.3589    4.3909    3.7174   2130.7733    3.1947    13134542152.4206
  1103.456    8.3753    4.3965    3.7234   2132.8675    3.1890    13336060334.3709
  1120.411    8.3984    4.4065    3.7321   2134.1842    3.1834    13537614928.8292
  1137.366    8.4958    4.4661    3.7595   2144.3612    3.1779    13739791912.1224
  1154.321    8.6528    4.5654    3.8013   2160.1593    3.1721    13943480413.4089
  1171.275    8.8635    4.7008    3.8550   2178.3844    3.1659    14149366529.7481
  1188.230    8.8869    4.7110    3.8624   2180.0201    3.1596    14356489112.6544
  1205.185    8.9016    4.7155    3.8678   2182.3255    3.1534    14563541517.0934
  1222.139    8.9159    4.7199    3.8731   2184.4269    3.1475    14770477980.8314
  1239.094    8.9298    4.7240    3.8783   2186.4535    3.1418    14977304199.2094
  1256.049    8.9434    4.7279    3.8835   2188.4063    3.1363    15184031932.1196
  1273.003    8.9568    4.7318    3.8887   2190.0963    3.1310    15390674586.3456
  1289.958    8.9703    4.7357    3.8941   2191.9967    3.1260    15597252916.8105
  1306.913    8.9834    4.7394    3.8993   2193.7383    3.1213    15803782178.1104
  1323.868    8.9962    4.7431    3.9045   2195.1674    3.1168    16010271843.1845
  1340.822    9.0094    4.7469    3.9100   2196.7955    3.1125    16216747100.6681
  1357.777    9.0220    4.7504    3.9153   2198.1960    3.1086    16423226403.9834
  1374.732    9.0343    4.7537    3.9207   2199.6592    3.1050    16629725607.8974
  1391.686    9.0461    4.7568    3.9258   2200.7634    3.1016    16836260399.6519
  1408.641    9.0583    4.7602    3.9311   2201.8763    3.0986    17042846512.7502
  1425.596    9.0707    4.7635    3.9369   2203.2706    3.0959    17249522196.1966
  1442.550    9.0827    4.7668    3.9423   2204.4646    3.0935    17456312012.3437
  1459.505    9.1229    4.7880    3.9537   2209.2057    3.0915    17663384961.1902
  1476.460    9.1624    4.8091    3.9650   2213.3837    3.0897    17870917186.5758
  1493.415    9.2037    4.8318    3.9771   2217.7230    3.0883    18078944000.6173
  1510.369    9.2435    4.8537    3.9891   2222.3690    3.0871    18287501367.5223
  1527.324    9.2858    4.8775    4.0021   2227.2109    3.0862    18496634512.3206
  1544.279    9.3062    4.8871    4.0092   2230.0502    3.0857    18706234449.7198
  1561.233    9.3186    4.8914    4.0138   2231.8900    3.0856    18916106557.4802
  1561.233    4.7678    0.0000    4.0455         nan    3.0856    18916106557.4802
  1579.464    4.7856    0.0000    4.0523         nan    3.0856    19143865317.9235
  1597.694    4.8035    0.0000    4.0590         nan    3.0860    19371998813.9057
  1615.924    4.8213    0.0000    4.0658         nan    3.0871    19600546047.9170
  1634.154    4.8387    0.0000    4.0723         nan    3.0886    19829542784.4102
  1652.384    4.8556    0.0000    4.0787         nan    3.0908    20059022553.4638
  1670.615    4.8724    0.0000    4.0851         nan    3.0937    20289026456.0721
  1688.845    4.8893    0.0000    4.0915         nan    3.0972    20519601616.5705
  1707.075    4.9053    0.0000    4.0976         nan    3.1014    20750789182.3371
  1725.305    4.9213    0.0000    4.1037         nan    3.1063    20982633779.9376
  1725.305    5.1586    0.0000    6.4347         nan    3.1063    20982633779.9376
  1782.691    5.2132    0.0000    6.4768         nan    3.0102    22133428894.3104
  1840.077    5.2651    0.0000    6.5170         nan    2.9129    23255727551.8679
  1897.463    5.3145    0.0000    6.5554         nan    2.8144    24348308617.3920
  1954.849    5.3614    0.0000    6.5920         nan    2.7148    25410006020.8729
  2012.235    5.4059    0.0000    6.6268         nan    2.6142    26439706993.0433
  2069.622    5.4481    0.0000    6.6600         nan    2.5126    27436350573.6928
  2127.008    5.4881    0.0000    6.6915         nan    2.4101    28398926364.5304
  2184.394    5.5260    0.0000    6.7214         nan    2.3067    29326473503.6317
  2241.780    5.5617    0.0000    6.7497         nan    2.2025    30218079849.4517
  2299.166    5.5955    0.0000    6.7765         nan    2.0975    31072881374.0796
  2356.552    5.6272    0.0000    6.8018         nan    1.9917    31890061774.4987
  2413.938    5.6571    0.0000    6.8256         nan    1.8853    32668852329.7371
  2471.324    5.6850    0.0000    6.8479         nan    1.7783    33408532052.1407
  2528.710    5.7110    0.0000    6.8687         nan    1.6707    34108428216.1157
  2586.096    5.7353    0.0000    6.8882         nan    1.5627    34767917401.7222
  2643.482    5.7577    0.0000    6.9062         nan    1.4542    35386427275.0725
  2700.868    5.7784    0.0000    6.9228         nan    1.3453    35963439478.0245
  2758.254    5.7974    0.0000    6.9381         nan    1.2362    36498494263.8222
  2815.640    5.8146    0.0000    6.9520         nan    1.1271    36991198001.1582
  2873.026    5.8301    0.0000    6.9645         nan    1.0179    37441235615.0776
  2930.412    5.8440    0.0000    6.9757         nan    0.9092    37848391969.3422
  2987.798    5.8562    0.0000    6.9855         nan    0.8012    38212590433.1090
  3045.184    5.8667    0.0000    6.9941         nan    0.6949    38533966910.2362
  3102.570    5.8756    0.0000    7.0013         nan    0.5920    38813023804.7544
  3159.956    5.8829    0.0000    7.0071         nan    0.4966    39050985849.7031
  3217.342    5.8885    0.0000    7.0117         nan    0.4206    39250750056.4624
  3274.728    5.8925    0.0000    7.0150         nan    0.4118    39420015748.3614
  3332.114    5.8950    0.0000    7.0169         nan    0.8593    39585819791.9007
  3389.500    5.8958    0.0000    7.0176         nan    0.0000    39931866836.0436
