# Depth[km]  Vp[km/s]  Vs[km/s] Rho[g/cm3]    T[K]     g[m/s2]         P[Pa]        
     0.000    4.0308    2.4235    1.8443    273.1500    3.7291              0.0000
    12.650    4.0308    2.4235    1.8443    318.0405    3.7374       87002771.6224
    12.650    4.3479    2.6141    1.9894    318.0405    3.7374       87002771.6224
    27.347    4.3479    2.6141    1.9894    370.1960    3.7455      196273073.2787
    27.347    6.5520    3.9393    2.9979    370.1960    3.7455      196273073.2787
    43.864    6.5520    3.9393    2.9979    428.8133    3.7409      381736781.2620
    43.864    7.8462    4.4877    3.4779    428.8133    3.7409      381736781.2620
    53.801    7.8430    4.4815    3.4785    464.0815    3.7341      511042896.8189
    63.739    7.8396    4.4752    3.4790    499.3498    3.7274      640136352.3864
    73.677    7.8358    4.4686    3.4795    534.6181    3.7207      769015277.6010
    83.615    7.8317    4.4618    3.4798    569.8863    3.7140      897677330.5122
    93.553    7.8275    4.4550    3.4802    605.1546    3.7073     1026121617.0270
   103.491    7.8231    4.4482    3.4805    640.4229    3.7007     1154347992.5530
   113.429    7.8174    4.4406    3.4805    675.6912    3.6941     1282351110.5327
   123.366    7.8127    4.4336    3.4808    710.9594    3.6875     1410131011.6903
   133.304    7.8081    4.4265    3.4810    746.2277    3.6809     1537691644.1874
   143.242    7.8032    4.4193    3.4812    781.4960    3.6744     1665031951.1698
   153.180    7.7972    4.4117    3.4811    816.7642    3.6679     1792147745.5333
   163.118    7.7922    4.4044    3.4812    852.0325    3.6614     1919038881.1097
   173.056    7.7873    4.3972    3.4812    887.3008    3.6550     2045708617.7686
   182.993    7.7816    4.3897    3.4811    922.5690    3.6486     2172154081.6733
   192.931    7.7767    4.3825    3.4811    957.8373    3.6422     2298375742.5983
   202.869    7.7707    4.3748    3.4809    993.1056    3.6358     2424372636.2287
   212.807    7.7651    4.3673    3.4807   1028.3738    3.6295     2550141905.6453
   222.745    7.7602    4.3600    3.4806   1063.6421    3.6232     2675687512.0919
   232.683    7.7542    4.3524    3.4803   1098.9104    3.6170     2801008333.3701
   242.621    7.7481    4.3447    3.4800   1134.1786    3.6108     2926101059.0637
   252.558    7.7428    4.3372    3.4799   1169.4469    3.6046     3050971473.8782
   262.496    7.7371    4.3297    3.4796   1204.7152    3.5984     3175621584.2140
   272.434    7.7315    4.3222    3.4793   1239.9834    3.5923     3300049469.8574
   282.372    7.7256    4.3145    3.4790   1275.2517    3.5862     3424255987.6956
   292.310    7.7197    4.3070    3.4788   1310.5200    3.5802     3548242052.5902
   302.248    7.7137    4.2993    3.4784   1345.7882    3.5742     3672008671.1034
   312.186    7.7069    4.2913    3.4782   1381.0565    3.5682     3795557536.3003
   322.123    7.6991    4.2828    3.4778   1416.3248    3.5623     3918888316.7288
   332.061    7.6923    4.2747    3.4775   1451.5930    3.5564     4042002313.2456
   341.999    7.6854    4.2666    3.4772   1486.8613    3.5506     4164903321.0409
   351.937    7.6786    4.2586    3.4769   1522.1296    3.5448     4287592317.9954
   361.875    7.6715    4.2503    3.4766   1557.3979    3.5390     4410070249.3159
   371.813    7.6645    4.2423    3.4763   1592.6661    3.5333     4532338326.3966
   381.750    7.6572    4.2339    3.4760   1627.9344    3.5276     4654397583.8969
   391.688    7.6500    4.2257    3.4757   1663.2027    3.5220     4776249202.2818
   401.626    7.6418    4.2170    3.4752   1698.4709    3.5164     4897891756.5736
   411.564    7.6340    4.2085    3.4747   1733.7392    3.5108     5019324015.7632
   421.502    7.6265    4.2001    3.4743   1769.0075    3.5053     5140549911.3045
   431.440    7.6189    4.1917    3.4740   1804.2757    3.4998     5261573269.1961
   441.378    7.6120    4.1835    3.4736   1839.5440    3.4944     5382395245.6084
   464.309    7.6429    4.1920    3.4820   1843.7210    3.4820     5661074594.3097
   487.240    7.6736    4.2004    3.4903   1847.8839    3.4697     5939429613.4213
   510.171    7.7021    4.2081    3.4982   1851.7714    3.4574     6217444539.8788
   533.102    7.7306    4.2159    3.5061   1855.5922    3.4453     6495104087.1820
   556.033    7.7582    4.2233    3.5139   1859.3781    3.4332     6772404711.7622
   578.964    7.7868    4.2313    3.5217   1863.1724    3.4212     7049348566.9133
   601.895    7.8133    4.2383    3.5292   1866.8315    3.4094     7325931062.5491
   624.827    7.8401    4.2456    3.5368   1870.4569    3.3977     7602146571.8120
   647.758    7.8662    4.2527    3.5442   1873.9196    3.3861     7877994460.9452
   670.689    7.8916    4.2594    3.5515   1877.3751    3.3746     8153472844.3803
   693.620    7.9171    4.2663    3.5588   1880.7336    3.3633     8428583987.8840
   716.551    7.9416    4.2728    3.5659   1883.9869    3.3522     8703327092.9499
   739.482    7.9665    4.2794    3.5730   1887.2836    3.3412     8977707998.3485
   762.413    7.9914    4.2862    3.5801   1890.5016    3.3304     9251736494.7923
   785.344    8.0153    4.2926    3.5871   1893.6287    3.3198     9525415628.5167
   808.276    8.0395    4.2991    3.5941   1896.7836    3.3093     9798752683.5351
   831.207    8.0634    4.3056    3.6010   1899.7909    3.2991    10071759453.8926
   854.138    8.0879    4.3125    3.6080   1902.9027    3.2891    10344451021.0958
   877.069    8.1119    4.3191    3.6150   1905.9654    3.2793    10616844128.7273
   900.000    8.1354    4.3256    3.6219   1908.8635    3.2698    10888949036.0476
   916.854    8.1526    4.3303    3.6270   1910.9817    3.2629    11088683054.2701
   933.707    8.1707    4.3355    3.6322   1913.1799    3.2562    11288282082.0613
   950.561    8.1882    4.3406    3.6374   1915.2434    3.2496    11487755865.2019
   967.414    8.2048    4.3450    3.6423   1917.2852    3.2432    11687101953.2081
   984.268    8.2239    4.3512    3.6479   1919.3800    3.2369    11886341743.9909
  1001.121    8.2416    4.3563    3.6532   1921.4412    3.2308    12085494499.7492
  1017.975    8.2579    4.3608    3.6581   1923.4067    3.2248    12284546235.2767
  1034.828    8.3344    4.4245    3.6664   1929.1460    3.2190    12483588796.4151
  1051.682    8.4453    4.5046    3.6896   1944.0109    3.2132    12683127085.7809
  1068.536    8.5439    4.5648    3.7169   1954.6160    3.2073    12883674842.3378
  1085.389    8.6585    4.6359    3.7480   1966.6576    3.2013    13085435558.0445
  1102.243    8.7117    4.6658    3.7626   1971.1104    3.1952    13288048194.3106
  1119.096    8.7265    4.6702    3.7671   1973.5866    3.1892    13490785921.5469
  1135.950    8.7421    4.6746    3.7721   1975.9544    3.1834    13693396069.4275
  1152.803    8.7574    4.6791    3.7768   1978.3125    3.1778    13895898443.8243
  1169.657    8.7726    4.6836    3.7816   1980.6762    3.1724    14098299210.0292
  1186.510    8.7875    4.6878    3.7863   1983.0390    3.1672    14300610017.7960
  1203.364    8.8025    4.6920    3.7910   1985.3332    3.1623    14502843160.0009
  1220.217    8.8175    4.6962    3.7959   1987.5713    3.1575    14705016855.0625
  1237.071    8.8505    4.7115    3.8036   1992.1020    3.1530    14907224773.6946
  1253.925    8.8891    4.7299    3.8128   1996.9174    3.1488    15109592781.7185
  1270.778    8.9252    4.7468    3.8216   2001.7805    3.1447    15312160788.8632
  1287.632    8.9631    4.7649    3.8310   2006.7591    3.1408    15514948719.7057
  1304.485    8.9997    4.7822    3.8405   2011.5716    3.1371    15717987063.8733
  1321.339    9.0374    4.8003    3.8505   2016.7147    3.1336    15921304170.8967
  1338.192    9.0719    4.8160    3.8603   2021.1050    3.1304    16124919030.9130
  1355.046    9.0870    4.8199    3.8656   2023.1175    3.1274    16328721428.8008
  1371.899    9.1028    4.8236    3.8716   2025.0775    3.1247    16532628888.3789
  1388.753    9.1185    4.8271    3.8777   2026.9725    3.1224    16736679811.8165
  1405.607    9.1343    4.8306    3.8839   2028.9226    3.1203    16940900249.7943
  1422.460    9.1505    4.8338    3.8908   2030.7832    3.1186    17145329806.2987
  1439.314    9.1751    4.8420    3.9011   2033.6090    3.1172    17350097399.8356
  1456.167    9.2776    4.8971    3.9440   2050.9086    3.1158    17556171283.9763
  1473.021    9.3060    4.9114    3.9535   2056.8511    3.1146    17763532937.2495
  1489.874    9.3327    4.9247    3.9626   2062.2707    3.1136    17971298947.8667
  1506.728    9.3592    4.9384    3.9713   2067.3774    3.1130    18179467531.5784
  1523.581    9.3841    4.9510    3.9796   2072.4291    3.1128    18388040896.2233
  1540.435    9.4094    4.9641    3.9879   2077.5290    3.1130    18597035128.8455
  1557.289    9.4340    4.9773    3.9957   2082.2180    3.1136    18806465562.4250
  1557.289    5.2160    0.0000    4.0397         nan    3.1136    18806465562.4250
  1573.715    5.2301    0.0000    4.0447         nan    3.1140    19013208106.1337
  1590.142    5.2441    0.0000    4.0498         nan    3.1148    19220235623.7310
  1606.568    5.2582    0.0000    4.0549         nan    3.1161    19427578214.6857
  1622.995    5.2721    0.0000    4.0599         nan    3.1179    19635266348.5134
  1639.422    5.2855    0.0000    4.0647         nan    3.1203    19843326700.3774
  1655.848    5.2988    0.0000    4.0695         nan    3.1231    20051788425.4729
  1672.275    5.3122    0.0000    4.0744         nan    3.1265    20260687459.5148
  1688.702    5.3253    0.0000    4.0791         nan    3.1305    20470059499.9512
  1705.128    5.3380    0.0000    4.0837         nan    3.1350    20679937829.6229
  1705.128    5.0825    0.0000    6.4144         nan    3.1350    20679937829.6229
  1763.210    5.1616    0.0000    6.4584         nan    3.0381    21851937123.0115
  1821.292    5.2364    0.0000    6.5000         nan    2.9398    22995245490.0707
  1879.374    5.3069    0.0000    6.5394         nan    2.8404    24108493605.9053
  1937.455    5.3735    0.0000    6.5766         nan    2.7397    25190391639.3585
  1995.537    5.4363    0.0000    6.6119         nan    2.6380    26239723635.8450
  2053.619    5.4956    0.0000    6.6452         nan    2.5352    27255342764.7388
  2111.701    5.5516    0.0000    6.6767         nan    2.4315    28236167264.5201
  2169.783    5.6043    0.0000    6.7064         nan    2.3268    29181176960.8940
  2227.864    5.6539    0.0000    6.7344         nan    2.2213    30089410257.3813
  2285.946    5.7005    0.0000    6.7608         nan    2.1150    30959961515.7830
  2344.028    5.7442    0.0000    6.7855         nan    2.0079    31791978764.7027
  2402.110    5.7852    0.0000    6.8088         nan    1.9000    32584661681.4315
  2460.191    5.8234    0.0000    6.8305         nan    1.7916    33337259800.3934
  2518.273    5.8590    0.0000    6.8507         nan    1.6825    34049070911.1723
  2576.355    5.8921    0.0000    6.8695         nan    1.5728    34719439605.5886
  2634.437    5.9226    0.0000    6.8868         nan    1.4625    35347755934.7562
  2692.519    5.9507    0.0000    6.9028         nan    1.3518    35933454132.1117
  2750.600    5.9764    0.0000    6.9175         nan    1.2406    36476011340.7210
  2808.682    5.9997    0.0000    6.9308         nan    1.1290    36974946253.3805
  2866.764    6.0207    0.0000    6.9427         nan    1.0170    37429817509.8530
  2924.846    6.0394    0.0000    6.9534         nan    0.9046    37840221563.7444
  2982.928    6.0559    0.0000    6.9628         nan    0.7918    38205789438.0703
  3041.009    6.0701    0.0000    6.9709         nan    0.6786    38526181093.5805
  3099.091    6.0820    0.0000    6.9777         nan    0.5650    38801074315.5968
  3157.173    6.0918    0.0000    6.9833         nan    0.4506    39030139648.2860
  3215.255    6.0994    0.0000    6.9876         nan    0.3348    39212974135.2422
  3273.336    6.1048    0.0000    6.9907         nan    0.2142    39348883738.8608
  3331.418    6.1081    0.0000    6.9926         nan    0.0621    39435873874.8554
  3389.500    6.1091    0.0000    6.9932         nan    0.0000    39461113539.2423
