# Depth[km]  Vp[km/s]  Vs[km/s] Rho[g/cm3]    T[K]     g[m/s2]         P[Pa]        
     0.000    3.6484    2.1666    1.7243    273.1500    3.7291              0.0000
     9.964    3.6484    2.1666    1.7243    309.7579    3.7366       64069716.7011
     9.964    4.4691    2.6539    2.1122    309.7579    3.7366       64069716.7011
    26.727    4.4691    2.6539    2.1122    371.3523    3.7442      196371023.4726
    26.727    6.6932    3.9746    3.1633    371.3523    3.7442      196371023.4726
    44.752    6.6932    3.9746    3.1633    437.5837    3.7365      409859523.8145
    44.752    7.8433    4.4855    3.4775    437.5837    3.7365      409859523.8145
    55.046    7.8394    4.4788    3.4780    475.4082    3.7295      543626680.1714
    65.340    7.8350    4.4717    3.4783    513.2327    3.7225      677159663.2149
    75.634    7.8303    4.4645    3.4787    551.0572    3.7156      810456428.9855
    85.928    7.8252    4.4570    3.4789    588.8817    3.7086      943514527.7159
    96.223    7.8201    4.4495    3.4791    626.7062    3.7017     1076332738.2848
   106.517    7.8137    4.4415    3.4791    664.5307    3.6948     1208907398.5172
   116.811    7.8081    4.4337    3.4792    702.3552    3.6880     1341237147.2900
   127.105    7.8025    4.4259    3.4793    740.1798    3.6812     1473324978.4512
   137.399    7.7969    4.4181    3.4793    778.0043    3.6744     1605170914.4903
   147.693    7.7901    4.4098    3.4791    815.8288    3.6676     1736770176.4694
   157.987    7.7842    4.4019    3.4791    853.6533    3.6609     1868122962.5425
   168.281    7.7777    4.3937    3.4788    891.4778    3.6542     1999229660.6446
   178.575    7.7718    4.3858    3.4787    929.3023    3.6475     2130089621.1908
   188.869    7.7650    4.3775    3.4784    967.1268    3.6409     2260703013.2331
   199.163    7.7585    4.3692    3.4781   1004.9513    3.6343     2391066476.0530
   209.457    7.7529    4.3614    3.4779   1042.7759    3.6277     2521184263.1095
   219.751    7.7458    4.3530    3.4774   1080.6004    3.6212     2651053947.1489
   230.045    7.7394    4.3448    3.4770   1118.4249    3.6147     2780673169.3122
   240.340    7.7323    4.3362    3.4766   1156.2494    3.6083     2910045231.0377
   250.634    7.7257    4.3280    3.4762   1194.0739    3.6019     3039170876.8288
   260.928    7.7190    4.3198    3.4758   1231.8984    3.5955     3168052569.4599
   271.222    7.7123    4.3115    3.4753   1269.7229    3.5892     3296690599.0935
   281.516    7.7059    4.3034    3.4748   1307.5474    3.5829     3425085218.5706
   291.810    7.6988    4.2950    3.4744   1345.3720    3.5766     3553238964.4731
   302.104    7.6902    4.2859    3.4739   1383.1965    3.5704     3681151768.0542
   312.398    7.6822    4.2770    3.4735   1421.0210    3.5643     3808825169.7335
   322.692    7.6738    4.2680    3.4729   1458.8455    3.5582     3936260397.9846
   332.986    7.6660    4.2592    3.4725   1496.6700    3.5521     4063458810.7731
   343.280    7.6582    4.2505    3.4721   1534.4945    3.5461     4190424252.2699
   353.574    7.6501    4.2415    3.4716   1572.3190    3.5401     4317157962.6305
   363.868    7.6414    4.2324    3.4710   1610.1435    3.5341     4443658704.6628
   374.162    7.6320    4.2228    3.4704   1647.9681    3.5282     4569924469.0842
   384.457    7.6238    4.2139    3.4699   1685.7926    3.5224     4695959024.8967
   394.751    7.6151    4.2047    3.4693   1723.6171    3.5166     4821764742.1298
   405.045    7.6068    4.1957    3.4688   1761.4416    3.5108     4947342920.8951
   415.339    7.5982    4.1864    3.4683   1799.2661    3.5051     5072697023.9253
   425.633    7.5893    4.1771    3.4676   1837.0906    3.4995     5197826360.5038
   435.927    7.5744    4.1655    3.4661   1874.9151    3.4939     5322714836.2193
   446.221    7.5664    4.1565    3.4656   1912.7396    3.4883     5447367659.1713
   456.515    7.5584    4.1475    3.4651   1950.5642    3.4828     5571805555.1427
   478.689    7.5856    4.1545    3.4728   1954.5947    3.4711     5839711419.0267
   500.864    7.6124    4.1614    3.4804   1958.5555    3.4594     6107302996.6295
   523.038    7.6512    4.1731    3.4898   1963.6959    3.4478     6374647213.3538
   545.212    7.6806    4.1813    3.4977   1967.9000    3.4363     6641756768.2288
   567.386    7.7076    4.1885    3.5053   1971.8536    3.4249     6908564315.7359
   589.561    7.7346    4.1958    3.5128   1975.6921    3.4136     7175058010.1824
   611.735    7.7609    4.2028    3.5203   1979.5221    3.4024     7441236665.9218
   633.909    7.7870    4.2098    3.5276   1983.2766    3.3913     7707100288.7919
   656.083    7.8135    4.2171    3.5350   1987.0237    3.3803     7972650790.4526
   678.258    7.8384    4.2237    3.5421   1990.6128    3.3695     8237886437.7072
   700.432    7.8631    4.2303    3.5492   1994.1549    3.3588     8502805034.8216
   722.606    7.8876    4.2368    3.5563   1997.6718    3.3482     8767409963.2129
   744.780    7.9122    4.2435    3.5633   2001.0607    3.3379     9031705465.0033
   766.955    7.9361    4.2498    3.5702   2004.4436    3.3277     9295697615.2581
   789.129    7.9603    4.2564    3.5771   2007.7862    3.3176     9559393688.9142
   811.303    7.9833    4.2623    3.5839   2011.0204    3.3078     9822797865.7072
   833.477    8.0072    4.2689    3.5908   2014.2483    3.2981    10085919889.5004
   855.652    8.0302    4.2751    3.5975   2017.3670    3.2887    10348768823.7773
   877.826    8.0537    4.2815    3.6043   2020.5408    3.2794    10611358804.0385
   900.000    8.0766    4.2878    3.6110   2023.5757    3.2704    10873702370.3728
   916.169    8.0942    4.2928    3.6161   2025.9347    3.2640    11064777277.3999
   932.337    8.1117    4.2978    3.6212   2028.2273    3.2577    11255745457.0045
   948.506    8.1283    4.3023    3.6261   2030.4151    3.2515    11446609405.9165
   964.674    8.1454    4.3073    3.6311   2032.5192    3.2455    11637372951.5369
   980.843    8.1624    4.3121    3.6361   2034.6631    3.2396    11828045607.8738
   997.011    8.1807    4.3178    3.6415   2036.9260    3.2339    12018644641.9399
  1013.180    8.1963    4.3219    3.6461   2039.0094    3.2283    12209166391.7865
  1029.348    8.2134    4.3268    3.6513   2041.0831    3.2228    12399613872.7592
  1045.517    8.2289    4.3309    3.6559   2043.1142    3.2175    12589996522.8818
  1061.686    8.2443    4.3350    3.6605   2045.0852    3.2124    12780308064.7304
  1077.854    8.2858    4.3570    3.6719   2049.8189    3.2075    12970732056.6151
  1094.023    8.3893    4.4214    3.6992   2060.7936    3.2025    13161866159.5754
  1110.191    8.5084    4.4965    3.7306   2073.2586    3.1973    13354224617.5333
  1126.360    8.5963    4.5501    3.7537   2081.3477    3.1921    13547682614.4168
  1142.528    8.6113    4.5540    3.7583   2083.8999    3.1869    13741535668.8510
  1158.697    8.6271    4.5582    3.7631   2086.1674    3.1819    13935315033.4280
  1174.865    8.6421    4.5622    3.7678   2088.3309    3.1771    14129034230.3959
  1191.034    8.6571    4.5661    3.7724   2090.4236    3.1725    14322698651.4314
  1207.203    8.6723    4.5702    3.7771   2092.5229    3.1681    14516320529.7760
  1223.371    8.6871    4.5741    3.7816   2094.6232    3.1639    14709911615.0507
  1239.540    8.7023    4.5782    3.7864   2096.7063    3.1600    14903488476.7603
  1255.708    8.7160    4.5819    3.7905   2101.3961    3.1563    15097050325.6080
  1271.877    8.7491    4.6050    3.7963   2106.3472    3.1528    15290637137.1625
  1288.045    8.8037    4.6496    3.8033   2110.2203    3.1496    15484338330.1154
  1304.214    8.8423    4.6700    3.8117   2119.2388    3.1466    15678233267.3939
  1320.382    8.9014    4.7099    3.8223   2124.4046    3.1438    15872426340.8643
  1336.551    8.9396    4.7282    3.8319   2129.4541    3.1412    16066960981.0947
  1352.720    8.9770    4.7457    3.8419   2134.7522    3.1389    16261834317.4756
  1368.888    9.0154    4.7637    3.8526   2140.0580    3.1367    16457083989.8606
  1385.057    9.0489    4.7801    3.8614   2145.0981    3.1348    16652693556.7890
  1401.225    9.0749    4.7886    3.8710   2147.7972    3.1331    16848651625.5756
  1417.394    9.0908    4.7919    3.8776   2149.8001    3.1317    17044915410.9433
  1433.562    9.1071    4.7952    3.8846   2151.7631    3.1306    17241434806.3273
  1449.731    9.1237    4.7985    3.8918   2153.7383    3.1299    17438247985.1824
  1465.900    9.1412    4.8018    3.8998   2155.7220    3.1294    17635399423.5538
  1482.068    9.1725    4.8126    3.9146   2163.7841    3.1293    17833099932.5699
  1498.237    9.2278    4.8412    3.9368   2170.6937    3.1293    18031727216.1441
  1514.405    9.2549    4.8549    3.9461   2175.9989    3.1296    18231151885.3275
  1530.574    9.2790    4.8667    3.9543   2180.7261    3.1303    18431037345.6456
  1530.574    5.0822    0.0000    4.0525         nan    3.1303    18431037345.6456
  1550.008    5.0969    0.0000    4.0590         nan    3.1299    18677769502.0574
  1569.443    5.1115    0.0000    4.0654         nan    3.1302    18924869915.8089
  1588.878    5.1262    0.0000    4.0719         nan    3.1311    19172385396.6943
  1608.312    5.1403    0.0000    4.0781         nan    3.1327    19420358977.7165
  1627.747    5.1543    0.0000    4.0843         nan    3.1349    19668833750.1776
  1647.182    5.1682    0.0000    4.0905         nan    3.1379    19917861928.2578
  1666.616    5.1819    0.0000    4.0965         nan    3.1416    20167497831.9846
  1686.051    5.1952    0.0000    4.1024         nan    3.1461    20417793748.1222
  1705.486    5.2085    0.0000    4.1083         nan    3.1514    20668808810.8516
  1705.486    5.4231    0.0000    6.4689         nan    3.1514    20668808810.8516
  1763.555    5.4874    0.0000    6.5082         nan    3.0531    21856220860.2441
  1821.625    5.5484    0.0000    6.5455         nan    2.9536    23013379175.8695
  1879.694    5.6063    0.0000    6.5811         nan    2.8531    24139093624.4192
  1937.763    5.6612    0.0000    6.6149         nan    2.7516    25232234493.8452
  1995.833    5.7133    0.0000    6.6470         nan    2.6490    26291729860.5492
  2053.902    5.7626    0.0000    6.6775         nan    2.5456    27316563375.6235
  2111.972    5.8093    0.0000    6.7064         nan    2.4413    28305772423.5512
  2170.041    5.8534    0.0000    6.7337         nan    2.3362    29258446627.7397
  2228.111    5.8951    0.0000    6.7596         nan    2.2304    30173726692.0949
  2286.180    5.9344    0.0000    6.7840         nan    2.1239    31050803582.8693
  2344.250    5.9713    0.0000    6.8070         nan    2.0167    31888918084.4640
  2402.319    6.0060    0.0000    6.8287         nan    1.9090    32687360786.9154
  2460.389    6.0384    0.0000    6.8489         nan    1.8008    33445472605.3538
  2518.458    6.0686    0.0000    6.8678         nan    1.6921    34162646005.0243
  2576.528    6.0968    0.0000    6.8854         nan    1.5830    34838327198.1314
  2634.597    6.1228    0.0000    6.9017         nan    1.4737    35472019754.3878
  2692.666    6.1468    0.0000    6.9167         nan    1.3642    36063290358.9971
  2750.736    6.1687    0.0000    6.9305         nan    1.2547    36611777962.5080
  2808.805    6.1886    0.0000    6.9430         nan    1.1455    37117208519.8979
  2866.875    6.2066    0.0000    6.9543         nan    1.0368    37579419362.6157
  2924.944    6.2226    0.0000    6.9644         nan    0.9291    37998401032.3911
  2983.014    6.2367    0.0000    6.9732         nan    0.8233    38374372686.6944
  3041.083    6.2489    0.0000    6.9809         nan    0.7210    38707926796.2368
  3099.153    6.2592    0.0000    6.9874         nan    0.6255    39000330045.1399
  3157.222    6.2676    0.0000    6.9927         nan    0.5447    39254218704.2719
  3215.292    6.2741    0.0000    6.9968         nan    0.5015    39475455023.7121
  3273.361    6.2788    0.0000    6.9997         nan    0.5886    39679243925.2180
  3331.431    6.2816    0.0000    7.0015         nan    1.5590    39918537679.4227
  3389.500    6.2825    0.0000    7.0020         nan    0.0000    40552406519.2784
