# Depth[km]  Vp[km/s]  Vs[km/s] Rho[g/cm3]    T[K]     g[m/s2]         P[Pa]        
     0.000    3.5546    2.1514    1.6220    273.1500    3.7291              0.0000
    13.126    3.5546    2.1514    1.6220    326.0380    3.7402       79392118.2530
    13.126    4.9257    2.9814    2.2477    326.0380    3.7402       79392118.2530
    29.661    4.9257    2.9814    2.2477    392.6693    3.7458      218401225.4027
    29.661    5.6557    3.4231    2.5808    392.6693    3.7458      218401225.4027
    48.101    5.6557    3.4231    2.5808    466.9797    3.7471      396669090.3694
    48.101    7.9963    4.5415    3.5191    466.9797    3.7471      396669090.3694
    57.675    7.9884    4.5317    3.5187    505.5568    3.7403      522898127.8930
    67.248    7.9803    4.5218    3.5183    544.1339    3.7336      648885638.2435
    76.821    7.9718    4.5118    3.5178    582.7111    3.7269      774630366.7308
    86.394    7.9627    4.5015    3.5172    621.2882    3.7202      900130036.5135
    95.968    7.9540    4.4915    3.5167    659.8653    3.7135     1025384819.8083
   105.541    7.9452    4.4815    3.5162    698.4425    3.7069     1150396437.3644
   115.114    7.9365    4.4716    3.5156    737.0196    3.7003     1275165172.2895
   124.687    7.9271    4.4615    3.5150    775.5967    3.6937     1399689642.7272
   134.261    7.9181    4.4515    3.5143    814.1739    3.6872     1523969125.6220
   143.834    7.9087    4.4415    3.5136    852.7510    3.6806     1648004035.5181
   153.407    7.8993    4.4315    3.5128    891.3282    3.6742     1771793546.9135
   162.980    7.8902    4.4217    3.5121    929.9053    3.6677     1895338396.8148
   172.553    7.8812    4.4119    3.5113    968.4824    3.6613     2018640112.8610
   182.127    7.8718    4.4020    3.5105   1007.0596    3.6549     2141699328.9628
   191.700    7.8624    4.3923    3.5096   1045.6367    3.6486     2264514742.7332
   201.273    7.8533    4.3826    3.5088   1084.2138    3.6422     2387086803.6203
   210.846    7.8434    4.3726    3.5079   1122.7910    3.6360     2509416099.6090
   220.420    7.8340    4.3629    3.5070   1161.3681    3.6297     2631502859.6650
   229.993    7.8250    4.3534    3.5061   1199.9452    3.6235     2753349350.1471
   239.566    7.8155    4.3435    3.5052   1238.5224    3.6173     2874956125.9516
   249.139    7.8059    4.3336    3.5043   1277.0995    3.6112     2996323646.4275
   258.713    7.7968    4.3239    3.5034   1315.6766    3.6051     3117453573.6686
   268.286    7.7882    4.3148    3.5024   1354.2538    3.5990     3238345958.2201
   277.859    7.7787    4.3049    3.5014   1392.8309    3.5930     3359000137.9592
   287.432    7.7703    4.2959    3.5004   1431.4081    3.5870     3479418749.3489
   297.006    7.7614    4.2864    3.4995   1469.9852    3.5811     3599604269.4843
   306.579    7.7521    4.2769    3.4984   1508.5623    3.5752     3719555533.0563
   316.152    7.7430    4.2671    3.4974   1547.1395    3.5693     3839273436.2064
   325.725    7.7335    4.2576    3.4963   1585.7166    3.5635     3958759962.0218
   335.298    7.7242    4.2480    3.4952   1624.2937    3.5577     4078015019.3980
   344.872    7.7153    4.2385    3.4943   1662.8709    3.5519     4197041310.6603
   354.445    7.7056    4.2288    3.4931   1701.4480    3.5462     4315839617.4515
   364.018    7.6963    4.2191    3.4921   1740.0251    3.5406     4434409674.1010
   373.591    7.6873    4.2096    3.4910   1778.6023    3.5350     4552755006.6429
   383.165    7.6777    4.1999    3.4898   1817.1794    3.5294     4670875429.5083
   392.738    7.6685    4.1903    3.4888   1855.7566    3.5239     4788771893.1592
   402.311    7.6587    4.1804    3.4876   1894.3337    3.5184     4906445713.9873
   411.884    7.6491    4.1707    3.4865   1932.9108    3.5130     5023897640.8341
   421.458    7.6392    4.1607    3.4853   1971.4880    3.5076     5141129870.5878
   431.031    7.6299    4.1510    3.4841   2010.0651    3.5023     5258142966.8437
   454.479    7.6603    4.1607    3.4929   2014.9992    3.4893     5544627168.5275
   477.928    7.6886    4.1695    3.5013   2019.6875    3.4764     5830752136.2268
   501.376    7.7166    4.1784    3.5096   2024.3784    3.4636     6116503648.7584
   524.825    7.7439    4.1870    3.5178   2028.8383    3.4508     6401874128.8781
   548.273    7.7702    4.1951    3.5260   2033.2899    3.4382     6686855001.6257
   571.722    7.7965    4.2034    3.5340   2037.5682    3.4257     6971444226.8565
   595.170    7.8221    4.2113    3.5421   2041.9376    3.4132     7255643587.0347
   618.618    7.8477    4.2193    3.5500   2046.1626    3.4009     7539452589.2937
   642.067    7.8729    4.2272    3.5579   2050.2608    3.3887     7822868020.5516
   665.515    7.8976    4.2348    3.5657   2054.2430    3.3766     8105889285.1409
   688.964    7.9228    4.2428    3.5736   2058.2472    3.3647     8388523708.2005
   712.412    7.9472    4.2505    3.5814   2062.0959    3.3530     8670779339.0314
   735.861    7.9717    4.2582    3.5892   2065.8762    3.3413     8952659081.4613
   759.309    7.9963    4.2660    3.5970   2069.7209    3.3299     9234173193.2967
   782.758    8.0202    4.2735    3.6046   2073.3714    3.3186     9515327349.6304
   806.206    8.0447    4.2815    3.6125   2076.9694    3.3075     9796133539.7336
   829.655    8.0701    4.2899    3.6206   2080.5208    3.2966    10076619545.8077
   853.103    8.0959    4.2987    3.6287   2084.1044    3.2859    10356807349.3626
   876.552    8.1212    4.3072    3.6370   2087.5586    3.2754    10636715063.8358
   900.000    8.1473    4.3162    3.6454   2091.0022    3.2651    10916367061.7601
   917.163    8.1669    4.3232    3.6517   2093.4439    3.2577    11120830240.3259
   934.327    8.1873    4.3306    3.6583   2095.9244    3.2504    11325190509.7770
   951.490    8.2078    4.3382    3.6649   2098.3667    3.2433    11529463992.8032
   968.653    8.2300    4.3467    3.6721   2100.8467    3.2362    11733673796.0931
   985.817    8.2516    4.3549    3.6792   2103.2975    3.2293    11937836675.3115
  1002.980    8.2774    4.3658    3.6875   2105.8268    3.2225    12141990465.0769
  1020.144    8.2961    4.3721    3.6942   2108.4955    3.2159    12346129770.6206
  1037.307    8.3133    4.3776    3.7003   2110.9825    3.2094    12550200446.7195
  1054.470    8.3341    4.3852    3.7078   2113.8826    3.2030    12754233224.0823
  1071.634    8.3511    4.3908    3.7138   2116.4481    3.1968    12958232350.9463
  1088.797    8.3664    4.3955    3.7193   2118.7589    3.1908    13162153194.9946
  1105.960    8.3831    4.4011    3.7254   2120.7820    3.1849    13366006028.7654
  1123.124    8.4136    4.4161    3.7360   2123.0123    3.1792    13569941049.6774
  1140.287    8.5522    4.5030    3.7737   2138.4003    3.1735    13774830671.0009
  1157.451    8.7199    4.6094    3.8179   2156.4916    3.1674    13981579432.6231
  1174.614    8.8835    4.7134    3.8595   2167.2346    3.1610    14190263541.0459
  1191.777    8.8979    4.7177    3.8647   2169.2596    3.1545    14399795711.6839
  1208.941    8.9122    4.7219    3.8700   2171.3874    3.1483    14609183970.3115
  1226.104    8.9262    4.7260    3.8752   2173.4899    3.1422    14818440631.1851
  1243.267    8.9405    4.7304    3.8807   2175.5038    3.1364    15027584838.1597
  1260.431    8.9542    4.7344    3.8859   2177.3222    3.1308    15236630053.1298
  1277.594    8.9676    4.7381    3.8913   2179.1705    3.1255    15445587397.6606
  1294.758    8.9807    4.7418    3.8964   2180.8858    3.1204    15654470297.2683
  1311.921    8.9944    4.7459    3.9020   2182.6493    3.1156    15863299333.9146
  1329.084    9.0073    4.7495    3.9072   2184.2563    3.1110    16072092736.8630
  1346.248    9.0200    4.7531    3.9124   2185.8754    3.1068    16280860685.0911
  1363.411    9.0329    4.7568    3.9179   2187.3156    3.1028    16489628424.3642
  1380.574    9.0455    4.7604    3.9232   2188.4012    3.0991    16698414800.2521
  1397.738    9.0580    4.7640    3.9284   2189.6470    3.0957    16907233253.2710
  1414.901    9.0703    4.7672    3.9342   2191.1181    3.0927    17116116714.8663
  1432.065    9.0821    4.7701    3.9397   2192.3612    3.0900    17325093753.0633
  1449.228    9.1167    4.7879    3.9495   2195.9127    3.0876    17534296224.7983
  1466.391    9.1570    4.8094    3.9612   2200.9575    3.0855    17743908350.0374
  1483.555    9.1977    4.8316    3.9727   2205.2077    3.0838    17953992532.9126
  1500.718    9.2393    4.8545    3.9852   2210.0699    3.0822    18164588143.9013
  1517.881    9.2790    4.8764    3.9974   2214.8515    3.0811    18375735168.1062
  1535.045    9.3116    4.8940    4.0078   2218.6963    3.0802    18587399544.7338
  1552.208    9.3246    4.8987    4.0126   2220.5959    3.0797    18799404996.5291
  1569.372    9.3374    4.9034    4.0173   2222.5887    3.0798    19011630843.2293
  1569.372    4.9031    0.0000    4.0196         nan    3.0798    19011630843.2293
  1589.327    4.9192    0.0000    4.0264         nan    3.0803    19258875377.0642
  1609.282    4.9354    0.0000    4.0333         nan    3.0816    19506588294.0030
  1629.237    4.9516    0.0000    4.0402         nan    3.0835    19754823098.5851
  1649.193    4.9671    0.0000    4.0468         nan    3.0862    20003627820.0310
  1669.148    4.9824    0.0000    4.0533         nan    3.0896    20253052316.8499
  1689.103    4.9978    0.0000    4.0599         nan    3.0939    20503158319.6290
  1709.059    5.0126    0.0000    4.0662         nan    3.0990    20754005738.8697
  1729.014    5.0273    0.0000    4.0724         nan    3.1050    21005655515.1801
  1748.969    5.0419    0.0000    4.0787         nan    3.1119    21258179416.0585
  1748.969    5.1875    0.0000    6.5502         nan    3.1119    21258179416.0585
  1805.539    5.2616    0.0000    6.5919         nan    3.0151    22414955160.1809
  1862.109    5.3317    0.0000    6.6314         nan    2.9171    23542677311.3141
  1918.679    5.3979    0.0000    6.6689         nan    2.8180    24640103105.2866
  1975.249    5.4605    0.0000    6.7044         nan    2.7179    25706060163.7109
  2031.819    5.5197    0.0000    6.7380         nan    2.6167    26739442182.3439
  2088.389    5.5757    0.0000    6.7698         nan    2.5146    27739205306.9513
  2144.959    5.6285    0.0000    6.7999         nan    2.4117    28704365092.0069
  2201.529    5.6783    0.0000    6.8283         nan    2.3079    29633993963.8336
  2258.099    5.7252    0.0000    6.8551         nan    2.2033    30527219141.2460
  2314.670    5.7693    0.0000    6.8804         nan    2.0980    31383220986.6591
  2371.240    5.8107    0.0000    6.9041         nan    1.9921    32201231780.8015
  2427.810    5.8495    0.0000    6.9264         nan    1.8856    32980534949.1810
  2484.380    5.8858    0.0000    6.9472         nan    1.7785    33720464805.2286
  2540.950    5.9196    0.0000    6.9666         nan    1.6710    34420406926.1182
  2597.520    5.9510    0.0000    6.9847         nan    1.5630    35079799364.2570
  2654.090    5.9800    0.0000    7.0014         nan    1.4548    35698135031.9243
  2710.660    6.0067    0.0000    7.0168         nan    1.3463    36274965825.4667
  2767.230    6.0311    0.0000    7.0308         nan    1.2378    36809909461.6532
  2823.800    6.0533    0.0000    7.0436         nan    1.1293    37302660746.9013
  2880.370    6.0732    0.0000    7.0552         nan    1.0212    37753010452.5625
  2936.940    6.0910    0.0000    7.0654         nan    0.9139    38160877942.5798
  2993.510    6.1067    0.0000    7.0745         nan    0.8080    38526370207.8932
  3050.080    6.1202    0.0000    7.0823         nan    0.7048    38849895368.8832
  3106.650    6.1316    0.0000    7.0889         nan    0.6070    39132398926.5332
  3163.220    6.1409    0.0000    7.0942         nan    0.5209    39375909961.4821
  3219.790    6.1481    0.0000    7.0984         nan    0.4646    39584999528.7438
  3276.360    6.1533    0.0000    7.1014         nan    0.5119    39771586246.8760
  3332.930    6.1564    0.0000    7.1032         nan    1.2613    39977252821.9735
  3389.500    6.1574    0.0000    7.1038         nan    0.0000    40484095697.6468
