# Depth[km]  Vp[km/s]  Vs[km/s] Rho[g/cm3]    T[K]     g[m/s2]         P[Pa]        
     0.000    3.5315    2.1322    1.6143    273.1500    3.7291              0.0000
    10.839    3.5315    2.1322    1.6143    318.3504    3.7383       65246510.3674
    10.839    4.6657    2.8170    2.1328    318.3504    3.7383       65246510.3674
    28.940    4.6657    2.8170    2.1328    393.8490    3.7461      209572892.0072
    28.940    5.4384    3.2836    2.4860    393.8490    3.7461      209572892.0072
    46.343    5.4384    3.2836    2.4860    466.4318    3.7488      371645238.0953
    46.343    7.9944    4.5410    3.5185    466.4318    3.7488      371645238.0953
    55.946    7.9858    4.5307    3.5180    506.4802    3.7420      498289458.2604
    65.548    7.9769    4.5203    3.5174    546.5286    3.7352      624685830.5020
    75.150    7.9676    4.5097    3.5168    586.5770    3.7285      750832990.2395
    84.752    7.9578    4.4990    3.5161    626.6254    3.7218      876728835.5098
    94.354    7.9484    4.4885    3.5154    666.6738    3.7151     1002373719.7660
   103.957    7.9389    4.4780    3.5147    706.7222    3.7085     1127769052.8410
   113.559    7.9289    4.4673    3.5139    746.7706    3.7019     1252913251.3575
   123.161    7.9191    4.4568    3.5132    786.8190    3.6953     1377806424.6968
   132.763    7.9089    4.4462    3.5123    826.8674    3.6887     1502448469.5571
   142.366    7.8989    4.4357    3.5114    866.9158    3.6822     1626838578.4912
   151.968    7.8892    4.4255    3.5106    906.9642    3.6757     1750978566.5263
   161.570    7.8791    4.4151    3.5096    947.0126    3.6693     1874868352.8905
   171.172    7.8687    4.4046    3.5086    987.0610    3.6629     1998506376.0764
   180.774    7.8587    4.3943    3.5077   1027.1095    3.6565     2121893551.2095
   190.377    7.8489    4.3842    3.5067   1067.1579    3.6501     2245031654.6175
   199.979    7.8377    4.3733    3.5055   1107.2063    3.6438     2367918489.2377
   209.581    7.8278    4.3633    3.5045   1147.2547    3.6375     2490555162.3048
   219.183    7.8179    4.3531    3.5035   1187.3031    3.6313     2612945510.2249
   228.786    7.8074    4.3427    3.5023   1227.3515    3.6251     2735087398.7407
   238.388    7.7970    4.3324    3.5013   1267.3999    3.6189     2856982198.1352
   247.990    7.7872    4.3223    3.5002   1307.4483    3.6128     2978633353.8657
   257.592    7.7772    4.3123    3.4990   1347.4967    3.6067     3100038576.0169
   267.194    7.7673    4.3021    3.4979   1387.5451    3.6007     3221198220.5233
   276.797    7.7580    4.2924    3.4968   1427.5935    3.5947     3342116470.0211
   286.399    7.7477    4.2822    3.4955   1467.6419    3.5887     3462792835.2806
   296.001    7.7378    4.2722    3.4943   1507.6903    3.5828     3583226718.9179
   305.603    7.7279    4.2620    3.4931   1547.7387    3.5769     3703420498.9992
   315.206    7.7175    4.2519    3.4919   1587.7871    3.5711     3823375177.9968
   324.808    7.7074    4.2418    3.4906   1627.8355    3.5653     3943091643.7690
   334.410    7.6974    4.2317    3.4895   1667.8839    3.5595     4062572416.5202
   344.012    7.6872    4.2215    3.4881   1707.9323    3.5538     4181817854.2630
   353.614    7.6768    4.2113    3.4868   1747.9808    3.5482     4300827607.3062
   363.217    7.6663    4.2009    3.4855   1788.0292    3.5426     4419603219.9561
   372.819    7.6563    4.1908    3.4842   1828.0776    3.5370     4538146748.7734
   382.421    7.6457    4.1804    3.4829   1868.1260    3.5315     4656459547.1342
   392.023    7.6350    4.1700    3.4815   1908.1744    3.5260     4774541968.8344
   401.626    7.6244    4.1595    3.4802   1948.2228    3.5206     4892395638.2121
   411.228    7.6141    4.1493    3.4788   1988.2712    3.5152     5010021914.2553
   420.830    7.6041    4.1392    3.4775   2028.3196    3.5099     5127422860.6482
   430.432    7.5935    4.1287    3.4761   2068.3680    3.5046     5244600449.9087
   453.911    7.6239    4.1383    3.4849   2073.4615    3.4918     5530984115.8264
   477.389    7.6534    4.1475    3.4936   2078.5275    3.4791     5817036449.6358
   500.867    7.6822    4.1566    3.5020   2083.4217    3.4664     6102747145.7914
   524.346    7.7098    4.1653    3.5103   2088.0783    3.4539     6388100679.3259
   547.824    7.7373    4.1740    3.5187   2092.8642    3.4414     6673093686.5338
   571.303    7.7637    4.1821    3.5269   2097.3896    3.4290     6957726376.4084
   594.781    7.7898    4.1903    3.5349   2101.8760    3.4168     7241990687.0499
   618.259    7.8153    4.1982    3.5429   2106.3163    3.4046     7525883329.0200
   641.738    7.8407    4.2062    3.5508   2110.4879    3.3926     7809402545.2325
   665.216    7.8663    4.2142    3.5588   2114.7535    3.3807     8092553701.1397
   688.695    7.8913    4.2220    3.5667   2118.9388    3.3690     8375345063.5287
   712.173    7.9160    4.2298    3.5746   2122.9480    3.3574     8657778069.4922
   735.651    7.9409    4.2376    3.5825   2127.0265    3.3460     8939860433.9622
   759.130    7.9655    4.2454    3.5903   2130.9140    3.3347     9221600268.7831
   782.608    7.9903    4.2534    3.5982   2134.7225    3.3236     9503006362.2508
   806.086    8.0155    4.2616    3.6063   2138.6156    3.3127     9784100251.8805
   829.565    8.0404    4.2697    3.6142   2142.3208    3.3020    10064898062.4832
   853.043    8.0649    4.2777    3.6221   2146.0035    3.2916    10345403423.4718
   876.522    8.0912    4.2867    3.6305   2149.5688    3.2813    10625647294.9034
   900.000    8.1165    4.2952    3.6386   2153.2677    3.2712    10905651719.2393
   917.239    8.1379    4.3031    3.6454   2155.8399    3.2640    11111031057.6079
   934.477    8.1585    4.3106    3.6521   2158.4510    3.2568    11316333024.8934
   951.716    8.1793    4.3182    3.6588   2160.9883    3.2498    11521562316.6272
   968.955    8.2006    4.3261    3.6658   2163.5922    3.2429    11726734334.5643
   986.194    8.2236    4.3352    3.6731   2166.2166    3.2362    11931872561.1997
  1003.432    8.2469    4.3443    3.6809   2168.8336    3.2296    12137005441.4840
  1020.671    8.2658    4.3506    3.6875   2171.6245    3.2231    12342119581.6192
  1037.910    8.2845    4.3570    3.6942   2174.3707    3.2168    12547192621.2357
  1055.149    8.3035    4.3636    3.7010   2177.1594    3.2106    12752236537.4606
  1072.387    8.3223    4.3701    3.7077   2179.9403    3.2046    12957260926.7569
  1089.626    8.3383    4.3752    3.7134   2182.3497    3.1988    13162244586.5290
  1106.865    8.3621    4.3856    3.7223   2183.6167    3.1931    13367256750.3071
  1124.103    8.3860    4.3959    3.7314   2184.9334    3.1876    13572401309.8824
  1141.342    8.4102    4.4063    3.7406   2186.3066    3.1822    13777695966.9015
  1158.581    8.5491    4.4935    3.7784   2199.3804    3.1768    13983934309.8670
  1175.820    8.7420    4.6167    3.8286   2216.5639    3.1711    14192230786.4472
  1193.058    8.8585    4.6890    3.8589   2227.8633    3.1650    14402350587.1010
  1210.297    8.8738    4.6937    3.8645   2229.7587    3.1590    14613050483.3156
  1227.536    8.8881    4.6979    3.8698   2231.8842    3.1532    14823646386.3067
  1244.775    8.9035    4.7025    3.8757   2234.3537    3.1477    15034159404.0629
  1262.013    8.9175    4.7066    3.8811   2236.2087    3.1424    15244608024.1250
  1279.252    8.9313    4.7104    3.8867   2238.0746    3.1373    15454999372.5643
  1296.491    8.9453    4.7145    3.8921   2240.1093    3.1325    15665349998.0175
  1313.729    8.9590    4.7183    3.8978   2241.7317    3.1280    15875679715.6789
  1330.968    8.9724    4.7221    3.9033   2243.2089    3.1237    16086006635.0611
  1348.207    8.9854    4.7256    3.9090   2244.7270    3.1197    16296347188.2344
  1365.446    8.9985    4.7291    3.9144   2246.0106    3.1161    16506717584.4017
  1382.684    9.0115    4.7328    3.9203   2247.6000    3.1127    16717145030.5443
  1399.923    9.0242    4.7362    3.9259   2248.7143    3.1097    16927654793.3006
  1417.162    9.0372    4.7398    3.9319   2249.8277    3.1069    17138269235.5321
  1434.401    9.0490    4.7430    3.9370   2250.7000    3.1046    17348997688.5383
  1451.639    9.0608    4.7460    3.9425   2251.7853    3.1026    17559850731.2821
  1468.878    9.0777    4.7517    3.9501   2253.2695    3.1010    17770919213.5026
  1486.117    9.1171    4.7723    3.9618   2257.5627    3.0997    17982391845.1986
  1503.356    9.1587    4.7948    3.9743   2262.0823    3.0987    18194421152.6125
  1520.594    9.2000    4.8172    3.9870   2266.3841    3.0980    18407057952.2223
  1537.833    9.2421    4.8404    4.0007   2270.9341    3.0977    18620356514.2384
  1555.072    9.2623    4.8498    4.0077   2273.3958    3.0978    18834183119.2399
  1572.310    9.2756    4.8548    4.0122   2275.6724    3.0983    19048319554.5402
  1572.310    4.6147    0.0000    4.0525         nan    3.0983    19048319554.5402
  1585.914    4.6245    0.0000    4.0579         nan    3.0986    19219233770.5925
  1599.517    4.6343    0.0000    4.0633         nan    3.0992    19390391624.0555
  1613.120    4.6441    0.0000    4.0687         nan    3.1001    19561809625.1496
  1626.723    4.6539    0.0000    4.0741         nan    3.1013    19733504909.0101
  1640.326    4.6634    0.0000    4.0794         nan    3.1028    19905493277.9399
  1653.930    4.6728    0.0000    4.0846         nan    3.1047    20077788180.9589
  1667.533    4.6821    0.0000    4.0897         nan    3.1070    20250405821.1893
  1681.136    4.6914    0.0000    4.0949         nan    3.1096    20423366231.7557
  1694.739    4.7007    0.0000    4.1000         nan    3.1126    20596690205.8027
  1694.739    5.2147    0.0000    6.3381         nan    3.1126    20596690205.8027
  1753.179    5.2819    0.0000    6.3794         nan    3.0160    21753342637.0978
  1811.619    5.3455    0.0000    6.4187         nan    2.9181    22881190469.4658
  1870.059    5.4058    0.0000    6.4560         nan    2.8191    23978975136.3094
  1928.499    5.4629    0.0000    6.4915         nan    2.7189    25045502388.7753
  1986.939    5.5171    0.0000    6.5252         nan    2.6177    26079638884.8477
  2045.379    5.5683    0.0000    6.5571         nan    2.5156    27080309235.8411
  2103.819    5.6167    0.0000    6.5874         nan    2.4125    28046493427.6039
  2162.259    5.6625    0.0000    6.6160         nan    2.3084    28977224555.4464
  2220.699    5.7056    0.0000    6.6431         nan    2.2036    29871586812.4024
  2279.139    5.7463    0.0000    6.6686         nan    2.0980    30728713682.6252
  2337.579    5.7845    0.0000    6.6926         nan    1.9916    31547786298.9598
  2396.019    5.8203    0.0000    6.7152         nan    1.8845    32328031915.7181
  2454.460    5.8538    0.0000    6.7363         nan    1.7767    33068722450.2922
  2512.900    5.8851    0.0000    6.7560         nan    1.6683    33769173041.6613
  2571.340    5.9141    0.0000    6.7744         nan    1.5593    34428740549.7057
  2629.780    5.9410    0.0000    6.7913         nan    1.4497    35046821894.2452
  2688.220    5.9657    0.0000    6.8070         nan    1.3396    35622852074.5812
  2746.660    5.9884    0.0000    6.8213         nan    1.2289    36156301610.7589
  2805.100    6.0090    0.0000    6.8344         nan    1.1178    36646672962.2772
  2863.540    6.0275    0.0000    6.8461         nan    1.0061    37093495114.1464
  2921.980    6.0440    0.0000    6.8566         nan    0.8937    37496314771.1697
  2980.420    6.0585    0.0000    6.8658         nan    0.7807    37854680961.5114
  3038.860    6.0711    0.0000    6.8738         nan    0.6667    38168115963.9089
  3097.300    6.0817    0.0000    6.8805         nan    0.5510    38436055326.8246
  3155.740    6.0904    0.0000    6.8860         nan    0.4322    38657709746.0850
  3214.180    6.0971    0.0000    6.8903         nan    0.3057    38831696854.0108
  3272.620    6.1019    0.0000    6.8934         nan    0.1530    38954828581.8088
  3331.060    6.1047    0.0000    6.8952         nan   -0.1764    39016480671.2572
  3389.500    6.1057    0.0000    6.8958         nan    0.0000    38945396584.7146
