# Depth[km]  Vp[km/s]  Vs[km/s] Rho[g/cm3]    T[K]     g[m/s2]         P[Pa]        
     0.000    3.7981    2.2924    1.7235    273.1500    3.7291              0.0000
    12.362    3.7981    2.2924    1.7235    323.0213    3.7385       79451394.2615
    12.362    4.6013    2.7772    2.0879    323.0213    3.7385       79451394.2615
    27.372    4.6013    2.7772    2.0879    383.5786    3.7455      196612978.4943
    27.372    5.9669    3.6014    2.7076    383.5786    3.7455      196612978.4943
    46.663    5.9669    3.6014    2.7076    461.4122    3.7448      392259374.6657
    46.663    7.9568    4.5331    3.5032    461.4122    3.7448      392259374.6657
    56.214    7.9491    4.5237    3.5030    499.9442    3.7382      517548636.6390
    65.764    7.9410    4.5140    3.5027    538.4762    3.7316      642605319.7916
    75.315    7.9326    4.5042    3.5023    577.0082    3.7250      767428063.8829
    84.865    7.9236    4.4942    3.5018    615.5402    3.7184      892014066.9995
    94.416    7.9148    4.4843    3.5014    654.0722    3.7119     1016363452.8458
   103.966    7.9058    4.4744    3.5009    692.6042    3.7053     1140477970.4951
   113.517    7.8970    4.4646    3.5004    731.1362    3.6988     1264357734.0603
   123.067    7.8875    4.4545    3.4997    769.6683    3.6924     1388000740.1216
   132.618    7.8783    4.4446    3.4992    808.2003    3.6860     1511406500.4132
   142.168    7.8687    4.4346    3.4985    846.7323    3.6796     1634575799.2815
   151.719    7.8587    4.4244    3.4978    885.2643    3.6732     1757506128.0980
   161.269    7.8498    4.4147    3.4972    923.7963    3.6669     1880200070.5501
   170.820    7.8398    4.4047    3.4964    962.3283    3.6606     2002658195.9021
   180.370    7.8303    4.3949    3.4956   1000.8603    3.6543     2124879231.9367
   189.921    7.8200    4.3847    3.4947   1039.3923    3.6481     2246862866.3255
   199.471    7.8102    4.3748    3.4939   1077.9244    3.6419     2368608642.1687
   209.022    7.7999    4.3646    3.4930   1116.4564    3.6357     2490117750.0792
   218.572    7.7900    4.3546    3.4922   1154.9884    3.6296     2611391429.7343
   228.123    7.7797    4.3446    3.4912   1193.5204    3.6235     2732429243.8619
   237.673    7.7698    4.3347    3.4903   1232.0524    3.6174     2853231262.2361
   247.224    7.7585    4.3240    3.4892   1270.5844    3.6114     2973796402.5311
   256.774    7.7503    4.3150    3.4885   1309.1164    3.6054     3094129260.1133
   266.325    7.7399    4.3050    3.4874   1347.6484    3.5995     3214231923.1300
   275.875    7.7308    4.2954    3.4865   1386.1805    3.5936     3334102238.3119
   285.426    7.7210    4.2857    3.4855   1424.7125    3.5877     3453743098.6208
   294.976    7.7109    4.2758    3.4843   1463.2445    3.5819     3573152396.2462
   304.527    7.7013    4.2661    3.4834   1501.7765    3.5761     3692332013.4346
   314.077    7.6914    4.2563    3.4823   1540.3085    3.5704     3811284375.6738
   323.628    7.6809    4.2462    3.4811   1578.8405    3.5647     3930007774.0708
   333.178    7.6712    4.2365    3.4802   1617.3725    3.5591     4048505723.5633
   342.729    7.6612    4.2266    3.4791   1655.9046    3.5534     4166781053.5111
   352.279    7.6506    4.2165    3.4779   1694.4366    3.5479     4284831692.1732
   361.830    7.6404    4.2066    3.4768   1732.9686    3.5423     4402659275.5692
   371.380    7.6307    4.1969    3.4758   1771.5006    3.5369     4520266605.1139
   380.931    7.6196    4.1865    3.4745   1810.0326    3.5314     4637653092.1078
   390.481    7.6100    4.1768    3.4735   1848.5646    3.5260     4754821722.2144
   400.032    7.5989    4.1664    3.4724   1887.0966    3.5207     4871774821.4061
   409.582    7.5882    4.1563    3.4711   1925.6286    3.5154     4988509977.9327
   419.133    7.5779    4.1462    3.4700   1964.1607    3.5102     5105029613.0571
   428.683    7.5669    4.1359    3.4687   2002.6927    3.5050     5221335745.5366
   452.249    7.6002    4.1458    3.4778   2007.7311    3.4922     5508220261.9708
   475.815    7.6317    4.1552    3.4866   2012.6303    3.4796     5794798505.7470
   499.381    7.6628    4.1644    3.4953   2017.4227    3.4670     6081055264.9728
   522.946    7.6922    4.1730    3.5039   2022.1080    3.4545     6366979792.8496
   546.512    7.7215    4.1817    3.5122   2026.5940    3.4421     6652559200.1623
   570.078    7.7494    4.1899    3.5204   2031.0220    3.4298     6937784850.3187
   593.644    7.7776    4.1982    3.5287   2035.3692    3.4176     7222657653.3434
   617.210    7.8047    4.2062    3.5368   2039.6512    3.4055     7507177056.1457
   640.776    7.8313    4.2141    3.5447   2043.6750    3.3936     7791332475.0633
   664.342    7.8582    4.2221    3.5527   2047.8048    3.3818     8075126558.4353
   687.907    7.8840    4.2297    3.5605   2051.7973    3.3701     8358565313.6513
   711.473    7.9105    4.2375    3.5685   2055.7443    3.3586     8641655197.6672
   735.039    7.9361    4.2451    3.5763   2059.5538    3.3473     8924403665.4697
   758.605    7.9622    4.2530    3.5842   2063.3801    3.3361     9206816517.6018
   782.171    7.9873    4.2606    3.5919   2067.0245    3.3251     9488900403.2921
   805.737    8.0129    4.2684    3.5997   2070.6405    3.3143     9770663290.9872
   829.302    8.0384    4.2763    3.6076   2074.2215    3.3037    10052123680.0668
   852.868    8.0650    4.2848    3.6157   2077.8305    3.2934    10333306787.6513
   876.434    8.0911    4.2933    3.6236   2081.1447    3.2832    10614228891.9642
   900.000    8.1175    4.3017    3.6320   2084.6919    3.2733    10894915344.5283
   917.139    8.1369    4.3081    3.6380   2087.0998    3.2662    11098844168.8945
   934.279    8.1558    4.3143    3.6439   2089.5303    3.2592    11302666327.1270
   951.418    8.1778    4.3222    3.6508   2091.9942    3.2524    11506410861.4491
   968.557    8.1991    4.3299    3.6575   2094.4407    3.2457    11710109050.7223
   985.696    8.2194    4.3370    3.6639   2096.8376    3.2392    11913754747.7431
  1002.836    8.2444    4.3469    3.6718   2099.3146    3.2328    12117386332.5999
  1019.975    8.2670    4.3555    3.6790   2101.7936    3.2265    12321031574.3836
  1037.114    8.2951    4.3672    3.6880   2104.3441    3.2203    12524728724.3319
  1054.254    8.3125    4.3729    3.6937   2106.6818    3.2143    12728444882.9644
  1071.393    8.3302    4.3786    3.6997   2108.8518    3.2085    12932103483.8421
  1088.532    8.3472    4.3840    3.7055   2111.0971    3.2029    13135714689.3136
  1105.671    8.3644    4.3896    3.7112   2113.2592    3.1974    13339282429.2868
  1122.811    8.4205    4.4212    3.7273   2119.5047    3.1921    13543103361.6939
  1139.950    8.5799    4.5219    3.7701   2134.9499    3.1866    13748196136.9759
  1157.089    8.7723    4.6447    3.8200   2156.4521    3.1808    13955467404.9523
  1174.228    8.8562    4.6955    3.8419   2159.0223    3.1747    14164315114.3621
  1191.368    8.8718    4.7004    3.8472   2161.3536    3.1687    14373503999.3653
  1208.507    8.8881    4.7048    3.8536   2164.1994    3.1629    14582615539.1589
  1225.646    8.9038    4.7095    3.8593   2166.7199    3.1573    14791672378.2930
  1242.786    8.9191    4.7141    3.8648   2169.2072    3.1520    15000662839.4036
  1259.925    8.9344    4.7188    3.8703   2171.6941    3.1469    15209596002.3171
  1277.064    8.9486    4.7235    3.8751   2173.9785    3.1420    15418470373.2535
  1294.203    8.9622    4.7281    3.8797   2176.2380    3.1374    15627276667.0364
  1311.343    8.9787    4.7328    3.8860   2179.0600    3.1331    15836069602.3929
  1328.482    8.9936    4.7375    3.8914   2181.3276    3.1291    16044889933.3817
  1345.621    9.0081    4.7422    3.8968   2183.8111    3.1253    16253730734.0599
  1362.761    9.0226    4.7468    3.9021   2186.2989    3.1219    16462606265.4513
  1379.900    9.0357    4.7513    3.9065   2188.4945    3.1187    16671511742.0662
  1397.039    9.0499    4.7559    3.9115   2190.7262    3.1160    16880459283.8388
  1414.178    9.0779    4.7697    3.9187   2194.5640    3.1135    17089546568.7383
  1431.318    9.1192    4.7914    3.9297   2201.1618    3.1113    17298954104.5860
  1448.457    9.1589    4.8131    3.9392   2206.8384    3.1095    17508760435.1932
  1465.596    9.2000    4.8360    3.9493   2212.7632    3.1079    17718963256.6884
  1482.735    9.2415    4.8586    3.9605   2219.0009    3.1067    17929629905.5215
  1499.875    9.2810    4.8807    3.9708   2225.4833    3.1058    18140785593.5674
  1517.014    9.3219    4.9037    3.9822   2231.8432    3.1052    18352454978.4468
  1534.153    9.3568    4.9227    3.9931   2235.7693    3.1050    18564678633.1907
  1551.293    9.3695    4.9272    3.9974   2237.4940    3.1052    18777293767.7064
  1568.432    9.3814    4.9310    4.0018   2240.0389    3.1059    18990154485.1462
  1568.432    4.5324    0.0000    4.0461         nan    3.1059    18990154485.1462
  1581.886    4.5455    0.0000    4.0516         nan    3.1062    19159340495.6280
  1595.340    4.5587    0.0000    4.0571         nan    3.1069    19328777130.5747
  1608.794    4.5718    0.0000    4.0626         nan    3.1079    19498480274.4598
  1622.248    4.5850    0.0000    4.0682         nan    3.1091    19668466408.5255
  1635.702    4.5979    0.0000    4.0736         nan    3.1107    19838750685.3576
  1649.155    4.6104    0.0000    4.0788         nan    3.1127    20009345014.9292
  1662.609    4.6228    0.0000    4.0840         nan    3.1149    20180264004.4459
  1676.063    4.6353    0.0000    4.0892         nan    3.1176    20351526925.5216
  1689.517    4.6478    0.0000    4.0945         nan    3.1206    20523153773.7105
  1689.517    5.2073    0.0000    6.3327         nan    3.1206    20523153773.7105
  1748.137    5.2828    0.0000    6.3743         nan    3.0238    21685391136.3306
  1806.757    5.3540    0.0000    6.4137         nan    2.9258    22818757052.6144
  1865.378    5.4214    0.0000    6.4510         nan    2.8266    23921963609.3488
  1923.998    5.4851    0.0000    6.4864         nan    2.7263    24993795482.1185
  1982.618    5.5453    0.0000    6.5199         nan    2.6250    26033105411.7177
  2041.238    5.6022    0.0000    6.5516         nan    2.5227    27038810390.8725
  2099.858    5.6559    0.0000    6.5816         nan    2.4195    28009888446.4207
  2158.478    5.7066    0.0000    6.6100         nan    2.3154    28945375928.2607
  2217.098    5.7543    0.0000    6.6367         nan    2.2106    29844365249.8229
  2275.718    5.7991    0.0000    6.6619         nan    2.1050    30706003037.1275
  2334.338    5.8413    0.0000    6.6855         nan    1.9986    31529488672.5266
  2392.958    5.8807    0.0000    6.7077         nan    1.8917    32314073238.9110
  2451.578    5.9176    0.0000    6.7285         nan    1.7842    33059058900.1650
  2510.199    5.9520    0.0000    6.7479         nan    1.6761    33763798798.6198
  2568.819    5.9839    0.0000    6.7658         nan    1.5676    34427697608.2894
  2627.439    6.0134    0.0000    6.7825         nan    1.4588    35050212987.4796
  2686.059    6.0405    0.0000    6.7978         nan    1.3496    35630858340.9818
  2744.679    6.0653    0.0000    6.8118         nan    1.2402    36169207600.5873
  2803.299    6.0878    0.0000    6.8246         nan    1.1308    36664903282.5650
  2861.919    6.1081    0.0000    6.8361         nan    1.0215    37117670144.3031
  2920.539    6.1262    0.0000    6.8463         nan    0.9127    37527338944.2527
  2979.159    6.1421    0.0000    6.8553         nan    0.8049    37893889579.0933
  3037.779    6.1559    0.0000    6.8631         nan    0.6990    38217534166.2800
  3096.400    6.1675    0.0000    6.8697         nan    0.5970    38498890123.3826
  3155.020    6.1769    0.0000    6.8750         nan    0.5034    38739380467.5968
  3213.640    6.1843    0.0000    6.8792         nan    0.4315    38942302806.4537
  3272.260    6.1895    0.0000    6.8822         nan    0.4353    39116351971.6566
  3330.880    6.1926    0.0000    6.8839         nan    0.9515    39291978885.8102
  3389.500    6.1937    0.0000    6.8845         nan    0.0000    39675951742.4086
