# Depth[km]  Vp[km/s]  Vs[km/s] Rho[g/cm3]    T[K]     g[m/s2]         P[Pa]        
     0.000    3.5405    2.1163    1.6232    273.1500    3.7291              0.0000
    10.960    3.5405    2.1163    1.6232    314.1520    3.7383       66344325.8883
    10.960    5.1102    3.0546    2.3429    314.1520    3.7383       66344325.8883
    28.041    5.1102    3.0546    2.3429    378.0573    3.7427      215950507.6155
    28.041    6.2461    3.7336    2.8637    378.0573    3.7427      215950507.6155
    44.967    6.2461    3.7336    2.8637    441.3835    3.7398      397364185.6307
    44.967    7.9529    4.5330    3.4845    441.3835    3.7398      397364185.6307
    54.910    7.9477    4.5253    3.4847    478.5811    3.7330      526930293.4250
    64.852    7.9423    4.5174    3.4848    515.7787    3.7262      656265236.2502
    74.794    7.9364    4.5093    3.4848    552.9763    3.7195      785367323.0721
    84.737    7.9303    4.5010    3.4848    590.1739    3.7127      914235055.7316
    94.679    7.9234    4.4924    3.4846    627.3714    3.7060     1042865149.0953
   104.621    7.9170    4.4841    3.4845    664.5690    3.6993     1171257530.5341
   114.564    7.9106    4.4757    3.4843    701.7666    3.6927     1299414043.5659
   124.506    7.9040    4.4673    3.4842    738.9642    3.6861     1427334741.8831
   134.448    7.8968    4.4586    3.4838    776.1618    3.6795     1555017307.6033
   144.391    7.8902    4.4502    3.4836    813.3594    3.6729     1682461650.8001
   154.333    7.8830    4.4415    3.4832    850.5570    3.6664     1809667482.3132
   164.276    7.8759    4.4330    3.4829    887.7545    3.6599     1936633615.2605
   174.218    7.8690    4.4245    3.4825    924.9521    3.6534     2063361406.4500
   184.160    7.8625    4.4162    3.4821    962.1497    3.6470     2189852316.1486
   194.103    7.8554    4.4076    3.4817    999.3473    3.6406     2316106013.0444
   204.045    7.8482    4.3990    3.4812   1036.5449    3.6343     2442120773.0812
   213.987    7.8408    4.3905    3.4805   1073.7425    3.6279     2567895073.7728
   223.930    7.8336    4.3818    3.4800   1110.9401    3.6217     2693429893.6124
   233.872    7.8267    4.3734    3.4796   1148.1377    3.6154     2818729968.3200
   243.814    7.8199    4.3649    3.4791   1185.3352    3.6092     2943796268.0552
   253.757    7.8136    4.3569    3.4785   1222.5328    3.6030     3068628157.7985
   263.699    7.8060    4.3481    3.4778   1259.7304    3.5969     3193224552.6364
   273.641    7.7988    4.3395    3.4773   1296.9280    3.5908     3317586816.5880
   283.584    7.7918    4.3312    3.4766   1334.1256    3.5847     3441716551.4762
   293.526    7.7851    4.3229    3.4760   1371.3232    3.5787     3565614730.9577
   303.468    7.7776    4.3142    3.4753   1408.5208    3.5727     3689280546.2845
   313.411    7.7710    4.3059    3.4747   1445.7184    3.5668     3812715009.2398
   323.353    7.7642    4.2977    3.4740   1482.9159    3.5609     3935922472.0236
   333.296    7.7574    4.2893    3.4734   1520.1135    3.5550     4058904339.3729
   343.238    7.7494    4.2804    3.4725   1557.3111    3.5492     4181657581.4510
   353.180    7.7428    4.2722    3.4719   1594.5087    3.5434     4304183155.9325
   363.123    7.7363    4.2640    3.4712   1631.7063    3.5377     4426486651.3714
   373.065    7.7283    4.2551    3.4704   1668.9039    3.5320     4548565946.0127
   383.007    7.7215    4.2468    3.4697   1706.1015    3.5264     4670421547.5333
   392.950    7.7136    4.2379    3.4688   1743.2991    3.5208     4792054896.9030
   402.892    7.7066    4.2294    3.4681   1780.4966    3.5153     4913468296.5268
   412.834    7.6991    4.2208    3.4672   1817.6942    3.5098     5034662715.3409
   422.777    7.6921    4.2123    3.4665   1854.8918    3.5043     5155639252.3740
   432.719    7.6845    4.2035    3.4656   1892.0894    3.4990     5276399864.6569
   442.661    7.6771    4.1948    3.4648   1929.2870    3.4936     5396946293.7057
   465.528    7.7050    4.2033    3.4729   1933.6598    3.4814     5674066874.6778
   488.395    7.7318    4.2113    3.4808   1938.0032    3.4693     5950857757.9307
   511.262    7.7583    4.2193    3.4888   1942.2916    3.4573     6227316302.3842
   534.129    7.7828    4.2265    3.4964   1946.3695    3.4454     6503432546.3900
   556.996    7.8082    4.2340    3.5041   1950.5157    3.4335     6779201619.2520
   579.863    7.8326    4.2412    3.5117   1954.5392    3.4218     7054624100.0773
   602.730    7.8574    4.2485    3.5193   1958.4861    3.4102     7329698886.0751
   625.597    7.8811    4.2554    3.5267   1962.4152    3.3988     7604428196.4127
   648.464    7.9052    4.2625    3.5342   1966.3348    3.3874     7878815265.7547
   671.331    7.9281    4.2690    3.5416   1970.1193    3.3762     8152862020.5028
   694.198    7.9515    4.2759    3.5489   1973.8147    3.3652     8426568671.9421
   717.065    7.9743    4.2825    3.5561   1977.3893    3.3543     8699938222.6048
   739.931    7.9979    4.2895    3.5635   1981.1608    3.3436     8972982659.5176
   762.798    8.0202    4.2958    3.5706   1984.6814    3.3331     9245710266.6908
   785.665    8.0432    4.3027    3.5779   1988.1516    3.3227     9518127188.6042
   808.532    8.0657    4.3092    3.5850   1991.5760    3.3126     9790245770.8651
   831.399    8.0878    4.3155    3.5921   1994.9593    3.3026    10062071238.8397
   854.266    8.1109    4.3226    3.5993   1998.2522    3.2929    10333620680.1243
   877.133    8.1340    4.3297    3.6067   2001.5801    3.2833    10604920463.1198
   900.000    8.1570    4.3367    3.6141   2004.8161    3.2741    10875988750.2360
   916.870    8.1745    4.3422    3.6196   2007.2300    3.2674    11075756484.0097
   933.740    8.1919    4.3477    3.6252   2009.5834    3.2608    11275422121.0027
   950.609    8.2092    4.3532    3.6307   2011.9011    3.2544    11474991490.5124
   967.479    8.2292    4.3603    3.6370   2014.4621    3.2481    11674492313.4047
   984.349    8.2472    4.3662    3.6428   2016.7306    3.2419    11873939583.5130
  1001.219    8.2667    4.3730    3.6491   2019.0868    3.2360    12073339530.4720
  1018.089    8.2862    4.3800    3.6554   2021.4509    3.2301    12272714935.2076
  1034.958    8.3069    4.3875    3.6621   2023.7680    3.2244    12472084860.1532
  1051.828    8.3226    4.3922    3.6674   2025.9825    3.2189    12671430273.2823
  1068.698    8.3382    4.3968    3.6726   2028.1231    3.2136    12870719222.2801
  1085.568    8.3539    4.4014    3.6779   2030.2682    3.2084    13069961664.0253
  1102.437    8.4358    4.4512    3.7004   2038.7765    3.2033    13269639209.3305
  1119.307    8.5744    4.5397    3.7372   2052.3847    3.1981    13470603132.0618
  1136.177    8.7373    4.6445    3.7793   2070.4403    3.1926    13673367622.3104
  1153.047    8.8171    4.6926    3.8005   2074.4286    3.1869    13877487308.7153
  1169.917    8.8325    4.6969    3.8059   2076.8201    3.1813    14081957273.5077
  1186.786    8.8466    4.7007    3.8108   2079.2158    3.1760    14286343817.8640
  1203.656    8.8635    4.7054    3.8168   2081.5815    3.1708    14490678165.1851
  1220.526    8.8791    4.7098    3.8224   2083.9680    3.1658    14694992103.1767
  1237.396    8.8946    4.7141    3.8280   2086.3533    3.1611    14899285723.2996
  1254.266    8.9100    4.7185    3.8336   2088.7444    3.1566    15103573064.3601
  1271.135    8.9255    4.7228    3.8392   2091.1128    3.1524    15307868339.4614
  1288.005    8.9408    4.7272    3.8448   2093.5240    3.1484    15512186590.9972
  1304.875    8.9562    4.7315    3.8504   2095.9219    3.1447    15716544210.6357
  1321.745    8.9715    4.7359    3.8561   2098.3171    3.1412    15920959231.3911
  1338.614    8.9868    4.7404    3.8617   2100.7248    3.1381    16125449965.2904
  1355.484    9.0018    4.7448    3.8672   2103.1371    3.1352    16330030227.8682
  1372.354    9.0392    4.7632    3.8768   2108.4309    3.1326    16534823444.9879
  1389.224    9.0786    4.7832    3.8868   2114.0729    3.1303    16739966212.4274
  1406.094    9.1187    4.8038    3.8972   2119.8461    3.1282    16945495423.1368
  1422.963    9.1566    4.8233    3.9074   2125.7212    3.1265    17151431018.7807
  1439.833    9.1975    4.8449    3.9182   2131.4687    3.1250    17357800762.3369
  1456.703    9.2364    4.8656    3.9288   2137.4029    3.1237    17564636737.6638
  1473.573    9.2758    4.8869    3.9397   2143.8278    3.1228    17771959899.4038
  1490.443    9.3154    4.9086    3.9508   2149.6711    3.1222    17979802277.6006
  1507.312    9.3302    4.9136    3.9561   2151.9214    3.1220    18188036518.7925
  1524.182    9.3446    4.9183    3.9614   2154.1944    3.1222    18396535545.8719
  1541.052    9.3583    4.9227    3.9665   2156.4316    3.1229    18605323874.0675
  1557.922    9.3718    4.9270    3.9715   2158.6222    3.1240    18814420067.3396
  1557.922    4.7061    0.0000    4.0229         nan    3.1240    18814420067.3396
  1571.410    4.7178    0.0000    4.0280         nan    3.1246    18984045433.9264
  1584.899    4.7296    0.0000    4.0331         nan    3.1256    19153920420.0874
  1598.387    4.7414    0.0000    4.0382         nan    3.1268    19324061349.3012
  1611.876    4.7531    0.0000    4.0433         nan    3.1284    19494485145.3862
  1625.365    4.7647    0.0000    4.0483         nan    3.1303    19665207713.8422
  1638.853    4.7759    0.0000    4.0531         nan    3.1326    19836242100.5768
  1652.342    4.7870    0.0000    4.0580         nan    3.1352    20007603734.2232
  1665.830    4.7982    0.0000    4.0628         nan    3.1381    20179312320.8111
  1679.319    4.8094    0.0000    4.0676         nan    3.1415    20351388293.8093
  1679.319    5.1598    0.0000    6.3326         nan    3.1415    20351388293.8093
  1738.291    5.2391    0.0000    6.3754         nan    3.0442    21528522507.0752
  1797.262    5.3138    0.0000    6.4160         nan    2.9457    22676710201.0499
  1856.234    5.3844    0.0000    6.4544         nan    2.8460    23794596308.4535
  1915.206    5.4511    0.0000    6.4907         nan    2.7451    24880904178.9886
  1974.178    5.5141    0.0000    6.5251         nan    2.6431    25934430179.6469
  2033.149    5.5735    0.0000    6.5577         nan    2.5402    26954039134.1166
  2092.121    5.6295    0.0000    6.5884         nan    2.4362    27938660445.0190
  2151.093    5.6824    0.0000    6.6174         nan    2.3314    28887284787.1611
  2210.065    5.7321    0.0000    6.6447         nan    2.2257    29798961278.6589
  2269.036    5.7788    0.0000    6.6705         nan    2.1192    30672795061.4653
  2328.008    5.8227    0.0000    6.6946         nan    2.0120    31507945242.6960
  2386.980    5.8637    0.0000    6.7173         nan    1.9041    32303623161.5090
  2445.952    5.9021    0.0000    6.7385         nan    1.7956    33059090964.4710
  2504.924    5.9378    0.0000    6.7582         nan    1.6864    33773660489.1133
  2563.895    5.9710    0.0000    6.7766         nan    1.5768    34446692479.7051
  2622.867    6.0016    0.0000    6.7936         nan    1.4666    35077596193.4519
  2681.839    6.0298    0.0000    6.8092         nan    1.3560    35665829511.3707
  2740.811    6.0556    0.0000    6.8235         nan    1.2450    36210899761.1275
  2799.782    6.0790    0.0000    6.8365         nan    1.1338    36712365632.9924
  2858.754    6.1000    0.0000    6.8482         nan    1.0223    37169840899.9945
  2917.726    6.1188    0.0000    6.8586         nan    0.9107    37583001330.8907
  2976.698    6.1353    0.0000    6.8678         nan    0.7992    37951597663.8488
  3035.669    6.1495    0.0000    6.8757         nan    0.6882    38275481008.6121
  3094.641    6.1615    0.0000    6.8824         nan    0.5782    38554656181.3606
  3153.613    6.1713    0.0000    6.8878         nan    0.4706    38789405486.0960
  3212.585    6.1790    0.0000    6.8921         nan    0.3696    38980619725.7602
  3271.556    6.1844    0.0000    6.8951         nan    0.2918    39130889492.4416
  3330.528    6.1877    0.0000    6.8969         nan    0.3715    39249573689.2913
  3389.500    6.1887    0.0000    6.8975         nan    0.0000    39400688867.8037
