# Depth[km]  Vp[km/s]  Vs[km/s] Rho[g/cm3]    T[K]     g[m/s2]         P[Pa]        
     0.000    3.8644    2.3245    1.7491    273.1500    3.7291              0.0000
    12.413    3.8644    2.3245    1.7491    324.6832    3.7383       80960302.6794
    12.413    4.5371    2.7291    2.0535    324.6832    3.7383       80960302.6794
    27.518    4.5371    2.7291    2.0535    387.4007    3.7458      196917797.0125
    27.518    5.5979    3.3672    2.5337    387.4007    3.7458      196917797.0125
    45.697    5.5979    3.3672    2.5337    462.8797    3.7478      369446031.9295
    45.697    7.9956    4.5420    3.5186    462.8797    3.7478      369446031.9295
    54.983    7.9874    4.5322    3.5182    501.4387    3.7412      491903687.2339
    64.270    7.9789    4.5222    3.5177    539.9977    3.7347      614129865.9603
    73.557    7.9700    4.5120    3.5171    578.5567    3.7281      736123420.2537
    82.844    7.9606    4.5017    3.5164    617.1157    3.7216      857882277.5882
    92.130    7.9516    4.4916    3.5158    655.6747    3.7152      979406596.2237
   101.417    7.9425    4.4814    3.5152    694.2337    3.7087     1100697764.7446
   110.704    7.9334    4.4714    3.5145    732.7927    3.7023     1221755973.8581
   119.991    7.9237    4.4611    3.5137    771.3517    3.6959     1342579947.3448
   129.277    7.9139    4.4509    3.5129    809.9108    3.6896     1463167646.7196
   138.564    7.9047    4.4410    3.5121    848.4698    3.6832     1583520959.4538
   147.851    7.8948    4.4308    3.5113    887.0288    3.6769     1703640309.8574
   157.138    7.8854    4.4209    3.5104    925.5878    3.6707     1823524839.3523
   166.425    7.8755    4.4109    3.5095    964.1468    3.6644     1943174837.0754
   175.711    7.8657    4.4008    3.5085   1002.7058    3.6582     2062589843.6406
   184.998    7.8560    4.3910    3.5076   1041.2648    3.6521     2181770769.5492
   194.285    7.8463    4.3810    3.5066   1079.8238    3.6459     2300718322.8596
   203.572    7.8364    4.3710    3.5056   1118.3828    3.6398     2419432852.9199
   212.858    7.8266    4.3611    3.5047   1156.9418    3.6338     2537915742.0001
   222.145    7.8174    4.3515    3.5037   1195.5009    3.6277     2656168569.4264
   231.432    7.8072    4.3415    3.5026   1234.0599    3.6217     2774189941.4247
   240.719    7.7973    4.3317    3.5016   1272.6189    3.6158     2891980604.4747
   250.005    7.7877    4.3218    3.5006   1311.1779    3.6098     3009543428.7262
   259.292    7.7782    4.3122    3.4994   1349.7369    3.6040     3126876421.2523
   268.579    7.7691    4.3026    3.4984   1388.2959    3.5981     3243980725.3842
   277.866    7.7600    4.2932    3.4973   1426.8549    3.5923     3360859881.6164
   287.153    7.7504    4.2835    3.4962   1465.4139    3.5865     3477513774.6086
   296.439    7.7410    4.2739    3.4950   1503.9729    3.5808     3593941894.1815
   305.726    7.7309    4.2638    3.4938   1542.5320    3.5751     3710144008.0965
   315.013    7.7213    4.2543    3.4926   1581.0910    3.5694     3826121817.4778
   324.300    7.7118    4.2446    3.4915   1619.6500    3.5638     3941878135.2064
   333.586    7.7024    4.2350    3.4904   1658.2090    3.5582     4057414635.7396
   342.873    7.6922    4.2250    3.4891   1696.7680    3.5527     4172730606.0195
   352.160    7.6828    4.2155    3.4880   1735.3270    3.5472     4287827233.2869
   361.447    7.6729    4.2055    3.4867   1773.8860    3.5417     4402706275.6718
   370.733    7.6632    4.1958    3.4855   1812.4450    3.5363     4517368355.0368
   380.020    7.6528    4.1856    3.4842   1851.0040    3.5309     4631814341.0002
   389.307    7.6428    4.1758    3.4830   1889.5630    3.5256     4746044668.7232
   398.594    7.6330    4.1660    3.4817   1928.1221    3.5203     4860061140.7000
   407.881    7.6226    4.1558    3.4804   1966.6811    3.5151     4973865073.3459
   417.167    7.6129    4.1460    3.4791   2005.2401    3.5099     5087457254.3924
   441.309    7.6438    4.1558    3.4881   2010.2987    3.4965     5382637461.5816
   465.451    7.6742    4.1653    3.4969   2015.3305    3.4832     5677444868.3351
   489.592    7.7029    4.1743    3.5055   2020.1110    3.4699     5971862764.8516
   513.734    7.7318    4.1834    3.5142   2024.8795    3.4568     6265883024.8512
   537.875    7.7594    4.1921    3.5226   2029.4431    3.4437     6559498414.0431
   562.017    7.7865    4.2005    3.5309   2033.9668    3.4307     6852698441.9052
   586.159    7.8129    4.2087    3.5392   2038.3963    3.4179     7145482724.5831
   610.300    7.8392    4.2169    3.5474   2042.7544    3.4052     7437849407.2220
   634.442    7.8650    4.2249    3.5554   2046.9179    3.3925     7729795840.8548
   658.584    7.8911    4.2332    3.5636   2051.1383    3.3801     8021325615.0337
   682.725    7.9163    4.2410    3.5715   2055.1735    3.3678     8312440856.4876
   706.867    7.9419    4.2491    3.5796   2059.2289    3.3556     8603148490.2704
   731.009    7.9673    4.2571    3.5877   2063.1133    3.3436     8893459527.9321
   755.150    7.9927    4.2653    3.5957   2067.0808    3.3318     9183380852.5976
   779.292    8.0178    4.2733    3.6038   2070.8565    3.3201     9472923041.6332
   803.433    8.0428    4.2813    3.6118   2074.5740    3.3087     9762097726.4981
   827.575    8.0687    4.2898    3.6200   2078.2269    3.2974    10050924938.3145
   851.717    8.0953    4.2989    3.6284   2081.9283    3.2864    10339431201.3317
   875.858    8.1210    4.3074    3.6368   2085.4684    3.2755    10627635168.5204
   900.000    8.1479    4.3167    3.6455   2089.0042    3.2649    10915563328.2645
   917.362    8.1678    4.3238    3.6519   2091.4774    3.2574    11122390087.6996
   934.724    8.1885    4.3314    3.6585   2093.9724    3.2501    11329111554.4777
   952.086    8.2097    4.3393    3.6654   2096.4408    3.2428    11535747353.4632
   969.448    8.2321    4.3479    3.6727   2098.9697    3.2357    11742321505.0208
   986.810    8.2532    4.3558    3.6796   2101.4236    3.2287    11948841121.3607
  1004.172    8.2795    4.3669    3.6881   2103.9799    3.2219    12155347552.2476
  1021.534    8.2980    4.3731    3.6947   2106.6708    3.2151    12361837422.9025
  1038.896    8.3154    4.3786    3.7009   2109.1698    3.2086    12568252607.9387
  1056.258    8.3363    4.3862    3.7084   2112.1052    3.2021    12774628011.6580
  1073.620    8.3534    4.3919    3.7145   2114.7116    3.1959    12980968542.9452
  1090.982    8.3691    4.3967    3.7201   2117.0349    3.1898    13187230772.3094
  1108.344    8.3863    4.4027    3.7265   2119.1033    3.1839    13393431396.3673
  1125.706    8.4388    4.4321    3.7427   2123.9373    3.1781    13599875244.3290
  1143.068    8.5820    4.5221    3.7815   2139.4159    3.1722    13807462794.1872
  1160.430    8.7794    4.6484    3.8326   2154.8441    3.1660    14017140999.6594
  1177.792    8.8871    4.7150    3.8605   2165.8424    3.1594    14228577608.6147
  1195.154    8.9020    4.7195    3.8659   2167.7281    3.1529    14440489536.1635
  1212.516    8.9163    4.7236    3.8713   2169.9425    3.1466    14652260537.7240
  1229.878    8.9309    4.7280    3.8768   2171.9513    3.1406    14863907504.6109
  1247.240    8.9449    4.7321    3.8821   2173.9972    3.1347    15075440161.9602
  1264.602    8.9584    4.7360    3.8873   2175.9690    3.1291    15286865295.3154
  1281.964    8.9719    4.7398    3.8927   2177.6682    3.1238    15498201579.4008
  1299.326    8.9859    4.7441    3.8981   2179.4769    3.1187    15709469575.3902
  1316.688    8.9991    4.7477    3.9035   2181.2119    3.1139    15920686494.7191
  1334.050    9.0120    4.7513    3.9088   2182.8244    3.1093    16131865351.3508
  1351.411    9.0253    4.7552    3.9144   2184.3891    3.1051    16343028171.0190
  1368.773    9.0380    4.7587    3.9197   2185.7646    3.1011    16554195674.3950
  1386.135    9.0507    4.7624    3.9249   2187.0053    3.0975    16765379614.3605
  1403.497    9.0633    4.7659    3.9306   2188.4176    3.0942    16976611463.4086
  1420.859    9.0759    4.7693    3.9363   2189.8953    3.0912    17187923660.9461
  1438.221    9.0946    4.7768    3.9431   2191.6313    3.0886    17399367623.2663
  1455.583    9.1351    4.7983    3.9544   2196.2435    3.0863    17611116336.2056
  1472.945    9.1754    4.8198    3.9660   2200.9353    3.0843    17823320856.6941
  1490.307    9.2176    4.8430    3.9782   2205.7085    3.0826    18036024104.0243
  1507.669    9.2591    4.8659    3.9908   2210.3588    3.0812    18249271004.8496
  1525.031    9.3016    4.8899    4.0036   2214.9162    3.0801    18463100297.2446
  1542.393    9.3194    4.8976    4.0101   2217.6096    3.0793    18677370742.1592
  1559.755    9.3326    4.9025    4.0149   2219.8176    3.0791    18891892914.7978
  1577.117    9.3458    4.9076    4.0196   2221.9766    3.0793    19106650291.4478
  1577.117    4.8378    0.0000    4.0223         nan    3.0793    19106650291.4478
  1596.791    4.8508    0.0000    4.0293         nan    3.0801    19350530734.3162
  1616.464    4.8638    0.0000    4.0362         nan    3.0815    19594895688.0721
  1636.137    4.8768    0.0000    4.0432         nan    3.0837    19839797170.1995
  1655.811    4.8893    0.0000    4.0499         nan    3.0865    20085282559.6248
  1675.484    4.9016    0.0000    4.0565         nan    3.0901    20331400755.6751
  1695.157    4.9140    0.0000    4.0632         nan    3.0945    20578211446.9493
  1714.831    4.9260    0.0000    4.0697         nan    3.0998    20825773568.6964
  1734.504    4.9378    0.0000    4.0760         nan    3.1059    21074146556.3974
  1754.177    4.9496    0.0000    4.0824         nan    3.1129    21323399483.8379
  1754.177    5.1124    0.0000    6.5675         nan    3.1129    21323399483.8379
  1810.568    5.1898    0.0000    6.6104         nan    3.0164    22480026061.2796
  1866.958    5.2628    0.0000    6.6510         nan    2.9186    23607871884.7704
  1923.349    5.3318    0.0000    6.6894         nan    2.8197    24705656202.9807
  1979.739    5.3969    0.0000    6.7258         nan    2.7196    25772173584.9314
  2036.129    5.4584    0.0000    6.7602         nan    2.6186    26806288962.8449
  2092.520    5.5165    0.0000    6.7927         nan    2.5166    27806933499.6890
  2148.910    5.5712    0.0000    6.8235         nan    2.4138    28773101159.2112
  2205.301    5.6228    0.0000    6.8525         nan    2.3101    29703845882.9461
  2261.691    5.6714    0.0000    6.8799         nan    2.2056    30598279309.4842
  2318.082    5.7171    0.0000    6.9056         nan    2.1004    31455569012.4155
  2374.472    5.7600    0.0000    6.9298         nan    1.9946    32274937257.2505
  2430.863    5.8001    0.0000    6.9525         nan    1.8882    33055660316.1517
  2487.253    5.8376    0.0000    6.9737         nan    1.7813    33797068427.9577
  2543.643    5.8725    0.0000    6.9935         nan    1.6739    34498546564.5096
  2600.034    5.9049    0.0000    7.0118         nan    1.5661    35159536272.6636
  2656.424    5.9348    0.0000    7.0288         nan    1.4581    35779539039.7713
  2712.815    5.9624    0.0000    7.0445         nan    1.3500    36358121934.9178
  2769.205    5.9876    0.0000    7.0588         nan    1.2418    36894926811.6788
  2825.596    6.0104    0.0000    7.0717         nan    1.1339    37389685347.5049
  2881.986    6.0310    0.0000    7.0835         nan    1.0266    37842244111.9347
  2938.376    6.0494    0.0000    7.0939         nan    0.9204    38252607783.7170
  2994.767    6.0655    0.0000    7.1031         nan    0.8161    38621017231.9561
  3051.157    6.0794    0.0000    7.1110         nan    0.7156    38948099526.6706
  3107.548    6.0912    0.0000    7.1177         nan    0.6222    39235180066.3758
  3163.938    6.1008    0.0000    7.1231         nan    0.5442    39485004081.0836
  3220.329    6.1082    0.0000    7.1274         nan    0.5057    39703662975.8017
  3276.719    6.1135    0.0000    7.1304         nan    0.6039    39906941724.2727
  3333.110    6.1167    0.0000    7.1322         nan    1.6286    40149795143.5912
  3389.500    6.1177    0.0000    7.1328         nan    0.0000    40804843484.8402
