# Depth[km]  Vp[km/s]  Vs[km/s] Rho[g/cm3]    T[K]     g[m/s2]         P[Pa]        
     0.000    3.6423    2.2055    1.6563    273.1500    3.7291              0.0000
     9.282    3.6423    2.2055    1.6563    313.1900    3.7367       57329497.4831
     9.282    4.2109    2.5498    1.9149    313.1900    3.7367       57329497.4831
    28.689    4.2109    2.5498    1.9149    396.9201    3.7486      196195678.4770
    28.689    6.2914    3.8095    2.8610    396.9201    3.7486      196195678.4770
    48.047    6.2914    3.8095    2.8610    480.4357    3.7454      403801061.6952
    48.047    7.9894    4.5368    3.5177    480.4357    3.7454      403801061.6952
    57.257    7.9804    4.5264    3.5171    520.1689    3.7389      525131106.0740
    66.467    7.9710    4.5159    3.5164    559.9022    3.7324      646227897.8442
    75.676    7.9610    4.5050    3.5156    599.6355    3.7260      767088821.5213
    84.886    7.9512    4.4944    3.5148    639.3688    3.7195      887713457.0034
    94.096    7.9414    4.4839    3.5140    679.1020    3.7131     1008103146.2569
   103.305    7.9315    4.4734    3.5132    718.8353    3.7068     1128258313.7892
   112.515    7.9211    4.4626    3.5123    758.5686    3.7004     1248177534.1856
   121.725    7.9106    4.4519    3.5113    798.3018    3.6941     1367858430.9190
   130.934    7.9007    4.4416    3.5104    838.0351    3.6878     1487303262.5685
   140.144    7.8900    4.4310    3.5094    877.7684    3.6816     1606512503.3224
   149.354    7.8796    4.4205    3.5084    917.5017    3.6753     1725484627.8185
   158.564    7.8693    4.4101    3.5073    957.2349    3.6691     1844220728.6894
   167.773    7.8584    4.3995    3.5062    996.9682    3.6630     1962719961.2028
   176.983    7.8483    4.3892    3.5051   1036.7015    3.6569     2080983248.7639
   186.193    7.8378    4.3789    3.5040   1076.4347    3.6508     2199011996.2544
   195.402    7.8266    4.3682    3.5027   1116.1680    3.6447     2316803705.9061
   204.612    7.8162    4.3579    3.5016   1155.9013    3.6387     2434360517.7263
   213.822    7.8053    4.3475    3.5003   1195.6346    3.6327     2551682923.7760
   223.031    7.7945    4.3371    3.4991   1235.3678    3.6268     2668769285.1747
   232.241    7.7837    4.3266    3.4979   1275.1011    3.6209     2785623477.9072
   241.451    7.7737    4.3166    3.4967   1314.8344    3.6150     2902248268.7248
   250.660    7.7636    4.3065    3.4954   1354.5676    3.6091     3018642665.4936
   259.870    7.7533    4.2963    3.4942   1394.3009    3.6033     3134806638.9350
   269.080    7.7433    4.2864    3.4929   1434.0342    3.5976     3250741309.5088
   278.289    7.7329    4.2762    3.4916   1473.7675    3.5918     3366447280.1205
   287.499    7.7226    4.2662    3.4902   1513.5007    3.5862     3481925464.3560
   296.709    7.7118    4.2557    3.4888   1553.2340    3.5805     3597175680.6052
   305.918    7.7010    4.2455    3.4874   1592.9673    3.5749     3712198491.6549
   315.128    7.6911    4.2355    3.4862   1632.7005    3.5693     3826997928.4169
   324.338    7.6804    4.2252    3.4848   1672.4338    3.5638     3941575026.3099
   333.548    7.6697    4.2149    3.4834   1712.1671    3.5583     4055928074.7229
   342.757    7.6585    4.2042    3.4819   1751.9004    3.5529     4170057968.3812
   351.967    7.6480    4.1941    3.4805   1791.6336    3.5475     4283966606.1999
   361.177    7.6372    4.1837    3.4790   1831.3669    3.5422     4397655602.9987
   370.386    7.6264    4.1733    3.4776   1871.1002    3.5369     4511125747.7725
   379.596    7.6151    4.1628    3.4761   1910.8334    3.5316     4624377639.3554
   388.806    7.6035    4.1520    3.4745   1950.5667    3.5264     4737410938.1638
   398.015    7.5929    4.1417    3.4730   1990.3000    3.5212     4850227717.2787
   407.225    7.5814    4.1310    3.4715   2030.0333    3.5161     4962830832.1545
   416.435    7.5704    4.1204    3.4699   2069.7665    3.5110     5075219942.7461
   440.613    7.6035    4.1309    3.4792   2075.1942    3.4978     5370176475.2718
   464.791    7.6343    4.1406    3.4881   2080.3810    3.4846     5664791833.8191
   488.970    7.6643    4.1501    3.4970   2085.5991    3.4715     5959048439.4598
   513.148    7.6932    4.1592    3.5056   2090.5078    3.4585     6252933651.8744
   537.326    7.7223    4.1685    3.5143   2095.4128    3.4457     6546442927.2622
   561.504    7.7498    4.1771    3.5228   2100.1495    3.4329     6839572013.3440
   585.683    7.7763    4.1852    3.5310   2104.7549    3.4202     7132303935.9959
   609.861    7.8030    4.1935    3.5393   2109.3921    3.4076     7424640508.3875
   634.039    7.8299    4.2020    3.5476   2113.8741    3.3952     7716588145.5254
   658.217    7.8559    4.2100    3.5558   2118.2976    3.3829     8008146728.6634
   682.396    7.8820    4.2183    3.5640   2122.6278    3.3708     8299320753.8377
   706.574    7.9071    4.2261    3.5720   2126.8355    3.3588     8590112050.9585
   730.752    7.9334    4.2345    3.5803   2131.0112    3.3470     8880530876.6539
   754.930    7.9587    4.2425    3.5883   2135.0696    3.3353     9170586686.8587
   779.109    7.9837    4.2504    3.5964   2139.0436    3.3239     9460283503.3932
   803.287    8.0100    4.2590    3.6047   2143.0220    3.3126     9749644073.4708
   827.465    8.0355    4.2672    3.6129   2146.8779    3.3016    10038684520.8776
   851.643    8.0612    4.2758    3.6211   2150.6756    3.2907    10327414521.2341
   875.822    8.0878    4.2847    3.6297   2154.3887    3.2801    10615866732.5830
   900.000    8.1139    4.2935    3.6381   2158.2132    3.2697    10904060386.7348
   917.349    8.1354    4.3014    3.6449   2160.8267    3.2624    11110631602.4561
   934.698    8.1561    4.3089    3.6515   2163.4291    3.2552    11317123031.7232
   952.048    8.1771    4.3167    3.6584   2166.0132    3.2482    11523539421.5878
   969.397    8.1985    4.3245    3.6653   2168.6484    3.2412    11729896676.7771
   986.746    8.2223    4.3341    3.6729   2171.2398    3.2344    11936223166.3817
  1004.095    8.2451    4.3428    3.6806   2173.9226    3.2278    12142544423.4577
  1021.445    8.2640    4.3492    3.6873   2176.7521    3.2212    12348841625.2426
  1038.794    8.2830    4.3557    3.6940   2179.5171    3.2149    12555097320.7999
  1056.143    8.3019    4.3621    3.7008   2182.3480    3.2087    12761321137.7471
  1073.492    8.3208    4.3687    3.7075   2185.1090    3.2026    12967520509.5789
  1090.841    8.3383    4.3747    3.7138   2187.3862    3.1967    13173693197.6873
  1108.191    8.3616    4.3845    3.7227   2188.8869    3.1910    13379908723.8080
  1125.540    8.3867    4.3959    3.7320   2189.8921    3.1855    13586259315.4809
  1142.889    8.4112    4.4065    3.7414   2191.3658    3.1801    13792768634.7739
  1160.238    8.5499    4.4934    3.7791   2204.5267    3.1746    14000226124.0601
  1177.588    8.7455    4.6184    3.8299   2221.9765    3.1688    14209765917.6914
  1194.937    8.8575    4.6875    3.8591   2232.5774    3.1627    14421122938.2234
  1212.286    8.8721    4.6918    3.8645   2234.8626    3.1567    14633023276.4980
  1229.635    8.8869    4.6962    3.8700   2236.8056    3.1509    14844816768.0738
  1246.984    8.9019    4.7005    3.8760   2239.0773    3.1453    15056533978.2422
  1264.334    8.9162    4.7046    3.8815   2241.1196    3.1400    15268191093.0796
  1281.683    8.9300    4.7086    3.8869   2242.8606    3.1349    15479786736.9757
  1299.032    8.9439    4.7124    3.8926   2244.7696    3.1300    15691342852.0597
  1316.381    8.9581    4.7166    3.8985   2246.5194    3.1255    15902886170.0176
  1333.731    8.9714    4.7202    3.9039   2248.1978    3.1212    16114428463.9406
  1351.080    8.9847    4.7239    3.9095   2249.8395    3.1172    16325980984.4080
  1368.429    8.9978    4.7276    3.9150   2250.8451    3.1136    16537562348.8483
  1385.778    9.0111    4.7313    3.9210   2252.3977    3.1102    16749204337.4655
  1403.128    9.0236    4.7344    3.9268   2253.6992    3.1072    16960937396.2563
  1420.477    9.0367    4.7380    3.9329   2254.8655    3.1045    17172784973.4719
  1437.826    9.0487    4.7413    3.9380   2255.6056    3.1022    17384751612.3614
  1455.175    9.0605    4.7443    3.9436   2256.5130    3.1002    17596847639.7607
  1472.524    9.0778    4.7502    3.9514   2258.2782    3.0986    17809168137.5293
  1489.874    9.1198    4.7725    3.9636   2262.7297    3.0974    18021917367.6580
  1507.223    9.1616    4.7950    3.9763   2266.9916    3.0964    18235248797.5529
  1524.572    9.2026    4.8172    3.9892   2271.5555    3.0958    18449203512.1346
  1541.921    9.2440    4.8399    4.0028   2275.9788    3.0955    18663828459.8710
  1559.271    9.2611    4.8475    4.0084   2278.3080    3.0956    18878947943.7666
  1576.620    9.2737    4.8519    4.0130   2280.0530    3.0963    19094351207.5323
  1576.620    4.6089    0.0000    4.0212         nan    3.0963    19094351207.5323
  1591.584    4.6224    0.0000    4.0270         nan    3.0971    19280795799.4602
  1606.548    4.6358    0.0000    4.0328         nan    3.0983    19467560093.0114
  1621.512    4.6493    0.0000    4.0386         nan    3.0999    19654666753.4406
  1636.476    4.6628    0.0000    4.0444         nan    3.1019    19842139385.3513
  1651.440    4.6756    0.0000    4.0500         nan    3.1043    20029997142.8058
  1666.403    4.6884    0.0000    4.0556         nan    3.1071    20218259106.9566
  1681.367    4.7012    0.0000    4.0611         nan    3.1104    20406950958.7998
  1696.331    4.7140    0.0000    4.0666         nan    3.1142    20596100686.7507
  1711.295    4.7263    0.0000    4.0720         nan    3.1184    20785733352.5474
  1711.295    5.0359    0.0000    6.3897         nan    3.1184    20785733352.5474
  1769.164    5.0915    0.0000    6.4341         nan    3.0227    21942824289.0680
  1827.034    5.1443    0.0000    6.4764         nan    2.9257    23071984606.8780
  1884.903    5.1945    0.0000    6.5169         nan    2.8275    24171916852.8453
  1942.772    5.2421    0.0000    6.5554         nan    2.7281    25241382850.8405
  2000.641    5.2873    0.0000    6.5921         nan    2.6276    26279201868.5480
  2058.510    5.3302    0.0000    6.6270         nan    2.5261    27284249128.6370
  2116.379    5.3708    0.0000    6.6602         nan    2.4237    28255454633.9890
  2174.248    5.4092    0.0000    6.6917         nan    2.3203    29191802289.0916
  2232.117    5.4455    0.0000    6.7215         nan    2.2161    30092329321.2663
  2289.987    5.4797    0.0000    6.7497         nan    2.1111    30956126024.3436
  2347.856    5.5118    0.0000    6.7763         nan    2.0053    31782335866.8223
  2405.725    5.5420    0.0000    6.8014         nan    1.8989    32570156041.3398
  2463.594    5.5703    0.0000    6.8249         nan    1.7919    33318838583.0851
  2521.463    5.5967    0.0000    6.8468         nan    1.6844    34027692257.8099
  2579.332    5.6213    0.0000    6.8673         nan    1.5765    34696085540.0455
  2637.201    5.6440    0.0000    6.8862         nan    1.4682    35323451198.3698
  2695.070    5.6649    0.0000    6.9038         nan    1.3598    35909293342.0907
  2752.940    5.6841    0.0000    6.9198         nan    1.2514    36453198382.6619
  2810.809    5.7015    0.0000    6.9344         nan    1.1433    36954852469.2704
  2868.678    5.7172    0.0000    6.9476         nan    1.0357    37414070105.3317
  2926.547    5.7313    0.0000    6.9594         nan    0.9294    37830843058.5228
  2984.416    5.7436    0.0000    6.9698         nan    0.8253    38205428313.0380
  3042.285    5.7542    0.0000    6.9787         nan    0.7253    38538516631.9685
  3100.154    5.7632    0.0000    6.9863         nan    0.6332    38831582867.6131
  3158.023    5.7706    0.0000    6.9925         nan    0.5583    39087695291.1549
  3215.893    5.7763    0.0000    6.9973         nan    0.5272    39313675954.7329
  3273.762    5.7804    0.0000    7.0007         nan    0.6484    39527218641.5590
  3331.631    5.7828    0.0000    7.0028         nan    1.8007    39789942715.1827
  3389.500    5.7836    0.0000    7.0035         nan    0.0000    40519687874.3525
