# Depth[km]  Vp[km/s]  Vs[km/s] Rho[g/cm3]    T[K]     g[m/s2]         P[Pa]        
     0.000    3.4855    2.0533    1.5517    273.1500    3.7291              0.0000
     9.299    3.4855    2.0533    1.5517    311.0791    3.7375       53803758.4704
     9.299    4.7753    2.8132    2.1259    311.0791    3.7375       53803758.4704
    28.642    4.7753    2.8132    2.1259    389.9911    3.7459      207496275.5594
    28.642    6.1102    3.5995    2.7201    389.9911    3.7459      207496275.5594
    50.909    6.1102    3.5995    2.7201    480.8290    3.7449      434383293.4340
    50.909    7.9929    4.5378    3.5188    480.8290    3.7449      434383293.4340
    60.448    7.9847    4.5279    3.5183    519.7428    3.7382      560075509.8615
    69.987    7.9761    4.5177    3.5179    558.6566    3.7315      685525608.3952
    79.526    7.9673    4.5075    3.5173    597.5703    3.7248      810732705.3195
    89.065    7.9580    4.4971    3.5167    636.4841    3.7182      935694747.8977
    98.604    7.9492    4.4871    3.5161    675.3979    3.7115     1060411963.3868
   108.143    7.9401    4.4769    3.5155    714.3116    3.7049     1184885936.0517
   117.682    7.9307    4.4667    3.5148    753.2254    3.6984     1309115167.7573
   127.221    7.9214    4.4566    3.5141    792.1392    3.6918     1433099843.6449
   136.760    7.9119    4.4464    3.5133    831.0530    3.6853     1556839538.6324
   146.299    7.9026    4.4364    3.5126    869.9667    3.6788     1680334857.7232
   155.838    7.8932    4.4264    3.5118    908.8805    3.6724     1803586883.9545
   165.377    7.8835    4.4164    3.5110    947.7943    3.6660     1926593891.3383
   174.915    7.8737    4.4062    3.5101    986.7080    3.6596     2049355474.8975
   184.454    7.8642    4.3964    3.5092   1025.6218    3.6532     2171872534.9980
   193.993    7.8548    4.3865    3.5083   1064.5356    3.6469     2294146608.5657
   203.532    7.8451    4.3766    3.5074   1103.4493    3.6406     2416177747.7715
   213.071    7.8356    4.3667    3.5065   1142.3631    3.6344     2537967284.9819
   222.610    7.8258    4.3567    3.5056   1181.2769    3.6282     2659516245.9095
   232.149    7.8162    4.3468    3.5045   1220.1906    3.6220     2780823040.4667
   241.688    7.8066    4.3370    3.5036   1259.1044    3.6159     2901888687.9904
   251.227    7.7969    4.3271    3.5026   1298.0182    3.6098     3022716307.2699
   260.766    7.7874    4.3173    3.5016   1336.9320    3.6037     3143307012.2328
   270.305    7.7785    4.3076    3.5006   1375.8457    3.5977     3263660108.9300
   279.844    7.7696    4.2984    3.4995   1414.7595    3.5917     3383775948.9595
   289.383    7.7603    4.2887    3.4985   1453.6733    3.5858     3503656924.0010
   298.922    7.7512    4.2793    3.4974   1492.5870    3.5799     3623303262.5912
   308.460    7.7413    4.2691    3.4963   1531.5008    3.5740     3742715246.7476
   317.999    7.7319    4.2596    3.4952   1570.4146    3.5682     3861894838.4771
   327.538    7.7222    4.2499    3.4941   1609.3283    3.5624     3980841924.5591
   337.077    7.7130    4.2402    3.4930   1648.2421    3.5567     4099558384.5327
   346.616    7.7035    4.2305    3.4919   1687.1559    3.5510     4218046674.5822
   356.155    7.6934    4.2205    3.4907   1726.0696    3.5453     4336305919.9028
   365.694    7.6842    4.2109    3.4896   1764.9834    3.5397     4454337375.1472
   375.233    7.6745    4.2010    3.4885   1803.8972    3.5342     4572144687.0046
   384.772    7.6649    4.1912    3.4872   1842.8109    3.5287     4689727900.3326
   394.311    7.6553    4.1814    3.4861   1881.7247    3.5232     4807087177.4737
   403.850    7.6450    4.1713    3.4848   1920.6385    3.5178     4924224193.7904
   413.389    7.6354    4.1614    3.4836   1959.5523    3.5124     5041139843.7843
   422.928    7.6252    4.1513    3.4824   1998.4660    3.5070     5157835586.0053
   432.467    7.6156    4.1415    3.4811   2037.3798    3.5018     5274312628.9328
   455.843    7.6455    4.1509    3.4898   2042.3140    3.4889     5559630766.7323
   479.220    7.6742    4.1600    3.4983   2047.2101    3.4761     5844600139.2867
   502.597    7.7026    4.1690    3.5067   2051.9222    3.4634     6129212395.2040
   525.973    7.7300    4.1775    3.5150   2056.5831    3.4508     6413461161.3589
   549.350    7.7568    4.1859    3.5231   2061.0854    3.4383     6697337455.1532
   572.727    7.7827    4.1939    3.5312   2065.5263    3.4259     6980835951.6430
   596.103    7.8089    4.2022    3.5392   2069.8677    3.4135     7263955091.1512
   619.480    7.8338    4.2099    3.5471   2074.0426    3.4013     7546688882.4148
   642.857    7.8592    4.2179    3.5550   2078.2250    3.3893     7829038366.0834
   666.233    7.8844    4.2258    3.5629   2082.3980    3.3773     8111012233.6003
   689.610    7.9089    4.2334    3.5707   2086.3491    3.3655     8392612241.2168
   712.987    7.9339    4.2413    3.5786   2090.3547    3.3539     8673845033.8346
   736.363    7.9580    4.2488    3.5863   2094.2211    3.3424     8954715698.2881
   759.740    7.9824    4.2565    3.5941   2097.9931    3.3310     9235228325.4230
   783.117    8.0077    4.2648    3.6020   2101.8123    3.3199     9515400460.0683
   806.493    8.0320    4.2726    3.6098   2105.4525    3.3089     9795245868.6755
   829.870    8.0567    4.2807    3.6178   2109.0911    3.2981    10074776274.9067
   853.247    8.0817    4.2890    3.6258   2112.6339    3.2875    10354009957.1835
   876.623    8.1078    4.2979    3.6341   2116.2733    3.2771    10632976619.9174
   900.000    8.1339    4.3070    3.6425   2119.7151    3.2670    10911704042.1772
   917.106    8.1537    4.3140    3.6488   2122.2468    3.2597    11115441541.9596
   934.212    8.1736    4.3212    3.6553   2124.7290    3.2525    11319079554.6934
   951.318    8.1947    4.3290    3.6621   2127.2162    3.2454    11522637095.2621
   968.424    8.2155    4.3368    3.6689   2129.7191    3.2385    11726129593.3998
   985.530    8.2381    4.3457    3.6762   2132.2608    3.2317    11929577390.2898
  1002.636    8.2629    4.3557    3.6843   2134.8077    3.2250    12133023629.3589
  1019.742    8.2814    4.3620    3.6908   2137.4979    3.2184    12336451922.4801
  1036.848    8.2993    4.3679    3.6973   2140.1515    3.2120    12539822808.4342
  1053.954    8.3189    4.3748    3.7043   2142.9418    3.2057    12743158874.1092
  1071.060    8.3369    4.3810    3.7107   2145.5569    3.1996    12946467355.5291
  1088.165    8.3523    4.3857    3.7162   2147.8815    3.1937    13149713645.0302
  1105.271    8.3719    4.3933    3.7234   2149.7837    3.1879    13352929966.6810
  1122.377    8.3951    4.4034    3.7321   2151.0607    3.1823    13556215525.8467
  1139.483    8.4703    4.4479    3.7542   2158.0162    3.1768    13759981193.2098
  1156.589    8.6263    4.5465    3.7958   2173.9447    3.1711    13965122324.5006
  1173.695    8.8245    4.6733    3.8469   2193.7367    3.1650    14172408821.8660
  1190.801    8.8786    4.7042    3.8615   2196.1325    3.1587    14381075990.4922
  1207.907    8.8931    4.7084    3.8670   2198.2294    3.1526    14589873032.7467
  1225.013    8.9072    4.7126    3.8722   2200.4617    3.1466    14798550108.1033
  1242.119    8.9218    4.7169    3.8779   2202.3686    3.1409    15007126954.1943
  1259.225    8.9356    4.7209    3.8832   2204.3559    3.1354    15215621197.6969
  1276.331    8.9495    4.7250    3.8885   2206.2110    3.1302    15424036905.7970
  1293.437    8.9628    4.7287    3.8938   2207.8935    3.1252    15632388279.3294
  1310.543    8.9762    4.7326    3.8993   2209.7652    3.1205    15840695872.7785
  1327.649    8.9892    4.7364    3.9045   2211.2883    3.1160    16048975882.1475
  1344.755    9.0021    4.7397    3.9101   2212.7667    3.1119    16257246959.8931
  1361.861    9.0153    4.7437    3.9156   2214.2668    3.1080    16465532446.1692
  1378.967    9.0278    4.7469    3.9211   2215.7230    3.1044    16673850344.4263
  1396.073    9.0403    4.7506    3.9262   2216.9745    3.1011    16882211414.4752
  1413.179    9.0527    4.7541    3.9316   2218.0872    3.0982    17090631784.4994
  1430.284    9.0645    4.7572    3.9371   2218.9753    3.0956    17299141692.4732
  1447.390    9.0767    4.7600    3.9432   2220.4430    3.0933    17507783855.1342
  1464.496    9.1110    4.7774    3.9535   2224.3343    3.0914    17716708208.9941
  1481.602    9.1521    4.7996    3.9652   2228.7193    3.0898    17926082952.4406
  1498.708    9.1923    4.8213    3.9773   2233.2801    3.0884    18135976130.2507
  1515.814    9.2338    4.8442    3.9898   2237.5746    3.0874    18346429437.4533
  1532.920    9.2755    4.8675    4.0031   2242.1161    3.0867    18557494546.5841
  1550.026    9.2936    4.8755    4.0094   2244.6847    3.0863    18769026597.5482
  1567.132    9.3069    4.8806    4.0140   2247.0223    3.0865    18980822076.9997
  1567.132    5.0508    0.0000    4.0344         nan    3.0865    18980822076.9997
  1586.113    5.0661    0.0000    4.0406         nan    3.0868    19217361434.6242
  1605.095    5.0813    0.0000    4.0468         nan    3.0878    19454291487.4734
  1624.076    5.0965    0.0000    4.0530         nan    3.0894    19691658373.5920
  1643.057    5.1112    0.0000    4.0590         nan    3.0916    19929504813.2692
  1662.039    5.1257    0.0000    4.0650         nan    3.0945    20167873528.1067
  1681.020    5.1402    0.0000    4.0709         nan    3.0982    20406815832.1853
  1700.001    5.1544    0.0000    4.0767         nan    3.1026    20646385411.6073
  1718.983    5.1682    0.0000    4.0823         nan    3.1078    20886633894.9967
  1737.964    5.1820    0.0000    4.0880         nan    3.1139    21127619248.9724
  1737.964    5.3432    0.0000    6.5171         nan    3.1139    21127619248.9724
  1794.914    5.4059    0.0000    6.5566         nan    3.0168    22286825619.1989
  1851.863    5.4654    0.0000    6.5941         nan    2.9185    23416495868.6465
  1908.813    5.5218    0.0000    6.6299         nan    2.8192    24515472822.8023
  1965.762    5.5754    0.0000    6.6639         nan    2.7189    25582657911.5941
  2022.712    5.6262    0.0000    6.6962         nan    2.6177    26617008714.8392
  2079.661    5.6743    0.0000    6.7269         nan    2.5155    27617536914.0848
  2136.611    5.7199    0.0000    6.7560         nan    2.4126    28583306611.1238
  2193.560    5.7630    0.0000    6.7836         nan    2.3088    29513432992.8443
  2250.510    5.8036    0.0000    6.8096         nan    2.2043    30407081339.0157
  2307.459    5.8419    0.0000    6.8342         nan    2.0991    31263466387.9051
  2364.409    5.8780    0.0000    6.8574         nan    1.9934    32081852101.2058
  2421.358    5.9118    0.0000    6.8792         nan    1.8871    32861551902.7072
  2478.308    5.9435    0.0000    6.8996         nan    1.7802    33601929517.1653
  2535.257    5.9730    0.0000    6.9186         nan    1.6730    34302400607.9423
  2592.207    6.0005    0.0000    6.9364         nan    1.5655    34962435539.2090
  2649.156    6.0259    0.0000    6.9528         nan    1.4577    35581563780.6122
  2706.106    6.0493    0.0000    6.9679         nan    1.3498    36159380815.3588
  2763.055    6.0707    0.0000    6.9818         nan    1.2421    36695559021.4961
  2820.005    6.0902    0.0000    6.9944         nan    1.1346    37189865108.7130
  2876.954    6.1077    0.0000    7.0058         nan    1.0279    37642188866.0868
  2933.904    6.1234    0.0000    7.0159         nan    0.9225    38052592423.3993
  2990.853    6.1372    0.0000    7.0249         nan    0.8193    38421398964.6864
  3047.803    6.1491    0.0000    7.0326         nan    0.7204    38749362882.5914
  3104.752    6.1591    0.0000    7.0391         nan    0.6296    39038023535.6698
  3161.702    6.1673    0.0000    7.0445         nan    0.5564    39290522689.4040
  3218.651    6.1737    0.0000    7.0486         nan    0.5278    39513786695.2423
  3275.601    6.1782    0.0000    7.0516         nan    0.6545    39725716527.7205
  3332.550    6.1810    0.0000    7.0533         nan    1.8319    39988576727.7818
  3389.500    6.1819    0.0000    7.0539         nan    0.0000    40724457694.7968
