# Depth[km]  Vp[km/s]  Vs[km/s] Rho[g/cm3]    T[K]     g[m/s2]         P[Pa]        
     0.000    3.7338    2.2418    1.6814    273.1500    3.7291              0.0000
    11.818    3.7338    2.2418    1.6814    318.9058    3.7385       74097458.1567
    11.818    4.3566    2.6158    1.9619    318.9058    3.7385       74097458.1567
    26.631    4.3566    2.6158    1.9619    376.2675    3.7470      182749443.6930
    26.631    6.0662    3.6422    2.7318    376.2675    3.7470      182749443.6930
    45.258    6.0662    3.6422    2.7318    448.3932    3.7460      373412173.0158
    45.258    7.9617    4.5369    3.5040    448.3932    3.7460      373412173.0158
    55.313    7.9546    4.5277    3.5039    487.3262    3.7390      505385379.5057
    65.367    7.9472    4.5183    3.5038    526.2591    3.7320      637107061.2800
    75.422    7.9393    4.5085    3.5036    565.1920    3.7250      768576470.3327
    85.476    7.9312    4.4988    3.5033    604.1250    3.7181      899792452.3306
    95.531    7.9223    4.4887    3.5029    643.0579    3.7112     1030751799.4954
   105.586    7.9140    4.4790    3.5026    681.9909    3.7043     1161455087.4958
   115.640    7.9054    4.4690    3.5023    720.9238    3.6975     1291904389.8647
   125.695    7.8965    4.4591    3.5018    759.8567    3.6907     1422097171.6268
   135.749    7.8878    4.4493    3.5014    798.7897    3.6839     1552034016.3450
   145.804    7.8786    4.4393    3.5009    837.7226    3.6772     1681715342.5839
   155.858    7.8696    4.4294    3.5003    876.6556    3.6704     1811139796.4533
   165.913    7.8604    4.4195    3.4998    915.5885    3.6638     1940308398.5305
   175.968    7.8513    4.4097    3.4992    954.5214    3.6571     2069221064.8963
   186.022    7.8424    4.3999    3.4987    993.4544    3.6505     2197879380.6149
   196.077    7.8330    4.3900    3.4980   1032.3873    3.6439     2326283703.8138
   206.131    7.8234    4.3800    3.4973   1071.3203    3.6374     2454431515.5492
   216.186    7.8138    4.3701    3.4966   1110.2532    3.6309     2582323335.1115
   226.240    7.8044    4.3602    3.4959   1149.1861    3.6245     2709960881.1730
   236.295    7.7952    4.3504    3.4952   1188.1191    3.6180     2837345963.7808
   246.349    7.7857    4.3406    3.4944   1227.0520    3.6117     2964479405.4066
   256.404    7.7749    4.3300    3.4935   1265.9850    3.6053     3091357247.2188
   266.459    7.7662    4.3206    3.4928   1304.9179    3.5990     3217982424.5549
   276.513    7.7573    4.3111    3.4920   1343.8508    3.5928     3344359065.2439
   286.568    7.7477    4.3012    3.4911   1382.7838    3.5865     3470486491.4095
   296.622    7.7388    4.2918    3.4902   1421.7167    3.5804     3596364243.8321
   306.677    7.7297    4.2822    3.4894   1460.6497    3.5742     3721993678.4445
   316.731    7.7207    4.2726    3.4886   1499.5826    3.5681     3847378428.7977
   326.786    7.7116    4.2629    3.4877   1538.5155    3.5621     3972519380.3379
   336.841    7.7018    4.2532    3.4867   1577.4485    3.5561     4097415465.7197
   346.895    7.6924    4.2434    3.4859   1616.3814    3.5501     4222069195.8757
   356.950    7.6832    4.2337    3.4850   1655.3144    3.5442     4346483399.8317
   367.004    7.6736    4.2240    3.4841   1694.2473    3.5384     4470657602.2111
   377.059    7.6639    4.2141    3.4832   1733.1802    3.5326     4594593281.4009
   387.113    7.6541    4.2043    3.4821   1772.1132    3.5268     4718289639.1699
   397.168    7.6447    4.1944    3.4813   1811.0461    3.5211     4841750595.2554
   407.223    7.6343    4.1843    3.4802   1849.9791    3.5154     4964978895.4081
   417.277    7.6246    4.1744    3.4793   1888.9120    3.5098     5087973493.0044
   427.332    7.6148    4.1645    3.4784   1927.8449    3.5042     5210738647.7829
   437.386    7.6048    4.1543    3.4773   1966.7779    3.4987     5333274450.1654
   447.441    7.5952    4.1446    3.4764   2005.7108    3.4932     5455582190.9037
   470.069    7.6263    4.1538    3.4850   2010.4482    3.4810     5730710148.5894
   492.697    7.6552    4.1624    3.4932   2014.9427    3.4689     6005537318.0325
   515.325    7.6842    4.1709    3.5015   2019.5749    3.4568     6280054679.8694
   537.953    7.7124    4.1792    3.5095   2023.8984    3.4448     6554257497.9658
   560.581    7.7393    4.1872    3.5174   2028.1660    3.4329     6828131371.3021
   583.209    7.7665    4.1952    3.5254   2032.4086    3.4212     7101675714.0430
   605.837    7.7926    4.2028    3.5332   2036.4887    3.4095     7374889560.0568
   628.464    7.8189    4.2106    3.5409   2040.4688    3.3979     7647768449.2236
   651.092    7.8444    4.2182    3.5485   2044.4304    3.3865     7920312552.6634
   673.720    7.8700    4.2258    3.5561   2048.3472    3.3752     8192523595.2103
   696.348    7.8949    4.2331    3.5637   2052.1857    3.3640     8464405908.3812
   718.976    7.9197    4.2405    3.5712   2055.7939    3.3529     8735961813.8859
   741.604    7.9441    4.2478    3.5787   2059.4282    3.3421     9007194358.7858
   764.232    7.9692    4.2553    3.5863   2063.0725    3.3314     9278115786.1341
   786.860    7.9937    4.2628    3.5938   2066.6260    3.3208     9548736810.2602
   809.488    8.0179    4.2702    3.6012   2070.0316    3.3104     9819061221.4804
   832.116    8.0421    4.2776    3.6086   2073.4596    3.3003    10089099154.4544
   854.744    8.0682    4.2861    3.6166   2076.8814    3.2903    10358880895.7325
   877.372    8.0929    4.2941    3.6241   2080.0902    3.2805    10628420379.4521
   900.000    8.1185    4.3022    3.6322   2083.4722    3.2709    10897739698.7977
   916.825    8.1375    4.3085    3.6381   2085.8366    3.2639    11097794851.5838
   933.650    8.1561    4.3147    3.6439   2088.2190    3.2571    11297744297.1813
   950.475    8.1778    4.3225    3.6507   2090.6356    3.2503    11497617668.1089
   967.300    8.1983    4.3298    3.6572   2093.0491    3.2437    11697441388.3313
   984.125    8.2189    4.3372    3.6637   2095.4308    3.2372    11897213512.5319
  1000.950    8.2427    4.3464    3.6712   2097.8042    3.2309    12096967438.8324
  1017.775    8.2659    4.3553    3.6786   2100.2478    3.2247    12296733882.2422
  1034.600    8.2930    4.3667    3.6873   2102.7801    3.2186    12496551221.5917
  1051.425    8.3106    4.3725    3.6930   2105.0883    3.2126    12696382007.9508
  1068.251    8.3277    4.3780    3.6988   2107.2303    3.2068    12896153299.1874
  1085.076    8.3444    4.3833    3.7044   2109.3931    3.2012    13095871367.3354
  1101.901    8.3612    4.3888    3.7101   2111.5190    3.1957    13295543608.5643
  1118.726    8.3906    4.4026    3.7192   2114.7029    3.1905    13495272743.3150
  1135.551    8.5415    4.4977    3.7598   2129.6853    3.1851    13696008284.1093
  1152.376    8.7194    4.6109    3.8065   2148.6374    3.1794    13898746332.6925
  1169.201    8.8523    4.6945    3.8407   2157.1621    3.1734    14103284964.3894
  1186.026    8.8677    4.6994    3.8458   2159.3302    3.1674    14308487074.3431
  1202.851    8.8823    4.7038    3.8507   2161.6405    3.1616    14513567643.4345
  1219.676    8.8991    4.7084    3.8575   2164.5466    3.1560    14718586043.9646
  1236.501    8.9144    4.7129    3.8631   2166.9990    3.1507    14923569714.9757
  1253.326    8.9292    4.7175    3.8683   2169.3981    3.1455    15128490363.8523
  1270.151    8.9436    4.7221    3.8734   2171.7566    3.1406    15333349798.6152
  1286.976    8.9570    4.7267    3.8780   2173.9693    3.1359    15538142998.1583
  1303.801    8.9729    4.7312    3.8839   2176.4983    3.1315    15742908470.0362
  1320.626    8.9878    4.7359    3.8894   2178.9620    3.1274    15947687665.7528
  1337.451    9.0019    4.7403    3.8946   2181.4255    3.1235    16152475551.6390
  1354.276    9.0151    4.7447    3.8991   2183.6541    3.1199    16357264759.1360
  1371.101    9.0296    4.7495    3.9044   2186.0156    3.1166    16562077716.1267
  1387.926    9.0436    4.7540    3.9093   2188.2053    3.1136    16766941263.4347
  1404.752    9.0564    4.7584    3.9136   2190.3646    3.1110    16971849578.2516
  1421.577    9.0986    4.7807    3.9245   2196.5697    3.1086    17176980959.1468
  1438.402    9.1367    4.8012    3.9337   2202.1021    3.1065    17382482771.0792
  1455.227    9.1764    4.8231    3.9434   2207.7889    3.1047    17588341414.4303
  1472.052    9.2157    4.8451    3.9532   2213.6382    3.1033    17794591141.9246
  1488.877    9.2566    4.8672    3.9643   2219.9702    3.1021    18001289054.9228
  1505.702    9.2970    4.8901    3.9748   2226.1487    3.1012    18208472596.7216
  1522.527    9.3353    4.9115    3.9861   2232.2459    3.1007    18416166016.0098
  1539.352    9.3624    4.9255    3.9944   2235.0862    3.1005    18624334138.8279
  1556.177    9.3749    4.9299    3.9989   2237.1612    3.1008    18832825120.9377
  1556.177    5.1801    0.0000    4.1047         nan    3.1008    18832825120.9377
  1573.186    5.1946    0.0000    4.1102         nan    3.1000    19049462053.1937
  1590.196    5.2091    0.0000    4.1157         nan    3.0996    19266332800.5457
  1607.205    5.2236    0.0000    4.1212         nan    3.0998    19483469062.3868
  1624.214    5.2379    0.0000    4.1266         nan    3.1004    19700902059.9231
  1641.224    5.2517    0.0000    4.1319         nan    3.1015    19918659684.2973
  1658.233    5.2655    0.0000    4.1371         nan    3.1032    20136773488.8961
  1675.242    5.2793    0.0000    4.1423         nan    3.1054    20355281694.3056
  1692.252    5.2927    0.0000    4.1474         nan    3.1083    20574220556.7614
  1709.261    5.3058    0.0000    4.1524         nan    3.1117    20793625395.3394
  1709.261    5.2758    0.0000    6.3947         nan    3.1117    20793625395.3394
  1767.200    5.3328    0.0000    6.4351         nan    3.0150    21950176323.2225
  1825.140    5.3870    0.0000    6.4738         nan    2.9170    23077669080.0173
  1883.079    5.4385    0.0000    6.5106         nan    2.8179    24174906259.9686
  1941.018    5.4874    0.0000    6.5456         nan    2.7178    25240745365.6892
  1998.957    5.5339    0.0000    6.5790         nan    2.6166    26274096744.3040
  2056.897    5.5779    0.0000    6.6108         nan    2.5145    27273921790.8788
  2114.836    5.6196    0.0000    6.6409         nan    2.4114    28239231373.6168
  2172.775    5.6591    0.0000    6.6696         nan    2.3075    29169084447.6281
  2230.714    5.6964    0.0000    6.6966         nan    2.2028    30062586827.7770
  2288.654    5.7316    0.0000    6.7222         nan    2.0972    30918890092.4693
  2346.593    5.7647    0.0000    6.7464         nan    1.9910    31737190597.8851
  2404.532    5.7958    0.0000    6.7691         nan    1.8840    32516728578.4280
  2462.472    5.8249    0.0000    6.7904         nan    1.7764    33256787311.2465
  2520.411    5.8521    0.0000    6.8103         nan    1.6681    33956692321.0273
  2578.350    5.8774    0.0000    6.8288         nan    1.5593    34615810593.1516
  2636.289    5.9008    0.0000    6.8460         nan    1.4500    35233549754.1049
  2694.229    5.9223    0.0000    6.8619         nan    1.3401    35809357158.5966
  2752.168    5.9421    0.0000    6.8764         nan    1.2298    36342718784.4766
  2810.107    5.9600    0.0000    6.8896         nan    1.1190    36833157769.8215
  2868.047    5.9762    0.0000    6.9016         nan    1.0078    37280232291.5263
  2925.986    5.9906    0.0000    6.9122         nan    0.8961    37683532208.4144
  2983.925    6.0033    0.0000    6.9216         nan    0.7840    38042673288.0040
  3041.864    6.0143    0.0000    6.9297         nan    0.6714    38357286402.1364
  3099.804    6.0236    0.0000    6.9366         nan    0.5580    38626995335.1693
  3157.743    6.0312    0.0000    6.9422         nan    0.4434    38851365783.7704
  3215.682    6.0370    0.0000    6.9465         nan    0.3258    39029769507.7235
  3273.621    6.0412    0.0000    6.9496         nan    0.1985    39160937056.5573
  3331.561    6.0437    0.0000    6.9515         nan    0.0059    39240881155.4527
  3389.500    6.0446    0.0000    6.9521         nan    0.0000    39243277424.9239
