# Depth[km]  Vp[km/s]  Vs[km/s] Rho[g/cm3]    T[K]     g[m/s2]         P[Pa]        
     0.000    3.5995    2.1373    1.6244    273.1500    3.7291              0.0000
    10.230    3.5995    2.1373    1.6244    311.0773    3.7377       61967815.3103
    10.230    5.1620    3.0650    2.3296    311.0773    3.7377       61967815.3103
    28.835    5.1620    3.0650    2.3296    380.0622    3.7427      223964592.2611
    28.835    6.5553    3.8923    2.9583    380.0622    3.7427      223964592.2611
    47.627    6.5553    3.8923    2.9583    449.7436    3.7380      432036500.7100
    47.627    7.9524    4.5315    3.4847    449.7436    3.7380      432036500.7100
    57.566    7.9473    4.5238    3.4849    486.5940    3.7312      561494671.3146
    67.504    7.9420    4.5161    3.4850    523.4443    3.7244      690722400.8728
    77.442    7.9361    4.5079    3.4851    560.2947    3.7176      819718599.3970
    87.381    7.9302    4.4998    3.4850    597.1451    3.7109      948481685.7118
    97.319    7.9234    4.4913    3.4849    633.9955    3.7042     1077008399.4341
   107.257    7.9173    4.4831    3.4848    670.8459    3.6976     1205298909.9758
   117.196    7.9109    4.4748    3.4847    707.6963    3.6909     1333354944.9286
   127.134    7.9045    4.4664    3.4845    744.5467    3.6843     1461175951.6845
   137.072    7.8975    4.4579    3.4843    781.3971    3.6777     1588760194.8051
   147.011    7.8911    4.4496    3.4841    818.2475    3.6712     1716107766.9050
   156.949    7.8840    4.4411    3.4837    855.0979    3.6646     1843218251.8018
   166.887    7.8771    4.4326    3.4834    891.9483    3.6582     1970090597.2139
   176.826    7.8703    4.4242    3.4830    928.7987    3.6517     2096726051.8810
   186.764    7.8640    4.4160    3.4827    965.6491    3.6453     2223126297.6408
   196.703    7.8571    4.4076    3.4823   1002.4995    3.6389     2349290649.9187
   206.641    7.8500    4.3990    3.4818   1039.3499    3.6325     2475217456.3675
   216.579    7.8426    4.3906    3.4812   1076.2003    3.6262     2600905254.4541
   226.518    7.8364    4.3824    3.4809   1113.0507    3.6199     2726356891.4603
   236.456    7.8294    4.3739    3.4804   1149.9011    3.6137     2851575994.8502
   246.394    7.8224    4.3655    3.4799   1186.7515    3.6075     2976560988.7316
   256.333    7.8163    4.3575    3.4793   1223.6019    3.6013     3101312398.8498
   266.271    7.8089    4.3489    3.4787   1260.4523    3.5952     3225829759.6361
   276.209    7.8019    4.3404    3.4782   1297.3027    3.5891     3350114440.6598
   286.148    7.7955    4.3323    3.4776   1334.1531    3.5830     3474169476.7343
   296.086    7.7890    4.3242    3.4771   1371.0035    3.5770     3597995748.8442
   306.024    7.7818    4.3156    3.4764   1407.8539    3.5710     3721592108.7895
   315.963    7.7746    4.3072    3.4757   1444.7043    3.5651     3844957616.2616
   325.901    7.7679    4.2990    3.4752   1481.5547    3.5592     3968095767.6295
   335.839    7.7613    4.2908    3.4746   1518.4051    3.5533     4091009664.8181
   345.778    7.7541    4.2824    3.4738   1555.2555    3.5475     4213697131.8274
   355.716    7.7476    4.2742    3.4732   1592.1059    3.5417     4336159209.5454
   365.654    7.7409    4.2659    3.4725   1628.9563    3.5360     4458399389.7159
   375.593    7.7334    4.2573    3.4717   1665.8067    3.5303     4580415867.0707
   385.531    7.7267    4.2490    3.4710   1702.6571    3.5247     4702211108.4950
   395.469    7.7202    4.2408    3.4704   1739.5075    3.5191     4823789860.4081
   405.408    7.7125    4.2321    3.4696   1776.3579    3.5136     4945149862.0171
   415.346    7.7057    4.2238    3.4689   1813.2083    3.5081     5066291951.3456
   425.285    7.6983    4.2152    3.4680   1850.0587    3.5026     5187217346.8603
   435.223    7.6912    4.2066    3.4673   1886.9091    3.4972     5307928071.0918
   445.161    7.6836    4.1979    3.4665   1923.7595    3.4919     5428426118.8456
   467.903    7.7112    4.2063    3.4745   1928.0899    3.4798     5704024026.9016
   490.645    7.7375    4.2141    3.4824   1932.3951    3.4677     5979293169.2317
   513.387    7.7639    4.2221    3.4902   1936.6481    3.4557     6254228927.8831
   536.129    7.7893    4.2297    3.4980   1940.8234    3.4439     6528829651.8376
   558.871    7.8133    4.2366    3.5055   1944.7676    3.4321     6803085901.2502
   581.613    7.8384    4.2441    3.5131   1948.7801    3.4204     7076994060.5908
   604.355    7.8622    4.2510    3.5205   1952.6301    3.4089     7350554850.5234
   627.097    7.8856    4.2578    3.5279   1956.5334    3.3975     7623767277.2275
   649.839    7.9095    4.2648    3.5354   1960.4561    3.3862     7896640999.4483
   672.581    7.9330    4.2717    3.5427   1964.1455    3.3750     8169178181.1100
   695.323    7.9559    4.2784    3.5499   1967.7803    3.3640     8441374462.2848
   718.064    7.9786    4.2849    3.5571   1971.3795    3.3532     8713234296.4918
   740.806    8.0018    4.2917    3.5644   1975.0776    3.3425     8984771291.7421
   763.548    8.0241    4.2981    3.5715   1978.5646    3.3320     9255992112.8468
   786.290    8.0469    4.3048    3.5787   1982.0130    3.3217     9526904338.3283
   809.032    8.0695    4.3116    3.5858   1985.3732    3.3116     9797518182.0905
   831.774    8.0910    4.3176    3.5928   1988.7591    3.3017    10067837991.8364
   854.516    8.1143    4.3247    3.6001   1992.0381    3.2920    10337884623.0063
   877.258    8.1374    4.3319    3.6074   1995.2579    3.2825    10607681923.4182
   900.000    8.1600    4.3387    3.6147   1998.5009    3.2732    10877245978.8725
   916.518    8.1770    4.3440    3.6201   2000.8647    3.2666    11072833247.7796
   933.037    8.1933    4.3490    3.6253   2003.1356    3.2602    11268314034.3296
   949.555    8.2112    4.3549    3.6310   2005.4263    3.2539    11463702526.4848
   966.074    8.2298    4.3612    3.6370   2007.8712    3.2477    11659024807.9719
   982.592    8.2486    4.3677    3.6430   2010.1707    3.2416    11854295913.6453
   999.110    8.2673    4.3742    3.6490   2012.4741    3.2357    12049525199.4836
  1015.629    8.2869    4.3813    3.6553   2014.7200    3.2300    12244728314.2040
  1032.147    8.3066    4.3885    3.6617   2017.0080    3.2243    12439922223.9733
  1048.665    8.3226    4.3933    3.6670   2019.1525    3.2189    12635088952.6229
  1065.184    8.3377    4.3977    3.6721   2021.2663    3.2136    12830202818.9851
  1081.702    8.3531    4.4024    3.6773   2023.3382    3.2085    13025267672.7078
  1098.221    8.4174    4.4403    3.6952   2030.1850    3.2035    13220635531.8168
  1114.739    8.5505    4.5250    3.7308   2043.0489    3.1984    13417113640.1842
  1131.257    8.7052    4.6245    3.7709   2059.5957    3.1930    13615276079.1892
  1147.776    8.8152    4.6934    3.7995   2067.0659    3.1874    13814916688.7872
  1164.294    8.8303    4.6975    3.8047   2069.4898    3.1818    14015097878.0885
  1180.812    8.8447    4.7015    3.8098   2071.8286    3.1764    14215200994.9439
  1197.331    8.8607    4.7060    3.8155   2074.1421    3.1713    14415249789.6856
  1213.849    8.8759    4.7102    3.8210   2076.4649    3.1663    14615265175.5818
  1230.368    8.8911    4.7144    3.8264   2078.7960    3.1616    14815251945.4501
  1246.886    8.9062    4.7186    3.8319   2081.1297    3.1570    15015224686.3039
  1263.404    8.9212    4.7228    3.8373   2083.4657    3.1527    15215194894.3081
  1279.923    8.9365    4.7272    3.8428   2085.7978    3.1487    15415177950.0848
  1296.441    8.9515    4.7314    3.8484   2088.1483    3.1449    15615193190.2129
  1312.959    8.9665    4.7357    3.8539   2090.4838    3.1413    15815253379.8930
  1329.478    8.9813    4.7400    3.8593   2092.8064    3.1380    16015370724.9464
  1345.996    8.9962    4.7443    3.8648   2095.1368    3.1350    16215561902.5927
  1362.515    9.0245    4.7572    3.8727   2099.3179    3.1323    16415907136.5870
  1379.033    9.0640    4.7772    3.8826   2104.8045    3.1298    16616539237.6442
  1395.551    9.1008    4.7956    3.8923   2110.3684    3.1276    16817519742.6882
  1412.070    9.1403    4.8161    3.9026   2115.8343    3.1256    17018872582.3055
  1428.588    9.1787    4.8361    3.9129   2121.4122    3.1239    17220629277.8526
  1445.106    9.2173    4.8566    3.9232   2127.2061    3.1225    17422806459.6821
  1461.625    9.2562    4.8774    3.9339   2133.0747    3.1213    17625433272.0187
  1478.143    9.2952    4.8987    3.9447   2139.3074    3.1204    17828540976.2776
  1494.662    9.3226    4.9124    3.9529   2143.4362    3.1199    18032081403.2262
  1511.180    9.3367    4.9168    3.9581   2145.6558    3.1197    18235931817.8507
  1527.698    9.3501    4.9211    3.9631   2147.8155    3.1200    18440034183.8276
  1544.217    9.3637    4.9255    3.9681   2149.9575    3.1206    18644408100.4802
  1544.217    5.0623    0.0000    3.9923         nan    3.1206    18644408100.4802
  1559.944    5.0765    0.0000    3.9974         nan    3.1214    18840474740.1789
  1575.672    5.0906    0.0000    4.0024         nan    3.1225    19036836048.2637
  1591.399    5.1048    0.0000    4.0075         nan    3.1241    19233518008.6029
  1607.127    5.1190    0.0000    4.0126         nan    3.1261    19430547687.3158
  1622.854    5.1325    0.0000    4.0174         nan    3.1286    19627947508.7990
  1638.582    5.1460    0.0000    4.0222         nan    3.1315    19825740887.3314
  1654.309    5.1594    0.0000    4.0270         nan    3.1350    20023958342.0536
  1670.037    5.1729    0.0000    4.0318         nan    3.1390    20222631965.9304
  1685.764    5.1857    0.0000    4.0364         nan    3.1435    20421789913.8280
  1685.764    5.2019    0.0000    6.3570         nan    3.1435    20421789913.8280
  1744.514    5.2589    0.0000    6.3993         nan    3.0464    21599690616.8033
  1803.263    5.3131    0.0000    6.4398         nan    2.9480    22748619714.3255
  1862.013    5.3646    0.0000    6.4783         nan    2.8485    23867301082.6089
  1920.762    5.4135    0.0000    6.5151         nan    2.7479    24954516970.4968
  1979.512    5.4599    0.0000    6.5501         nan    2.6461    26009105984.3682
  2038.261    5.5039    0.0000    6.5834         nan    2.5434    27029961381.9153
  2097.011    5.5456    0.0000    6.6150         nan    2.4397    28016029634.8476
  2155.760    5.5850    0.0000    6.6450         nan    2.3351    28966309234.2416
  2214.510    5.6222    0.0000    6.6734         nan    2.2296    29879849725.3306
  2273.259    5.6574    0.0000    6.7003         nan    2.1234    30755750960.3827
  2332.009    5.6904    0.0000    6.7256         nan    2.0164    31593162578.7173
  2390.758    5.7215    0.0000    6.7494         nan    1.9086    32391283736.8711
  2449.508    5.7505    0.0000    6.7718         nan    1.8003    33149363129.1734
  2508.257    5.7776    0.0000    6.7927         nan    1.6914    33866699376.6192
  2567.007    5.8028    0.0000    6.8121         nan    1.5820    34542641908.4890
  2625.756    5.8262    0.0000    6.8302         nan    1.4721    35176592545.8038
  2684.506    5.8477    0.0000    6.8468         nan    1.3618    35768008133.2200
  2743.255    5.8674    0.0000    6.8621         nan    1.2513    36316404813.4743
  2802.005    5.8853    0.0000    6.8760         nan    1.1406    36821364994.9876
  2860.754    5.9015    0.0000    6.8885         nan    1.0300    37282548947.9227
  2919.504    5.9159    0.0000    6.8997         nan    0.9196    37699714777.3259
  2978.253    5.9285    0.0000    6.9096         nan    0.8100    38072754490.1055
  3037.003    5.9395    0.0000    6.9181         nan    0.7019    38401763266.6756
  3095.752    5.9487    0.0000    6.9253         nan    0.5969    38687183572.6141
  3154.502    5.9563    0.0000    6.9312         nan    0.4988    38930138257.2925
  3213.251    5.9621    0.0000    6.9358         nan    0.4186    39133319865.7269
  3272.001    5.9663    0.0000    6.9390         nan    0.4006    39303920925.1308
  3330.750    5.9688    0.0000    6.9410         nan    0.8044    39467241653.1815
  3389.500    5.9697    0.0000    6.9417         nan    0.0000    39795256953.8255
