# Depth[km]  Vp[km/s]  Vs[km/s] Rho[g/cm3]    T[K]     g[m/s2]         P[Pa]        
     0.000    3.3922    2.0388    1.6199    273.1500    3.7291              0.0000
    10.453    3.3922    2.0388    1.6199    314.0224    3.7379       63146501.9766
    10.453    5.1468    3.0934    2.4578    314.0224    3.7379       63146501.9766
    27.820    5.1468    3.0934    2.4578    381.9310    3.7407      222693640.6407
    27.820    6.3089    3.7918    3.0128    381.9310    3.7407      222693640.6407
    45.311    6.3089    3.7918    3.0128    450.3298    3.7355      419821181.3802
    45.311    7.9491    4.5304    3.4838    450.3298    3.7355      419821181.3802
    55.071    7.9431    4.5222    3.4838    488.4929    3.7288      546827884.8556
    64.830    7.9368    4.5139    3.4837    526.6559    3.7221      673604664.1384
    74.590    7.9301    4.5053    3.4835    564.8190    3.7155      800149888.7391
    84.349    7.9233    4.4967    3.4834    602.9821    3.7088      926462774.2913
    94.109    7.9155    4.4877    3.4830    641.1451    3.7022     1052540184.0874
   103.868    7.9085    4.4790    3.4827    679.3082    3.6957     1178381799.7887
   113.628    7.9012    4.4701    3.4824    717.4712    3.6891     1303989752.1845
   123.387    7.8933    4.4611    3.4819    755.6343    3.6826     1429361271.1415
   133.147    7.8860    4.4523    3.4815    793.7974    3.6761     1554496028.6112
   142.906    7.8778    4.4432    3.4810    831.9604    3.6697     1679393581.1704
   152.666    7.8703    4.4343    3.4805    870.1235    3.6633     1804053716.9677
   162.425    7.8625    4.4254    3.4799    908.2865    3.6569     1928477288.8085
   172.185    7.8546    4.4163    3.4793    946.4496    3.6506     2052663410.5282
   181.944    7.8472    4.4076    3.4788    984.6127    3.6442     2176613581.0652
   191.704    7.8394    4.3986    3.4781   1022.7757    3.6380     2300327935.8792
   201.463    7.8313    4.3897    3.4774   1060.9388    3.6317     2423803840.2096
   211.223    7.8234    4.3807    3.4766   1099.1018    3.6255     2547041314.0517
   220.982    7.8154    4.3717    3.4759   1137.2649    3.6193     2670042786.8920
   230.742    7.8077    4.3629    3.4752   1175.4280    3.6132     2792809860.5824
   240.501    7.8001    4.3540    3.4745   1213.5910    3.6071     2915343548.6583
   250.261    7.7922    4.3451    3.4737   1251.7541    3.6010     3037643304.7845
   260.020    7.7840    4.3360    3.4729   1289.9172    3.5950     3159709021.2610
   269.780    7.7767    4.3274    3.4721   1328.0802    3.5890     3281543387.3162
   279.539    7.7684    4.3183    3.4712   1366.2433    3.5831     3403145796.9552
   289.299    7.7608    4.3096    3.4704   1404.4063    3.5772     3524515465.4043
   299.058    7.7533    4.3008    3.4696   1442.5694    3.5713     3645656431.8957
   308.818    7.7452    4.2918    3.4686   1480.7325    3.5655     3766568634.5455
   318.577    7.7375    4.2831    3.4678   1518.8955    3.5597     3887252105.6122
   328.337    7.7303    4.2745    3.4669   1557.0586    3.5540     4007710593.7769
   338.096    7.7211    4.2650    3.4659   1595.2216    3.5483     4127942220.3515
   347.856    7.7140    4.2565    3.4650   1633.3847    3.5426     4247948165.7909
   357.615    7.7054    4.2473    3.4640   1671.5478    3.5370     4367729685.2279
   367.375    7.6980    4.2385    3.4631   1709.7108    3.5314     4487288796.1069
   377.134    7.6892    4.2293    3.4620   1747.8739    3.5259     4606626460.4155
   386.894    7.6817    4.2204    3.4611   1786.0369    3.5205     4725743589.4743
   396.653    7.6730    4.2112    3.4600   1824.2000    3.5150     4844642065.7691
   406.413    7.6658    4.2025    3.4591   1862.3631    3.5097     4963323228.5227
   416.172    7.6568    4.1930    3.4580   1900.5261    3.5043     5081788014.0252
   425.932    7.6483    4.1837    3.4571   1938.6892    3.4991     5200038417.3014
   435.691    7.6380    4.1736    3.4560   1976.8522    3.4938     5318076549.8311
   458.906    7.6677    4.1827    3.4643   1981.4755    3.4815     5598733533.9249
   482.122    7.6966    4.1916    3.4726   1986.1176    3.4692     5879070422.0616
   505.337    7.7237    4.1998    3.4805   1990.4439    3.4571     6159072981.2342
   528.553    7.7505    4.2079    3.4885   1994.8768    3.4450     6438732710.4671
   551.768    7.7762    4.2155    3.4964   1999.2531    3.4331     6718051792.7576
   574.984    7.8020    4.2231    3.5043   2003.6427    3.4212     6997030057.9094
   598.199    7.8264    4.2303    3.5119   2007.7350    3.4095     7275660747.6991
   621.415    7.8515    4.2377    3.5196   2011.8882    3.3979     7553941040.1067
   644.630    7.8755    4.2447    3.5271   2015.8611    3.3864     7831874763.9588
   667.846    7.8988    4.2513    3.5347   2019.9376    3.3751     8109464719.2975
   691.061    7.9233    4.2586    3.5423   2023.9598    3.3639     8386719460.0334
   714.276    7.9469    4.2655    3.5497   2027.7681    3.3529     8663641597.6342
   737.492    7.9696    4.2718    3.5570   2031.5793    3.3421     8940230193.5175
   760.707    7.9931    4.2788    3.5644   2035.2617    3.3314     9216496083.9677
   783.923    8.0168    4.2858    3.5719   2039.1207    3.3209     9492457301.6532
   807.138    8.0401    4.2927    3.5793   2042.7264    3.3107     9768123664.6673
   830.354    8.0628    4.2993    3.5866   2046.2929    3.3006    10043501505.7589
   853.569    8.0861    4.3063    3.5939   2049.7891    3.2908    10318605410.8078
   876.785    8.1093    4.3133    3.6013   2053.2347    3.2812    10593452668.5768
   900.000    8.1326    4.3203    3.6088   2056.6829    3.2718    10868062845.2971
   916.778    8.1499    4.3257    3.6143   2059.1285    3.2652    11066311567.2509
   933.555    8.1675    4.3313    3.6199   2061.5454    3.2587    11264463440.0120
   950.333    8.1852    4.3370    3.6256   2063.9956    3.2523    11462529984.3746
   967.110    8.2034    4.3430    3.6314   2066.3892    3.2461    11660524346.6770
   983.888    8.2217    4.3491    3.6373   2068.8183    3.2401    11858459997.6330
  1000.666    8.2405    4.3555    3.6433   2071.3577    3.2342    12056349196.4995
  1017.443    8.2613    4.3631    3.6500   2073.8149    3.2284    12254220463.3635
  1034.221    8.2829    4.3712    3.6569   2076.2818    3.2228    12452108434.2992
  1050.998    8.2987    4.3759    3.6623   2078.5979    3.2173    12649984472.3206
  1067.776    8.3143    4.3806    3.6674   2080.7372    3.2120    12847808675.3329
  1084.554    8.3299    4.3852    3.6727   2082.9608    3.2070    13045589144.5166
  1101.331    8.3457    4.3899    3.6780   2085.1414    3.2021    13243339767.0498
  1118.109    8.4314    4.4426    3.7013   2094.4173    3.1972    13441556799.3409
  1134.886    8.5822    4.5389    3.7411   2108.9847    3.1922    13641168912.5939
  1151.664    8.7591    4.6531    3.7863   2127.5803    3.1869    13842745552.1792
  1168.442    8.8068    4.6792    3.7996   2130.2255    3.1815    14045550055.7608
  1185.219    8.8215    4.6832    3.8047   2132.6975    3.1762    14248498352.5789
  1201.997    8.8380    4.6879    3.8106   2135.1422    3.1711    14451402260.4717
  1218.774    8.8535    4.6922    3.8161   2137.5864    3.1662    14654285860.6728
  1235.552    8.8689    4.6965    3.8216   2140.0183    3.1616    14857149835.5760
  1252.330    8.8846    4.7010    3.8273   2142.4584    3.1572    15060012262.7798
  1269.107    8.8998    4.7053    3.8328   2144.9178    3.1530    15262887878.3559
  1285.885    8.9152    4.7097    3.8383   2147.3739    3.1491    15465788553.0216
  1302.662    8.9304    4.7140    3.8438   2149.8161    3.1455    15668728919.3000
  1319.440    8.9459    4.7185    3.8495   2152.2965    3.1421    15871729009.5000
  1336.218    8.9610    4.7228    3.8550   2154.7409    3.1390    16074806480.9446
  1352.995    8.9760    4.7272    3.8605   2157.2178    3.1362    16277974494.1510
  1369.773    8.9910    4.7317    3.8660   2159.6578    3.1337    16481250916.9950
  1386.550    9.0077    4.7372    3.8719   2162.3266    3.1315    16684663466.5645
  1403.328    9.0460    4.7563    3.8816   2168.1534    3.1296    16888345904.6912
  1420.106    9.0857    4.7766    3.8919   2173.8405    3.1280    17092430771.9837
  1436.883    9.1256    4.7974    3.9022   2179.7031    3.1267    17296949013.8282
  1453.661    9.1638    4.8172    3.9123   2185.5111    3.1257    17501917772.6061
  1470.438    9.2027    4.8379    3.9228   2191.7641    3.1250    17707359872.1754
  1487.216    9.2427    4.8595    3.9336   2197.9290    3.1246    17913312082.9997
  1503.994    9.2822    4.8810    3.9446   2204.4980    3.1245    18119808819.6270
  1520.771    9.3186    4.9007    3.9549   2209.8660    3.1248    18326858279.6886
  1537.549    9.3324    4.9051    3.9599   2212.1605    3.1254    18534328808.2419
  1554.326    9.3463    4.9097    3.9651   2214.4379    3.1266    18742111788.9609
  1554.326    5.2327    0.0000    4.0255         nan    3.1266    18742111788.9609
  1571.214    5.2464    0.0000    4.0307         nan    3.1273    18954797825.1956
  1588.102    5.2600    0.0000    4.0358         nan    3.1286    19167807367.9829
  1604.989    5.2737    0.0000    4.0409         nan    3.1303    19381173650.1546
  1621.877    5.2871    0.0000    4.0460         nan    3.1326    19594929796.8881
  1638.765    5.3001    0.0000    4.0509         nan    3.1355    19809105811.7116
  1655.653    5.3131    0.0000    4.0558         nan    3.1389    20023735019.0837
  1672.540    5.3261    0.0000    4.0607         nan    3.1429    20238857235.4864
  1689.428    5.3388    0.0000    4.0655         nan    3.1475    20454510990.6689
  1706.316    5.3511    0.0000    4.0702         nan    3.1528    20670733725.0341
  1706.316    5.2076    0.0000    6.4615         nan    3.1528    20670733725.0341
  1764.356    5.2852    0.0000    6.5039         nan    3.0550    21856993926.0270
  1822.397    5.3586    0.0000    6.5440         nan    2.9560    23013788659.8193
  1880.438    5.4278    0.0000    6.5821         nan    2.8558    24139800280.4032
  1938.479    5.4932    0.0000    6.6181         nan    2.7545    25233787414.1296
  1996.520    5.5551    0.0000    6.6522         nan    2.6522    26294580039.6616
  2054.561    5.6134    0.0000    6.6844         nan    2.5489    27321075373.9221
  2112.601    5.6685    0.0000    6.7149         nan    2.4447    28312234435.7913
  2170.642    5.7204    0.0000    6.7436         nan    2.3397    29267079193.6024
  2228.683    5.7693    0.0000    6.7708         nan    2.2338    30184690239.2332
  2286.724    5.8152    0.0000    6.7963         nan    2.1273    31064204950.9497
  2344.765    5.8584    0.0000    6.8203         nan    2.0200    31904816142.1556
  2402.806    5.8988    0.0000    6.8428         nan    1.9121    32705771224.9441
  2460.847    5.9365    0.0000    6.8639         nan    1.8037    33466371959.8276
  2518.887    5.9717    0.0000    6.8835         nan    1.6948    34185974925.5728
  2576.928    6.0043    0.0000    6.9017         nan    1.5855    34863992939.2589
  2634.969    6.0345    0.0000    6.9186         nan    1.4759    35499897810.8197
  2693.010    6.0622    0.0000    6.9341         nan    1.3661    36093225078.3615
  2751.051    6.0876    0.0000    6.9483         nan    1.2562    36643581832.9412
  2809.092    6.1106    0.0000    6.9612         nan    1.1465    37150659595.0498
  2867.132    6.1314    0.0000    6.9728         nan    1.0371    37614255859.2463
  2925.173    6.1498    0.0000    6.9832         nan    0.9287    38034311314.9414
  2983.214    6.1661    0.0000    6.9923         nan    0.8219    38410977169.9664
  3041.255    6.1801    0.0000    7.0002         nan    0.7183    38744744568.6815
  3099.296    6.1920    0.0000    7.0068         nan    0.6206    39036713948.3149
  3157.337    6.2016    0.0000    7.0123         nan    0.5361    39289217751.4384
  3215.377    6.2091    0.0000    7.0165         nan    0.4852    39507483091.4713
  3273.418    6.2145    0.0000    7.0195         nan    0.5507    39705110407.9385
  3331.459    6.2177    0.0000    7.0213         nan    1.4055    39929515573.6199
  3389.500    6.2188    0.0000    7.0219         nan    0.0000    40502310322.1908
