# Depth[km]  Vp[km/s]  Vs[km/s] Rho[g/cm3]    T[K]     g[m/s2]         P[Pa]        
     0.000    3.9645    2.3923    1.8023    273.1500    3.7291              0.0000
    13.317    3.9645    2.3923    1.8023    327.2058    3.7383       89501336.4148
    13.317    4.5491    2.7450    2.0681    327.2058    3.7383       89501336.4148
    30.098    4.5491    2.7450    2.0681    395.3315    3.7465      219243716.1657
    30.098    5.6012    3.3799    2.5464    395.3315    3.7465      219243716.1657
    48.071    5.6012    3.3799    2.5464    468.2964    3.7484      390716738.7016
    48.071    7.9956    4.5410    3.5189    468.2964    3.7484      390716738.7016
    57.718    7.9875    4.5310    3.5185    507.4587    3.7415      517952561.2786
    67.365    7.9790    4.5209    3.5181    546.6209    3.7348      644942316.7003
    77.012    7.9703    4.5107    3.5176    585.7832    3.7280      771684636.7126
    86.659    7.9610    4.5003    3.5170    624.9455    3.7213      898177344.6885
    96.306    7.9522    4.4901    3.5164    664.1077    3.7146     1024420765.2618
   105.952    7.9431    4.4799    3.5158    703.2700    3.7079     1150416301.5015
   115.599    7.9340    4.4698    3.5152    742.4322    3.7012     1276163749.0712
   125.246    7.9244    4.4594    3.5145    781.5945    3.6946     1401661925.8802
   134.893    7.9150    4.4493    3.5137    820.7567    3.6880     1526909422.9934
   144.540    7.9058    4.4393    3.5130    859.9190    3.6815     1651908291.8976
   154.187    7.8961    4.4291    3.5122    899.0812    3.6750     1776658805.4368
   163.833    7.8867    4.4191    3.5114    938.2435    3.6685     1901160079.4701
   173.480    7.8771    4.4091    3.5106    977.4057    3.6620     2025412453.5292
   183.127    7.8673    4.3989    3.5097   1016.5680    3.6556     2149415552.6295
   192.774    7.8578    4.3890    3.5088   1055.7303    3.6492     2273170455.1992
   202.421    7.8484    4.3792    3.5079   1094.8925    3.6429     2396677746.7849
   212.068    7.8389    4.3692    3.5071   1134.0548    3.6366     2519938852.7513
   221.714    7.8289    4.3591    3.5061   1173.2170    3.6303     2642954370.8679
   231.361    7.8197    4.3494    3.5052   1212.3793    3.6241     2765725468.5500
   241.008    7.8096    4.3392    3.5041   1251.5415    3.6179     2888250879.1960
   250.655    7.7998    4.3292    3.5032   1290.7038    3.6117     3010531463.8820
   260.302    7.7909    4.3197    3.5023   1329.8660    3.6056     3132572097.7868
   269.949    7.7821    4.3100    3.5013   1369.0283    3.5995     3254371858.5358
   279.595    7.7721    4.3002    3.5002   1408.1905    3.5934     3375929042.0661
   289.242    7.7638    4.2910    3.4992   1447.3528    3.5874     3497246566.9567
   298.889    7.7541    4.2812    3.4980   1486.5151    3.5815     3618324757.3238
   308.536    7.7451    4.2717    3.4971   1525.6773    3.5755     3739165033.7161
   318.183    7.7350    4.2615    3.4959   1564.8396    3.5697     3859768827.0508
   327.830    7.7259    4.2520    3.4949   1604.0018    3.5638     3980136214.4269
   337.476    7.7162    4.2422    3.4938   1643.1641    3.5580     4100269645.8408
   347.123    7.7066    4.2324    3.4926   1682.3263    3.5523     4220168696.6838
   356.770    7.6976    4.2227    3.4916   1721.4886    3.5466     4339836269.3133
   366.417    7.6878    4.2128    3.4904   1760.6508    3.5409     4459273848.1694
   376.064    7.6780    4.2029    3.4892   1799.8131    3.5353     4578480558.3488
   385.711    7.6684    4.1930    3.4881   1838.9753    3.5297     4697458115.1596
   395.357    7.6581    4.1829    3.4869   1878.1376    3.5242     4816207608.1143
   405.004    7.6486    4.1731    3.4857   1917.2999    3.5187     4934730704.6773
   414.651    7.6389    4.1632    3.4845   1956.4621    3.5133     5053029263.4559
   424.298    7.6286    4.1530    3.4832   1995.6244    3.5079     5171103330.9757
   433.945    7.6189    4.1430    3.4820   2034.7866    3.5025     5288953984.8655
   457.247    7.6491    4.1525    3.4907   2039.8187    3.4898     5573506021.0083
   480.550    7.6779    4.1616    3.4992   2044.6462    3.4770     5857720016.5197
   503.853    7.7056    4.1704    3.5074   2049.2652    3.4644     6141575395.7574
   527.156    7.7331    4.1790    3.5157   2053.9329    3.4518     6425066406.9551
   550.459    7.7594    4.1872    3.5239   2058.3942    3.4394     6708190476.4589
   573.761    7.7854    4.1953    3.5319   2062.7811    3.4270     6990938882.7159
   597.064    7.8114    4.2035    3.5399   2067.0906    3.4148     7273310683.4717
   620.367    7.8370    4.2115    3.5478   2071.3538    3.4026     7555307686.1343
   643.670    7.8615    4.2191    3.5556   2075.4527    3.3906     7836926452.1399
   666.972    7.8865    4.2269    3.5634   2079.5665    3.3788     8118168347.0119
   690.275    7.9112    4.2347    3.5712   2083.4830    3.3670     8399039535.2852
   713.578    7.9359    4.2424    3.5791   2087.5098    3.3554     8679548863.1840
   736.881    7.9601    4.2500    3.5868   2091.3110    3.3440     8959700903.1122
   760.183    7.9846    4.2578    3.5945   2095.0634    3.3327     9239501124.9557
   783.486    8.0096    4.2660    3.6024   2098.8592    3.3216     9518965841.9225
   806.789    8.0338    4.2737    3.6102   2102.4990    3.3107     9798107149.4825
   830.092    8.0583    4.2817    3.6181   2106.1262    3.3000    10076939118.2340
   853.394    8.0833    4.2901    3.6261   2109.6385    3.2895    10355479266.9991
   876.697    8.1094    4.2990    3.6345   2113.2605    3.2792    10633756835.7176
   900.000    8.1355    4.3081    3.6428   2116.6802    3.2691    10911800081.3120
   917.269    8.1553    4.3150    3.6492   2119.2438    3.2617    11117627729.7759
   934.537    8.1754    4.3223    3.6557   2121.7523    3.2545    11323355129.7437
   951.806    8.1964    4.3300    3.6626   2124.2896    3.2474    11529002560.6041
   969.075    8.2174    4.3378    3.6694   2126.7786    3.2404    11734584681.9409
   986.344    8.2408    4.3472    3.6769   2129.2928    3.2336    11940125548.8918
  1003.612    8.2653    4.3571    3.6850   2131.9033    3.2269    12145667651.4387
  1020.881    8.2844    4.3636    3.6917   2134.6727    3.2203    12351196056.4833
  1038.150    8.3033    4.3700    3.6985   2137.3656    3.2138    12556680052.9880
  1055.419    8.3221    4.3764    3.7052   2140.1015    3.2075    12762127470.7776
  1072.687    8.3400    4.3825    3.7116   2142.6796    3.2014    12967536879.0153
  1089.956    8.3556    4.3873    3.7172   2145.1250    3.1955    13172884700.8197
  1107.225    8.3755    4.3952    3.7245   2146.8684    3.1897    13378208088.9099
  1124.494    8.3990    4.4052    3.7334   2148.2992    3.1841    13583609878.0380
  1141.762    8.4981    4.4658    3.7614   2158.1307    3.1785    13789663865.9094
  1159.031    8.6589    4.5675    3.8043   2174.7881    3.1727    13997300258.0734
  1176.300    8.8680    4.7018    3.8573   2191.3426    3.1665    14207185849.0123
  1193.569    8.8828    4.7062    3.8627   2193.6437    3.1602    14418257665.8886
  1210.837    8.8978    4.7108    3.8683   2195.8398    3.1540    14629205521.0025
  1228.106    8.9122    4.7149    3.8738   2197.8849    3.1481    14840045765.9706
  1245.375    8.9264    4.7192    3.8790   2199.9819    3.1424    15050783516.2803
  1262.644    8.9404    4.7232    3.8845   2201.9609    3.1370    15261431225.8542
  1279.912    8.9537    4.7267    3.8899   2203.6586    3.1318    15472008201.9094
  1297.181    8.9682    4.7315    3.8953   2205.5863    3.1269    15682528461.8690
  1314.450    8.9813    4.7350    3.9008   2207.1400    3.1222    15893010260.1576
  1331.718    8.9939    4.7383    3.9061   2208.7911    3.1178    16103470456.8223
  1348.987    9.0080    4.7427    3.9117   2210.6504    3.1137    16313929254.1002
  1366.256    9.0201    4.7456    3.9172   2211.8775    3.1099    16524408217.1603
  1383.525    9.0332    4.7495    3.9228   2213.0552    3.1064    16734927690.9179
  1400.793    9.0451    4.7526    3.9279   2214.2416    3.1033    16945498866.2716
  1418.062    9.0575    4.7561    3.9333   2215.4787    3.1004    17156137236.4575
  1435.331    9.0703    4.7593    3.9396   2216.8043    3.0980    17366897001.9479
  1452.600    9.0882    4.7663    3.9463   2218.5193    3.0958    17577836799.1456
  1469.868    9.1294    4.7882    3.9581   2223.1058    3.0940    17789126528.6883
  1487.137    9.1698    4.8099    3.9697   2227.6923    3.0925    18000917358.0007
  1504.406    9.2109    4.8323    3.9821   2232.2872    3.0913    18213245657.2478
  1521.675    9.2526    4.8554    3.9950   2236.7591    3.0904    18426166231.4350
  1538.943    9.2891    4.8754    4.0066   2240.8106    3.0899    18639679884.8392
  1556.212    9.3021    4.8801    4.0115   2243.1970    3.0898    18853596297.2360
  1573.481    9.3148    4.8847    4.0160   2245.1820    3.0901    19067754775.8561
  1573.481    5.0281    0.0000    4.0427         nan    3.0901    19067754775.8561
  1588.933    5.0417    0.0000    4.0478         nan    3.0905    19260914480.7772
  1604.386    5.0552    0.0000    4.0529         nan    3.0913    19454341527.5656
  1619.838    5.0688    0.0000    4.0580         nan    3.0925    19648061002.0460
  1635.290    5.0824    0.0000    4.0631         nan    3.0941    19842099035.8635
  1650.743    5.0953    0.0000    4.0679         nan    3.0962    20036477328.3875
  1666.195    5.1082    0.0000    4.0728         nan    3.0987    20231218498.5281
  1681.648    5.1211    0.0000    4.0776         nan    3.1018    20426351978.4145
  1697.100    5.1340    0.0000    4.0825         nan    3.1053    20621908759.9674
  1712.552    5.1463    0.0000    4.0871         nan    3.1094    20817916109.8947
  1712.552    5.3471    0.0000    6.4019         nan    3.1094    20817916109.8947
  1770.378    5.3935    0.0000    6.4413         nan    3.0127    21972536893.2825
  1828.204    5.4377    0.0000    6.4790         nan    2.9150    23097989475.7444
  1886.030    5.4798    0.0000    6.5151         nan    2.8161    24193142326.2669
  1943.855    5.5198    0.0000    6.5496         nan    2.7163    25256910679.3663
  2001.681    5.5579    0.0000    6.5826         nan    2.6154    26288255765.1842
  2059.507    5.5940    0.0000    6.6140         nan    2.5137    27286184221.6889
  2117.333    5.6283    0.0000    6.6440         nan    2.4111    28249747683.3618
  2175.159    5.6608    0.0000    6.6724         nan    2.3076    29178042549.8034
  2232.984    5.6916    0.0000    6.6995         nan    2.2034    30070209947.2734
  2290.810    5.7206    0.0000    6.7250         nan    2.0985    30925435909.9636
  2348.636    5.7479    0.0000    6.7492         nan    1.9929    31742951825.7343
  2406.462    5.7736    0.0000    6.7720         nan    1.8867    32522035217.8887
  2464.288    5.7976    0.0000    6.7934         nan    1.7799    33262010974.8428
  2522.113    5.8201    0.0000    6.8135         nan    1.6727    33962253202.3200
  2579.939    5.8410    0.0000    6.8322         nan    1.5651    34622187972.2538
  2637.765    5.8604    0.0000    6.8496         nan    1.4572    35241297409.4959
  2695.591    5.8782    0.0000    6.8656         nan    1.3491    35819125841.9215
  2753.416    5.8946    0.0000    6.8803         nan    1.2409    36355289244.9322
  2811.242    5.9095    0.0000    6.8937         nan    1.1330    36849490148.4288
  2869.068    5.9229    0.0000    6.9059         nan    1.0256    37301541993.0231
  2926.894    5.9349    0.0000    6.9167         nan    0.9191    37711410648.4652
  2984.720    5.9454    0.0000    6.9262         nan    0.8146    38079288965.0950
  3042.545    5.9545    0.0000    6.9345         nan    0.7135    38405739543.9084
  3100.371    5.9622    0.0000    6.9415         nan    0.6192    38691991332.4736
  3158.197    5.9685    0.0000    6.9472         nan    0.5394    38940624740.1509
  3216.023    5.9734    0.0000    6.9516         nan    0.4971    39157400307.2200
  3273.848    5.9769    0.0000    6.9548         nan    0.5846    39357283658.7906
  3331.674    5.9790    0.0000    6.9567         nan    1.5513    39592423633.2653
  3389.500    5.9796    0.0000    6.9573         nan    0.0000    40216491468.2188
