# Depth[km]  Vp[km/s]  Vs[km/s] Rho[g/cm3]    T[K]     g[m/s2]         P[Pa]        
     0.000    3.7592    2.1642    1.7004    273.1500    3.7291              0.0000
    11.490    3.7592    2.1642    1.7004    317.1650    3.7381       72857959.0073
    11.490    4.9599    2.8555    2.2435    317.1650    3.7381       72857959.0073
    25.447    4.9599    2.8555    2.2435    370.6336    3.7428      189903666.9613
    25.447    6.5446    3.7678    2.9603    370.6336    3.7428      189903666.9613
    42.710    6.5446    3.7678    2.9603    436.7685    3.7384      381173665.2138
    42.710    7.9524    4.5337    3.4841    436.7685    3.7384      381173665.2138
    52.777    7.9467    4.5256    3.4842    475.3318    3.7315      512288558.1529
    62.843    7.9408    4.5173    3.4843    513.8951    3.7246      643162944.3602
    72.909    7.9344    4.5088    3.4842    552.4584    3.7177      773794949.3353
    82.975    7.9277    4.5001    3.4841    591.0217    3.7109      904182746.0187
    93.041    7.9202    4.4911    3.4838    629.5849    3.7041     1034322981.1131
   103.108    7.9133    4.4824    3.4836    668.1482    3.6973     1164215634.5710
   113.174    7.9063    4.4736    3.4833    706.7115    3.6906     1293862656.8879
   123.240    7.8992    4.4647    3.4831    745.2748    3.6838     1423263352.0947
   133.306    7.8914    4.4556    3.4826    783.8381    3.6772     1552415493.4267
   143.372    7.8842    4.4468    3.4823    822.4014    3.6705     1681318905.5045
   153.439    7.8765    4.4378    3.4818    860.9647    3.6639     1809974330.0725
   163.505    7.8684    4.4286    3.4813    899.5280    3.6573     1938378987.8808
   173.571    7.8615    4.4200    3.4809    938.0913    3.6508     2066534966.4091
   183.637    7.8536    4.4109    3.4803    976.6546    3.6442     2194443283.9839
   193.703    7.8461    4.4020    3.4797   1015.2179    3.6378     2322102328.3763
   203.770    7.8381    4.3930    3.4790   1053.7812    3.6313     2449510932.2815
   213.836    7.8306    4.3841    3.4784   1092.3444    3.6249     2576669319.7944
   223.902    7.8226    4.3750    3.4777   1130.9077    3.6185     2703580611.0668
   233.968    7.8149    4.3660    3.4771   1169.4710    3.6122     2830245766.5115
   244.034    7.8077    4.3574    3.4765   1208.0343    3.6059     2956666561.7150
   254.101    7.7999    4.3483    3.4757   1246.5976    3.5997     3082841971.3568
   264.167    7.7925    4.3395    3.4751   1285.1609    3.5935     3208772553.6320
   274.233    7.7851    4.3308    3.4744   1323.7242    3.5873     3334461507.4632
   284.299    7.7781    4.3222    3.4737   1362.2875    3.5812     3459909926.2317
   294.365    7.7697    4.3129    3.4727   1400.8508    3.5751     3585114640.2301
   304.432    7.7624    4.3042    3.4720   1439.4141    3.5690     3710076494.1806
   314.498    7.7552    4.2956    3.4713   1477.9774    3.5630     3834801465.8216
   324.564    7.7465    4.2863    3.4703   1516.5407    3.5571     3959286606.6191
   334.630    7.7394    4.2776    3.4696   1555.1040    3.5512     4083532786.3216
   344.696    7.7322    4.2689    3.4688   1593.6672    3.5453     4207545303.9178
   354.763    7.7238    4.2598    3.4678   1632.2305    3.5395     4331321439.9614
   364.829    7.7166    4.2510    3.4670   1670.7938    3.5337     4454862710.6472
   374.895    7.7084    4.2421    3.4661   1709.3571    3.5280     4578170984.4191
   384.961    7.7008    4.2331    3.4652   1747.9204    3.5223     4701247395.5729
   395.027    7.6922    4.2237    3.4642   1786.4837    3.5167     4824092090.0392
   405.093    7.6849    4.2150    3.4634   1825.0470    3.5111     4946707657.2330
   415.160    7.6767    4.2058    3.4624   1863.6103    3.5056     5069097025.1095
   425.226    7.6694    4.1969    3.4615   1902.1736    3.5001     5191260074.5213
   435.292    7.6599    4.1871    3.4605   1940.7369    3.4947     5313198849.7730
   445.358    7.6515    4.1778    3.4597   1979.3002    3.4893     5434916625.6862
   468.090    7.6797    4.1864    3.4677   1983.7614    3.4772     5709650412.4235
   490.822    7.7071    4.1947    3.4756   1988.1926    3.4653     5984067714.3253
   513.555    7.7341    4.2030    3.4835   1992.5427    3.4534     6258165240.0660
   536.287    7.7598    4.2107    3.4913   1996.8780    3.4416     6531937826.1971
   559.019    7.7844    4.2179    3.4989   2000.9748    3.4300     6805377920.1278
   581.751    7.8093    4.2253    3.5066   2005.2344    3.4184     7078486338.7387
   604.483    7.8332    4.2322    3.5140   2009.2257    3.4070     7351261260.0059
   627.215    7.8578    4.2396    3.5216   2013.3053    3.3956     7623703738.6047
   649.947    7.8806    4.2460    3.5289   2017.2095    3.3845     7895816975.1246
   672.679    7.9038    4.2527    3.5363   2021.1575    3.3734     8167599886.1237
   695.411    7.9278    4.2599    3.5437   2025.0927    3.3625     8439062273.4610
   718.143    7.9505    4.2663    3.5509   2028.8333    3.3518     8710207844.6978
   740.875    7.9732    4.2729    3.5581   2032.5235    3.3412     8981038586.3547
   763.607    7.9961    4.2797    3.5653   2036.1196    3.3308     9251562515.2451
   786.340    8.0192    4.2864    3.5727   2039.9152    3.3206     9521794634.7161
   809.072    8.0420    4.2932    3.5799   2043.4450    3.3106     9791746464.4131
   831.804    8.0642    4.2996    3.5870   2046.9133    3.3008    10061423160.4776
   854.536    8.0871    4.3066    3.5943   2050.3471    3.2911    10330840871.1245
   877.268    8.1098    4.3134    3.6015   2053.7162    3.2818    10600015502.5345
   900.000    8.1328    4.3203    3.6089   2057.0952    3.2726    10868967064.8089
   916.437    8.1495    4.3256    3.6142   2059.4933    3.2661    11063235985.1502
   932.873    8.1668    4.3310    3.6197   2061.8616    3.2598    11257410804.1330
   949.310    8.1841    4.3366    3.6252   2064.2593    3.2536    11451502703.2632
   965.747    8.2019    4.3424    3.6309   2066.6040    3.2475    11645525319.9660
   982.184    8.2187    4.3477    3.6364   2068.9818    3.2415    11839484351.0632
   998.620    8.2382    4.3547    3.6426   2071.5170    3.2358    12033398652.2632
  1015.057    8.2594    4.3625    3.6494   2073.9304    3.2301    12227310894.4445
  1031.494    8.2800    4.3702    3.6560   2076.3176    3.2246    12421241024.8018
  1047.931    8.2958    4.3750    3.6614   2078.6057    3.2192    12615156944.9852
  1064.367    8.3111    4.3795    3.6664   2080.7039    3.2140    12809025045.9816
  1080.804    8.3259    4.3838    3.6713   2082.8986    3.2090    13002844456.2128
  1097.241    8.3417    4.3886    3.6767   2085.0066    3.2042    13196632331.0630
  1113.677    8.3971    4.4206    3.6922   2091.3529    3.1995    13390677051.7382
  1130.114    8.5380    4.5105    3.7296   2105.0324    3.1947    13585827980.4732
  1146.551    8.6993    4.6143    3.7712   2122.8486    3.1896    13782761255.5989
  1162.988    8.8021    4.6778    3.7980   2129.7847    3.1843    13981174409.3306
  1179.424    8.8163    4.6819    3.8029   2132.2599    3.1790    14180087366.0062
  1195.861    8.8298    4.6855    3.8075   2134.6452    3.1740    14378921654.8586
  1212.298    8.8474    4.6904    3.8139   2137.0030    3.1692    14577728492.4608
  1228.735    8.8625    4.6947    3.8193   2139.4023    3.1646    14776540432.8287
  1245.171    8.8775    4.6989    3.8248   2141.8308    3.1602    14975344168.9410
  1261.608    8.8926    4.7031    3.8301   2144.2166    3.1560    15174151572.4347
  1278.045    8.9075    4.7074    3.8355   2146.6202    3.1521    15372976409.7434
  1294.481    8.9228    4.7118    3.8411   2149.0135    3.1484    15571838972.8177
  1310.918    8.9378    4.7160    3.8466   2151.4248    3.1450    15770755240.2762
  1327.355    8.9526    4.7202    3.8519   2153.8515    3.1418    15969735189.6377
  1343.792    8.9672    4.7245    3.8573   2156.2564    3.1389    16168792496.2536
  1360.228    8.9821    4.7289    3.8627   2158.6505    3.1364    16367946181.6929
  1376.665    8.9969    4.7333    3.8683   2161.0827    3.1341    16567218558.9694
  1393.102    9.0222    4.7444    3.8756   2164.7387    3.1321    16766676453.6870
  1409.539    9.0589    4.7628    3.8850   2170.6069    3.1303    16966437665.6674
  1425.975    9.0983    4.7831    3.8950   2176.1644    3.1289    17166589007.8140
  1442.412    9.1369    4.8032    3.9053   2181.8162    3.1277    17367168662.1520
  1458.849    9.1750    4.8231    3.9154   2187.7528    3.1268    17568195405.5103
  1475.285    9.2147    4.8444    3.9260   2193.6928    3.1263    17769698197.9913
  1491.722    9.2529    4.8650    3.9363   2199.7709    3.1260    17971702624.5789
  1508.159    9.2921    4.8866    3.9472   2206.3031    3.1260    18174233657.1840
  1524.596    9.3211    4.9015    3.9558   2210.7367    3.1264    18377267322.3507
  1541.032    9.3347    4.9058    3.9608   2213.0041    3.1272    18580676745.2774
  1541.032    5.3120    0.0000    4.0089         nan    3.1272    18580676745.2774
  1558.371    5.3229    0.0000    4.0140         nan    3.1278    18798189053.0693
  1575.710    5.3338    0.0000    4.0192         nan    3.1289    19016022203.0636
  1593.049    5.3447    0.0000    4.0243         nan    3.1306    19234211356.4726
  1610.389    5.3554    0.0000    4.0293         nan    3.1328    19452791366.5512
  1627.728    5.3658    0.0000    4.0343         nan    3.1355    19671794815.7456
  1645.067    5.3762    0.0000    4.0392         nan    3.1389    19891258049.5729
  1662.406    5.3866    0.0000    4.0441         nan    3.1428    20111223310.4257
  1679.745    5.3967    0.0000    4.0489         nan    3.1475    20331731046.0188
  1697.084    5.4066    0.0000    4.0536         nan    3.1528    20552821765.3163
  1697.084    5.2108    0.0000    6.4228         nan    3.1528    20552821765.3163
  1755.443    5.2853    0.0000    6.4652         nan    3.0552    21738467510.2932
  1813.802    5.3558    0.0000    6.5053         nan    2.9563    22894765078.6995
  1872.161    5.4225    0.0000    6.5434         nan    2.8563    24020402598.2970
  1930.520    5.4855    0.0000    6.5794         nan    2.7552    25114142277.8563
  1988.880    5.5451    0.0000    6.6136         nan    2.6531    26174816073.6339
  2047.239    5.6015    0.0000    6.6460         nan    2.5500    27201322092.7636
  2105.598    5.6546    0.0000    6.6766         nan    2.4460    28192621627.4604
  2163.957    5.7048    0.0000    6.7055         nan    2.3411    29147736753.1848
  2222.316    5.7521    0.0000    6.7328         nan    2.2355    30065748452.8297
  2280.676    5.7965    0.0000    6.7585         nan    2.1291    30945795260.7674
  2339.035    5.8383    0.0000    6.7826         nan    2.0221    31787072451.2953
  2397.394    5.8774    0.0000    6.8053         nan    1.9145    32588831841.0361
  2455.753    5.9140    0.0000    6.8265         nan    1.8064    33350382336.3845
  2514.112    5.9480    0.0000    6.8463         nan    1.6979    34071091441.5883
  2572.471    5.9797    0.0000    6.8647         nan    1.5890    34750388084.5606
  2630.831    6.0089    0.0000    6.8817         nan    1.4799    35387767345.0943
  2689.190    6.0358    0.0000    6.8973         nan    1.3708    35982798057.5609
  2747.549    6.0604    0.0000    6.9117         nan    1.2617    36535134945.4296
  2805.908    6.0828    0.0000    6.9247         nan    1.1531    37044538214.7725
  2864.267    6.1029    0.0000    6.9365         nan    1.0452    37510905994.6293
  2922.627    6.1209    0.0000    6.9469         nan    0.9388    37934330056.7129
  2980.986    6.1366    0.0000    6.9561         nan    0.8350    38315196285.1712
  3039.345    6.1503    0.0000    6.9641         nan    0.7360    38654377503.1899
  3097.704    6.1618    0.0000    6.9708         nan    0.6460    38953634490.0195
  3156.063    6.1711    0.0000    6.9763         nan    0.5756    39216542753.1794
  3214.422    6.1784    0.0000    6.9805         nan    0.5552    39450966702.6521
  3272.782    6.1836    0.0000    6.9836         nan    0.7082    39677211924.8138
  3331.141    6.1867    0.0000    6.9854         nan    2.0351    39965882703.2914
  3389.500    6.1878    0.0000    6.9860         nan    0.0000    40795563950.3512
