# Depth[km]  Vp[km/s]  Vs[km/s] Rho[g/cm3]    T[K]     g[m/s2]         P[Pa]        
     0.000    3.7005    2.2152    1.7130    273.1500    3.7291              0.0000
    11.619    3.7005    2.2152    1.7130    314.9641    3.7380       74217168.3469
    11.619    4.7551    2.8464    2.2011    314.9641    3.7380       74217168.3469
    29.922    4.7551    2.8464    2.2011    380.8406    3.7449      224811863.3151
    29.922    6.3542    3.8037    2.9414    380.8406    3.7449      224811863.3151
    43.118    6.3542    3.8037    2.9414    428.3360    3.7418      370168432.7134
    43.118    7.9566    4.5363    3.4850    428.3360    3.7418      370168432.7134
    53.398    7.9521    4.5289    3.4853    465.3389    3.7348      504237992.6907
    63.679    7.9472    4.5212    3.4856    502.3419    3.7277      638066382.9927
    73.960    7.9420    4.5133    3.4858    539.3449    3.7207      771651840.7322
    84.241    7.9365    4.5053    3.4859    576.3479    3.7138      904992677.1519
    94.522    7.9308    4.4972    3.4860    613.3509    3.7068     1038087738.3350
   104.803    7.9244    4.4888    3.4859    650.3539    3.6999     1170934494.4763
   115.084    7.9185    4.4806    3.4859    687.3569    3.6930     1303532504.1711
   125.364    7.9125    4.4724    3.4859    724.3599    3.6862     1435884091.4494
   135.645    7.9064    4.4641    3.4859    761.3629    3.6794     1567989062.6980
   145.926    7.8998    4.4557    3.4857    798.3659    3.6726     1699844808.7094
   156.207    7.8937    4.4475    3.4856    835.3688    3.6658     1831452212.3372
   166.488    7.8870    4.4391    3.4853    872.3718    3.6591     1962810802.4367
   176.769    7.8807    4.4308    3.4851    909.3748    3.6524     2093919165.0572
   187.050    7.8741    4.4224    3.4848    946.3778    3.6457     2224778507.1140
   197.330    7.8681    4.4143    3.4846    983.3808    3.6391     2355390630.7240
   207.611    7.8614    4.4059    3.4843   1020.3838    3.6325     2485754924.0619
   217.892    7.8551    4.3977    3.4839   1057.3868    3.6260     2615869943.2654
   228.173    7.8481    4.3892    3.4834   1094.3898    3.6195     2745734919.1856
   238.454    7.8418    4.3810    3.4831   1131.3928    3.6130     2875351899.7291
   248.735    7.8352    4.3725    3.4828   1168.3957    3.6065     3004724635.1689
   259.016    7.8287    4.3644    3.4824   1205.3987    3.6001     3133852580.3721
   269.296    7.8229    4.3564    3.4819   1242.4017    3.5938     3262736057.9850
   279.577    7.8157    4.3478    3.4814   1279.4047    3.5875     3391374433.1813
   289.858    7.8094    4.3396    3.4810   1316.4077    3.5812     3519769070.5341
   300.139    7.8032    4.3315    3.4806   1353.4107    3.5749     3647922910.4117
   310.420    7.7968    4.3233    3.4801   1390.4137    3.5687     3775837211.7165
   320.701    7.7908    4.3153    3.4796   1427.4167    3.5626     3903512727.2689
   330.981    7.7838    4.3069    3.4790   1464.4197    3.5565     4030948196.7890
   341.262    7.7777    4.2989    3.4785   1501.4227    3.5504     4158145236.4036
   351.543    7.7715    4.2908    3.4780   1538.4256    3.5444     4285107390.1183
   361.824    7.7652    4.2827    3.4775   1575.4286    3.5384     4411835713.6131
   372.105    7.7582    4.2742    3.4769   1612.4316    3.5325     4538328968.4840
   382.386    7.7517    4.2660    3.4763   1649.4346    3.5266     4664588401.8749
   392.667    7.7453    4.2577    3.4758   1686.4376    3.5208     4790618360.3715
   402.947    7.7381    4.2492    3.4751   1723.4406    3.5150     4916416436.7451
   413.228    7.7319    4.2411    3.4745   1760.4436    3.5092     5041983998.2179
   423.509    7.7243    4.2324    3.4738   1797.4466    3.5035     5167323364.0085
   433.790    7.7181    4.2242    3.4732   1834.4496    3.4979     5292436186.6478
   444.071    7.7120    4.2161    3.4727   1871.4525    3.4923     5417327611.1142
   454.352    7.7050    4.2076    3.4719   1908.4555    3.4868     5541995350.5561
   476.634    7.7307    4.2152    3.4797   1912.6934    3.4749     5812040515.5246
   498.917    7.7567    4.2231    3.4874   1916.8222    3.4630     6081763334.7581
   521.199    7.7812    4.2303    3.4948   1920.8089    3.4513     6351153361.3507
   543.481    7.8059    4.2376    3.5024   1924.7673    3.4396     6620208907.6312
   565.764    7.8306    4.2450    3.5099   1928.7348    3.4281     6888934396.9498
   588.046    7.8541    4.2518    3.5172   1932.4676    3.4167     7157322355.4961
   610.329    7.8772    4.2586    3.5245   1936.2958    3.4053     7425369907.8345
   632.611    7.9009    4.2655    3.5318   1940.1242    3.3941     7693084362.4662
   654.893    7.9236    4.2722    3.5390   1943.7362    3.3831     7960467041.3979
   677.176    7.9459    4.2785    3.5461   1947.3151    3.3721     8227515327.6007
   699.458    7.9684    4.2850    3.5531   1950.8063    3.3613     8494231094.0257
   721.741    7.9916    4.2919    3.5603   1954.4342    3.3507     8760626163.4609
   744.023    8.0137    4.2983    3.5673   1957.8537    3.3402     9026708182.3774
   766.306    8.0363    4.3051    3.5745   1961.2446    3.3299     9292484537.1910
   788.588    8.0578    4.3112    3.5813   1964.4981    3.3198     9557956994.8250
   810.870    8.0797    4.3176    3.5883   1967.8399    3.3098     9823132498.1480
   833.153    8.1017    4.3242    3.5953   1971.0399    3.3000    10088029770.8235
   855.435    8.1240    4.3309    3.6023   1974.2283    3.2905    10352660578.0807
   877.718    8.1461    4.3375    3.6094   1977.4062    3.2811    10617041626.8922
   900.000    8.1688    4.3445    3.6166   1980.4939    3.2720    10881192918.1946
   916.796    8.1858    4.3498    3.6220   1982.8361    3.2653    11080099209.8731
   933.592    8.2023    4.3548    3.6273   1985.1000    3.2587    11278890949.5174
   950.388    8.2219    4.3616    3.6335   1987.5919    3.2522    11477594824.4574
   967.185    8.2402    4.3678    3.6393   1989.8724    3.2459    11676233011.5856
   983.981    8.2581    4.3737    3.6451   1992.1715    3.2397    11874801773.3689
  1000.777    8.2772    4.3803    3.6512   1994.4487    3.2337    12073315463.0660
  1017.573    8.2968    4.3873    3.6576   1996.7398    3.2278    12271799457.3924
  1034.369    8.3171    4.3947    3.6642   1999.0389    3.2221    12470273981.3401
  1051.165    8.3329    4.3995    3.6695   2001.1623    3.2165    12668716014.3139
  1067.961    8.3484    4.4040    3.6747   2003.2911    3.2111    12867098213.4678
  1084.758    8.3662    4.4102    3.6805   2005.5910    3.2059    13065445291.8935
  1101.554    8.4883    4.4875    3.7135   2017.5610    3.2007    13264515433.4251
  1118.350    8.6300    4.5780    3.7509   2031.3911    3.1952    13465154446.4647
  1135.146    8.8113    4.6953    3.7973   2046.4636    3.1894    13667700614.8472
  1151.942    8.8274    4.7004    3.8028   2049.1674    3.1836    13871269585.2613
  1168.738    8.8427    4.7046    3.8082   2051.5047    3.1779    14074753503.6308
  1185.534    8.8581    4.7088    3.8136   2053.8191    3.1724    14278162475.7549
  1202.331    8.8738    4.7131    3.8192   2056.1795    3.1671    14481516250.8009
  1219.127    8.8891    4.7174    3.8247   2058.5253    3.1621    14684829665.9586
  1235.923    8.9045    4.7217    3.8302   2060.8355    3.1573    14888111026.2126
  1252.719    8.9199    4.7260    3.8359   2063.2195    3.1527    15091376732.6437
  1269.515    8.9352    4.7304    3.8414   2065.4864    3.1483    15294641537.2362
  1286.311    8.9505    4.7346    3.8470   2067.8972    3.1442    15497920266.2717
  1303.107    8.9658    4.7390    3.8526   2070.2280    3.1404    15701229930.1504
  1319.904    8.9813    4.7435    3.8583   2072.6094    3.1368    15904590001.0931
  1336.700    8.9961    4.7477    3.8637   2074.9314    3.1335    16108012609.8121
  1353.496    9.0267    4.7619    3.8721   2079.3870    3.1305    16311584020.0230
  1370.292    9.0664    4.7819    3.8822   2084.8548    3.1277    16515443582.2622
  1387.088    9.1048    4.8014    3.8921   2090.3665    3.1252    16719648178.1087
  1403.884    9.1438    4.8214    3.9025   2096.0972    3.1229    16924221144.6372
  1420.680    9.1829    4.8418    3.9128   2101.6122    3.1209    17129188127.7923
  1437.477    9.2215    4.8620    3.9234   2107.5830    3.1192    17334570702.6368
  1454.273    9.2602    4.8827    3.9339   2113.5023    3.1177    17540391941.4856
  1471.069    9.3012    4.9052    3.9453   2119.7310    3.1166    17746692591.6612
  1487.865    9.3256    4.9166    3.9530   2123.1056    3.1157    17953415568.7472
  1504.661    9.3394    4.9209    3.9580   2125.3006    3.1153    18160415633.5897
  1521.457    9.3532    4.9254    3.9632   2127.4872    3.1153    18367653256.8920
  1538.253    9.3668    4.9297    3.9682   2129.6652    3.1157    18575154824.0146
  1555.050    9.3803    4.9341    3.9732   2131.8135    3.1165    18782945470.1427
  1555.050    4.9304    0.0000    4.0109         nan    3.1165    18782945470.1427
  1570.690    4.9418    0.0000    4.0163         nan    3.1173    18978585957.8583
  1586.331    4.9532    0.0000    4.0216         nan    3.1184    19174532817.9104
  1601.971    4.9646    0.0000    4.0270         nan    3.1199    19370811780.8520
  1617.612    4.9760    0.0000    4.0323         nan    3.1219    19567449658.4809
  1633.252    4.9869    0.0000    4.0374         nan    3.1244    19764468828.5504
  1648.893    4.9978    0.0000    4.0426         nan    3.1273    19961892673.3810
  1664.533    5.0086    0.0000    4.0477         nan    3.1307    20159751467.1557
  1680.174    5.0195    0.0000    4.0528         nan    3.1347    20358077038.2912
  1695.815    5.0299    0.0000    4.0577         nan    3.1392    20556897400.5563
  1695.815    5.2730    0.0000    6.3938         nan    3.1392    20556897400.5563
  1754.218    5.3311    0.0000    6.4350         nan    3.0418    21732891636.8306
  1812.620    5.3864    0.0000    6.4743         nan    2.9433    22879568926.5869
  1871.023    5.4388    0.0000    6.5117         nan    2.8436    23995694075.1114
  1929.426    5.4887    0.0000    6.5474         nan    2.7429    25080089634.8047
  1987.829    5.5360    0.0000    6.5813         nan    2.6411    26131633822.9517
  2046.232    5.5808    0.0000    6.6136         nan    2.5383    27149258756.6849
  2104.635    5.6233    0.0000    6.6442         nan    2.4346    28131948967.8639
  2163.038    5.6635    0.0000    6.6733         nan    2.3300    29078740177.2221
  2221.441    5.7014    0.0000    6.7008         nan    2.2247    29988718308.5557
  2279.844    5.7372    0.0000    6.7268         nan    2.1185    30861018744.8739
  2338.247    5.7709    0.0000    6.7513         nan    2.0117    31694825836.4031
  2396.650    5.8025    0.0000    6.7744         nan    1.9042    32489372690.1036
  2455.053    5.8321    0.0000    6.7960         nan    1.7960    33243941298.9052
  2513.456    5.8598    0.0000    6.8162         nan    1.6874    33957863104.4959
  2571.859    5.8855    0.0000    6.8350         nan    1.5783    34630520149.3931
  2630.262    5.9093    0.0000    6.8525         nan    1.4687    35261347074.2099
  2688.665    5.9312    0.0000    6.8686         nan    1.3589    35849834386.3456
  2747.068    5.9513    0.0000    6.8833         nan    1.2488    36395533726.4745
  2805.471    5.9695    0.0000    6.8968         nan    1.1387    36898066417.9012
  2863.873    5.9860    0.0000    6.9089         nan    1.0287    37357137663.5502
  2922.276    6.0007    0.0000    6.9197         nan    0.9192    37772560970.4466
  2980.679    6.0136    0.0000    6.9292         nan    0.8107    38144302228.3038
  3039.082    6.0247    0.0000    6.9375         nan    0.7040    38472564344.4843
  3097.485    6.0342    0.0000    6.9444         nan    0.6013    38757963294.1805
  3155.888    6.0418    0.0000    6.9501         nan    0.5071    39001935018.7940
  3214.291    6.0478    0.0000    6.9545         nan    0.4348    39207821747.5597
  3272.694    6.0521    0.0000    6.9577         nan    0.4387    39384451410.3456
  3331.097    6.0546    0.0000    6.9595         nan    0.9597    39562759751.1682
  3389.500    6.0555    0.0000    6.9602         nan    0.0000    39952837808.6215
