# Depth[km]  Vp[km/s]  Vs[km/s] Rho[g/cm3]    T[K]     g[m/s2]         P[Pa]        
     0.000    3.8791    2.3445    1.7707    273.1500    3.7291              0.0000
    13.208    3.8791    2.3445    1.7707    328.8507    3.7386       87215862.0766
    13.208    3.9062    2.3609    1.7831    328.8507    3.7386       87215862.0766
    25.717    3.9062    2.3609    1.7831    381.6031    3.7477      170598929.6126
    25.717    5.4862    3.3158    2.5043    381.6031    3.7477      170598929.6126
    44.834    5.4862    3.3158    2.5043    462.2312    3.7503      350028144.6408
    44.834    7.9947    4.5419    3.5183    462.2312    3.7503      350028144.6408
    54.345    7.9860    4.5315    3.5178    502.3426    3.7436      475513125.7986
    63.856    7.9769    4.5210    3.5172    542.4540    3.7369      600753496.0367
    73.367    7.9675    4.5104    3.5166    582.5655    3.7302      725748136.4131
    82.878    7.9576    4.4997    3.5158    622.6769    3.7236      850494673.9228
    92.389    7.9481    4.4891    3.5151    662.7883    3.7169      974993415.5244
   101.900    7.9383    4.4785    3.5144    702.8997    3.7104     1099245686.6250
   111.411    7.9283    4.4678    3.5135    743.0111    3.7038     1223249790.5454
   120.922    7.9183    4.4572    3.5128    783.1225    3.6973     1347006112.7614
   130.433    7.9081    4.4467    3.5118    823.2339    3.6908     1470514430.0927
   139.944    7.8978    4.4360    3.5109    863.3453    3.6843     1593773985.8324
   149.454    7.8879    4.4257    3.5100    903.4568    3.6779     1716786604.1625
   158.965    7.8776    4.4152    3.5091    943.5682    3.6715     1839552041.2497
   168.476    7.8671    4.4047    3.5080    983.6796    3.6652     1962068921.9230
   177.987    7.8569    4.3943    3.5070   1023.7910    3.6589     2084338074.2737
   187.498    7.8465    4.3839    3.5059   1063.9024    3.6526     2206359665.7444
   197.009    7.8357    4.3732    3.5048   1104.0138    3.6463     2328133136.0241
   206.520    7.8257    4.3631    3.5038   1144.1252    3.6401     2449660878.6376
   216.031    7.8155    4.3528    3.5027   1184.2366    3.6339     2570945089.9877
   225.542    7.8047    4.3424    3.5015   1224.3481    3.6278     2691983745.6377
   235.053    7.7939    4.3319    3.5003   1264.4595    3.6217     2812777320.4006
   244.564    7.7838    4.3217    3.4992   1304.5709    3.6156     2933329126.6615
   254.074    7.7742    4.3118    3.4980   1344.6823    3.6096     3053638890.0569
   263.585    7.7642    4.3017    3.4968   1384.7937    3.6036     3173706856.6363
   273.096    7.7539    4.2915    3.4955   1424.9051    3.5977     3293533209.6741
   282.607    7.7435    4.2810    3.4944   1465.0165    3.5918     3413121104.3156
   292.118    7.7338    4.2713    3.4931   1505.1279    3.5859     3532470940.0503
   301.629    7.7237    4.2610    3.4919   1545.2394    3.5801     3651582166.0181
   311.140    7.7135    4.2510    3.4906   1585.3508    3.5743     3770458078.7204
   320.651    7.7030    4.2407    3.4893   1625.4622    3.5686     3889097991.6681
   330.162    7.6929    4.2306    3.4880   1665.5736    3.5629     4007503392.1059
   339.673    7.6823    4.2202    3.4867   1705.6850    3.5572     4125676700.0423
   349.184    7.6714    4.2095    3.4853   1745.7964    3.5516     4243616436.1693
   358.694    7.6612    4.1995    3.4840   1785.9078    3.5461     4361324092.4720
   368.205    7.6510    4.1893    3.4826   1826.0192    3.5405     4478802645.4660
   377.716    7.6402    4.1788    3.4813   1866.1307    3.5351     4596053057.3117
   387.227    7.6296    4.1685    3.4799   1906.2421    3.5297     4713076494.9299
   396.738    7.6189    4.1581    3.4785   1946.3535    3.5243     4829873887.0815
   406.249    7.6077    4.1474    3.4770   1986.4649    3.5190     4946444895.5693
   415.760    7.5967    4.1368    3.4755   2026.5763    3.5137     5062789782.4319
   425.271    7.5864    4.1265    3.4741   2066.6877    3.5085     5178912225.0967
   449.007    7.6179    4.1364    3.4831   2071.9297    3.4955     5468603976.0462
   472.744    7.6478    4.1459    3.4918   2076.9939    3.4827     5757961367.4640
   496.480    7.6765    4.1548    3.5004   2081.9719    3.4699     6046969646.4102
   520.217    7.7047    4.1637    3.5089   2086.8620    3.4572     6335621063.1283
   543.953    7.7328    4.1726    3.5173   2091.5548    3.4446     6623909512.3922
   567.690    7.7598    4.1811    3.5256   2096.2462    3.4321     6911830398.4291
   591.426    7.7860    4.1891    3.5338   2100.7692    3.4197     7199376404.1838
   615.162    7.8124    4.1974    3.5419   2105.2432    3.4074     7486545243.1956
   638.899    7.8377    4.2053    3.5499   2109.5187    3.3952     7773335037.3032
   662.635    7.8636    4.2135    3.5579   2113.8236    3.3832     8059748591.6732
   686.372    7.8890    4.2214    3.5660   2118.0594    3.3714     8345797108.4798
   710.108    7.9139    4.2292    3.5739   2122.1327    3.3597     8631480725.3085
   733.845    7.9392    4.2372    3.5819   2126.2406    3.3481     8916806896.8820
   757.581    7.9642    4.2451    3.5899   2130.1703    3.3368     9201787488.1137
   781.318    7.9887    4.2529    3.5977   2134.0332    3.3256     9486423952.1101
   805.054    8.0145    4.2613    3.6059   2137.9602    3.3146     9770740260.4752
   828.791    8.0397    4.2695    3.6140   2141.7179    3.3038    10054758855.8139
   852.527    8.0646    4.2777    3.6220   2145.4330    3.2932    10338481732.0909
   876.264    8.0912    4.2868    3.6305   2149.0388    3.2828    10621940365.0446
   900.000    8.1166    4.2953    3.6387   2152.7865    3.2727    10905155512.3281
   917.014    8.1379    4.3032    3.6454   2155.3189    3.2655    11107951441.4792
   934.029    8.1580    4.3105    3.6519   2157.8988    3.2585    11310672557.5978
   951.043    8.1787    4.3180    3.6586   2160.4014    3.2516    11513323477.5781
   968.057    8.1996    4.3259    3.6654   2162.9926    3.2448    11715919913.2641
   985.071    8.2225    4.3348    3.6728   2165.5627    3.2382    11918486094.9715
  1002.086    8.2457    4.3440    3.6804   2168.1266    3.2317    12121049136.8395
  1019.100    8.2642    4.3502    3.6869   2170.8597    3.2253    12323593598.2821
  1036.114    8.2831    4.3566    3.6937   2173.6067    3.2191    12526103363.9312
  1053.129    8.3015    4.3630    3.7003   2176.3394    3.2130    12728586508.1618
  1070.143    8.3199    4.3693    3.7068   2179.0780    3.2070    12931046634.3953
  1087.157    8.3361    4.3745    3.7126   2181.5576    3.2013    13133470375.0602
  1104.171    8.3589    4.3843    3.7211   2182.9877    3.1957    13335919087.0054
  1121.186    8.3818    4.3940    3.7298   2184.2707    3.1903    13538481064.4578
  1138.200    8.4062    4.4047    3.7391   2185.5962    3.1850    13741185411.6503
  1155.214    8.5168    4.4731    3.7698   2195.9509    3.1797    13944636998.3204
  1172.229    8.6868    4.5809    3.8149   2214.8622    3.1741    14149800921.2574
  1189.243    8.8561    4.6887    3.8578   2226.6049    3.1682    14356984602.9512
  1206.257    8.8706    4.6928    3.8633   2228.9484    3.1623    14565089583.6797
  1223.272    8.8851    4.6971    3.8687   2231.1324    3.1566    14773096073.5914
  1240.286    8.8999    4.7015    3.8743   2233.3252    3.1510    14981021802.2827
  1257.300    8.9139    4.7055    3.8798   2235.2978    3.1458    15188881347.7568
  1274.314    8.9278    4.7095    3.8852   2237.1591    3.1407    15396682672.8703
  1291.329    8.9412    4.7132    3.8907   2238.8572    3.1359    15604443080.4066
  1308.343    8.9546    4.7169    3.8961   2240.5991    3.1314    15812177457.9352
  1325.357    8.9678    4.7207    3.9015   2242.2824    3.1271    16019899393.8137
  1342.372    8.9814    4.7246    3.9072   2243.8029    3.1232    16227635675.7035
  1359.386    8.9944    4.7285    3.9125   2245.0613    3.1195    16435398797.0515
  1376.400    9.0067    4.7314    3.9181   2246.6388    3.1161    16643204627.9089
  1393.414    9.0198    4.7351    3.9240   2247.9833    3.1130    16851089725.5297
  1410.429    9.0319    4.7382    3.9295   2249.0942    3.1102    17059069965.4997
  1427.443    9.0444    4.7416    3.9352   2250.0920    3.1078    17267163392.8365
  1444.457    9.0559    4.7447    3.9402   2250.8237    3.1057    17475379224.6423
  1461.472    9.0685    4.7478    3.9468   2252.2163    3.1040    17683761246.5928
  1478.486    9.1001    4.7635    3.9567   2255.1157    3.1026    17892463552.8658
  1495.500    9.1405    4.7851    3.9685   2259.7291    3.1016    18101647121.7001
  1512.514    9.1822    4.8076    3.9813   2264.0641    3.1008    18311406836.5569
  1529.529    9.2220    4.8293    3.9941   2268.3097    3.1004    18521790511.0316
  1546.543    9.2567    4.8480    4.0053   2272.0835    3.1003    18732778615.4859
  1563.557    9.2688    4.8522    4.0099   2274.4416    3.1006    18944175979.7935
  1563.557    4.6236    0.0000    3.9343         nan    3.1006    18944175979.7935
  1576.419    4.6350    0.0000    3.9391         nan    3.1020    19101166503.9413
  1589.280    4.6463    0.0000    3.9439         nan    3.1036    19258417984.8447
  1602.142    4.6576    0.0000    3.9487         nan    3.1056    19415944907.6697
  1615.003    4.6689    0.0000    3.9535         nan    3.1078    19573762261.7025
  1627.865    4.6801    0.0000    3.9583         nan    3.1104    19731885072.8872
  1640.726    4.6908    0.0000    3.9628         nan    3.1133    19890324745.6727
  1653.588    4.7016    0.0000    3.9674         nan    3.1165    20049093785.5982
  1666.449    4.7123    0.0000    3.9719         nan    3.1201    20208209504.0779
  1679.311    4.7230    0.0000    3.9765         nan    3.1240    20367689817.9419
  1679.311    5.2284    0.0000    6.2983         nan    3.1240    20367689817.9419
  1738.283    5.2958    0.0000    6.3396         nan    3.0273    21531808842.2235
  1797.255    5.3596    0.0000    6.3789         nan    2.9293    22667091525.9784
  1856.227    5.4201    0.0000    6.4163         nan    2.8302    23772270623.7094
  1915.199    5.4774    0.0000    6.4518         nan    2.7301    24846144883.9669
  1974.171    5.5317    0.0000    6.4855         nan    2.6288    25887575828.2191
  2033.143    5.5831    0.0000    6.5175         nan    2.5266    26895485046.0005
  2092.115    5.6317    0.0000    6.5477         nan    2.4235    27868851939.0955
  2151.087    5.6777    0.0000    6.5764         nan    2.3196    28806711873.9919
  2210.059    5.7210    0.0000    6.6035         nan    2.2148    29708154715.6641
  2269.031    5.7617    0.0000    6.6290         nan    2.1093    30572323739.3413
  2328.003    5.8001    0.0000    6.6531         nan    2.0032    31398414939.2252
  2386.975    5.8360    0.0000    6.6757         nan    1.8964    32185676785.6307
  2445.947    5.8697    0.0000    6.6968         nan    1.7890    32933410520.3067
  2504.919    5.9010    0.0000    6.7165         nan    1.6812    33640971143.2508
  2563.891    5.9302    0.0000    6.7349         nan    1.5729    34307769349.6304
  2622.863    5.9571    0.0000    6.7519         nan    1.4644    34933274830.2549
  2681.836    5.9820    0.0000    6.7676         nan    1.3556    35517021627.5470
  2740.808    6.0047    0.0000    6.7819         nan    1.2468    36058616730.1917
  2799.780    6.0253    0.0000    6.7950         nan    1.1382    36557753992.1679
  2858.752    6.0439    0.0000    6.8068         nan    1.0300    37014237217.4544
  2917.724    6.0605    0.0000    6.8173         nan    0.9228    37428019848.9883
  2976.696    6.0751    0.0000    6.8265         nan    0.8174    37799276570.5438
  3035.668    6.0877    0.0000    6.8345         nan    0.7153    38128540766.2770
  3094.640    6.0983    0.0000    6.8412         nan    0.6197    38416990430.2239
  3153.612    6.1070    0.0000    6.8467         nan    0.5381    38667108957.8684
  3212.584    6.1137    0.0000    6.8510         nan    0.4924    38884449281.7019
  3271.556    6.1186    0.0000    6.8540         nan    0.5713    39083446650.2616
  3330.528    6.1214    0.0000    6.8559         nan    1.4942    39314412052.9519
  3389.500    6.1224    0.0000    6.8565         nan    0.0000    39918568983.2848
