# Depth[km]  Vp[km/s]  Vs[km/s] Rho[g/cm3]    T[K]     g[m/s2]         P[Pa]        
     0.000    3.4069    2.0226    1.5476    273.1500    3.7291              0.0000
     9.643    3.4069    2.0226    1.5476    307.8982    3.7378       55647456.8681
     9.643    4.1715    2.4765    1.8949    307.8982    3.7378       55647456.8681
    24.578    4.1715    2.4765    1.8949    361.7237    3.7473      161428262.3891
    24.578    6.7026    3.9792    3.0447    361.7237    3.7473      161428262.3891
    42.232    6.7026    3.9792    3.0447    425.3518    3.7416      362855885.8682
    42.232    7.8453    4.4878    3.4777    425.3518    3.7416      362855885.8682
    52.359    7.8423    4.4816    3.4782    461.8493    3.7347      494636400.5517
    62.486    7.8386    4.4750    3.4787    498.3468    3.7278      626193685.2418
    72.613    7.8344    4.4682    3.4791    534.8442    3.7210      757526225.5193
    82.740    7.8299    4.4611    3.4794    571.3417    3.7142      888631563.6808
    92.867    7.8253    4.4540    3.4797    607.8392    3.7074     1019508687.0503
   102.994    7.8205    4.4468    3.4800    644.3366    3.7006     1150157417.3925
   113.121    7.8144    4.4389    3.4800    680.8341    3.6939     1280572279.1886
   123.248    7.8094    4.4316    3.4802    717.3316    3.6871     1410753053.3850
   133.375    7.8042    4.4242    3.4803    753.8290    3.6805     1540703672.8096
   143.502    7.7991    4.4167    3.4804    790.3265    3.6738     1670423582.9821
   153.629    7.7926    4.4087    3.4803    826.8239    3.6672     1799908089.0689
   163.756    7.7872    4.4012    3.4803    863.3214    3.6606     1929156423.1230
   173.883    7.7812    4.3933    3.4801    899.8189    3.6540     2058169920.1560
   184.010    7.7758    4.3858    3.4801    936.3163    3.6475     2186948761.7021
   194.136    7.7694    4.3778    3.4798    972.8138    3.6410     2315491605.3230
   204.263    7.7643    4.3703    3.4797   1009.3113    3.6346     2443798993.7166
   214.390    7.7582    4.3624    3.4794   1045.8087    3.6281     2571871986.1949
   224.517    7.7517    4.3544    3.4790   1082.3062    3.6217     2699705714.8505
   234.644    7.7464    4.3468    3.4788   1118.8036    3.6154     2827303183.6119
   244.771    7.7400    4.3388    3.4785   1155.3011    3.6091     2954667444.1330
   254.898    7.7336    4.3307    3.4782   1191.7986    3.6028     3081797158.0240
   265.025    7.7274    4.3228    3.4779   1228.2960    3.5965     3208693550.2458
   275.152    7.7213    4.3150    3.4775   1264.7935    3.5903     3335357665.5270
   285.279    7.7152    4.3072    3.4771   1301.2910    3.5842     3461789852.4365
   295.406    7.7087    4.2992    3.4768   1337.7884    3.5780     3587991983.3012
   305.533    7.7015    4.2908    3.4765   1374.2859    3.5719     3713966101.8689
   315.660    7.6935    4.2821    3.4760   1410.7834    3.5659     3839711290.4337
   325.787    7.6864    4.2738    3.4757   1447.2808    3.5599     3965229164.8982
   335.914    7.6790    4.2653    3.4753   1483.7783    3.5539     4090523669.3217
   346.041    7.6709    4.2566    3.4748   1520.2757    3.5480     4215593211.1050
   356.168    7.6634    4.2481    3.4745   1556.7732    3.5421     4340438870.6470
   366.294    7.6560    4.2396    3.4741   1593.2707    3.5363     4465064443.8024
   376.421    7.6482    4.2309    3.4737   1629.7681    3.5305     4589471056.2610
   386.548    7.6398    4.2220    3.4732   1666.2656    3.5247     4713656863.3283
   396.675    7.6314    4.2132    3.4726   1702.7631    3.5190     4837620715.8347
   406.802    7.6233    4.2043    3.4722   1739.2605    3.5134     4961367039.9311
   416.929    7.6156    4.1957    3.4718   1775.7580    3.5078     5084899786.7193
   427.056    7.6079    4.1871    3.4714   1812.2555    3.5022     5208220339.8895
   437.183    7.5999    4.1783    3.4709   1848.7529    3.4967     5331329516.7197
   447.310    7.5840    4.1664    3.4692   1885.2504    3.4912     5454207000.5665
   469.944    7.6122    4.1738    3.4771   1889.1387    3.4791     5728661952.9909
   492.579    7.6511    4.1854    3.4866   1894.3135    3.4671     6002848873.3758
   515.213    7.6815    4.1939    3.4947   1898.3818    3.4551     6276780206.0437
   537.848    7.7099    4.2015    3.5026   1902.4063    3.4432     6550392844.9349
   560.482    7.7373    4.2089    3.5103   1906.2473    3.4314     6823672645.3754
   583.117    7.7643    4.2162    3.5179   1909.9566    3.4198     7096609206.3686
   605.751    7.7918    4.2237    3.5256   1913.8225    3.4082     7369206615.1435
   628.386    7.8181    4.2309    3.5329   1917.3921    3.3968     7641463349.3133
   651.020    7.8442    4.2378    3.5404   1921.0372    3.3855     7913375234.0360
   673.655    7.8696    4.2446    3.5476   1924.5581    3.3743     8184944653.2850
   696.289    7.8947    4.2513    3.5548   1928.0063    3.3632     8456170082.9778
   718.924    7.9195    4.2580    3.5620   1931.4006    3.3524     8727054940.6360
   741.558    7.9436    4.2643    3.5690   1934.6740    3.3417     8997600306.0339
   764.193    7.9686    4.2713    3.5760   1937.9346    3.3311     9267812439.3894
   786.827    7.9927    4.2777    3.5830   1941.2134    3.3208     9537701682.3894
   809.462    8.0163    4.2840    3.5898   1944.3062    3.3106     9807271872.1105
   832.096    8.0403    4.2906    3.5968   1947.5105    3.3007    10076534214.5570
   854.731    8.0636    4.2968    3.6036   1950.5481    3.2909    10345500366.4901
   877.365    8.0879    4.3036    3.6106   1953.7076    3.2814    10614186490.8282
   900.000    8.1117    4.3102    3.6175   1956.7730    3.2721    10882612275.0319
   916.922    8.1291    4.3149    3.6227   1958.9712    3.2653    11083060105.4106
   933.844    8.1464    4.3197    3.6278   1961.1330    3.2586    11283374039.9973
   950.767    8.1642    4.3249    3.6330   1963.3068    3.2521    11483564018.6125
   967.689    8.1817    4.3298    3.6381   1965.5420    3.2458    11683639205.2101
   984.611    8.2006    4.3357    3.6437   1967.6832    3.2396    11883617824.9000
  1001.533    8.2187    4.3410    3.6491   1969.8383    3.2335    12083516254.5179
  1018.455    8.2351    4.3455    3.6540   1971.8953    3.2277    12283322799.1266
  1035.377    8.2515    4.3498    3.6589   1973.8979    3.2220    12483032618.2059
  1052.300    8.2676    4.3543    3.6636   1975.9014    3.2164    12682653673.9993
  1069.222    8.3693    4.4173    3.6910   1985.1567    3.2110    12882806851.8792
  1086.144    8.4756    4.4833    3.7196   1999.0423    3.2053    13084138345.8505
  1103.066    8.6226    4.5825    3.7544   2011.0693    3.1995    13286838728.2269
  1119.988    8.6769    4.6265    3.7606   2018.8965    3.1937    13490282348.8476
  1136.911    8.7193    4.6575    3.7670   2024.1228    3.1880    13693694815.3870
  1153.833    8.7345    4.6620    3.7718   2026.6773    3.1826    13897048677.9012
  1170.755    8.7498    4.6664    3.7765   2029.0773    3.1773    14100309988.3881
  1187.677    8.7648    4.6706    3.7813   2031.4561    3.1723    14303492548.5641
  1204.599    8.7800    4.6750    3.7862   2033.8796    3.1675    14506612378.2616
  1221.521    8.7952    4.6794    3.7910   2036.2895    3.1630    14709685342.3547
  1238.444    8.8101    4.6835    3.7958   2038.5858    3.1587    14912725674.7291
  1255.366    8.8326    4.6925    3.8018   2041.9136    3.1546    15115777175.1596
  1272.288    8.8726    4.7114    3.8113   2046.9670    3.1508    15318981365.8283
  1289.210    8.9098    4.7290    3.8204   2052.0841    3.1472    15522435021.0423
  1306.132    8.9476    4.7467    3.8299   2057.1906    3.1438    15726150781.7356
  1323.055    8.9870    4.7657    3.8401   2062.3202    3.1406    15930170632.3695
  1339.977    9.0250    4.7836    3.8503   2067.6056    3.1376    16134526141.7232
  1356.899    9.0637    4.8018    3.8613   2072.8520    3.1349    16339252195.9974
  1373.821    9.0812    4.8067    3.8675   2074.9029    3.1325    16544255029.2595
  1390.743    9.0972    4.8103    3.8737   2076.9108    3.1303    16749426870.2103
  1407.665    9.1136    4.8139    3.8803   2078.9354    3.1285    16954799198.0312
  1424.588    9.1297    4.8174    3.8868   2080.8812    3.1270    17160399390.9298
  1441.510    9.1469    4.8207    3.8944   2082.8363    3.1259    17366275109.6305
  1458.432    9.1789    4.8323    3.9087   2088.7390    3.1251    17572655593.0979
  1475.354    9.2603    4.8760    3.9421   2100.9817    3.1244    17780243432.2456
  1492.276    9.2870    4.8889    3.9513   2106.7957    3.1238    17988909440.3506
  1509.199    9.3144    4.9030    3.9604   2112.1939    3.1237    18198023274.9547
  1526.121    9.3392    4.9153    3.9687   2117.3940    3.1239    18407587827.1396
  1543.043    9.3655    4.9290    3.9774   2122.5109    3.1245    18617616313.5143
  1559.965    9.3890    4.9407    3.9853   2127.7654    3.1255    18828124192.2410
  1559.965    4.9402    0.0000    3.9519         nan    3.1255    18828124192.2410
  1573.015    4.9522    0.0000    3.9562         nan    3.1270    18989403796.3252
  1586.065    4.9642    0.0000    3.9605         nan    3.1288    19150934747.2707
  1599.116    4.9763    0.0000    3.9648         nan    3.1309    19312732687.8663
  1612.166    4.9883    0.0000    3.9691         nan    3.1333    19474813800.0664
  1625.216    5.0002    0.0000    3.9733         nan    3.1360    19637194109.8253
  1638.266    5.0116    0.0000    3.9774         nan    3.1391    19799886628.5752
  1651.316    5.0230    0.0000    3.9815         nan    3.1425    19962905734.4328
  1664.366    5.0345    0.0000    3.9855         nan    3.1463    20126270079.6343
  1677.416    5.0459    0.0000    3.9896         nan    3.1505    20289998965.0865
  1677.416    5.1065    0.0000    6.3327         nan    3.1505    20289998965.0865
  1736.454    5.1727    0.0000    6.3767         nan    3.0535    21471952164.4194
  1795.491    5.2355    0.0000    6.4186         nan    2.9552    22625266396.9536
  1854.528    5.2950    0.0000    6.4584         nan    2.8557    23748582838.5109
  1913.566    5.3514    0.0000    6.4963         nan    2.7550    24840611502.7922
  1972.603    5.4048    0.0000    6.5322         nan    2.6531    25900127880.9889
  2031.641    5.4554    0.0000    6.5663         nan    2.5503    26925970092.2618
  2090.678    5.5032    0.0000    6.5986         nan    2.4464    27917036468.6021
  2149.715    5.5484    0.0000    6.6292         nan    2.3416    28872283518.5859
  2208.753    5.5910    0.0000    6.6581         nan    2.2359    29790724230.9664
  2267.790    5.6311    0.0000    6.6854         nan    2.1295    30671426693.1201
  2326.827    5.6688    0.0000    6.7111         nan    2.0222    31513513017.6266
  2385.865    5.7042    0.0000    6.7352         nan    1.9142    32316158587.1285
  2444.902    5.7373    0.0000    6.7578         nan    1.8056    33078591653.3543
  2503.939    5.7681    0.0000    6.7789         nan    1.6964    33800093358.9613
  2562.977    5.7968    0.0000    6.7985         nan    1.5867    34479998306.2453
  2622.014    5.8233    0.0000    6.8167         nan    1.4765    35117695879.7222
  2681.052    5.8478    0.0000    6.8335         nan    1.3659    35712632671.5508
  2740.089    5.8701    0.0000    6.8488         nan    1.2551    36264316617.9395
  2799.126    5.8904    0.0000    6.8628         nan    1.1441    36772323913.9197
  2858.164    5.9087    0.0000    6.8754         nan    1.0332    37236310682.9845
  2917.201    5.9251    0.0000    6.8866         nan    0.9226    37656033235.6378
  2976.238    5.9394    0.0000    6.8965         nan    0.8127    38031384803.0135
  3035.276    5.9518    0.0000    6.9051         nan    0.7043    38362466240.6986
  3094.313    5.9623    0.0000    6.9123         nan    0.5991    38649733274.1405
  3153.351    5.9708    0.0000    6.9182         nan    0.5010    38894337000.1123
  3212.388    5.9775    0.0000    6.9227         nan    0.4211    39099033134.5343
  3271.425    5.9822    0.0000    6.9260         nan    0.4046    39271178182.3711
  3330.463    5.9850    0.0000    6.9280         nan    0.8181    39436643341.5253
  3389.500    5.9860    0.0000    6.9286         nan    0.0000    39771274891.1150
