# Depth[km]  Vp[km/s]  Vs[km/s] Rho[g/cm3]    T[K]     g[m/s2]         P[Pa]        
     0.000    3.5367    2.0903    1.5819    273.1500    3.7291              0.0000
    11.075    3.5367    2.0903    1.5819    314.5929    3.7388       65332184.6486
    11.075    5.1018    3.0153    2.2819    314.5929    3.7388       65332184.6486
    43.308    5.1018    3.0153    2.2819    435.2205    3.7489      340337137.9794
    43.308    6.3357    3.7446    2.8338    435.2205    3.7489      340337137.9794
    59.708    6.3357    3.7446    2.8338    496.5928    3.7468      514562527.7581
    59.708    7.9946    4.5354    3.5201    496.5928    3.7468      514562527.7581
    69.058    7.9882    4.5267    3.5200    531.5845    3.7402      637880047.7762
    78.408    7.9814    4.5179    3.5198    566.5761    3.7337      760977603.5456
    87.758    7.9745    4.5090    3.5196    601.5678    3.7272      883854352.5955
    97.109    7.9670    4.5000    3.5193    636.5594    3.7207     1006508297.8471
   106.459    7.9599    4.4912    3.5191    671.5511    3.7143     1128939885.2975
   115.809    7.9527    4.4824    3.5188    706.5428    3.7078     1251150497.4327
   125.159    7.9456    4.4736    3.5186    741.5344    3.7014     1373140374.7109
   134.510    7.9380    4.4648    3.5182    776.5261    3.6950     1494908436.5996
   143.860    7.9309    4.4561    3.5179    811.5177    3.6887     1616454880.2655
   153.210    7.9236    4.4475    3.5176    846.5094    3.6824     1737781599.8763
   162.560    7.9156    4.4385    3.5170    881.5010    3.6761     1858885991.0578
   171.910    7.9081    4.4299    3.5166    916.4927    3.6698     1979767393.3501
   181.261    7.9010    4.4214    3.5163    951.4844    3.6636     2100429153.1597
   190.611    7.8934    4.4128    3.5158    986.4760    3.6574     2220871144.2398
   199.961    7.8856    4.4040    3.5153   1021.4677    3.6512     2341092195.5151
   209.311    7.8785    4.3956    3.5148   1056.4593    3.6451     2461094391.8838
   218.662    7.8707    4.3869    3.5142   1091.4510    3.6389     2580876994.0945
   228.012    7.8631    4.3784    3.5137   1126.4426    3.6329     2700439920.2766
   237.362    7.8550    4.3696    3.5131   1161.4343    3.6268     2819784482.9656
   246.712    7.8479    4.3613    3.5126   1196.4259    3.6208     2938911613.8783
   256.062    7.8401    4.3526    3.5121   1231.4176    3.6148     3057824325.1271
   265.413    7.8328    4.3443    3.5116   1266.4093    3.6089     3176522703.6850
   274.763    7.8251    4.3358    3.5109   1301.4009    3.6029     3295004812.3600
   284.113    7.8184    4.3277    3.5104   1336.3926    3.5971     3413273374.9571
   293.463    7.8113    4.3196    3.5098   1371.3842    3.5912     3531329563.2733
   302.814    7.8034    4.3107    3.5091   1406.3759    3.5854     3649171475.8415
   312.164    7.7970    4.3030    3.5085   1441.3675    3.5796     3766802026.7933
   321.514    7.7901    4.2949    3.5079   1476.3592    3.5739     3884223230.9531
   330.864    7.7819    4.2861    3.5071   1511.3509    3.5682     4001432593.8462
   340.215    7.7747    4.2779    3.5066   1546.3425    3.5625     4118431886.9001
   349.565    7.7676    4.2696    3.5059   1581.3342    3.5569     4235224634.3139
   358.915    7.7600    4.2612    3.5052   1616.3258    3.5513     4351810593.4751
   368.265    7.7532    4.2531    3.5047   1651.3175    3.5457     4468192325.7468
   377.615    7.7457    4.2449    3.5039   1686.3091    3.5402     4584370454.1258
   386.966    7.7385    4.2365    3.5033   1721.3008    3.5347     4700345001.2921
   396.316    7.7306    4.2280    3.5025   1756.2924    3.5293     4816117195.8316
   405.666    7.7237    4.2198    3.5019   1791.2841    3.5239     4931688407.3026
   415.016    7.7157    4.2112    3.5011   1826.2758    3.5185     5047058965.7840
   424.367    7.7079    4.2027    3.5004   1861.2674    3.5132     5162229172.0833
   433.717    7.7007    4.1944    3.4997   1896.2591    3.5079     5277202609.6589
   457.031    7.7285    4.2031    3.5080   1900.5939    3.4949     5563763077.2835
   480.345    7.7562    4.2118    3.5163   1904.8906    3.4819     5849930583.7855
   503.659    7.7831    4.2202    3.5244   1909.1582    3.4690     6135700896.7703
   526.973    7.8089    4.2283    3.5323   1913.1615    3.4561     6421062249.9426
   550.288    7.8348    4.2364    3.5403   1917.1729    3.4434     6706008173.0456
   573.602    7.8598    4.2440    3.5481   1921.1715    3.4308     6990536947.6489
   596.916    7.8851    4.2520    3.5559   1924.9936    3.4183     7274649236.5730
   620.230    7.9101    4.2599    3.5637   1928.8578    3.4059     7558349180.9265
   643.544    7.9341    4.2672    3.5713   1932.5231    3.3936     7841631310.8287
   666.858    7.9588    4.2751    3.5790   1936.1588    3.3815     8124498293.9898
   690.173    7.9832    4.2828    3.5868   1939.8317    3.3695     8406960889.4412
   713.487    8.0070    4.2902    3.5944   1943.2978    3.3576     8689022435.3830
   736.801    8.0309    4.2978    3.6020   1946.7601    3.3459     8970686583.3432
   760.115    8.0554    4.3057    3.6097   1950.2354    3.3344     9251967742.2188
   783.429    8.0793    4.3133    3.6173   1953.6240    3.3230     9532876582.7056
   806.743    8.1035    4.3212    3.6251   1956.9019    3.3118     9813422770.0676
   830.058    8.1278    4.3292    3.6329   1960.1608    3.3008    10093626723.6639
   853.372    8.1515    4.3370    3.6405   1963.3475    3.2900    10373494029.6276
   876.686    8.1778    4.3462    3.6490   1966.4586    3.2794    10653060186.0386
   900.000    8.2024    4.3546    3.6570   1969.6451    3.2690    10932356363.3555
   916.659    8.2225    4.3620    3.6635   1971.7987    3.2617    11131693238.2723
   933.319    8.2422    4.3692    3.6698   1973.9764    3.2546    11330934354.9163
   949.978    8.2621    4.3766    3.6763   1976.1973    3.2475    11530085722.8443
   966.638    8.2838    4.3852    3.6834   1978.4160    3.2405    11729172365.4497
   983.297    8.3073    4.3948    3.6910   1980.7617    3.2337    11928229240.9609
   999.956    8.3313    4.4047    3.6989   1983.0261    3.2269    12127282418.0941
  1016.616    8.3539    4.4137    3.7068   1985.5139    3.2203    12326342886.7795
  1033.275    8.3715    4.4196    3.7131   1987.8596    3.2138    12525372882.7361
  1049.935    8.3866    4.4242    3.7185   1990.0577    3.2074    12724315426.7642
  1066.594    8.4015    4.4287    3.7239   1992.1301    3.2012    12923153562.4826
  1083.253    8.4164    4.4333    3.7293   1994.2206    3.1952    13121895276.5548
  1099.913    8.5314    4.5048    3.7611   2005.8193    3.1892    13321253457.5838
  1116.572    8.6712    4.5929    3.7987   2019.0439    3.1829    13522077938.0580
  1133.232    8.8408    4.7009    3.8427   2038.5669    3.1763    13724671073.0909
  1149.891    8.9233    4.7509    3.8645   2041.4717    3.1695    13928583958.1148
  1166.550    8.9388    4.7561    3.8698   2043.7419    3.1627    14132774339.7659
  1183.210    8.9529    4.7604    3.8748   2045.9614    3.1561    14336802503.5272
  1199.869    8.9673    4.7649    3.8799   2048.1271    3.1498    14540672550.7891
  1216.529    8.9813    4.7694    3.8849   2050.2906    3.1436    14744394884.1025
  1233.188    8.9950    4.7737    3.8897   2052.4573    3.1376    14947973795.3512
  1249.847    9.0089    4.7782    3.8947   2054.5900    3.1318    15151421632.4726
  1266.507    9.0224    4.7825    3.8995   2056.7477    3.1263    15354750508.4221
  1283.166    9.0361    4.7871    3.9044   2058.8538    3.1210    15557972221.2716
  1299.826    9.0494    4.7914    3.9091   2060.9823    3.1159    15761099058.7609
  1316.485    9.0627    4.7958    3.9139   2063.0975    3.1111    15964142691.8357
  1333.144    9.0759    4.8003    3.9186   2065.1909    3.1066    16167119035.7221
  1349.804    9.0892    4.8049    3.9234   2067.2451    3.1023    16370043892.6544
  1366.463    9.1019    4.8090    3.9278   2069.3345    3.0983    16572928194.9539
  1383.123    9.1391    4.8286    3.9375   2074.6599    3.0946    16775916033.9318
  1399.782    9.1777    4.8497    3.9469   2079.8830    3.0910    16979148954.5934
  1416.442    9.2155    4.8703    3.9567   2084.9476    3.0878    17182646257.8998
  1433.101    9.2558    4.8927    3.9673   2089.5769    3.0848    17386454962.3027
  1449.760    9.2937    4.9136    3.9780   2094.3315    3.0820    17590611390.3356
  1466.420    9.3349    4.9369    3.9897   2099.3459    3.0795    17795158529.9215
  1483.079    9.3737    4.9589    4.0016   2103.8319    3.0772    18000143402.0639
  1499.739    9.4059    4.9765    4.0116   2107.9894    3.0752    18205538622.5645
  1516.398    9.4180    4.9809    4.0158   2109.9113    3.0736    18411164991.0259
  1533.057    9.4303    4.9853    4.0205   2111.9489    3.0723    18616910601.4266
  1549.717    9.4431    4.9903    4.0246   2113.8196    3.0715    18822799703.3229
  1549.717    4.8554    0.0000    4.0288         nan    3.0715    18822799703.3229
  1567.453    4.8736    0.0000    4.0351         nan    3.0710    19042448753.4765
  1585.189    4.8918    0.0000    4.0414         nan    3.0711    19262407310.8385
  1602.925    4.9100    0.0000    4.0478         nan    3.0716    19482709962.8803
  1620.661    4.9277    0.0000    4.0539         nan    3.0726    19703389226.3471
  1638.397    4.9449    0.0000    4.0599         nan    3.0742    19924474336.8748
  1656.133    4.9621    0.0000    4.0659         nan    3.0764    20146000311.0996
  1673.869    4.9793    0.0000    4.0719         nan    3.0792    20368009342.1393
  1691.605    4.9957    0.0000    4.0776         nan    3.0826    20590538533.7043
  1709.341    5.0120    0.0000    4.0833         nan    3.0867    20813625976.3929
  1709.341    5.1573    0.0000    6.3372         nan    3.0867    20813625976.3929
  1767.278    5.2234    0.0000    6.3787         nan    2.9910    21950624308.1065
  1825.214    5.2861    0.0000    6.4182         nan    2.8940    23059390712.6194
  1883.151    5.3455    0.0000    6.4558         nan    2.7960    24138685679.7508
  1941.087    5.4019    0.0000    6.4914         nan    2.6968    25187333220.4692
  1999.024    5.4552    0.0000    6.5253         nan    2.5966    26204217625.9618
  2056.960    5.5057    0.0000    6.5574         nan    2.4954    27188280691.5266
  2114.897    5.5534    0.0000    6.5878         nan    2.3933    28138519330.0538
  2172.833    5.5985    0.0000    6.6166         nan    2.2903    29053983520.0239
  2230.770    5.6411    0.0000    6.6438         nan    2.1865    29933774544.7934
  2288.706    5.6811    0.0000    6.6695         nan    2.0820    30777043490.1475
  2346.643    5.7188    0.0000    6.6937         nan    1.9767    31582989979.9670
  2404.579    5.7541    0.0000    6.7164         nan    1.8707    32350861141.6555
  2462.516    5.7872    0.0000    6.7376         nan    1.7641    33079950801.0853
  2520.452    5.8180    0.0000    6.7575         nan    1.6570    33769598925.6842
  2578.389    5.8466    0.0000    6.7759         nan    1.5493    34419191361.3305
  2636.325    5.8731    0.0000    6.7930         nan    1.4411    35028159941.4586
  2694.262    5.8975    0.0000    6.8088         nan    1.3325    35595983110.1195
  2752.198    5.9198    0.0000    6.8232         nan    1.2236    36122187307.1011
  2810.135    5.9401    0.0000    6.8363         nan    1.1144    36606349561.2975
  2868.071    5.9584    0.0000    6.8481         nan    1.0050    37048102119.5514
  2926.008    5.9747    0.0000    6.8587         nan    0.8955    37447140717.5089
  2983.944    5.9890    0.0000    6.8680         nan    0.7863    37803239805.5751
  3041.881    6.0014    0.0000    6.8760         nan    0.6775    38116282081.3925
  3099.817    6.0119    0.0000    6.8828         nan    0.5700    38386320220.2350
  3157.754    6.0204    0.0000    6.8883         nan    0.4655    38613719860.1867
  3215.690    6.0270    0.0000    6.8926         nan    0.3687    38799541669.3108
  3273.627    6.0317    0.0000    6.8957         nan    0.2991    38946800624.3614
  3331.563    6.0346    0.0000    6.8975         nan    0.4145    39066314336.0195
  3389.500    6.0355    0.0000    6.8981         nan    0.0000    39231959506.8898
