# Depth[km]  Vp[km/s]  Vs[km/s] Rho[g/cm3]    T[K]     g[m/s2]         P[Pa]        
     0.000    3.8463    2.2782    1.8101    273.1500    3.7291              0.0000
    12.110    3.8463    2.2782    1.8101    318.2423    3.7374       81742906.0597
    12.110    4.4207    2.6184    2.0805    318.2423    3.7374       81742906.0597
    25.961    4.4207    2.6184    2.0805    369.8230    3.7440      189444374.9884
    25.961    6.2988    3.7308    2.9644    369.8230    3.7440      189444374.9884
    44.462    6.2988    3.7308    2.9644    438.7217    3.7393      394785809.7797
    44.462    7.9537    4.5337    3.4846    438.7217    3.7393      394785809.7797
    54.499    7.9486    4.5260    3.4848    476.0977    3.7324      525565893.7555
    64.536    7.9432    4.5181    3.4849    513.4736    3.7255      656110992.4068
    74.572    7.9374    4.5099    3.4850    550.8496    3.7187      786419521.1546
    84.609    7.9313    4.5017    3.4849    588.2255    3.7119      916489632.3879
    94.645    7.9244    4.4931    3.4848    625.6015    3.7051     1046317956.0457
   104.682    7.9180    4.4846    3.4847    662.9774    3.6984     1175904529.1240
   114.719    7.9116    4.4762    3.4846    700.3534    3.6917     1305251232.3870
   124.755    7.9052    4.4678    3.4844    737.7293    3.6850     1434358003.9928
   134.792    7.8979    4.4591    3.4841    775.1053    3.6783     1563222471.1620
   144.829    7.8914    4.4508    3.4839    812.4812    3.6717     1691844569.6303
   154.865    7.8847    4.4423    3.4836    849.8572    3.6651     1820226292.7215
   164.902    7.8773    4.4335    3.4832    887.2331    3.6585     1948364044.0683
   174.939    7.8703    4.4249    3.4828    924.6091    3.6520     2076257030.4226
   184.975    7.8638    4.4166    3.4825    961.9850    3.6455     2203909198.4697
   195.012    7.8567    4.4080    3.4820    999.3610    3.6390     2331320086.1808
   205.048    7.8496    4.3995    3.4816   1036.7369    3.6326     2458487965.1296
   215.085    7.8421    4.3908    3.4809   1074.1129    3.6262     2585411304.8726
   225.122    7.8354    4.3823    3.4805   1111.4888    3.6199     2712092508.7427
   235.158    7.8282    4.3737    3.4800   1148.8648    3.6135     2838535544.1205
   245.195    7.8213    4.3652    3.4795   1186.2407    3.6073     2964739353.0890
   255.232    7.8151    4.3572    3.4790   1223.6167    3.6010     3090704161.0760
   265.268    7.8075    4.3484    3.4783   1260.9926    3.5948     3216429495.8231
   275.305    7.8004    4.3398    3.4778   1298.3685    3.5887     3341916733.5581
   285.342    7.7937    4.3315    3.4772   1335.7445    3.5825     3467168970.8288
   295.378    7.7871    4.3232    3.4766   1373.1204    3.5764     3592186863.2749
   305.415    7.7791    4.3143    3.4758   1410.4964    3.5704     3716967296.1379
   315.451    7.7726    4.3061    3.4752   1447.8723    3.5644     3841511344.1510
   325.488    7.7660    4.2979    3.4746   1485.2483    3.5584     3965824228.7163
   335.525    7.7593    4.2895    3.4740   1522.6242    3.5525     4089907690.1023
   345.561    7.7514    4.2807    3.4731   1560.0002    3.5467     4213758689.0762
   355.598    7.7446    4.2723    3.4725   1597.3761    3.5408     4337378628.6410
   365.635    7.7379    4.2640    3.4718   1634.7521    3.5351     4460772871.8850
   375.671    7.7302    4.2552    3.4710   1672.1280    3.5293     4583939291.3052
   385.708    7.7238    4.2470    3.4703   1709.5040    3.5236     4706879278.9375
   395.744    7.7157    4.2380    3.4694   1746.8799    3.5180     4829592874.2146
   405.781    7.7091    4.2297    3.4688   1784.2559    3.5124     4952082017.0988
   415.818    7.7015    4.2210    3.4679   1821.6318    3.5068     5074350082.4257
   425.854    7.6945    4.2124    3.4672   1859.0078    3.5014     5196397442.0806
   435.891    7.6861    4.2033    3.4662   1896.3837    3.4959     5318224008.3562
   445.928    7.6790    4.1946    3.4656   1933.7597    3.4905     5439832420.1325
   468.631    7.7064    4.2030    3.4735   1938.1127    3.4784     5714784298.6735
   491.335    7.7336    4.2112    3.4815   1942.4150    3.4664     5989410966.1730
   514.039    7.7594    4.2189    3.4893   1946.6912    3.4544     6263708327.8238
   536.742    7.7840    4.2262    3.4969   1950.7124    3.4426     6537665354.2093
   559.446    7.8089    4.2335    3.5046   1954.8525    3.4309     6811279067.7851
   582.149    7.8337    4.2409    3.5121   1958.8690    3.4192     7084553289.9718
   604.853    7.8576    4.2478    3.5196   1962.7936    3.4077     7357483887.0448
   627.557    7.8811    4.2546    3.5270   1966.6898    3.3963     7630069761.4059
   650.260    7.9053    4.2618    3.5344   1970.6011    3.3851     7902318082.6897
   672.964    7.9283    4.2685    3.5417   1974.3032    3.3739     8174229026.2981
   695.667    7.9510    4.2750    3.5489   1977.9727    3.3630     8445800743.5891
   718.371    7.9738    4.2816    3.5561   1981.5727    3.3522     8717039928.0623
   741.075    7.9971    4.2884    3.5634   1985.3190    3.3415     8987959639.5905
   763.778    8.0196    4.2950    3.5706   1988.8474    3.3310     9258569031.8831
   786.482    8.0424    4.3018    3.5777   1992.2862    3.3207     9528871602.6359
   809.186    8.0646    4.3082    3.5848   1995.6815    3.3106     9798875707.3468
   831.889    8.0864    4.3145    3.5918   1999.0600    3.3007    10068587760.6452
   854.593    8.1095    4.3216    3.5991   2002.3191    3.2911    10338026343.1062
   877.296    8.1324    4.3284    3.6064   2005.6529    3.2816    10607219033.1543
   900.000    8.1553    4.3355    3.6137   2008.8467    3.2723    10876182182.4915
   917.223    8.1731    4.3411    3.6194   2011.3123    3.2655    11080004529.1820
   934.445    8.1909    4.3468    3.6250   2013.7235    3.2588    11283718319.4185
   951.668    8.2082    4.3522    3.6306   2016.1205    3.2522    11487329054.8126
   968.891    8.2284    4.3591    3.6371   2018.7208    3.2458    11690867192.2642
   986.114    8.2468    4.3653    3.6429   2021.0721    3.2395    11894347128.0318
  1003.336    8.2668    4.3723    3.6493   2023.4462    3.2334    12097774635.7631
  1020.559    8.2864    4.3793    3.6557   2025.8672    3.2274    12301173885.6903
  1037.782    8.3077    4.3871    3.6626   2028.2170    3.2216    12504567283.9704
  1055.004    8.3236    4.3917    3.6679   2030.5028    3.2160    12707935181.6739
  1072.227    8.3398    4.3965    3.6733   2032.6912    3.2106    12911246286.3311
  1089.450    8.3557    4.4013    3.6787   2034.8758    3.2053    13114511405.5493
  1106.673    8.4572    4.4643    3.7063   2045.1845    3.2001    13318354724.5682
  1123.895    8.6076    4.5605    3.7461   2059.5313    3.1947    13523723923.5960
  1141.118    8.7925    4.6803    3.7933   2076.5804    3.1890    13731139771.5800
  1158.341    8.8199    4.6926    3.8016   2079.3673    3.1832    13939708957.4733
  1175.563    8.8358    4.6969    3.8073   2081.8125    3.1775    14148278729.1825
  1192.786    8.8518    4.7014    3.8130   2084.2266    3.1720    14356787315.0532
  1210.009    8.8675    4.7058    3.8185   2086.6554    3.1668    14565245214.9017
  1227.232    8.8835    4.7102    3.8243   2089.1216    3.1618    14773669283.6017
  1244.454    8.8992    4.7146    3.8299   2091.5296    3.1571    14982074180.0526
  1261.677    8.9148    4.7190    3.8355   2093.9779    3.1526    15190470870.8782
  1278.900    8.9306    4.7235    3.8412   2096.4152    3.1483    15398878812.1178
  1296.123    8.9464    4.7280    3.8470   2098.8713    3.1444    15607318662.6382
  1313.345    8.9619    4.7324    3.8527   2101.3147    3.1407    15815805684.4076
  1330.568    8.9774    4.7369    3.8584   2103.7812    3.1373    16024355804.4621
  1347.791    8.9929    4.7413    3.8641   2106.2397    3.1342    16232989841.4528
  1365.013    9.0165    4.7511    3.8712   2109.9884    3.1314    16441763857.0744
  1382.236    9.0572    4.7716    3.8816   2115.5161    3.1289    16650822014.0767
  1399.459    9.0974    4.7920    3.8921   2121.3130    3.1266    16860273653.2203
  1416.682    9.1377    4.8128    3.9026   2127.1096    3.1247    17070141066.3666
  1433.904    9.1775    4.8336    3.9130   2133.1892    3.1230    17280441174.4150
  1451.127    9.2171    4.8544    3.9238   2139.1254    3.1216    17491200441.5248
  1468.350    9.2571    4.8759    3.9348   2145.4490    3.1206    17702453614.3165
  1485.572    9.2994    4.8992    3.9465   2151.9629    3.1199    17914245240.9859
  1502.795    9.3249    4.9113    3.9544   2155.6978    3.1195    18126513528.5003
  1520.018    9.3390    4.9157    3.9596   2157.9765    3.1196    18339108608.4381
  1537.241    9.3531    4.9203    3.9648   2160.2307    3.1201    18551986810.5372
  1554.463    9.3674    4.9250    3.9701   2162.5020    3.1211    18765181796.5904
  1571.686    9.3811    4.9295    3.9751   2164.7355    3.1226    18978720639.3944
  1571.686    4.6513    0.0000    3.9772         nan    3.1226    18978720639.3944
  1585.124    4.6615    0.0000    3.9822         nan    3.1240    19145717745.0257
  1598.563    4.6717    0.0000    3.9872         nan    3.1259    19313006500.1392
  1612.001    4.6820    0.0000    3.9923         nan    3.1280    19480603961.4744
  1625.440    4.6922    0.0000    3.9973         nan    3.1305    19648527808.2500
  1638.878    4.7022    0.0000    4.0023         nan    3.1333    19816794747.3110
  1652.317    4.7120    0.0000    4.0071         nan    3.1365    19985418967.6164
  1665.755    4.7217    0.0000    4.0119         nan    3.1400    20154417034.2228
  1679.194    4.7314    0.0000    4.0167         nan    3.1439    20323809489.7609
  1692.632    4.7411    0.0000    4.0216         nan    3.1483    20493617631.4730
  1692.632    5.2335    0.0000    6.3911         nan    3.1483    20493617631.4730
  1751.145    5.2780    0.0000    6.4332         nan    3.0511    21674823280.4055
  1809.658    5.3204    0.0000    6.4735         nan    2.9527    22826932902.0679
  1868.170    5.3607    0.0000    6.5122         nan    2.8532    23948716426.7043
  1926.683    5.3990    0.0000    6.5491         nan    2.7525    25038991785.9069
  1985.196    5.4355    0.0000    6.5845         nan    2.6508    26096624259.7426
  2043.708    5.4700    0.0000    6.6182         nan    2.5480    27120525988.0931
  2102.221    5.5028    0.0000    6.6504         nan    2.4443    28109655631.6348
  2160.734    5.5338    0.0000    6.6810         nan    2.3397    29063018178.3111
  2219.246    5.5631    0.0000    6.7101         nan    2.2343    29979664897.6663
  2277.759    5.5908    0.0000    6.7376         nan    2.1280    30858693452.1106
  2336.272    5.6169    0.0000    6.7637         nan    2.0210    31699248193.8700
  2394.784    5.6414    0.0000    6.7883         nan    1.9132    32500520683.5054
  2453.297    5.6643    0.0000    6.8114         nan    1.8049    33261750497.7385
  2511.810    5.6857    0.0000    6.8330         nan    1.6959    33982226432.2431
  2570.322    5.7056    0.0000    6.8532         nan    1.5865    34661288266.3245
  2628.835    5.7240    0.0000    6.8720         nan    1.4766    35298329361.2141
  2687.348    5.7410    0.0000    6.8893         nan    1.3663    35892800538.8894
  2745.861    5.7566    0.0000    6.9052         nan    1.2558    36444216003.2579
  2804.373    5.7708    0.0000    6.9198         nan    1.1453    36952162644.9247
  2862.886    5.7835    0.0000    6.9329         nan    1.0348    37416315197.5337
  2921.399    5.7949    0.0000    6.9446         nan    0.9248    37836462024.4500
  2979.911    5.8049    0.0000    6.9549         nan    0.8159    38212551364.4006
  3038.424    5.8136    0.0000    6.9639         nan    0.7089    38544779832.1126
  3096.937    5.8209    0.0000    6.9714         nan    0.6059    38833776206.5270
  3155.449    5.8269    0.0000    6.9776         nan    0.5117    39081025891.5731
  3213.962    5.8315    0.0000    6.9824         nan    0.4402    39290003774.2117
  3272.475    5.8348    0.0000    6.9858         nan    0.4478    39469906567.6489
  3330.987    5.8368    0.0000    6.9879         nan    0.9912    39652984562.6939
  3389.500    5.8375    0.0000    6.9886         nan    0.0000    40058292619.3166
