# Depth[km]  Vp[km/s]  Vs[km/s] Rho[g/cm3]    T[K]     g[m/s2]         P[Pa]        
     0.000    3.5482    2.0965    1.5937    273.1500    3.7291              0.0000
     9.283    3.5482    2.0965    1.5937    311.6103    3.7371       55170637.0967
     9.283    4.7641    2.8149    2.1399    311.6103    3.7371       55170637.0967
    30.188    4.7641    2.8149    2.1399    398.2295    3.7461      222348250.4388
    30.188    6.2263    3.6789    2.7966    398.2295    3.7461      222348250.4388
    51.328    6.2263    3.6789    2.7966    485.8220    3.7437      443818719.1578
    51.328    7.9907    4.5361    3.5184    485.8220    3.7437      443818719.1578
    60.810    7.9822    4.5261    3.5179    525.1075    3.7371      568697438.0462
    70.291    7.9734    4.5158    3.5174    564.3931    3.7304      693334730.3794
    79.772    7.9640    4.5053    3.5167    603.6787    3.7237      817728180.7221
    89.254    7.9548    4.4950    3.5161    642.9642    3.7171      941876972.1822
    98.735    7.9454    4.4845    3.5154    682.2498    3.7105     1065782665.2740
   108.216    7.9361    4.4742    3.5147    721.5354    3.7040     1189445878.1899
   117.698    7.9264    4.4639    3.5139    760.8210    3.6974     1312864951.1804
   127.179    7.9168    4.4536    3.5132    800.1065    3.6909     1436039383.0737
   136.660    7.9072    4.4435    3.5124    839.3921    3.6845     1558970161.0136
   146.142    7.8970    4.4330    3.5115    878.6777    3.6780     1681655677.4927
   155.623    7.8878    4.4231    3.5107    917.9632    3.6716     1804097856.6514
   165.104    7.8779    4.4129    3.5098    957.2488    3.6653     1926297477.0640
   174.586    7.8675    4.4025    3.5088    996.5344    3.6589     2048251417.6843
   184.067    7.8576    4.3924    3.5078   1035.8199    3.6526     2169960198.0260
   193.548    7.8481    4.3824    3.5069   1075.1055    3.6464     2291427179.2309
   203.030    7.8378    4.3722    3.5059   1114.3911    3.6401     2412651867.9946
   212.511    7.8279    4.3621    3.5049   1153.6767    3.6339     2533633830.6821
   221.992    7.8184    4.3523    3.5039   1192.9622    3.6278     2654376034.4669
   231.474    7.8080    4.3421    3.5028   1232.2478    3.6216     2774877731.2447
   240.955    7.7980    4.3320    3.5018   1271.5334    3.6155     2895139354.7128
   250.437    7.7884    4.3221    3.5008   1310.8189    3.6095     3015163688.5007
   259.918    7.7788    4.3123    3.4996   1350.1045    3.6035     3134949143.5816
   269.399    7.7695    4.3025    3.4985   1389.3901    3.5975     3254496521.0612
   278.881    7.7601    4.2929    3.4974   1428.6757    3.5916     3373809103.6554
   288.362    7.7504    4.2830    3.4963   1467.9612    3.5857     3492887382.8007
   297.843    7.7409    4.2733    3.4951   1507.2468    3.5798     3611730976.1292
   307.325    7.7310    4.2632    3.4940   1546.5324    3.5740     3730340609.6964
   316.806    7.7208    4.2533    3.4928   1585.8179    3.5682     3848717352.2818
   326.287    7.7114    4.2436    3.4916   1625.1035    3.5625     3966863221.7116
   335.769    7.7013    4.2336    3.4904   1664.3891    3.5568     4084778992.8226
   345.250    7.6912    4.2235    3.4892   1703.6746    3.5511     4202464682.3506
   354.731    7.6813    4.2136    3.4879   1742.9602    3.5455     4319922486.7923
   364.213    7.6717    4.2037    3.4868   1782.2458    3.5400     4437154643.0786
   373.694    7.6615    4.1936    3.4854   1821.5314    3.5345     4554161106.5141
   383.175    7.6515    4.1836    3.4842   1860.8169    3.5290     4670942381.0234
   392.657    7.6414    4.1735    3.4829   1900.1025    3.5236     4787500968.9213
   402.138    7.6308    4.1633    3.4816   1939.3881    3.5182     4903837450.4491
   411.619    7.6211    4.1533    3.4804   1978.6736    3.5129     5019953371.6022
   421.101    7.6108    4.1431    3.4790   2017.9592    3.5076     5135850075.5050
   430.582    7.5998    4.1327    3.4775   2057.2448    3.5023     5251525715.7777
   454.053    7.6307    4.1425    3.4864   2062.3614    3.4895     5537753701.7247
   477.524    7.6601    4.1517    3.4950   2067.3005    3.4767     5823643958.0096
   500.995    7.6885    4.1606    3.5035   2072.1726    3.4640     6109183327.9842
   524.466    7.7170    4.1698    3.5119   2076.9409    3.4513     6394365460.9015
   547.937    7.7435    4.1779    3.5201   2081.5231    3.4388     6679179729.7104
   571.408    7.7696    4.1860    3.5282   2086.0415    3.4264     6963618204.3543
   594.878    7.7955    4.1940    3.5363   2090.4644    3.4140     7247679059.9826
   618.349    7.8216    4.2022    3.5443   2094.8477    3.4018     7531364133.1731
   641.820    7.8472    4.2103    3.5523   2099.1508    3.3897     7814674315.8667
   665.291    7.8720    4.2181    3.5601   2103.2343    3.3778     8097606524.3532
   688.762    7.8973    4.2260    3.5681   2107.3958    3.3660     8380168245.6704
   712.233    7.9218    4.2337    3.5759   2111.3603    3.3543     8662363926.4398
   735.704    7.9467    4.2415    3.5837   2115.4052    3.3428     8944198160.5176
   759.175    7.9710    4.2491    3.5915   2119.2697    3.3315     9225682112.9161
   782.646    7.9966    4.2575    3.5996   2123.1999    3.3203     9506830403.5421
   806.116    8.0212    4.2655    3.6075   2126.8762    3.3094     9787657024.3540
   829.587    8.0462    4.2736    3.6154   2130.5574    3.2986    10068172069.2679
   853.058    8.0708    4.2817    3.6234   2134.2192    3.2880    10348388364.1979
   876.529    8.0973    4.2907    3.6319   2137.9050    3.2776    10628340817.6249
   900.000    8.1238    4.3000    3.6403   2141.4270    3.2675    10908062549.1487
   917.136    8.1434    4.3068    3.6467   2143.9660    3.2602    11112066770.9172
   934.272    8.1636    4.3142    3.6531   2146.5403    3.2530    11315974776.6397
   951.408    8.1844    4.3219    3.6599   2149.0653    3.2460    11519804161.6440
   968.544    8.2057    4.3299    3.6668   2151.5889    3.2391    11723571220.3874
   985.680    8.2287    4.3389    3.6742   2154.1511    3.2323    11927301674.1751
  1002.816    8.2523    4.3484    3.6820   2156.7743    3.2256    12131026399.0444
  1019.952    8.2709    4.3545    3.6886   2159.4984    3.2191    12334728397.8256
  1037.088    8.2896    4.3609    3.6953   2162.2390    3.2127    12538385451.6277
  1054.224    8.3086    4.3675    3.7020   2165.0069    3.2065    12742008398.9421
  1071.361    8.3270    4.3738    3.7086   2167.6958    3.2004    12945602784.5676
  1088.497    8.3425    4.3786    3.7141   2170.1197    3.1945    13149145230.5496
  1105.633    8.3649    4.3880    3.7225   2171.6395    3.1888    13352692151.4030
  1122.769    8.3880    4.3979    3.7312   2172.9247    3.1833    13556340149.0624
  1139.905    8.4198    4.4137    3.7424   2174.3785    3.1778    13760175868.9758
  1157.041    8.5696    4.5080    3.7829   2189.2862    3.1723    13965070069.3488
  1174.177    8.7653    4.6332    3.8334   2206.5825    3.1664    14172082668.1052
  1191.313    8.8656    4.6946    3.8597   2216.3446    3.1602    14380796414.3154
  1208.449    8.8800    4.6987    3.8652   2218.6290    3.1542    14589965912.4464
  1225.585    8.8943    4.7029    3.8706   2220.7686    3.1483    14799026042.6716
  1242.721    8.9087    4.7071    3.8760   2222.9004    3.1426    15007987528.1095
  1259.857    8.9229    4.7113    3.8814   2224.9506    3.1372    15216864529.6606
  1276.993    8.9365    4.7151    3.8869   2226.6561    3.1320    15425673315.5592
  1294.129    8.9507    4.7194    3.8924   2228.5576    3.1271    15634433652.5058
  1311.265    8.9640    4.7230    3.8979   2230.2100    3.1224    15843161137.6894
  1328.401    8.9773    4.7267    3.9034   2231.8999    3.1180    16051871423.2012
  1345.537    8.9899    4.7302    3.9087   2233.3437    3.1139    16260575380.7166
  1362.673    9.0034    4.7340    3.9145   2234.8944    3.1101    16469299608.1681
  1379.810    9.0161    4.7375    3.9200   2236.0886    3.1066    16678068806.2130
  1396.946    9.0288    4.7410    3.9256   2237.3797    3.1034    16886898347.5547
  1414.082    9.0417    4.7446    3.9313   2238.8426    3.1005    17095815336.9398
  1431.218    9.0528    4.7472    3.9365   2239.4626    3.0980    17304828220.1574
  1448.354    9.0657    4.7508    3.9427   2240.9825    3.0958    17513971625.6106
  1465.490    9.0854    4.7587    3.9502   2242.5860    3.0940    17723329891.6416
  1482.626    9.1248    4.7794    3.9617   2246.7649    3.0925    17933066598.1863
  1499.762    9.1657    4.8017    3.9733   2251.2163    3.0912    18143313017.7839
  1516.898    9.2078    4.8245    3.9866   2255.4834    3.0904    18354138811.7674
  1534.034    9.2470    4.8458    3.9993   2260.2406    3.0898    18565593421.4736
  1551.170    9.2733    4.8593    4.0079   2263.3020    3.0896    18777573041.8676
  1568.306    9.2852    4.8634    4.0122   2265.3889    3.0898    18989878505.5884
  1568.306    5.0854    0.0000    4.0534         nan    3.0898    18989878505.5884
  1586.585    5.1003    0.0000    4.0594         nan    3.0900    19218980829.8406
  1604.865    5.1151    0.0000    4.0653         nan    3.0907    19448429683.4213
  1623.144    5.1300    0.0000    4.0712         nan    3.0919    19678266211.3006
  1641.423    5.1444    0.0000    4.0770         nan    3.0938    19908529200.2002
  1659.702    5.1586    0.0000    4.0827         nan    3.0963    20139256269.2197
  1677.981    5.1727    0.0000    4.0884         nan    3.0995    20370491834.0856
  1696.260    5.1867    0.0000    4.0940         nan    3.1034    20602285177.4601
  1714.540    5.2002    0.0000    4.0994         nan    3.1080    20834681540.9437
  1732.819    5.2136    0.0000    4.1048         nan    3.1134    21067729908.2529
  1732.819    5.3954    0.0000    6.5035         nan    3.1134    21067729908.2529
  1789.946    5.4599    0.0000    6.5422         nan    3.0159    22227880252.7491
  1847.073    5.5211    0.0000    6.5791         nan    2.9173    23358225510.3794
  1904.200    5.5792    0.0000    6.6142         nan    2.8177    24457615086.9881
  1961.327    5.6343    0.0000    6.6475         nan    2.7170    25524956543.8883
  2018.454    5.6865    0.0000    6.6792         nan    2.6154    26559212787.8182
  2075.580    5.7359    0.0000    6.7092         nan    2.5129    27559399639.7472
  2132.707    5.7828    0.0000    6.7377         nan    2.4095    28524583727.0081
  2189.834    5.8270    0.0000    6.7647         nan    2.3053    29453880651.8852
  2246.961    5.8687    0.0000    6.7902         nan    2.2004    30346453400.1005
  2304.088    5.9081    0.0000    6.8143         nan    2.0948    31201510966.6865
  2361.215    5.9451    0.0000    6.8369         nan    1.9884    32018307174.6792
  2418.342    5.9798    0.0000    6.8582         nan    1.8815    32796139675.1035
  2475.469    6.0123    0.0000    6.8781         nan    1.7739    33534349130.6739
  2532.596    6.0426    0.0000    6.8967         nan    1.6659    34232318587.2928
  2589.723    6.0707    0.0000    6.9141         nan    1.5573    34889473057.8316
  2646.850    6.0968    0.0000    6.9301         nan    1.4483    35505279367.1873
  2703.977    6.1208    0.0000    6.9449         nan    1.3388    36079246343.9483
  2761.104    6.1428    0.0000    6.9584         nan    1.2290    36610925514.4035
  2818.231    6.1628    0.0000    6.9707         nan    1.1189    37099912578.2647
  2875.358    6.1808    0.0000    6.9818         nan    1.0086    37545850186.2112
  2932.485    6.1968    0.0000    6.9918         nan    0.8982    37948433032.3744
  2989.611    6.2109    0.0000    7.0005         nan    0.7878    38307417351.6945
  3046.738    6.2231    0.0000    7.0080         nan    0.6776    38622639460.4236
  3103.865    6.2334    0.0000    7.0144         nan    0.5682    38894054631.1525
  3160.992    6.2418    0.0000    7.0196         nan    0.4606    39121827263.0869
  3218.119    6.2483    0.0000    7.0236         nan    0.3578    39306571957.4382
  3275.246    6.2530    0.0000    7.0265         nan    0.2720    39450148245.0360
  3332.373    6.2558    0.0000    7.0282         nan    0.3024    39559351647.1434
  3389.500    6.2567    0.0000    7.0288         nan    0.0000    39680788158.1440
