# Depth[km]  Vp[km/s]  Vs[km/s] Rho[g/cm3]    T[K]     g[m/s2]         P[Pa]        
     0.000    3.4613    2.0606    1.6415    273.1500    3.7291              0.0000
    10.626    3.4613    2.0606    1.6415    312.6222    3.7379       65042210.1919
    10.626    5.0570    3.0106    2.3982    312.6222    3.7379       65042210.1919
    26.976    5.0570    3.0106    2.3982    373.3635    3.7413      211607398.5120
    26.976    5.9906    3.5664    2.8410    373.3635    3.7413      211607398.5120
    43.193    5.9906    3.5664    2.8410    433.6141    3.7388      383984708.0606
    43.193    7.8429    4.4860    3.4772    433.6141    3.7388      383984708.0606
    52.962    7.8390    4.4795    3.4776    469.9048    3.7322      510988069.8789
    62.730    7.8348    4.4728    3.4780    506.1955    3.7255      637779855.4043
    72.499    7.8301    4.4658    3.4783    542.4862    3.7189      764358144.5512
    82.267    7.8252    4.4586    3.4785    578.7770    3.7123      890720740.6600
    92.036    7.8201    4.4514    3.4787    615.0677    3.7058     1016866579.5797
   101.804    7.8139    4.4437    3.4786    651.3584    3.6993     1142792078.8393
   111.572    7.8085    4.4362    3.4787    687.6491    3.6928     1268495942.1295
   121.341    7.8030    4.4287    3.4787    723.9399    3.6863     1393980755.1361
   131.109    7.7974    4.4212    3.4788    760.2306    3.6798     1519247291.0296
   140.878    7.7910    4.4133    3.4786    796.5213    3.6734     1644292125.2039
   150.646    7.7851    4.4056    3.4785    832.8120    3.6670     1769112938.2236
   160.415    7.7793    4.3980    3.4784    869.1028    3.6606     1893712916.0380
   170.183    7.7728    4.3900    3.4781    905.3935    3.6543     2018089827.5897
   179.951    7.7661    4.3820    3.4778    941.6842    3.6480     2142240412.6389
   189.720    7.7604    4.3744    3.4776    977.9749    3.6417     2266167599.7793
   199.488    7.7540    4.3665    3.4772   1014.2657    3.6355     2389871962.6232
   209.257    7.7468    4.3582    3.4767   1050.5564    3.6293     2513348889.8787
   219.025    7.7412    4.3506    3.4764   1086.8471    3.6231     2636600835.6578
   228.794    7.7348    4.3427    3.4760   1123.1378    3.6170     2759630410.7225
   238.562    7.7282    4.3346    3.4755   1159.4286    3.6109     2882436145.3811
   248.330    7.7214    4.3265    3.4751   1195.7193    3.6048     3005019588.1980
   258.099    7.7150    4.3186    3.4746   1232.0100    3.5988     3127381256.0848
   267.867    7.7085    4.3107    3.4742   1268.3007    3.5928     3249521921.1716
   277.636    7.7018    4.3027    3.4737   1304.5915    3.5868     3371442658.4464
   287.404    7.6951    4.2947    3.4732   1340.8822    3.5809     3493144827.0722
   297.173    7.6865    4.2858    3.4727   1377.1729    3.5750     3614628188.8332
   306.941    7.6788    4.2773    3.4722   1413.4636    3.5692     3735894226.1174
   316.709    7.6706    4.2686    3.4717   1449.7544    3.5634     3856944008.8384
   326.478    7.6629    4.2601    3.4712   1486.0451    3.5576     3977778860.6715
   336.246    7.6551    4.2516    3.4707   1522.3358    3.5519     4098402352.6594
   346.015    7.6466    4.2428    3.4701   1558.6265    3.5462     4218813077.7687
   355.783    7.6388    4.2342    3.4697   1594.9172    3.5405     4339012026.5831
   365.552    7.6296    4.2250    3.4690   1631.2080    3.5349     4458999713.7940
   375.320    7.6213    4.2163    3.4684   1667.4987    3.5294     4578775535.7707
   385.088    7.6131    4.2076    3.4678   1703.7894    3.5238     4698343214.6583
   394.857    7.6049    4.1988    3.4673   1740.0801    3.5184     4817705576.4668
   404.625    7.5887    4.1870    3.4655   1776.3709    3.5129     4936842212.6560
   414.394    7.5872    4.1808    3.4660   1812.6616    3.5076     5055772652.3902
   424.162    7.5783    4.1717    3.4654   1848.9523    3.5022     5174518587.3569
   433.931    7.5656    4.1612    3.4641   1885.2430    3.4969     5293051343.0980
   457.234    7.5944    4.1687    3.4722   1889.3529    3.4844     5575674736.0556
   480.538    7.6231    4.1762    3.4803   1893.3506    3.4720     5857941725.0525
   503.841    7.6640    4.1884    3.4902   1898.6885    3.4596     6139928365.5721
   527.144    7.6941    4.1968    3.4984   1902.8769    3.4473     6421642306.0587
   550.448    7.7234    4.2048    3.5065   1906.9607    3.4351     6703009348.5267
   573.751    7.7515    4.2123    3.5144   1910.8822    3.4230     6984020098.0304
   597.055    7.7789    4.2197    3.5221   1914.6599    3.4111     7264663628.1955
   620.358    7.8071    4.2274    3.5300   1918.6147    3.3992     7544945379.4576
   643.662    7.8334    4.2343    3.5376   1922.3423    3.3875     7824866393.4760
   666.965    7.8600    4.2416    3.5450   1925.9046    3.3759     8104416772.1301
   690.269    7.8861    4.2486    3.5525   1929.4808    3.3645     8383598384.3906
   713.572    7.9117    4.2554    3.5598   1932.9978    3.3532     8662416474.5980
   736.876    7.9372    4.2623    3.5672   1936.4551    3.3422     8940875938.2249
   760.179    7.9625    4.2691    3.5744   1939.8963    3.3313     9218983015.0644
   783.483    7.9869    4.2755    3.5815   1943.1809    3.3205     9496741142.4493
   806.786    8.0119    4.2823    3.5887   1946.4872    3.3100     9774159003.9635
   830.090    8.0366    4.2890    3.5959   1949.7947    3.2997    10051251971.4143
   853.393    8.0607    4.2955    3.6029   1952.8948    3.2896    10328027397.6550
   876.697    8.0856    4.3024    3.6101   1956.1926    3.2798    10604502086.4976
   900.000    8.1102    4.3093    3.6172   1959.3452    3.2702    10880697384.1654
   916.776    8.1275    4.3141    3.6223   1961.5179    3.2634    11079286346.6423
   933.553    8.1447    4.3189    3.6274   1963.6626    3.2568    11277742422.5958
   950.329    8.1623    4.3239    3.6325   1965.8024    3.2503    11476075020.2042
   967.106    8.1797    4.3287    3.6377   1968.0673    3.2440    11674294032.8622
   983.882    8.1984    4.3346    3.6432   1970.1848    3.2378    11872416605.9960
  1000.659    8.2165    4.3400    3.6486   1972.3298    3.2318    12070458340.2412
  1017.435    8.2328    4.3443    3.6534   1974.3828    3.2260    12268409529.6903
  1034.211    8.2491    4.3488    3.6583   1976.3735    3.2203    12466264293.9378
  1050.988    8.2651    4.3530    3.6630   1978.3686    3.2148    12664029898.3017
  1067.764    8.3532    4.4069    3.6868   1986.6534    3.2093    12862226113.6537
  1084.541    8.4566    4.4710    3.7146   2000.6274    3.2037    13061475492.1650
  1101.317    8.5918    4.5568    3.7501   2012.0119    3.1980    13262080173.9765
  1118.093    8.6547    4.6050    3.7593   2019.4015    3.1922    13463522328.7453
  1134.870    8.7060    4.6459    3.7656   2026.4488    3.1865    13665014843.3110
  1151.646    8.7312    4.6604    3.7709   2028.9361    3.1811    13866460122.3208
  1168.423    8.7464    4.6648    3.7756   2031.3564    3.1758    14067826173.4674
  1185.199    8.7616    4.6692    3.7804   2033.7701    3.1708    14269112752.7273
  1201.976    8.7764    4.6734    3.7851   2036.1356    3.1660    14470332352.0169
  1218.752    8.7914    4.6776    3.7900   2038.4756    3.1614    14671500640.3131
  1235.528    8.8064    4.6820    3.7947   2040.8545    3.1570    14872633791.5125
  1252.305    8.8232    4.6873    3.7998   2043.5491    3.1529    15073752520.0194
  1269.081    8.8627    4.7061    3.8091   2048.4414    3.1491    15274990652.9473
  1285.858    8.8992    4.7232    3.8180   2053.5270    3.1454    15476460732.0462
  1302.634    8.9375    4.7415    3.8274   2058.6022    3.1420    15678180167.6163
  1319.410    8.9757    4.7597    3.8373   2063.7136    3.1387    15880187507.5211
  1336.187    9.0141    4.7779    3.8476   2068.8154    3.1357    16082517686.1135
  1352.963    9.0519    4.7959    3.8579   2074.1177    3.1329    16285195704.5276
  1369.740    9.0764    4.8049    3.8659   2077.0795    3.1304    16488175960.0962
  1386.516    9.0923    4.8087    3.8719   2079.1688    3.1282    16691360834.2735
  1403.293    9.1079    4.8120    3.8781   2081.0846    3.1263    16894720333.9260
  1420.069    9.1245    4.8155    3.8850   2083.0898    3.1247    17098298353.3104
  1436.845    9.1413    4.8189    3.8922   2084.9948    3.1234    17302141467.2239
  1453.622    9.1584    4.8221    3.8999   2086.9251    3.1225    17506291001.4358
  1470.398    9.2482    4.8685    3.9384   2101.9822    3.1217    17711590924.3427
  1487.175    9.2774    4.8835    3.9482   2107.7476    3.1210    17918104728.8260
  1503.951    9.3034    4.8964    3.9571   2113.2445    3.1207    18125061654.2959
  1520.728    9.3282    4.9088    3.9654   2118.5403    3.1207    18332445532.8352
  1537.504    9.3540    4.9219    3.9740   2123.6609    3.1211    18540275833.2240
  1554.280    9.3790    4.9349    3.9821   2128.4543    3.1220    18748573902.4024
  1554.280    5.2425    0.0000    4.0162         nan    3.1220    18748573902.4024
  1571.027    5.2557    0.0000    4.0212         nan    3.1228    18958688456.4102
  1587.774    5.2690    0.0000    4.0263         nan    3.1241    19169121398.7913
  1604.522    5.2823    0.0000    4.0314         nan    3.1258    19379905101.6405
  1621.269    5.2954    0.0000    4.0364         nan    3.1281    19591072021.2948
  1638.016    5.3080    0.0000    4.0412         nan    3.1310    19802651396.3534
  1654.763    5.3207    0.0000    4.0460         nan    3.1344    20014675477.7895
  1671.510    5.3333    0.0000    4.0509         nan    3.1383    20227182981.6105
  1688.257    5.3457    0.0000    4.0556         nan    3.1429    20440211741.9109
  1705.004    5.3577    0.0000    4.0602         nan    3.1482    20653798149.8923
  1705.004    5.2411    0.0000    6.4499         nan    3.1482    20653798149.8923
  1763.090    5.3154    0.0000    6.4917         nan    3.0504    21837081032.1073
  1821.176    5.3856    0.0000    6.5313         nan    2.9514    22990835870.9666
  1879.262    5.4520    0.0000    6.5689         nan    2.8513    24113771203.7022
  1937.348    5.5149    0.0000    6.6045         nan    2.7501    25204667623.1157
  1995.434    5.5743    0.0000    6.6382         nan    2.6478    26262373433.8186
  2053.520    5.6304    0.0000    6.6702         nan    2.5446    27285800987.6887
  2111.606    5.6834    0.0000    6.7004         nan    2.4405    28273923594.0663
  2169.693    5.7334    0.0000    6.7290         nan    2.3355    29225772922.5631
  2227.779    5.7805    0.0000    6.7559         nan    2.2297    30140436848.9868
  2285.865    5.8249    0.0000    6.7813         nan    2.1231    31017057708.4222
  2343.951    5.8665    0.0000    6.8051         nan    2.0159    31854830946.6731
  2402.037    5.9055    0.0000    6.8275         nan    1.9081    32653004185.4197
  2460.123    5.9419    0.0000    6.8485         nan    1.7997    33410876745.0711
  2518.209    5.9759    0.0000    6.8680         nan    1.6907    34127799719.8592
  2576.295    6.0075    0.0000    6.8861         nan    1.5813    34803176767.5660
  2634.381    6.0366    0.0000    6.9029         nan    1.4716    35436465887.1441
  2692.467    6.0634    0.0000    6.9184         nan    1.3616    36027182648.5000
  2750.553    6.0880    0.0000    6.9326         nan    1.2514    36574905671.6254
  2808.639    6.1103    0.0000    6.9454         nan    1.1412    37079285768.6754
  2866.725    6.1304    0.0000    6.9570         nan    1.0312    37540061357.0319
  2924.811    6.1483    0.0000    6.9674         nan    0.9218    37957085198.0725
  2982.898    6.1640    0.0000    6.9765         nan    0.8134    38330372868.9275
  3040.984    6.1776    0.0000    6.9843         nan    0.7073    38660196047.4361
  3099.070    6.1890    0.0000    6.9909         nan    0.6055    38947276773.3679
  3157.156    6.1984    0.0000    6.9964         nan    0.5130    39193236663.3959
  3215.242    6.2057    0.0000    7.0006         nan    0.4449    39401796450.9185
  3273.328    6.2109    0.0000    7.0036         nan    0.4608    39582728728.8389
  3331.414    6.2140    0.0000    7.0054         nan    1.0470    39770214103.3195
  3389.500    6.2150    0.0000    7.0060         nan    0.0000    40196272890.6439
