# Depth[km]  Vp[km/s]  Vs[km/s] Rho[g/cm3]    T[K]     g[m/s2]         P[Pa]        
     0.000    3.4246    2.0631    1.6450    273.1500    3.7291              0.0000
    10.581    3.4246    2.0631    1.6450    314.2096    3.7378       64907253.4631
    10.581    5.1251    3.0875    2.4618    314.2096    3.7378       64907253.4631
    28.485    5.1251    3.0875    2.4618    383.6909    3.7406      229653018.0395
    28.485    6.3000    3.7952    3.0261    383.6909    3.7406      229653018.0395
    46.715    6.3000    3.7952    3.0261    454.4405    3.7350      436013966.9584
    46.715    7.9489    4.5297    3.4839    454.4405    3.7350      436013966.9584
    56.542    7.9430    4.5215    3.4839    492.5774    3.7282      563886321.3044
    66.369    7.9368    4.5133    3.4839    530.7143    3.7215      691526507.5684
    76.196    7.9299    4.5046    3.4837    568.8511    3.7148      818932845.1704
    86.023    7.9233    4.4960    3.4836    606.9880    3.7082      946104450.3242
    95.850    7.9158    4.4871    3.4832    645.1248    3.7015     1073038446.3289
   105.677    7.9087    4.4783    3.4829    683.2617    3.6949     1199734166.5146
   115.504    7.9015    4.4696    3.4827    721.3986    3.6883     1326194073.2572
   125.330    7.8937    4.4605    3.4822    759.5354    3.6818     1452415392.0904
   135.157    7.8865    4.4518    3.4819    797.6723    3.6753     1578397920.5235
   144.984    7.8786    4.4428    3.4813    835.8092    3.6688     1704142031.8363
   154.811    7.8709    4.4338    3.4808    873.9460    3.6623     1829645861.8987
   164.638    7.8634    4.4250    3.4803    912.0829    3.6559     1954910704.1716
   174.465    7.8556    4.4160    3.4798    950.2198    3.6495     2079936697.6885
   184.292    7.8484    4.4074    3.4793    988.3566    3.6432     2204725010.5913
   194.119    7.8407    4.3985    3.4786   1026.4935    3.6369     2329275486.6479
   203.946    7.8325    4.3894    3.4778   1064.6303    3.6306     2453584672.3026
   213.773    7.8249    4.3806    3.4772   1102.7672    3.6243     2577653381.2072
   223.600    7.8167    4.3715    3.4765   1140.9041    3.6181     2701484795.6020
   233.427    7.8093    4.3628    3.4758   1179.0409    3.6119     2825079874.2850
   243.253    7.8021    4.3541    3.4751   1217.1778    3.6058     2948439593.7146
   253.080    7.7941    4.3451    3.4743   1255.3147    3.5997     3071563331.2304
   262.907    7.7858    4.3360    3.4736   1293.4515    3.5937     3194450956.9729
   272.734    7.7786    4.3274    3.4728   1331.5884    3.5876     3317105467.5245
   282.561    7.7708    4.3185    3.4720   1369.7253    3.5817     3439526331.6993
   292.388    7.7633    4.3098    3.4712   1407.8621    3.5757     3561713943.8840
   302.215    7.7554    4.3008    3.4704   1445.9990    3.5698     3683670814.5161
   312.042    7.7484    4.2924    3.4696   1484.1359    3.5640     3805398046.2403
   321.869    7.7399    4.2833    3.4686   1522.2727    3.5582     3926894687.6860
   331.696    7.7326    4.2746    3.4678   1560.4096    3.5524     4048162249.2662
   341.523    7.7244    4.2656    3.4668   1598.5464    3.5467     4169202305.4985
   351.350    7.7166    4.2567    3.4659   1636.6833    3.5410     4290015019.2850
   361.177    7.7094    4.2481    3.4651   1674.8202    3.5353     4410604899.2238
   371.003    7.7008    4.2389    3.4641   1712.9570    3.5297     4530970856.8042
   380.830    7.6934    4.2301    3.4633   1751.0939    3.5242     4651113679.8639
   390.657    7.6848    4.2209    3.4622   1789.2308    3.5187     4771034133.1453
   400.484    7.6766    4.2118    3.4611   1827.3676    3.5132     4890730750.9018
   410.311    7.6694    4.2032    3.4603   1865.5045    3.5078     5010209433.3506
   420.138    7.6604    4.1937    3.4592   1903.6414    3.5025     5129470405.7250
   429.965    7.6520    4.1843    3.4583   1941.7782    3.4972     5248515291.1133
   439.792    7.6420    4.1744    3.4572   1979.9151    3.4919     5367346721.1074
   462.802    7.6722    4.1838    3.4656   1984.6011    3.4797     5645473234.1613
   485.813    7.7001    4.1923    3.4736   1989.0968    3.4676     5923285083.9703
   508.823    7.7274    4.2006    3.4816   1993.5337    3.4556     6200770083.5772
   531.834    7.7530    4.2082    3.4894   1997.7517    3.4436     6477917896.9817
   554.844    7.7783    4.2156    3.4972   2002.0931    3.4318     6754723919.1559
   577.854    7.8040    4.2233    3.5050   2006.4380    3.4201     7031196360.6664
   600.865    7.8281    4.2303    3.5126   2010.5026    3.4085     7307329355.1836
   623.875    7.8530    4.2378    3.5202   2014.6254    3.3970     7583119659.2381
   646.886    7.8767    4.2447    3.5276   2018.5649    3.3857     7858571073.4925
   669.896    7.9000    4.2513    3.5351   2022.5758    3.3745     8133684998.2360
   692.906    7.9240    4.2583    3.5426   2026.5881    3.3634     8408471232.4957
   715.917    7.9474    4.2652    3.5500   2030.3599    3.3525     8682932843.1278
   738.927    7.9700    4.2716    3.5573   2034.1357    3.3418     8957070317.0517
   761.938    7.9931    4.2784    3.5646   2037.8096    3.3313     9230891925.9756
   784.948    8.0168    4.2854    3.5720   2041.6407    3.3209     9504415430.3839
   807.958    8.0398    4.2921    3.5793   2045.2134    3.3108     9777651263.5033
   830.969    8.0623    4.2987    3.5866   2048.7450    3.3008    10050604750.3503
   853.979    8.0855    4.3056    3.5939   2052.2168    3.2911    10323291962.4722
   876.990    8.1086    4.3127    3.6012   2055.6227    3.2816    10595728722.2508
   900.000    8.1318    4.3197    3.6087   2059.0688    3.2723    10867937335.3553
   916.801    8.1488    4.3250    3.6141   2061.5234    3.2657    11066489046.9573
   933.603    8.1664    4.3305    3.6197   2063.9455    3.2592    11264941652.5401
   950.404    8.1843    4.3363    3.6254   2066.4038    3.2528    11463308840.8687
   967.206    8.2026    4.3424    3.6313   2068.8006    3.2466    11661606563.6349
   984.007    8.2208    4.3484    3.6371   2071.2080    3.2406    11859846079.1910
  1000.809    8.2395    4.3547    3.6431   2073.7845    3.2347    12058037279.8096
  1017.610    8.2604    4.3624    3.6499   2076.2525    3.2289    12256213192.6212
  1034.411    8.2819    4.3705    3.6568   2078.7214    3.2233    12454406473.9667
  1051.213    8.2978    4.3752    3.6621   2081.0266    3.2178    12652586565.5784
  1068.014    8.3136    4.3799    3.6673   2083.1783    3.2126    12850716868.1294
  1084.816    8.3293    4.3846    3.6726   2085.3924    3.2075    13048806468.0075
  1101.617    8.3448    4.3892    3.6778   2087.5984    3.2026    13246865609.1567
  1118.418    8.4288    4.4407    3.7007   2096.8005    3.1978    13445378220.5450
  1135.220    8.5788    4.5364    3.7403   2111.4621    3.1928    13645271681.2653
  1152.021    8.7532    4.6490    3.7849   2130.0791    3.1875    13847112865.1567
  1168.823    8.8060    4.6785    3.7994   2132.7266    3.1821    14050202587.7555
  1185.624    8.8207    4.6825    3.8045   2135.2047    3.1768    14253471098.7618
  1202.426    8.8375    4.6874    3.8106   2137.6371    3.1717    14456700597.3510
  1219.227    8.8528    4.6916    3.8160   2140.0918    3.1669    14659911644.7221
  1236.028    8.8685    4.6960    3.8216   2142.5281    3.1623    14863104771.5006
  1252.830    8.8839    4.7004    3.8271   2144.9900    3.1579    15066296929.8658
  1269.631    8.8994    4.7048    3.8327   2147.4462    3.1537    15269501334.6809
  1286.433    8.9146    4.7091    3.8382   2149.9112    3.1498    15472732273.0734
  1303.234    8.9298    4.7134    3.8437   2152.3464    3.1462    15676001960.1536
  1320.036    8.9452    4.7178    3.8494   2154.8519    3.1429    15879333285.6476
  1336.837    8.9604    4.7222    3.8549   2157.3026    3.1398    16082744171.3915
  1353.638    8.9757    4.7267    3.8606   2159.8120    3.1370    16286251553.7493
  1370.440    8.9907    4.7312    3.8661   2162.2432    3.1346    16489875003.5005
  1387.241    9.0054    4.7355    3.8715   2164.6995    3.1324    16693624739.5760
  1404.043    9.0458    4.7559    3.8817   2170.4752    3.1306    16897645904.3606
  1420.844    9.0852    4.7761    3.8918   2176.3466    3.1290    17102081062.4929
  1437.645    9.1236    4.7959    3.9018   2182.1217    3.1277    17306941645.5416
  1454.447    9.1633    4.8166    3.9123   2188.1033    3.1267    17512256159.8717
  1471.248    9.2022    4.8373    3.9227   2194.0816    3.1260    17718054900.3699
  1488.050    9.2413    4.8583    3.9334   2200.5037    3.1257    17924362484.4831
  1504.851    9.2813    4.8802    3.9444   2207.1039    3.1257    18131216807.5875
  1521.653    9.3184    4.9003    3.9549   2212.5269    3.1260    18338636312.7398
  1538.454    9.3321    4.9046    3.9599   2214.8287    3.1267    18546484060.4588
  1555.255    9.3458    4.9091    3.9650   2217.1098    3.1279    18754645571.9006
  1555.255    5.2822    0.0000    4.0204         nan    3.1279    18754645571.9006
  1571.168    5.2927    0.0000    4.0252         nan    3.1287    18954867400.5151
  1587.080    5.3033    0.0000    4.0299         nan    3.1300    19155378513.4930
  1602.992    5.3139    0.0000    4.0347         nan    3.1317    19356206886.5390
  1618.905    5.3244    0.0000    4.0394         nan    3.1339    19557381536.7339
  1634.817    5.3345    0.0000    4.0439         nan    3.1365    19758927739.4256
  1650.729    5.3446    0.0000    4.0485         nan    3.1397    19960872252.3603
  1666.641    5.3547    0.0000    4.0530         nan    3.1434    20163248217.9739
  1682.554    5.3648    0.0000    4.0576         nan    3.1477    20366089928.7444
  1698.466    5.3744    0.0000    4.0619         nan    3.1525    20569428409.7415
  1698.466    5.1624    0.0000    6.4277         nan    3.1525    20569428409.7415
  1756.777    5.2397    0.0000    6.4708         nan    3.0549    21754967232.3487
  1815.089    5.3128    0.0000    6.5116         nan    2.9560    22911277478.2886
  1873.400    5.3818    0.0000    6.5503         nan    2.8559    24037010928.7357
  1931.712    5.4470    0.0000    6.5870         nan    2.7547    25130896398.8396
  1990.024    5.5086    0.0000    6.6216         nan    2.6524    26191734662.2707
  2048.335    5.5668    0.0000    6.6544         nan    2.5490    27218394165.1806
  2106.647    5.6217    0.0000    6.6855         nan    2.4448    28209807391.5006
  2164.958    5.6734    0.0000    6.7147         nan    2.3396    29164967780.0119
  2223.270    5.7221    0.0000    6.7424         nan    2.2336    30082927111.6539
  2281.581    5.7679    0.0000    6.7684         nan    2.1269    30962793313.4335
  2339.893    5.8109    0.0000    6.7928         nan    2.0194    31803728641.9869
  2398.204    5.8512    0.0000    6.8157         nan    1.9112    32604948230.9080
  2456.516    5.8888    0.0000    6.8371         nan    1.8024    33365719007.9154
  2514.827    5.9238    0.0000    6.8571         nan    1.6930    34085359017.4103
  2573.139    5.9564    0.0000    6.8757         nan    1.5832    34763237225.7306
  2631.450    5.9864    0.0000    6.8928         nan    1.4729    35398773950.1564
  2689.762    6.0141    0.0000    6.9086         nan    1.3622    35991442159.6315
  2748.073    6.0394    0.0000    6.9231         nan    1.2512    36540770083.2655
  2806.385    6.0623    0.0000    6.9362         nan    1.1400    37046345905.3126
  2864.696    6.0830    0.0000    6.9481         nan    1.0288    37507825989.9191
  2923.008    6.1014    0.0000    6.9586         nan    0.9177    37924949439.6767
  2981.319    6.1176    0.0000    6.9679         nan    0.8071    38297564766.0325
  3039.631    6.1316    0.0000    6.9759         nan    0.6976    38625681490.8396
  3097.942    6.1434    0.0000    6.9827         nan    0.5904    38909577879.0848
  3156.254    6.1531    0.0000    6.9882         nan    0.4883    39150050345.8712
  3214.565    6.1605    0.0000    6.9925         nan    0.3995    39349079749.2269
  3272.877    6.1659    0.0000    6.9956         nan    0.3574    39512027306.7919
  3331.188    6.1691    0.0000    6.9974         nan    0.6311    39657832643.3033
  3389.500    6.1701    0.0000    6.9980         nan    0.0000    39915367189.8730
