# Depth[km]  Vp[km/s]  Vs[km/s] Rho[g/cm3]    T[K]     g[m/s2]         P[Pa]        
     0.000    3.3759    2.0415    1.5534    273.1500    3.7291              0.0000
    11.751    3.3759    2.0415    1.5534    319.6208    3.7397       68068657.7173
    11.751    4.4570    2.6953    2.0508    319.6208    3.7397       68068657.7173
    26.130    4.4570    2.6953    2.0508    376.4902    3.7469      178347592.2266
    26.130    5.2156    3.1541    2.3999    376.4902    3.7469      178347592.2266
    44.933    5.2156    3.1541    2.3999    450.8553    3.7511      347425275.2289
    44.933    8.0008    4.5459    3.5196    450.8553    3.7511      347425275.2289
    54.821    7.9931    4.5361    3.5193    489.9617    3.7441      477962350.1360
    64.709    7.9853    4.5263    3.5190    529.0682    3.7371      608244810.8342
    74.596    7.9769    4.5161    3.5186    568.1746    3.7302      738271617.3902
    84.484    7.9685    4.5061    3.5182    607.2811    3.7233      868042377.4138
    94.372    7.9594    4.4957    3.5176    646.3875    3.7164      997554991.3409
   104.260    7.9508    4.4857    3.5171    685.4940    3.7095     1126809309.0255
   114.148    7.9421    4.4756    3.5167    724.6004    3.7027     1255807722.6314
   124.036    7.9329    4.4655    3.5160    763.7069    3.6959     1384548517.2832
   133.923    7.9243    4.4556    3.5155    802.8133    3.6892     1513031702.1142
   143.811    7.9151    4.4456    3.5148    841.9198    3.6824     1641258213.7143
   153.699    7.9059    4.4354    3.5142    881.0262    3.6757     1769226740.1163
   163.587    7.8969    4.4256    3.5135    920.1327    3.6691     1896937905.4281
   173.475    7.8875    4.4156    3.5127    959.2391    3.6625     2024391450.2783
   183.363    7.8783    4.4057    3.5120    998.3456    3.6559     2151588085.6004
   193.251    7.8689    4.3958    3.5112   1037.4520    3.6493     2278527543.8168
   203.138    7.8598    4.3860    3.5104   1076.5585    3.6428     2405210141.8314
   213.026    7.8502    4.3759    3.5095   1115.6650    3.6363     2531637079.8894
   222.914    7.8412    4.3663    3.5088   1154.7714    3.6299     2657809972.3923
   232.802    7.8321    4.3565    3.5080   1193.8779    3.6234     2783731125.3020
   242.690    7.8230    4.3469    3.5071   1232.9843    3.6171     2909399831.6006
   252.578    7.8132    4.3369    3.5062   1272.0908    3.6107     3034815231.8205
   262.466    7.8043    4.3272    3.5053   1311.1972    3.6044     3159979325.7744
   272.353    7.7960    4.3180    3.5045   1350.3037    3.5982     3284894806.0754
   282.241    7.7871    4.3082    3.5036   1389.4101    3.5920     3409561816.6636
   292.129    7.7782    4.2989    3.5027   1428.5166    3.5858     3533981104.2031
   302.017    7.7696    4.2896    3.5017   1467.6230    3.5797     3658153748.2675
   311.905    7.7610    4.2802    3.5008   1506.7295    3.5736     3782081386.6561
   321.793    7.7513    4.2701    3.4998   1545.8359    3.5675     3905763808.5879
   331.681    7.7420    4.2605    3.4988   1584.9424    3.5615     4029200908.4238
   341.568    7.7337    4.2512    3.4979   1624.0488    3.5556     4152397136.9705
   351.456    7.7242    4.2414    3.4968   1663.1553    3.5496     4275353008.2577
   361.344    7.7155    4.2320    3.4959   1702.2617    3.5438     4398069688.6639
   371.232    7.7060    4.2222    3.4948   1741.3682    3.5379     4520548581.5106
   381.120    7.6965    4.2124    3.4937   1780.4746    3.5322     4642788311.6306
   391.008    7.6871    4.2026    3.4927   1819.5811    3.5264     4764790925.6705
   400.896    7.6787    4.1933    3.4918   1858.6876    3.5207     4886560819.0903
   410.783    7.6691    4.1834    3.4907   1897.7940    3.5151     5008099126.4592
   420.671    7.6596    4.1736    3.4896   1936.9005    3.5095     5129405440.1458
   430.559    7.6500    4.1637    3.4885   1976.0069    3.5040     5250480983.8213
   440.447    7.6406    4.1538    3.4874   2015.1134    3.4985     5371326593.5707
   463.425    7.6697    4.1631    3.4958   2019.8285    3.4858     5652006068.4984
   486.402    7.6976    4.1718    3.5041   2024.4859    3.4733     5932339750.3939
   509.380    7.7244    4.1802    3.5122   2028.9883    3.4608     6212315259.9654
   532.358    7.7510    4.1885    3.5203   2033.4935    3.4483     6491927357.0056
   555.335    7.7775    4.1969    3.5283   2037.7832    3.4360     6771171576.5661
   578.313    7.8028    4.2048    3.5361   2041.9368    3.4238     7050039692.7958
   601.291    7.8273    4.2123    3.5439   2046.1119    3.4116     7328529092.0002
   624.268    7.8525    4.2202    3.5517   2050.2360    3.3996     7606644672.1530
   647.246    7.8773    4.2280    3.5594   2054.2945    3.3877     7884389545.8199
   670.223    7.9013    4.2354    3.5670   2058.1565    3.3760     8161760243.6394
   693.201    7.9259    4.2432    3.5748   2062.1189    3.3644     8438763965.5517
   716.179    7.9500    4.2508    3.5824   2065.8395    3.3529     8715408701.4469
   739.156    7.9738    4.2583    3.5900   2069.5497    3.3416     8991694261.9491
   762.134    7.9981    4.2660    3.5977   2073.3228    3.3304     9267634342.2611
   785.112    8.0216    4.2735    3.6053   2076.8951    3.3194     9543237919.6824
   808.089    8.0457    4.2813    3.6130   2080.3697    3.3086     9818514540.6745
   831.067    8.0706    4.2897    3.6208   2083.8733    3.2980    10093485510.7236
   854.045    8.0957    4.2981    3.6288   2087.4136    3.2875    10368173310.7457
   877.022    8.1204    4.3065    3.6369   2090.8090    3.2773    10642597458.1314
   900.000    8.1462    4.3154    3.6452   2094.1613    3.2672    10916780391.5474
   917.316    8.1657    4.3223    3.6514   2096.6545    3.2598    11123180123.4858
   934.631    8.1862    4.3297    3.6581   2099.1744    3.2525    11329475217.5888
   951.947    8.2073    4.3376    3.6649   2101.6173    3.2453    11535688286.1250
   969.263    8.2295    4.3461    3.6721   2104.1191    3.2383    11741839944.5616
   986.579    8.2526    4.3552    3.6796   2106.6545    3.2313    11947954503.0944
  1003.894    8.2771    4.3652    3.6876   2109.1646    3.2245    12154061940.1584
  1021.210    8.2955    4.3713    3.6942   2111.8625    3.2178    12360142336.3985
  1038.526    8.3128    4.3769    3.7004   2114.3677    3.2113    12566151674.6891
  1055.842    8.3337    4.3845    3.7079   2117.2964    3.2050    12772124192.7758
  1073.157    8.3508    4.3902    3.7139   2119.8564    3.1988    12978064995.6706
  1090.473    8.3663    4.3949    3.7195   2122.2123    3.1927    13183929481.9410
  1107.789    8.3839    4.4011    3.7260   2124.1669    3.1869    13389739910.7180
  1125.104    8.4199    4.4195    3.7382   2127.0628    3.1812    13595689352.7522
  1142.420    8.5619    4.5086    3.7766   2142.3305    3.1754    13802665027.1661
  1159.736    8.7346    4.6185    3.8219   2161.7407    3.1694    14011568652.1334
  1177.052    8.8833    4.7124    3.8599   2170.3298    3.1629    14222356872.0693
  1194.367    8.8983    4.7170    3.8653   2172.4841    3.1565    14433905775.3721
  1211.683    8.9125    4.7211    3.8706   2174.5873    3.1503    14645315993.7945
  1228.999    8.9264    4.7251    3.8759   2176.6014    3.1443    14856599179.6347
  1246.315    8.9411    4.7298    3.8813   2178.8278    3.1385    15067772136.6282
  1263.630    8.9549    4.7338    3.8866   2180.6156    3.1330    15278848209.5965
  1280.946    8.9681    4.7374    3.8920   2182.4969    3.1277    15489840625.9867
  1298.262    8.9818    4.7414    3.8974   2184.2887    3.1227    15700767531.9798
  1315.577    8.9949    4.7450    3.9027   2185.9746    3.1179    15911646643.4312
  1332.893    9.0085    4.7492    3.9081   2187.4468    3.1134    16122493615.1142
  1350.209    9.0212    4.7526    3.9136   2189.0760    3.1092    16333329985.5900
  1367.525    9.0339    4.7561    3.9190   2190.5754    3.1054    16544176613.3676
  1384.840    9.0465    4.7596    3.9243   2191.8227    3.1018    16755049211.8474
  1402.156    9.0590    4.7633    3.9294   2193.0099    3.0985    16965959449.7612
  1419.472    9.0710    4.7662    3.9353   2194.4203    3.0956    17176945203.1263
  1436.788    9.0833    4.7695    3.9408   2195.4700    3.0931    17388037995.5336
  1454.103    9.1245    4.7915    3.9521   2199.7724    3.0909    17599405878.0568
  1471.419    9.1634    4.8121    3.9636   2204.4513    3.0889    17811233510.7124
  1488.735    9.2037    4.8339    3.9753   2209.2438    3.0873    18023546823.1094
  1506.050    9.2449    4.8567    3.9876   2214.0525    3.0859    18236387642.7163
  1523.366    9.2893    4.8818    4.0010   2218.5915    3.0849    18449825840.1598
  1540.682    9.3121    4.8928    4.0089   2222.0015    3.0843    18663761458.7994
  1557.998    9.3258    4.8981    4.0137   2223.9751    3.0841    18877988517.2522
  1575.313    9.3384    4.9026    4.0183   2226.0475    3.0843    19092454011.1527
  1575.313    5.2253    0.0000    3.9768         nan    3.0843    19092454011.1527
  1591.786    5.2387    0.0000    3.9817         nan    3.0856    19294629149.0878
  1608.259    5.2520    0.0000    3.9865         nan    3.0874    19497136101.0719
  1624.732    5.2653    0.0000    3.9914         nan    3.0897    19700006575.7486
  1641.204    5.2786    0.0000    3.9962         nan    3.0925    19903272505.6250
  1657.677    5.2913    0.0000    4.0008         nan    3.0958    20106962722.7833
  1674.150    5.3040    0.0000    4.0054         nan    3.0997    20311108819.7503
  1690.622    5.3167    0.0000    4.0101         nan    3.1042    20515748619.7422
  1707.095    5.3291    0.0000    4.0146         nan    3.1093    20720919369.3980
  1723.568    5.3412    0.0000    4.0190         nan    3.1151    20926656787.9519
  1723.568    5.1906    0.0000    6.4543         nan    3.1151    20926656787.9519
  1781.014    5.2703    0.0000    6.4959         nan    3.0183    22085371204.1453
  1838.460    5.3456    0.0000    6.5354         nan    2.9203    23215118705.8785
  1895.906    5.4166    0.0000    6.5726         nan    2.8212    24314626444.9445
  1953.352    5.4836    0.0000    6.6079         nan    2.7210    25382697553.0052
  2010.798    5.5469    0.0000    6.6413         nan    2.6198    26418205974.9842
  2068.243    5.6066    0.0000    6.6728         nan    2.5177    27420092166.0631
  2125.689    5.6629    0.0000    6.7026         nan    2.4147    28387359520.1942
  2183.135    5.7160    0.0000    6.7308         nan    2.3109    29319071425.4576
  2240.581    5.7659    0.0000    6.7573         nan    2.2063    30214348880.3456
  2298.027    5.8128    0.0000    6.7822         nan    2.1010    31072368639.1906
  2355.473    5.8568    0.0000    6.8056         nan    1.9951    31892361883.4150
  2412.919    5.8980    0.0000    6.8276         nan    1.8886    32673613454.6580
  2470.365    5.9365    0.0000    6.8481         nan    1.7816    33415461733.2044
  2527.811    5.9724    0.0000    6.8672         nan    1.6741    34117299315.2833
  2585.257    6.0056    0.0000    6.8850         nan    1.5663    34778574753.4145
  2642.703    6.0363    0.0000    6.9014         nan    1.4582    35398795797.0133
  2700.149    6.0646    0.0000    6.9165         nan    1.3499    35977534867.1111
  2757.595    6.0904    0.0000    6.9304         nan    1.2417    36514438024.4175
  2815.041    6.1139    0.0000    6.9429         nan    1.1337    37009239657.2838
  2872.487    6.1350    0.0000    6.9542         nan    1.0263    37461786994.3640
  2929.933    6.1538    0.0000    6.9643         nan    0.9199    37872082391.3964
  2987.378    6.1703    0.0000    6.9732         nan    0.8155    38240359758.4620
  3044.824    6.1846    0.0000    6.9809         nan    0.7147    38567231419.5729
  3102.270    6.1967    0.0000    6.9873         nan    0.6210    38853993710.7252
  3159.716    6.2065    0.0000    6.9926         nan    0.5422    39103333416.8240
  3217.162    6.2141    0.0000    6.9967         nan    0.5022    39321213919.7729
  3274.608    6.2196    0.0000    6.9996         nan    0.5960    39523090180.8128
  3332.054    6.2228    0.0000    7.0014         nan    1.5970    39762770167.7035
  3389.500    6.2239    0.0000    7.0020         nan    0.0000    40405101451.9351
