# Depth[km]  Vp[km/s]  Vs[km/s] Rho[g/cm3]    T[K]     g[m/s2]         P[Pa]        
     0.000    3.9326    2.3670    1.7771    273.1500    3.7291              0.0000
    16.652    3.9326    2.3670    1.7771    339.1646    3.7411      110349307.7603
    16.652    4.3471    2.6164    1.9644    339.1646    3.7411      110349307.7603
    27.770    4.3471    2.6164    1.9644    383.2421    3.7475      192050996.5211
    27.770    6.1524    3.7030    2.7801    383.2421    3.7475      192050996.5211
    46.197    6.1524    3.7030    2.7801    456.3007    3.7457      384037803.7672
    46.197    7.9587    4.5346    3.5036    456.3007    3.7457      384037803.7672
    55.892    7.9513    4.5253    3.5034    494.7350    3.7389      511255280.3641
    65.586    7.9436    4.5158    3.5031    533.1693    3.7322      638235717.1911
    75.280    7.9354    4.5061    3.5028    571.6036    3.7255      764977664.9382
    84.975    7.9265    4.4961    3.5024    610.0379    3.7188      891478391.3341
    94.669    7.9182    4.4865    3.5020    648.4722    3.7122     1017737786.7517
   104.364    7.9094    4.4765    3.5016    686.9065    3.7056     1143757601.5739
   114.058    7.9010    4.4669    3.5012    725.3408    3.6990     1269538401.0195
   123.752    7.8916    4.4568    3.5006    763.7750    3.6924     1395077998.4403
   133.447    7.8828    4.4471    3.5001    802.2093    3.6859     1520376334.8187
   143.141    7.8733    4.4372    3.4995    840.6436    3.6794     1645433991.3592
   152.835    7.8642    4.4273    3.4989    879.0779    3.6729     1770249552.4267
   162.530    7.8548    4.4174    3.4983    917.5122    3.6665     1894824005.8450
   172.224    7.8452    4.4075    3.4976    955.9465    3.6601     2019156253.6232
   181.918    7.8358    4.3977    3.4969    994.3808    3.6538     2143246483.7504
   191.613    7.8264    4.3879    3.4962   1032.8151    3.6474     2267096148.8672
   201.307    7.8164    4.3779    3.4954   1071.2493    3.6411     2390704150.0411
   211.001    7.8064    4.3678    3.4945   1109.6836    3.6349     2514069607.4140
   220.696    7.7970    4.3581    3.4938   1148.1179    3.6286     2637195104.1369
   230.390    7.7873    4.3482    3.4929   1186.5522    3.6225     2760082147.7117
   240.084    7.7779    4.3385    3.4922   1224.9865    3.6163     2882731784.0533
   249.779    7.7666    4.3279    3.4911   1263.4208    3.6102     3005140597.6037
   259.473    7.7576    4.3184    3.4903   1301.8551    3.6041     3127309503.8434
   269.167    7.7487    4.3090    3.4894   1340.2893    3.5981     3249243701.8656
   278.862    7.7393    4.2994    3.4885   1378.7236    3.5921     3370943039.4616
   288.556    7.7305    4.2900    3.4877   1417.1579    3.5861     3492409227.9053
   298.250    7.7204    4.2801    3.4866   1455.5922    3.5802     3613641330.0293
   307.945    7.7113    4.2706    3.4857   1494.0265    3.5744     3734639919.5179
   317.639    7.7018    4.2610    3.4848   1532.4608    3.5685     3855407450.6375
   327.334    7.6919    4.2512    3.4837   1570.8951    3.5627     3975943554.6181
   337.028    7.6822    4.2414    3.4828   1609.3294    3.5570     4096249508.0192
   346.722    7.6724    4.2316    3.4818   1647.7636    3.5513     4216327243.8317
   356.417    7.6628    4.2219    3.4808   1686.1979    3.5456     4336178049.3068
   366.111    7.6521    4.2117    3.4796   1724.6322    3.5400     4455801416.9197
   375.805    7.6431    4.2023    3.4787   1763.0665    3.5344     4575199866.0890
   385.500    7.6324    4.1921    3.4776   1801.5008    3.5289     4694375665.7989
   395.194    7.6228    4.1824    3.4766   1839.9351    3.5234     4813328941.7163
   404.888    7.6124    4.1723    3.4755   1878.3694    3.5180     4932061922.8481
   414.583    7.6026    4.1625    3.4745   1916.8037    3.5126     5050576830.1404
   424.277    7.5916    4.1521    3.4733   1955.2379    3.5073     5168873188.3852
   433.971    7.5815    4.1421    3.4723   1993.6722    3.5020     5286951619.7447
   457.273    7.6141    4.1520    3.4811   1998.5498    3.4894     5570657840.8520
   480.574    7.6448    4.1610    3.4898   2003.3461    3.4769     5854057059.8215
   503.876    7.6746    4.1698    3.4983   2008.0137    3.4644     6137133375.7478
   527.177    7.7044    4.1787    3.5067   2012.5363    3.4520     6419876897.4457
   550.478    7.7327    4.1870    3.5150   2016.9832    3.4398     6702279736.3947
   573.780    7.7603    4.1951    3.5231   2021.2728    3.4276     6984332814.2735
   597.081    7.7873    4.2031    3.5310   2025.3886    3.4155     7266028400.8910
   620.383    7.8141    4.2109    3.5390   2029.6108    3.4036     7547367690.0745
   643.684    7.8410    4.2189    3.5470   2033.7227    3.3918     7828357115.6045
   666.986    7.8670    4.2266    3.5549   2037.7731    3.3801     8108996417.5161
   690.287    7.8931    4.2344    3.5626   2041.6555    3.3685     8389284745.4817
   713.589    7.9185    4.2419    3.5703   2045.3827    3.3571     8669222476.5585
   736.890    7.9436    4.2493    3.5780   2049.1467    3.3459     8948816122.6321
   760.191    7.9695    4.2572    3.5858   2052.8858    3.3349     9228079595.1178
   783.493    7.9946    4.2648    3.5935   2056.5079    3.3240     9507021517.3633
   806.794    8.0195    4.2724    3.6012   2060.0204    3.3133     9785648166.4875
   830.096    8.0448    4.2801    3.6090   2063.5036    3.3028    10063975383.5361
   853.397    8.0713    4.2888    3.6169   2067.0003    3.2925    10342026752.2661
   876.699    8.0966    4.2967    3.6249   2070.4091    3.2824    10619822267.3110
   900.000    8.1229    4.3053    3.6331   2073.7214    3.2726    10897384820.5782
   916.561    8.1417    4.3116    3.6389   2076.1339    3.2657    11094449384.5646
   933.123    8.1610    4.3182    3.6449   2078.4360    3.2590    11291422029.5165
   949.684    8.1814    4.3253    3.6512   2080.7618    3.2523    11488319782.2204
   966.245    8.2015    4.3324    3.6576   2083.1091    3.2458    11685157924.2900
   982.807    8.2223    4.3400    3.6642   2085.4420    3.2395    11881951900.0030
   999.368    8.2450    4.3488    3.6714   2087.8190    3.2332    12078730212.8032
  1015.930    8.2690    4.3582    3.6790   2090.2399    3.2271    12275523912.0102
  1032.491    8.2950    4.3690    3.6874   2092.7133    3.2211    12472371045.8342
  1049.052    8.3127    4.3748    3.6932   2094.9514    3.2152    12669230268.2013
  1065.614    8.3293    4.3801    3.6987   2097.0677    3.2095    12866032169.3460
  1082.175    8.3461    4.3856    3.7044   2099.1443    3.2039    13062782535.9298
  1098.736    8.3623    4.3908    3.7099   2101.2508    3.1985    13259488523.1106
  1115.298    8.3832    4.3991    3.7167   2104.2115    3.1933    13456189923.5314
  1131.859    8.5320    4.4928    3.7569   2118.3285    3.1881    13653815731.3747
  1148.421    8.7039    4.6021    3.8021   2136.2984    3.1825    13853369991.5787
  1164.982    8.8518    4.6956    3.8402   2146.5501    3.1766    14054767457.6211
  1181.543    8.8676    4.7012    3.8452   2148.7338    3.1706    14256925305.8837
  1198.105    8.8826    4.7058    3.8503   2150.9626    3.1649    14458972324.8988
  1214.666    8.8988    4.7100    3.8569   2153.8262    3.1593    14660959824.8693
  1231.227    8.9139    4.7146    3.8624   2156.2220    3.1540    14862907793.1993
  1247.789    8.9289    4.7192    3.8678   2158.5841    3.1488    15064797182.2097
  1264.350    8.9432    4.7236    3.8728   2160.9252    3.1439    15266630650.5645
  1280.911    8.9582    4.7283    3.8783   2163.3140    3.1393    15468424455.4658
  1297.473    8.9723    4.7328    3.8832   2165.5563    3.1348    15670188394.9578
  1314.034    8.9864    4.7370    3.8884   2167.9980    3.1306    15871929073.7707
  1330.596    8.9997    4.7415    3.8931   2170.3430    3.1267    16073656649.8185
  1347.157    9.0142    4.7462    3.8984   2172.5946    3.1231    16275390532.2908
  1363.718    9.0280    4.7505    3.9034   2174.9328    3.1197    16477155832.0503
  1380.280    9.0406    4.7549    3.9077   2177.0352    3.1167    16678943868.7267
  1396.841    9.0545    4.7593    3.9125   2179.1750    3.1139    16880769380.8717
  1413.402    9.0897    4.7779    3.9210   2184.1052    3.1115    17082760977.5375
  1429.964    9.1302    4.7993    3.9318   2190.1694    3.1093    17285090115.5716
  1446.525    9.1677    4.8197    3.9409   2195.8187    3.1074    17487788522.9175
  1463.086    9.2077    4.8421    3.9507   2201.5302    3.1058    17690850006.9812
  1479.648    9.2485    4.8643    3.9617   2207.6195    3.1044    17894341502.9379
  1496.209    9.2881    4.8867    3.9721   2213.5822    3.1034    18098295009.6619
  1512.771    9.3269    4.9088    3.9824   2220.0795    3.1027    18302711441.8622
  1529.332    9.3640    4.9297    3.9928   2225.7435    3.1023    18507613513.8498
  1545.893    9.3761    4.9339    3.9971   2227.1745    3.1023    18712867829.2291
  1545.893    4.5889    0.0000    3.9805         nan    3.1023    18712867829.2291
  1561.829    4.6024    0.0000    3.9868         nan    3.1029    18909810412.3422
  1577.765    4.6159    0.0000    3.9930         nan    3.1039    19107101429.8128
  1593.701    4.6295    0.0000    3.9992         nan    3.1054    19304766655.6873
  1609.637    4.6430    0.0000    4.0055         nan    3.1073    19502832915.8197
  1625.573    4.6558    0.0000    4.0114         nan    3.1096    19701320916.4613
  1641.509    4.6687    0.0000    4.0174         nan    3.1124    19900252792.7178
  1657.445    4.6815    0.0000    4.0233         nan    3.1157    20099659397.9623
  1673.381    4.6943    0.0000    4.0293         nan    3.1195    20299572788.0678
  1689.317    4.7065    0.0000    4.0349         nan    3.1239    20500019475.6817
  1689.317    5.3121    0.0000    6.3477         nan    3.1239    20500019475.6817
  1747.944    5.3819    0.0000    6.3878         nan    3.0266    21666239300.2467
  1806.571    5.4479    0.0000    6.4260         nan    2.9281    22803077668.9000
  1865.198    5.5105    0.0000    6.4622         nan    2.8284    23909297685.9393
  1923.825    5.5698    0.0000    6.4966         nan    2.7277    24983727492.2751
  1982.452    5.6259    0.0000    6.5292         nan    2.6260    26025256635.8901
  2041.079    5.6790    0.0000    6.5601         nan    2.5233    27032832944.0202
  2099.706    5.7292    0.0000    6.5894         nan    2.4197    28005459806.3393
  2158.333    5.7766    0.0000    6.6170         nan    2.3153    28942193802.5400
  2216.960    5.8213    0.0000    6.6432         nan    2.2100    29842142619.5251
  2275.587    5.8634    0.0000    6.6679         nan    2.1039    30704463206.2762
  2334.214    5.9029    0.0000    6.6911         nan    1.9972    31528360130.8461
  2392.841    5.9400    0.0000    6.7128         nan    1.8897    32313084102.2694
  2451.468    5.9746    0.0000    6.7332         nan    1.7817    33057930622.5910
  2510.095    6.0070    0.0000    6.7523         nan    1.6730    33762238735.7103
  2568.722    6.0370    0.0000    6.7699         nan    1.5638    34425389835.2667
  2627.349    6.0648    0.0000    6.7863         nan    1.4540    35046806484.1245
  2685.976    6.0903    0.0000    6.8014         nan    1.3438    35625951177.1654
  2744.603    6.1137    0.0000    6.8152         nan    1.2331    36162324946.1608
  2803.230    6.1350    0.0000    6.8278         nan    1.1219    36655465635.1470
  2861.857    6.1542    0.0000    6.8391         nan    1.0104    37104945540.1120
  2920.484    6.1712    0.0000    6.8492         nan    0.8984    37510367830.1924
  2979.111    6.1862    0.0000    6.8581         nan    0.7860    37871360558.3229
  3037.738    6.1992    0.0000    6.8658         nan    0.6731    38187565625.3788
  3096.365    6.2102    0.0000    6.8723         nan    0.5594    38458616293.3088
  3154.992    6.2191    0.0000    6.8776         nan    0.4445    38684085696.3847
  3213.619    6.2260    0.0000    6.8817         nan    0.3266    38863349895.0342
  3272.246    6.2310    0.0000    6.8846         nan    0.1989    38995137222.6226
  3330.873    6.2339    0.0000    6.8864         nan    0.0057    39075436271.9693
  3389.500    6.2349    0.0000    6.8869         nan    0.0000    39077731622.4140
