# Depth[km]  Vp[km/s]  Vs[km/s] Rho[g/cm3]    T[K]     g[m/s2]         P[Pa]        
     0.000    3.4363    2.0400    1.6153    273.1500    3.7291              0.0000
     9.903    3.4363    2.0400    1.6153    311.7209    3.7375       59654379.8015
     9.903    5.2208    3.0994    2.4542    311.7209    3.7375       59654379.8015
    27.914    5.2208    3.0994    2.4542    381.8780    3.7404      224865297.5937
    27.914    6.3873    3.7920    3.0026    381.8780    3.7404      224865297.5937
    46.543    6.3873    3.7920    3.0026    454.4414    3.7350      434084826.1663
    46.543    7.9487    4.5296    3.4839    454.4414    3.7350      434084826.1663
    56.283    7.9428    4.5215    3.4839    492.3780    3.7283      560816421.5778
    66.022    7.9366    4.5133    3.4838    530.3145    3.7217      687319463.6432
    75.761    7.9297    4.5046    3.4836    568.2510    3.7151      813592259.3577
    85.500    7.9231    4.4961    3.4835    606.1876    3.7084      939634060.9347
    95.240    7.9155    4.4872    3.4831    644.1241    3.7019     1065441985.6044
   104.979    7.9084    4.4784    3.4828    682.0607    3.6953     1191015234.4365
   114.718    7.9013    4.4697    3.4825    719.9972    3.6888     1316356318.5295
   124.458    7.8934    4.4607    3.4821    757.9337    3.6823     1441462544.7209
   134.197    7.8862    4.4520    3.4817    795.8703    3.6758     1566333616.7545
   143.936    7.8781    4.4429    3.4812    833.8068    3.6694     1690969533.7094
   153.676    7.8707    4.4341    3.4807    871.7433    3.6630     1815369553.2325
   163.415    7.8630    4.4252    3.4802    909.6799    3.6567     1939534668.7963
   173.154    7.8553    4.4164    3.4796    947.6164    3.6503     2063463970.0670
   182.893    7.8480    4.4077    3.4791    985.5529    3.6440     2187159218.3988
   192.633    7.8403    4.3988    3.4784   1023.4895    3.6378     2310620205.4719
   202.372    7.8324    4.3900    3.4776   1061.4260    3.6315     2433843913.1045
   212.111    7.8246    4.3811    3.4769   1099.3626    3.6253     2556830795.0383
   221.851    7.8164    4.3720    3.4763   1137.2991    3.6192     2679583360.7168
   231.590    7.8089    4.3633    3.4756   1175.2356    3.6131     2802103194.8614
   241.329    7.8014    4.3544    3.4749   1213.1722    3.6070     2924391413.9411
   251.068    7.7936    4.3456    3.4741   1251.1087    3.6009     3046447216.3745
   260.808    7.7856    4.3367    3.4733   1289.0452    3.5949     3168270265.5780
   270.547    7.7783    4.3281    3.4726   1326.9818    3.5889     3289863512.2379
   280.286    7.7702    4.3191    3.4717   1364.9183    3.5830     3411226433.5664
   290.026    7.7629    4.3105    3.4709   1402.8548    3.5771     3532359672.4897
   299.765    7.7553    4.3017    3.4701   1440.7914    3.5713     3653266033.0266
   309.504    7.7479    4.2931    3.4692   1478.7279    3.5655     3773945510.3225
   319.244    7.7393    4.2840    3.4683   1516.6645    3.5597     3894397510.8502
   328.983    7.7319    4.2753    3.4675   1554.6010    3.5540     4014624281.6291
   338.722    7.7239    4.2664    3.4665   1592.5375    3.5483     4134627040.0083
   348.461    7.7162    4.2576    3.4656   1630.4741    3.5426     4254405946.3268
   358.201    7.7089    4.2490    3.4648   1668.4106    3.5370     4373964746.9460
   367.940    7.7007    4.2400    3.4637   1706.3471    3.5315     4493302229.6902
   377.679    7.6933    4.2313    3.4629   1744.2837    3.5260     4612419867.0382
   387.419    7.6846    4.2220    3.4618   1782.2202    3.5205     4731318454.6482
   397.158    7.6763    4.2129    3.4608   1820.1567    3.5151     4849996994.2390
   406.897    7.6689    4.2042    3.4599   1858.0933    3.5097     4968460496.4392
   416.637    7.6603    4.1950    3.4587   1896.0298    3.5044     5086708465.3547
   426.376    7.6517    4.1856    3.4579   1933.9663    3.4992     5204743150.2657
   436.115    7.6416    4.1756    3.4568   1971.9029    3.4939     5322567033.5453
   459.309    7.6719    4.1850    3.4652   1976.6461    3.4816     5603045345.4879
   482.504    7.7002    4.1937    3.4734   1981.1295    3.4694     5883203012.7628
   505.698    7.7281    4.2022    3.4814   1985.5664    3.4572     6163026015.7786
   528.892    7.7536    4.2098    3.4892   1989.8218    3.4451     6442503885.4230
   552.086    7.7794    4.2174    3.4971   1994.1608    3.4332     6721633287.1569
   575.281    7.8051    4.2250    3.5050   1998.5330    3.4213     7000421634.9814
   598.475    7.8296    4.2322    3.5126   2002.6040    3.4096     7278862452.7784
   621.669    7.8542    4.2394    3.5202   2006.7810    3.3980     7556952407.6321
   644.863    7.8784    4.2465    3.5279   2010.7274    3.3866     7834698279.8833
   668.058    7.9018    4.2532    3.5353   2014.7724    3.3752     8112099611.3523
   691.252    7.9263    4.2605    3.5429   2018.7727    3.3641     8389163332.5610
   714.446    7.9494    4.2671    3.5503   2022.5898    3.3531     8665894582.3675
   737.640    7.9725    4.2737    3.5576   2026.3447    3.3422     8942292648.3643
   760.835    7.9960    4.2807    3.5650   2030.0101    3.3316     9218367844.3875
   784.029    8.0194    4.2875    3.5724   2033.8798    3.3211     9494135854.2331
   807.223    8.0426    4.2943    3.5798   2037.4872    3.3109     9769608794.0445
   830.417    8.0653    4.3010    3.5871   2041.0062    3.3008    10044793706.2171
   853.612    8.0886    4.3079    3.5945   2044.5282    3.2910    10319705360.6905
   876.806    8.1117    4.3149    3.6019   2047.9455    3.2814    10594361577.2539
   900.000    8.1354    4.3221    3.6094   2051.3627    3.2720    10868782081.0484
   916.878    8.1526    4.3276    3.6149   2053.8035    3.2653    11068257486.7168
   933.755    8.1702    4.3330    3.6205   2056.2343    3.2588    11267632357.9439
   950.633    8.1880    4.3388    3.6262   2058.6925    3.2524    11466920196.3719
   967.511    8.2061    4.3446    3.6321   2061.1483    3.2462    11666136440.0407
   984.388    8.2258    4.3516    3.6383   2063.7213    3.2401    11865301267.9333
  1001.266    8.2449    4.3580    3.6445   2066.1617    3.2341    12064430252.1217
  1018.144    8.2647    4.3651    3.6508   2068.5672    3.2283    12263534877.9584
  1035.021    8.2856    4.3729    3.6575   2071.0059    3.2227    12462637139.7778
  1051.899    8.3019    4.3779    3.6630   2073.2849    3.2172    12661722618.3096
  1068.777    8.3178    4.3826    3.6683   2075.4429    3.2119    12860761060.3630
  1085.654    8.3334    4.3871    3.6736   2077.6747    3.2068    13059757781.1913
  1102.532    8.3489    4.3917    3.6788   2079.8863    3.2018    13258722667.1011
  1119.410    8.4534    4.4572    3.7069   2090.8463    3.1970    13458282870.8622
  1136.287    8.6116    4.5584    3.7485   2106.2512    3.1919    13659420553.8029
  1153.165    8.7957    4.6772    3.7954   2122.3294    3.1864    13862622279.5419
  1170.042    8.8113    4.6816    3.8009   2124.9750    3.1809    14066886157.3303
  1186.920    8.8252    4.6854    3.8056   2127.4349    3.1756    14271069891.2803
  1203.798    8.8423    4.6902    3.8119   2129.8752    3.1705    14475207072.8061
  1220.675    8.8580    4.6946    3.8175   2132.3154    3.1656    14679333205.2031
  1237.553    8.8734    4.6990    3.8230   2134.7661    3.1610    14883440428.7150
  1254.431    8.8890    4.7033    3.8286   2137.2234    3.1565    15087542886.5968
  1271.308    8.9043    4.7076    3.8341   2139.6978    3.1524    15291656960.7978
  1288.186    8.9196    4.7119    3.8396   2142.1374    3.1485    15495794857.6648
  1305.064    8.9352    4.7164    3.8453   2144.6259    3.1448    15699978302.3107
  1321.941    8.9504    4.7208    3.8509   2147.1050    3.1415    15904225640.3702
  1338.819    8.9650    4.7250    3.8561   2149.5345    3.1384    16108540333.8786
  1355.697    8.9809    4.7297    3.8620   2152.0131    3.1356    16312949809.6949
  1372.574    8.9961    4.7342    3.8677   2154.5001    3.1331    16517484161.7840
  1389.452    9.0212    4.7450    3.8750   2158.1613    3.1310    16722201831.8790
  1406.330    9.0607    4.7650    3.8850   2164.0751    3.1291    16927235829.3778
  1423.207    9.0997    4.7849    3.8951   2169.8170    3.1275    17132677574.5655
  1440.085    9.1400    4.8059    3.9057   2175.7927    3.1262    17338561541.4532
  1456.963    9.1782    4.8259    3.9159   2181.8019    3.1252    17544906329.6695
  1473.840    9.2188    4.8476    3.9268   2187.7731    3.1245    17751741358.6428
  1490.718    9.2574    4.8684    3.9373   2194.2278    3.1241    17959097292.7933
  1507.596    9.2970    4.8901    3.9484   2200.9719    3.1241    18166997487.4998
  1524.473    9.3239    4.9034    3.9565   2204.5979    3.1245    18375400512.2418
  1541.351    9.3379    4.9079    3.9617   2206.9111    3.1252    18584177387.1905
  1558.229    9.3517    4.9124    3.9667   2209.1928    3.1265    18793276413.6915
  1558.229    5.3078    0.0000    4.0091         nan    3.1265    18793276413.6915
  1574.055    5.3183    0.0000    4.0138         nan    3.1275    18991764988.9471
  1589.881    5.3288    0.0000    4.0184         nan    3.1290    19190549088.2314
  1605.707    5.3392    0.0000    4.0231         nan    3.1309    19389656581.4815
  1621.533    5.3497    0.0000    4.0277         nan    3.1333    19589116444.5345
  1637.360    5.3597    0.0000    4.0322         nan    3.1362    19788953962.1141
  1653.186    5.3697    0.0000    4.0366         nan    3.1396    19989195803.1244
  1669.012    5.3797    0.0000    4.0410         nan    3.1435    20189874935.6307
  1684.838    5.3897    0.0000    4.0455         nan    3.1480    20391025613.4476
  1700.665    5.3993    0.0000    4.0497         nan    3.1530    20592678788.4158
  1700.665    5.1176    0.0000    6.4333         nan    3.1530    20592678788.4158
  1758.900    5.2008    0.0000    6.4771         nan    3.0556    21777962701.6159
  1817.136    5.2793    0.0000    6.5185         nan    2.9568    22934193612.3300
  1875.372    5.3533    0.0000    6.5576         nan    2.8568    24059991994.8814
  1933.607    5.4230    0.0000    6.5946         nan    2.7557    25154062552.8646
  1991.843    5.4888    0.0000    6.6296         nan    2.6536    26215188071.7106
  2050.079    5.5508    0.0000    6.6626         nan    2.5504    27242224314.3121
  2108.315    5.6092    0.0000    6.6937         nan    2.4463    28234095784.8449
  2166.550    5.6642    0.0000    6.7231         nan    2.3413    29189792225.3076
  2224.786    5.7160    0.0000    6.7508         nan    2.2355    30108365748.4313
  2283.022    5.7646    0.0000    6.7769         nan    2.1290    30988928559.0024
  2341.257    5.8101    0.0000    6.8013         nan    2.0217    31830651241.1363
  2399.493    5.8528    0.0000    6.8242         nan    1.9139    32632761626.5434
  2457.729    5.8926    0.0000    6.8456         nan    1.8054    33394544312.8161
  2515.964    5.9297    0.0000    6.8655         nan    1.6965    34115340959.9442
  2574.200    5.9640    0.0000    6.8841         nan    1.5872    34794551599.6666
  2632.436    5.9958    0.0000    6.9012         nan    1.4775    35431637351.1649
  2690.672    6.0250    0.0000    6.9169         nan    1.3677    36026125207.9146
  2748.907    6.0517    0.0000    6.9313         nan    1.2578    36577616042.2971
  2807.143    6.0759    0.0000    6.9444         nan    1.1480    37085797858.1119
  2865.379    6.0977    0.0000    6.9562         nan    1.0387    37550468036.9104
  2923.614    6.1171    0.0000    6.9667         nan    0.9303    37971571837.1148
  2981.850    6.1342    0.0000    6.9759         nan    0.8237    38349272092.2206
  3040.086    6.1489    0.0000    6.9839         nan    0.7202    38684083253.6204
  3098.321    6.1614    0.0000    6.9906         nan    0.6230    38977150432.2810
  3156.557    6.1715    0.0000    6.9961         nan    0.5394    39230894562.6751
  3214.793    6.1794    0.0000    7.0004         nan    0.4906    39450735077.3136
  3273.029    6.1850    0.0000    7.0034         nan    0.5623    39650766367.1058
  3331.264    6.1884    0.0000    7.0052         nan    1.4508    39880118548.9642
  3389.500    6.1895    0.0000    7.0058         nan    0.0000    40472017598.0809
