# Depth[km]  Vp[km/s]  Vs[km/s] Rho[g/cm3]    T[K]     g[m/s2]         P[Pa]        
     0.000    3.5451    2.1110    1.6265    273.1500    3.7291              0.0000
    10.442    3.5451    2.1110    1.6265    311.7203    3.7379       63336417.4317
    10.442    4.9617    2.9545    2.2765    311.7203    3.7379       63336417.4317
    29.479    4.9617    2.9545    2.2765    382.0443    3.7438      225325651.1197
    29.479    6.2981    3.7503    2.8897    382.0443    3.7438      225325651.1197
    45.888    6.2981    3.7503    2.8897    442.6608    3.7407      402844131.0993
    45.888    7.9534    4.5330    3.4847    442.6608    3.7407      402844131.0993
    55.874    7.9485    4.5254    3.4849    479.5502    3.7338      533017293.0896
    65.860    7.9431    4.5176    3.4850    516.4395    3.7270      662959145.7213
    75.846    7.9375    4.5096    3.4851    553.3289    3.7203      792668029.9001
    85.832    7.9316    4.5014    3.4851    590.2182    3.7135      922142561.5204
    95.818    7.9249    4.4929    3.4850    627.1076    3.7068     1051379407.2287
   105.804    7.9187    4.4847    3.4849    663.9970    3.7001     1180378497.0699
   115.790    7.9125    4.4764    3.4848    700.8863    3.6934     1309141784.8002
   125.776    7.9062    4.4681    3.4847    737.7757    3.6868     1437669175.7395
   135.762    7.8991    4.4595    3.4844    774.6650    3.6802     1565958347.3464
   145.748    7.8928    4.4513    3.4843    811.5544    3.6736     1694009257.6366
   155.735    7.8863    4.4430    3.4840    848.4438    3.6670     1821823797.5457
   165.721    7.8792    4.4344    3.4836    885.3331    3.6605     1949398827.7438
   175.707    7.8723    4.4260    3.4833    922.2225    3.6540     2076733282.0123
   185.693    7.8659    4.4178    3.4830    959.1118    3.6476     2203830992.7920
   195.679    7.8590    4.4093    3.4826    996.0012    3.6412     2330691866.8781
   205.665    7.8521    4.4009    3.4821   1032.8906    3.6348     2457313502.1231
   215.651    7.8455    4.3926    3.4817   1069.7799    3.6284     2583696841.5331
   225.637    7.8384    4.3841    3.4812   1106.6693    3.6221     2709842318.1894
   235.623    7.8316    4.3757    3.4807   1143.5586    3.6159     2835750961.4475
   245.609    7.8246    4.3673    3.4802   1180.4480    3.6096     2961424429.4786
   255.595    7.8183    4.3592    3.4797   1217.3374    3.6034     3086863563.4716
   265.581    7.8109    4.3505    3.4791   1254.2267    3.5973     3212067317.4572
   275.567    7.8043    4.3423    3.4786   1291.1161    3.5911     3337036945.4182
   285.553    7.7976    4.3340    3.4781   1328.0054    3.5851     3461775548.8006
   295.539    7.7912    4.3259    3.4775   1364.8948    3.5790     3586283427.7552
   305.525    7.7847    4.3176    3.4770   1401.7842    3.5730     3710561313.8244
   315.511    7.7773    4.3091    3.4763   1438.6735    3.5670     3834608269.3215
   325.497    7.7709    4.3010    3.4757   1475.5629    3.5611     3958425927.0249
   335.483    7.7640    4.2926    3.4751   1512.4522    3.5553     4082016662.4292
   345.469    7.7571    4.2843    3.4744   1549.3416    3.5494     4205379333.0613
   355.455    7.7500    4.2758    3.4737   1586.2310    3.5436     4328515532.8997
   365.441    7.7437    4.2678    3.4731   1623.1203    3.5379     4451428471.2503
   375.428    7.7362    4.2591    3.4723   1660.0097    3.5322     4574117579.7509
   385.414    7.7298    4.2510    3.4716   1696.8990    3.5265     4696583315.5694
   395.400    7.7229    4.2426    3.4710   1733.7884    3.5209     4818829838.4579
   405.386    7.7156    4.2341    3.4702   1770.6778    3.5154     4940856244.4090
   415.372    7.7090    4.2258    3.4696   1807.5671    3.5098     5062664339.0993
   425.358    7.7011    4.2170    3.4687   1844.4565    3.5044     5184255818.4834
   435.344    7.6947    4.2087    3.4680   1881.3458    3.4990     5305631396.7985
   445.330    7.6868    4.1999    3.4671   1918.2352    3.4936     5426791501.3337
   468.063    7.7137    4.2079    3.4751   1922.5914    3.4815     5702474715.6070
   490.797    7.7409    4.2162    3.4831   1926.8645    3.4694     5977832885.0854
   513.530    7.7668    4.2239    3.4909   1931.1106    3.4575     6252861355.9555
   536.264    7.7920    4.2314    3.4987   1935.2609    3.4456     6527555085.4968
   558.997    7.8163    4.2385    3.5062   1939.1962    3.4339     6801904611.9142
   581.731    7.8412    4.2459    3.5138   1943.2251    3.4223     7075908497.9291
   604.464    7.8650    4.2528    3.5211   1947.0120    3.4107     7349566415.7537
   627.198    7.8885    4.2596    3.5286   1950.9014    3.3994     7622876999.9699
   649.931    7.9127    4.2669    3.5361   1954.8159    3.3881     7895850932.7634
   672.665    7.9359    4.2736    3.5433   1958.4762    3.3770     8168490176.2769
   695.398    7.9584    4.2800    3.5505   1962.1330    3.3660     8440791033.0489
   718.132    7.9814    4.2867    3.5577   1965.6861    3.3552     8712757459.9501
   740.865    8.0049    4.2937    3.5650   1969.3778    3.3445     8984403385.2573
   763.599    8.0268    4.2999    3.5721   1972.8455    3.3341     9255734439.0353
   786.332    8.0496    4.3066    3.5793   1976.2832    3.3238     9526757296.9758
   809.066    8.0722    4.3133    3.5865   1979.6635    3.3137     9797485614.7604
   831.799    8.0939    4.3195    3.5934   1982.9522    3.3038    10067922293.1746
   854.533    8.1173    4.3268    3.6008   1986.2739    3.2941    10338090866.1834
   877.266    8.1398    4.3335    3.6080   1989.5079    3.2847    10608013189.7856
   900.000    8.1628    4.3406    3.6153   1992.7103    3.2754    10877701526.7713
   916.859    8.1802    4.3461    3.6208   1995.0610    3.2687    11077496130.6444
   933.719    8.1967    4.3511    3.6261   1997.3901    3.2622    11277180139.0567
   950.578    8.2154    4.3573    3.6321   1999.9216    3.2558    11476773362.8376
   967.437    8.2347    4.3640    3.6382   2002.2061    3.2495    11676306446.6053
   984.297    8.2529    4.3701    3.6440   2004.5211    3.2434    11875781821.2958
  1001.156    8.2718    4.3766    3.6501   2006.8692    3.2374    12075205533.9553
  1018.015    8.2917    4.3837    3.6566   2009.1452    3.2315    12274604654.2858
  1034.875    8.3122    4.3912    3.6633   2011.4674    3.2259    12474002723.5544
  1051.734    8.3278    4.3958    3.6685   2013.6642    3.2203    12673374406.3881
  1068.593    8.3433    4.4004    3.6737   2015.7994    3.2150    12872687646.5368
  1085.453    8.3591    4.4051    3.6790   2017.9117    3.2099    13071954766.5133
  1102.312    8.4638    4.4704    3.7075   2028.2860    3.2048    13271818028.0787
  1119.171    8.6055    4.5609    3.7450   2042.2922    3.1994    13473145700.9651
  1136.030    8.7805    4.6740    3.7899   2059.1692    3.1938    13676362467.5820
  1152.890    8.8226    4.6966    3.8017   2061.9098    3.1881    13880750091.6581
  1169.749    8.8379    4.7008    3.8071   2064.2683    3.1825    14085233147.6882
  1186.608    8.8535    4.7051    3.8127   2066.6257    3.1771    14289650751.3742
  1203.468    8.8691    4.7094    3.8182   2068.9914    3.1719    14494019867.9715
  1220.327    8.8843    4.7136    3.8236   2071.3689    3.1670    14698349999.4347
  1237.186    8.9000    4.7180    3.8293   2073.7183    3.1623    14902656044.2064
  1254.046    8.9154    4.7224    3.8349   2076.0805    3.1578    15106956833.5760
  1270.905    8.9308    4.7267    3.8404   2078.4392    3.1535    15311265332.6739
  1287.764    8.9463    4.7311    3.8461   2080.8457    3.1495    15515598753.9638
  1304.624    8.9614    4.7354    3.8516   2083.1979    3.1458    15719969986.2934
  1321.483    8.9769    4.7399    3.8574   2085.6141    3.1424    15924397408.5012
  1338.342    8.9920    4.7441    3.8629   2087.9778    3.1392    16128899941.6049
  1355.202    9.0150    4.7536    3.8699   2091.5959    3.1363    16333527825.3054
  1372.061    9.0547    4.7735    3.8800   2096.9166    3.1337    16538419054.7141
  1388.920    9.0937    4.7932    3.8900   2102.5938    3.1314    16743671288.4882
  1405.780    9.1342    4.8142    3.9006   2108.2913    3.1293    16949314512.7751
  1422.639    9.1719    4.8337    3.9107   2113.8612    3.1274    17155365214.3069
  1439.498    9.2113    4.8544    3.9213   2119.8533    3.1259    17361840804.7232
  1456.358    9.2511    4.8758    3.9321   2125.7030    3.1246    17568779490.6671
  1473.217    9.2904    4.8971    3.9431   2131.9697    3.1237    17776209320.2152
  1490.076    9.3218    4.9132    3.9523   2136.5708    3.1231    17984107771.9493
  1506.936    9.3358    4.9175    3.9574   2138.8238    3.1228    18192343118.7258
  1523.795    9.3495    4.9220    3.9625   2141.0021    3.1230    18400831789.3390
  1540.654    9.3636    4.9265    3.9678   2143.2345    3.1237    18609604609.1964
  1557.514    9.3768    4.9308    3.9726   2145.3943    3.1248    18818684438.8740
  1557.514    4.7692    0.0000    4.0040         nan    3.1248    18818684438.8740
  1569.847    4.7787    0.0000    4.0085         nan    3.1255    18973085247.5722
  1582.181    4.7882    0.0000    4.0130         nan    3.1266    19127697724.7827
  1594.515    4.7977    0.0000    4.0175         nan    3.1279    19282534486.5118
  1606.849    4.8073    0.0000    4.0219         nan    3.1294    19437608568.5296
  1619.182    4.8168    0.0000    4.0264         nan    3.1313    19592933441.1852
  1631.516    4.8259    0.0000    4.0308         nan    3.1334    19748519545.2974
  1643.850    4.8349    0.0000    4.0350         nan    3.1358    19904377344.2280
  1656.184    4.8440    0.0000    4.0393         nan    3.1385    20060521312.7098
  1668.518    4.8531    0.0000    4.0436         nan    3.1416    20216966914.6874
  1668.518    5.2967    0.0000    6.3030         nan    3.1416    20216966914.6874
  1727.862    5.3760    0.0000    6.3437         nan    3.0439    21395855188.1773
  1787.206    5.4509    0.0000    6.3823         nan    2.9449    22545244471.9607
  1846.550    5.5216    0.0000    6.4188         nan    2.8449    23663837808.1695
  1905.895    5.5885    0.0000    6.4534         nan    2.7437    24750413160.2338
  1965.239    5.6516    0.0000    6.4861         nan    2.6414    25803818338.1212
  2024.583    5.7112    0.0000    6.5170         nan    2.5382    26822966700.6331
  2083.927    5.7674    0.0000    6.5463         nan    2.4341    27806833501.3340
  2143.271    5.8204    0.0000    6.5739         nan    2.3292    28754452769.6414
  2202.616    5.8702    0.0000    6.5999         nan    2.2234    29664914641.9779
  2261.960    5.9171    0.0000    6.6244         nan    2.1169    30537363085.9721
  2321.304    5.9611    0.0000    6.6474         nan    2.0096    31370993975.5570
  2380.648    6.0023    0.0000    6.6690         nan    1.9017    32165053487.3000
  2439.993    6.0408    0.0000    6.6892         nan    1.7932    32918836808.0121
  2499.337    6.0767    0.0000    6.7080         nan    1.6842    33631687163.5527
  2558.681    6.1100    0.0000    6.7255         nan    1.5746    34302995206.9961
  2618.025    6.1407    0.0000    6.7416         nan    1.4646    34932198844.1632
  2677.369    6.1690    0.0000    6.7565         nan    1.3541    35518783639.6729
  2736.714    6.1949    0.0000    6.7701         nan    1.2434    36062284065.1549
  2796.058    6.2184    0.0000    6.7825         nan    1.1323    36562286059.1073
  2855.402    6.2395    0.0000    6.7936         nan    1.0212    37018431774.2797
  2914.746    6.2584    0.0000    6.8036         nan    0.9100    37430428218.8742
  2974.090    6.2749    0.0000    6.8123         nan    0.7990    37798063311.4164
  3033.435    6.2892    0.0000    6.8198         nan    0.6885    38121237163.0315
  3092.779    6.3013    0.0000    6.8262         nan    0.5794    38400027606.8600
  3152.123    6.3111    0.0000    6.8314         nan    0.4734    38634842127.7048
  3211.467    6.3188    0.0000    6.8354         nan    0.3755    38826823983.8942
  3270.812    6.3242    0.0000    6.8383         nan    0.3062    38979190943.9161
  3330.156    6.3275    0.0000    6.8401         nan    0.4304    39103452854.0180
  3389.500    6.3286    0.0000    6.8406         nan    0.0000    39278157242.6531
