# Depth[km]  Vp[km/s]  Vs[km/s] Rho[g/cm3]    T[K]     g[m/s2]         P[Pa]        
     0.000    3.6264    2.1638    1.6233    273.1500    3.7291              0.0000
    11.172    3.6264    2.1638    1.6233    320.2001    3.7385       67624811.9909
    11.172    4.7155    2.8137    2.1108    320.2001    3.7385       67624811.9909
    28.491    4.7155    2.8137    2.1108    393.1479    3.7463      204294853.2019
    28.491    6.5714    3.9211    2.9416    393.1479    3.7463      204294853.2019
    42.991    6.5714    3.9211    2.9416    454.2246    3.7429      364094435.4609
    42.991    7.9555    4.5340    3.5025    454.2246    3.7429      364094435.4609
    52.495    7.9470    4.5241    3.5021    494.2535    3.7363      488676080.4371
    61.998    7.9382    4.5140    3.5016    534.2824    3.7297      613021116.6408
    71.502    7.9289    4.5037    3.5011    574.3114    3.7231      737127819.3670
    81.005    7.9189    4.4930    3.5004    614.3403    3.7165      860993152.5257
    90.509    7.9093    4.4826    3.4998    654.3693    3.7100      984617343.1627
   100.013    7.8996    4.4722    3.4992    694.3982    3.7035     1108002253.8006
   109.516    7.8892    4.4616    3.4984    734.4272    3.6970     1231145680.2336
   119.020    7.8794    4.4512    3.4977    774.4561    3.6906     1354047916.0094
   128.523    7.8686    4.4404    3.4968    814.4851    3.6841     1476707838.7470
   138.027    7.8588    4.4302    3.4961    854.5140    3.6778     1599126693.1451
   147.530    7.8478    4.4194    3.4951    894.5429    3.6714     1721304341.3879
   157.034    7.8371    4.4088    3.4942    934.5719    3.6651     1843237701.6495
   166.537    7.8265    4.3984    3.4932    974.6008    3.6588     1964928535.0472
   176.041    7.8155    4.3877    3.4922   1014.6298    3.6526     2086376517.8663
   185.545    7.8048    4.3773    3.4913   1054.6587    3.6463     2207582474.7880
   195.048    7.7930    4.3663    3.4900   1094.6877    3.6402     2328544480.1535
   204.552    7.7822    4.3559    3.4890   1134.7166    3.6340     2449262424.0772
   214.055    7.7713    4.3453    3.4880   1174.7456    3.6279     2569740955.6642
   223.559    7.7598    4.3346    3.4867   1214.7745    3.6218     2689978301.2062
   233.062    7.7484    4.3238    3.4855   1254.8034    3.6158     2809971625.3170
   242.566    7.7373    4.3133    3.4844   1294.8324    3.6098     2929724694.6637
   252.070    7.7272    4.3032    3.4833   1334.8613    3.6039     3049241719.8740
   261.573    7.7157    4.2925    3.4820   1374.8903    3.5980     3168521196.9487
   271.077    7.7056    4.2825    3.4808   1414.9192    3.5921     3287563015.1804
   280.580    7.6943    4.2719    3.4795   1454.9482    3.5863     3406367683.2547
   290.084    7.6830    4.2614    3.4782   1494.9771    3.5805     3524934248.0218
   299.587    7.6709    4.2504    3.4769   1535.0061    3.5747     3643265752.9284
   309.091    7.6613    4.2407    3.4756   1575.0350    3.5690     3761364392.0860
   318.594    7.6501    4.2301    3.4743   1615.0639    3.5634     3879230757.8576
   328.098    7.6386    4.2195    3.4730   1655.0929    3.5578     3996865523.8467
   337.602    7.6270    4.2089    3.4716   1695.1218    3.5522     4114268908.6759
   347.105    7.6148    4.1978    3.4702   1735.1508    3.5467     4231441308.0231
   356.609    7.6037    4.1875    3.4688   1775.1797    3.5412     4348384131.8272
   366.112    7.5925    4.1769    3.4675   1815.2087    3.5357     4465100941.7371
   375.616    7.5811    4.1663    3.4662   1855.2376    3.5304     4581594154.2982
   385.119    7.5692    4.1555    3.4647   1895.2665    3.5250     4697863373.0622
   394.623    7.5568    4.1445    3.4632   1935.2955    3.5197     4813907380.6701
   404.126    7.5452    4.1337    3.4618   1975.3244    3.5145     4929727788.0258
   413.630    7.5330    4.1228    3.4603   2015.3534    3.5093     5045326881.9258
   423.134    7.5211    4.1120    3.4589   2055.3823    3.5041     5160706558.6613
   446.977    7.5565    4.1225    3.4684   2060.8596    3.4913     5450093239.2465
   470.820    7.5894    4.1322    3.4774   2066.0473    3.4786     5739194643.6726
   494.664    7.6216    4.1417    3.4864   2071.1831    3.4659     6027988574.5746
   518.507    7.6524    4.1507    3.4952   2076.1617    3.4533     6316464336.9748
   542.350    7.6829    4.1598    3.5038   2080.9663    3.4409     6604609616.9492
   566.194    7.7124    4.1685    3.5124   2085.7727    3.4285     6892418094.7203
   590.037    7.7406    4.1768    3.5207   2090.3682    3.4162     7179880307.8658
   613.880    7.7692    4.1852    3.5290   2094.8491    3.4040     7466992209.1987
   637.723    7.7962    4.1931    3.5371   2099.1900    3.3920     7753751237.3263
   661.567    7.8239    4.2014    3.5453   2103.5194    3.3801     8040155194.5969
   685.410    7.8506    4.2092    3.5534   2107.7909    3.3684     8326211254.6330
   709.253    7.8773    4.2172    3.5614   2111.8741    3.3568     8611922367.5885
   733.097    7.9039    4.2252    3.5695   2116.0652    3.3454     8897295137.3709
   756.940    7.9300    4.2329    3.5774   2119.9746    3.3342     9182335695.4039
   780.783    7.9560    4.2407    3.5853   2123.7912    3.3231     9467048214.7848
   804.627    7.9825    4.2488    3.5934   2127.7117    3.3123     9751449540.0078
   828.470    8.0084    4.2567    3.6014   2131.4755    3.3016    10035555746.8557
   852.313    8.0350    4.2651    3.6095   2135.1841    3.2912    10319383157.7606
   876.157    8.0613    4.2734    3.6176   2138.7597    3.2810    10602950822.8980
   900.000    8.0889    4.2825    3.6261   2142.4667    3.2710    10886288589.9423
   916.532    8.1078    4.2888    3.6320   2144.9145    3.2642    11082540839.2206
   933.065    8.1260    4.2945    3.6377   2147.4166    3.2576    11278699724.2181
   949.597    8.1474    4.3023    3.6443   2149.8459    3.2510    11474789206.0933
   966.130    8.1675    4.3094    3.6507   2152.2837    3.2446    11670833335.1070
   982.662    8.1889    4.3171    3.6574   2154.7570    3.2383    11866842096.0589
   999.195    8.2116    4.3258    3.6645   2157.1850    3.2322    12062841813.6178
  1015.727    8.2342    4.3345    3.6716   2159.6744    3.2261    12258849129.9961
  1032.260    8.2587    4.3443    3.6795   2162.1765    3.2202    12454889450.6634
  1048.792    8.2804    4.3525    3.6865   2164.6337    3.2144    12650964679.0265
  1065.324    8.2981    4.3583    3.6924   2166.9213    3.2088    12847029076.1487
  1081.857    8.3145    4.3635    3.6978   2169.1370    3.2033    13043051227.5556
  1098.389    8.3313    4.3690    3.7034   2171.3452    3.1981    13239032673.0363
  1114.922    8.3479    4.3744    3.7091   2173.5265    3.1930    13434988765.0977
  1131.454    8.3647    4.3799    3.7148   2175.7240    3.1880    13630931468.4601
  1147.987    8.5023    4.4662    3.7518   2189.3623    3.1831    13827698751.1949
  1164.519    8.6801    4.5795    3.7982   2208.5821    3.1778    14026356755.3559
  1181.052    8.8363    4.6786    3.8381   2219.7986    3.1722    14226952560.3253
  1197.584    8.8510    4.6830    3.8430   2222.2813    3.1666    14428371043.4260
  1214.117    8.8674    4.6876    3.8488   2224.6145    3.1612    14629713212.1652
  1230.649    8.8820    4.6921    3.8545   2227.4874    3.1560    14831011241.7511
  1247.181    8.8969    4.6966    3.8599   2229.9825    3.1510    15032265688.3038
  1263.714    8.9120    4.7013    3.8653   2232.4586    3.1462    15233482526.2506
  1280.246    8.9262    4.7058    3.8702   2234.8213    3.1417    15434664335.7162
  1296.779    8.9396    4.7104    3.8747   2237.0917    3.1374    15635800202.4148
  1313.311    8.9546    4.7148    3.8801   2239.5249    3.1334    15836918304.2403
  1329.844    8.9685    4.7194    3.8849   2241.7949    3.1296    16038040867.0796
  1346.376    8.9828    4.7239    3.8899   2244.0659    3.1261    16239174494.7069
  1362.909    8.9974    4.7284    3.8960   2247.0944    3.1229    16440369924.7042
  1379.441    9.0110    4.7329    3.9008   2249.4633    3.1200    16641639200.7050
  1395.973    9.0246    4.7374    3.9056   2251.7373    3.1174    16842968518.0471
  1412.506    9.0377    4.7419    3.9100   2253.9532    3.1151    17044367936.1630
  1429.038    9.0518    4.7466    3.9155   2256.5551    3.1131    17245875146.6234
  1445.571    9.0791    4.7599    3.9228   2260.6849    3.1115    17447584548.7855
  1462.103    9.1164    4.7793    3.9327   2264.9256    3.1102    17649631314.1639
  1478.636    9.1535    4.7986    3.9436   2269.4126    3.1091    17852127233.6596
  1495.168    9.1931    4.8195    3.9552   2274.1573    3.1084    18055132911.4309
  1511.701    9.2313    4.8399    3.9667   2278.4831    3.1080    18258684975.8537
  1528.233    9.2691    4.8604    3.9783   2282.7657    3.1079    18462803341.6016
  1544.766    9.3071    4.8813    3.9901   2287.0554    3.1081    18667515266.6015
  1544.766    5.0467    0.0000    3.9921         nan    3.1081    18667515266.6015
  1563.034    5.0591    0.0000    3.9981         nan    3.1087    18894357425.4388
  1581.303    5.0715    0.0000    4.0040         nan    3.1099    19121584814.9197
  1599.571    5.0838    0.0000    4.0100         nan    3.1117    19349237816.8441
  1617.840    5.0959    0.0000    4.0158         nan    3.1141    19577354988.4827
  1636.108    5.1077    0.0000    4.0214         nan    3.1171    19805973493.8129
  1654.377    5.1195    0.0000    4.0271         nan    3.1208    20035136605.1387
  1672.645    5.1313    0.0000    4.0328         nan    3.1251    20264893235.5836
  1690.914    5.1425    0.0000    4.0382         nan    3.1302    20495287822.6697
  1709.182    5.1538    0.0000    4.0436         nan    3.1361    20726367725.2794
  1709.182    5.2800    0.0000    6.4460         nan    3.1361    20726367725.2794
  1767.124    5.3572    0.0000    6.4869         nan    3.0385    21901393123.5370
  1825.066    5.4301    0.0000    6.5256         nan    2.9397    23046853498.4122
  1883.008    5.4991    0.0000    6.5623         nan    2.8397    24161486948.5308
  1940.950    5.5642    0.0000    6.5970         nan    2.7388    25244104406.7177
  1998.892    5.6257    0.0000    6.6299         nan    2.6368    26293584989.7330
  2056.834    5.6838    0.0000    6.6610         nan    2.5339    27308872094.0155
  2114.776    5.7387    0.0000    6.6904         nan    2.4301    28288970125.7487
  2172.718    5.7904    0.0000    6.7181         nan    2.3254    29232941779.5658
  2230.660    5.8391    0.0000    6.7443         nan    2.2200    30139905804.2302
  2288.602    5.8849    0.0000    6.7690         nan    2.1139    31009035228.9559
  2346.544    5.9278    0.0000    6.7921         nan    2.0072    31839556040.8159
  2404.486    5.9681    0.0000    6.8138         nan    1.8998    32630746340.6045
  2462.428    6.0057    0.0000    6.8341         nan    1.7920    33381936042.5040
  2520.370    6.0407    0.0000    6.8531         nan    1.6836    34092507236.3950
  2578.312    6.0733    0.0000    6.8707         nan    1.5749    34761895424.1255
  2636.254    6.1033    0.0000    6.8869         nan    1.4658    35389591980.1938
  2694.196    6.1310    0.0000    6.9019         nan    1.3565    35975148424.2250
  2752.138    6.1563    0.0000    6.9156         nan    1.2472    36518183517.6825
  2810.080    6.1792    0.0000    6.9281         nan    1.1380    37018394974.8469
  2868.022    6.1999    0.0000    6.9393         nan    1.0291    37475579088.2290
  2925.964    6.2183    0.0000    6.9493         nan    0.9211    37889664662.4527
  2983.906    6.2345    0.0000    6.9581         nan    0.8145    38260774421.3875
  3041.848    6.2485    0.0000    6.9657         nan    0.7108    38589343081.6949
  3099.790    6.2603    0.0000    6.9721         nan    0.6126    38876363127.0814
  3157.732    6.2699    0.0000    6.9774         nan    0.5265    39123953033.4210
  3215.674    6.2774    0.0000    6.9814         nan    0.4712    39336874484.4660
  3273.616    6.2828    0.0000    6.9843         nan    0.5229    39527531794.7841
  3331.558    6.2860    0.0000    6.9861         nan    1.2997    39739188589.9535
  3389.500    6.2870    0.0000    6.9867         nan    0.0000    40265322328.1659
