# Depth[km]  Vp[km/s]  Vs[km/s] Rho[g/cm3]    T[K]     g[m/s2]         P[Pa]        
     0.000    3.4851    2.0835    1.5852    273.1500    3.7291              0.0000
    10.543    3.4851    2.0835    1.5852    316.6340    3.7383       62325799.7522
    10.543    4.7502    2.8398    2.1606    316.6340    3.7383       62325799.7522
    28.519    4.7502    2.8398    2.1606    390.7795    3.7457      207518414.3067
    28.519    6.3248    3.7811    2.8768    390.7795    3.7457      207518414.3067
    43.076    6.3248    3.7811    2.8768    450.8239    3.7431      364381913.3279
    43.076    7.9573    4.5352    3.5029    450.8239    3.7431      364381913.3279
    52.583    7.9494    4.5256    3.5026    490.0371    3.7364      489025230.0941
    62.090    7.9411    4.5158    3.5022    529.2503    3.7298      613434799.3088
    71.597    7.9321    4.5057    3.5017    568.4635    3.7232      737609024.9196
    81.104    7.9226    4.4953    3.5011    607.6767    3.7166      861544989.4161
    90.611    7.9136    4.4853    3.5006    646.8899    3.7101      985242591.4499
   100.118    7.9042    4.4751    3.5001    686.1031    3.7036     1108703638.0634
   109.625    7.8951    4.4651    3.4995    725.3163    3.6971     1231928223.6581
   119.131    7.8849    4.4546    3.4988    764.5295    3.6906     1354914289.2050
   128.638    7.8754    4.4445    3.4981    803.7427    3.6842     1477661338.1672
   138.145    7.8653    4.4343    3.4974    842.9559    3.6778     1600169997.6114
   147.652    7.8550    4.4239    3.4965    882.1691    3.6714     1722437879.2162
   157.159    7.8448    4.4136    3.4957    921.3823    3.6651     1844465255.5524
   166.666    7.8345    4.4033    3.4948    960.5955    3.6588     1966252766.2715
   176.173    7.8245    4.3933    3.4940    999.8087    3.6525     2087801551.7020
   185.680    7.8138    4.3828    3.4930   1039.0219    3.6463     2209111145.5435
   195.186    7.8033    4.3725    3.4921   1078.2351    3.6401     2330180154.5279
   204.693    7.7927    4.3622    3.4911   1117.4483    3.6340     2451010311.5409
   214.200    7.7822    4.3519    3.4902   1156.6615    3.6278     2571603282.8527
   223.707    7.7724    4.3419    3.4892   1195.8747    3.6217     2691960478.3170
   233.214    7.7613    4.3315    3.4881   1235.0879    3.6157     2812079911.5572
   242.721    7.7504    4.3209    3.4870   1274.3011    3.6097     2931960925.6819
   252.228    7.7406    4.3111    3.4860   1313.5143    3.6037     3051607075.6572
   261.735    7.7300    4.3010    3.4849   1352.7275    3.5978     3171018240.1820
   271.241    7.7202    4.2911    3.4838   1391.9408    3.5919     3290195340.2502
   280.748    7.7096    4.2809    3.4827   1431.1540    3.5860     3409139618.2988
   290.255    7.6995    4.2709    3.4815   1470.3672    3.5802     3527850364.6475
   299.762    7.6892    4.2609    3.4804   1509.5804    3.5744     3646329522.7374
   309.269    7.6781    4.2506    3.4791   1548.7936    3.5687     3764576662.9375
   318.776    7.6682    4.2407    3.4781   1588.0068    3.5630     3882594794.7485
   328.283    7.6572    4.2303    3.4768   1627.2200    3.5574     4000385543.4322
   337.790    7.6462    4.2200    3.4755   1666.4332    3.5517     4117945857.4476
   347.296    7.6357    4.2098    3.4744   1705.6464    3.5462     4235279790.1668
   356.803    7.6249    4.1995    3.4731   1744.8596    3.5407     4352390562.5996
   366.310    7.6137    4.1892    3.4718   1784.0728    3.5352     4469276779.5813
   375.817    7.6025    4.1787    3.4705   1823.2860    3.5298     4585938745.8730
   385.324    7.5922    4.1687    3.4694   1862.4992    3.5244     4702380922.3915
   394.831    7.5803    4.1579    3.4680   1901.7124    3.5191     4818603095.5820
   404.338    7.5688    4.1473    3.4667   1940.9256    3.5138     4934603484.9226
   413.845    7.5582    4.1371    3.4654   1980.1388    3.5085     5050386602.2316
   423.351    7.5467    4.1264    3.4641   2019.3520    3.5033     5165954671.0846
   447.184    7.5812    4.1368    3.4734   2024.6028    3.4904     5455573017.5442
   471.016    7.6138    4.1464    3.4824   2029.6905    3.4776     5744886030.7376
   494.849    7.6453    4.1558    3.4913   2034.6148    3.4648     6033873711.9192
   518.681    7.6755    4.1646    3.4999   2039.3868    3.4521     6322521259.1477
   542.514    7.7049    4.1732    3.5085   2044.1218    3.4395     6610819496.4223
   566.346    7.7344    4.1821    3.5169   2048.6960    3.4270     6898762393.9032
   590.178    7.7622    4.1902    3.5252   2053.0912    3.4147     7186340954.8529
   614.011    7.7905    4.1986    3.5334   2057.4198    3.4024     7473551344.3439
   637.843    7.8176    4.2066    3.5415   2061.7056    3.3903     7760393120.7708
   661.676    7.8448    4.2146    3.5496   2065.9474    3.3783     8046868050.3675
   685.508    7.8709    4.2221    3.5576   2070.1647    3.3664     8332977901.2003
   709.341    7.8981    4.2304    3.5657   2074.1261    3.3547     8618727654.7835
   733.173    7.9240    4.2381    3.5736   2077.9795    3.3432     8904122715.7172
   757.005    7.9501    4.2460    3.5815   2081.8129    3.3318     9189167635.6446
   780.838    7.9761    4.2538    3.5894   2085.7299    3.3207     9473875627.2667
   804.670    8.0021    4.2617    3.5974   2089.4310    3.3097     9758259324.0427
   828.503    8.0282    4.2698    3.6054   2093.0718    3.2989    10042331878.3440
   852.335    8.0539    4.2777    3.6134   2096.6640    3.2884    10326107864.3979
   876.168    8.0813    4.2867    3.6217   2100.2618    3.2780    10609613574.7982
   900.000    8.1077    4.2952    3.6300   2103.7592    3.2679    10892875763.1412
   917.003    8.1275    4.3018    3.6361   2106.2846    3.2609    11094743690.2692
   934.006    8.1460    4.3078    3.6419   2108.7399    3.2539    11296506330.6546
   951.009    8.1677    4.3156    3.6487   2111.0926    3.2471    11498186739.8435
   968.012    8.1890    4.3232    3.6554   2113.6370    3.2404    11699816931.6828
   985.015    8.2109    4.3313    3.6622   2116.0445    3.2339    11901406183.4585
  1002.018    8.2340    4.3401    3.6695   2118.5232    3.2274    12102975875.5969
  1019.021    8.2568    4.3488    3.6768   2121.0052    3.2211    12304543682.6037
  1036.024    8.2836    4.3598    3.6854   2123.5997    3.2150    12506152420.1497
  1053.027    8.3026    4.3664    3.6916   2125.9991    3.2090    12707779561.7590
  1070.030    8.3202    4.3721    3.6975   2128.1610    3.2031    12909360222.1139
  1087.033    8.3373    4.3776    3.7032   2130.3461    3.1974    13110889716.5905
  1104.036    8.3543    4.3830    3.7089   2132.5677    3.1919    13312372398.5477
  1121.038    8.3713    4.3887    3.7147   2134.7506    3.1866    13513820663.1881
  1138.041    8.5116    4.4766    3.7527   2148.3993    3.1813    13716119706.5170
  1155.044    8.6868    4.5879    3.7987   2167.6029    3.1756    13920353609.4099
  1172.047    8.8455    4.6886    3.8393   2178.6023    3.1697    14126563957.3435
  1189.050    8.8612    4.6936    3.8446   2180.9050    3.1636    14333620352.6151
  1206.053    8.8762    4.6982    3.8497   2183.2755    3.1578    14540560302.6276
  1223.056    8.8929    4.7026    3.8564   2186.2093    3.1522    14747435888.0403
  1240.059    8.9083    4.7073    3.8619   2188.7059    3.1468    14954271524.9893
  1257.062    8.9236    4.7120    3.8674   2191.1966    3.1416    15161047460.6127
  1274.065    8.9380    4.7166    3.8724   2193.5761    3.1367    15367764369.4842
  1291.068    8.9516    4.7212    3.8770   2195.8716    3.1320    15574413727.1211
  1308.071    8.9675    4.7261    3.8827   2198.2124    3.1276    15781028247.0186
  1325.074    8.9827    4.7306    3.8886   2200.9997    3.1235    15987661048.2823
  1342.077    8.9970    4.7351    3.8938   2203.4918    3.1196    16194316323.1629
  1359.080    9.0107    4.7397    3.8985   2205.7490    3.1160    16400978388.3031
  1376.083    9.0248    4.7443    3.9037   2208.2208    3.1128    16607666767.9382
  1393.086    9.0392    4.7490    3.9087   2210.4630    3.1098    16814409511.8325
  1410.089    9.0525    4.7537    3.9133   2212.6747    3.1072    17021210295.7875
  1427.092    9.0868    4.7708    3.9226   2217.7970    3.1050    17228203491.8100
  1444.095    9.1252    4.7916    3.9320   2223.6065    3.1030    17435537493.2779
  1461.098    9.1652    4.8135    3.9416   2229.3917    3.1013    17643240106.8612
  1478.101    9.2046    4.8355    3.9514   2235.6015    3.0999    17851343115.4779
  1495.104    9.2459    4.8574    3.9633   2241.8394    3.0989    18059928503.5001
  1512.107    9.2849    4.8787    3.9749   2246.2283    3.0982    18269061948.5022
  1529.110    9.3263    4.9019    3.9872   2251.0845    3.0978    18478774690.1084
  1546.113    9.3472    4.9116    3.9943   2253.7557    3.0977    18688972046.2732
  1563.115    9.3601    4.9162    3.9988   2255.8987    3.0982    18899474313.6614
  1563.115    4.9009    0.0000    4.0353         nan    3.0982    18899474313.6614
  1582.608    4.9171    0.0000    4.0421         nan    3.0986    19143372236.6378
  1602.100    4.9333    0.0000    4.0489         nan    3.0997    19387716725.3465
  1621.592    4.9495    0.0000    4.0557         nan    3.1015    19632557426.6621
  1641.085    4.9651    0.0000    4.0622         nan    3.1039    19877939218.6400
  1660.577    4.9805    0.0000    4.0687         nan    3.1071    20123907688.7367
  1680.069    4.9959    0.0000    4.0752         nan    3.1110    20370518983.8786
  1699.562    5.0109    0.0000    4.0815         nan    3.1157    20617829638.0507
  1719.054    5.0255    0.0000    4.0876         nan    3.1213    20865895271.6045
  1738.546    5.0401    0.0000    4.0938         nan    3.1278    21114780187.5700
  1738.546    4.9744    0.0000    6.5175         nan    3.1278    21114780187.5700
  1795.476    5.0442    0.0000    6.5632         nan    3.0316    22279373186.2650
  1852.405    5.1103    0.0000    6.6065         nan    2.9341    23415837812.0122
  1909.335    5.1728    0.0000    6.6477         nan    2.8354    24522814972.3503
  1966.264    5.2320    0.0000    6.6867         nan    2.7355    25599019066.7109
  2023.194    5.2879    0.0000    6.7237         nan    2.6346    26643233955.1492
  2080.123    5.3409    0.0000    6.7588         nan    2.5326    27654309591.2934
  2137.052    5.3908    0.0000    6.7920         nan    2.4296    28631159224.9765
  2193.982    5.4380    0.0000    6.8233         nan    2.3257    29572757113.2777
  2250.911    5.4825    0.0000    6.8530         nan    2.2210    30478136699.6352
  2307.841    5.5243    0.0000    6.8809         nan    2.1155    31346389245.6770
  2364.770    5.5636    0.0000    6.9072         nan    2.0093    32176662927.8147
  2421.700    5.6005    0.0000    6.9318         nan    1.9024    32968162452.1541
  2478.629    5.6349    0.0000    6.9549         nan    1.7950    33720149281.1832
  2535.559    5.6670    0.0000    6.9764         nan    1.6870    34431942641.1348
  2592.488    5.6969    0.0000    6.9965         nan    1.5786    35102921586.7929
  2649.417    5.7244    0.0000    7.0150         nan    1.4699    35732528578.9588
  2706.347    5.7498    0.0000    7.0321         nan    1.3610    36320275336.8954
  2763.276    5.7730    0.0000    7.0477         nan    1.2521    36865752266.5655
  2820.206    5.7941    0.0000    7.0619         nan    1.1434    37368643761.9082
  2877.135    5.8131    0.0000    7.0747         nan    1.0353    37828753610.5521
  2934.065    5.8301    0.0000    7.0862         nan    0.9281    38246048700.0744
  2990.994    5.8450    0.0000    7.0962         nan    0.8230    38620737892.0834
  3047.923    5.8578    0.0000    7.1049         nan    0.7215    38953423465.8916
  3104.853    5.8687    0.0000    7.1122         nan    0.6272    39245416137.1433
  3161.782    5.8775    0.0000    7.1182         nan    0.5482    39499463148.5006
  3218.712    5.8844    0.0000    7.1229         nan    0.5087    39721692098.1263
  3275.641    5.8893    0.0000    7.1262         nan    0.6059    39928015822.4506
  3332.571    5.8923    0.0000    7.1282         nan    1.6297    40173875441.7567
  3389.500    5.8933    0.0000    7.1288         nan    0.0000    40835255601.5273
