# Depth[km]  Vp[km/s]  Vs[km/s] Rho[g/cm3]    T[K]     g[m/s2]         P[Pa]        
     0.000    3.7440    2.2679    1.8165    273.1500    3.7291              0.0000
    11.757    3.7440    2.2679    1.8165    319.1385    3.7371       79641828.4471
    11.757    5.1908    3.1442    2.5185    319.1385    3.7371       79641828.4471
    31.686    5.1908    3.1442    2.5185    397.0988    3.7393      267211651.4365
    31.686    6.5764    3.9836    3.1908    397.0988    3.7393      267211651.4365
    48.598    6.5764    3.9836    3.1908    463.2579    3.7317      468995198.1187
    48.598    7.9468    4.5276    3.4837    463.2579    3.7317      468995198.1187
    58.389    7.9407    4.5194    3.4837    501.5575    3.7250      596274659.8473
    68.179    7.9343    4.5109    3.4836    539.8571    3.7183      723322016.1774
    77.970    7.9274    4.5022    3.4834    578.1567    3.7116      850135439.4114
    87.760    7.9198    4.4932    3.4830    616.4562    3.7050      976711562.7290
    97.551    7.9128    4.4845    3.4828    654.7558    3.6984     1103050396.6749
   107.342    7.9056    4.4757    3.4825    693.0554    3.6918     1229153847.6595
   117.132    7.8983    4.4669    3.4822    731.3550    3.6852     1355021551.5770
   126.923    7.8903    4.4577    3.4817    769.6546    3.6787     1480651037.7354
   136.713    7.8830    4.4490    3.4813    807.9541    3.6722     1606042221.3617
   146.504    7.8748    4.4398    3.4807    846.2537    3.6657     1731194789.1699
   156.294    7.8666    4.4306    3.4801    884.5533    3.6593     1856105516.3263
   166.085    7.8593    4.4219    3.4797    922.8529    3.6529     1980777749.0358
   175.875    7.8514    4.4129    3.4790    961.1524    3.6465     2105212341.4022
   185.666    7.8436    4.4039    3.4784    999.4520    3.6402     2229407459.0125
   195.456    7.8351    4.3947    3.4776   1037.7516    3.6339     2353361664.9082
   205.247    7.8274    4.3858    3.4769   1076.0512    3.6277     2477075130.4145
   215.037    7.8193    4.3767    3.4762   1114.3507    3.6214     2600550224.1622
   224.828    7.8116    4.3679    3.4755   1152.6503    3.6152     2723789017.3957
   234.618    7.8038    4.3589    3.4748   1190.9499    3.6091     2846792914.4312
   244.409    7.7969    4.3505    3.4741   1229.2495    3.6030     2969562017.5976
   254.199    7.7887    4.3413    3.4732   1267.5490    3.5969     3092095329.6360
   263.990    7.7808    4.3324    3.4725   1305.8486    3.5909     3214394693.8055
   273.781    7.7728    4.3234    3.4716   1344.1482    3.5849     3336460692.0425
   283.571    7.7648    4.3144    3.4707   1382.4478    3.5789     3458291201.0198
   293.362    7.7576    4.3059    3.4700   1420.7474    3.5730     3579890257.1786
   303.152    7.7497    4.2969    3.4691   1459.0469    3.5671     3701259369.2927
   312.943    7.7412    4.2878    3.4681   1497.3465    3.5613     3822397084.7765
   322.733    7.7338    4.2791    3.4673   1535.6461    3.5555     3943305017.5325
   332.524    7.7261    4.2703    3.4664   1573.9457    3.5497     4063986583.5082
   342.314    7.7175    4.2611    3.4654   1612.2452    3.5440     4184440259.6836
   352.105    7.7102    4.2524    3.4645   1650.5448    3.5384     4304667186.1234
   361.895    7.7017    4.2432    3.4635   1688.8444    3.5328     4424669272.5671
   371.686    7.6938    4.2342    3.4626   1727.1440    3.5272     4544447040.5207
   381.476    7.6860    4.2253    3.4615   1765.4435    3.5217     4664001926.8122
   391.267    7.6781    4.2164    3.4606   1803.7431    3.5162     4783335848.2614
   401.057    7.6697    4.2072    3.4595   1842.0427    3.5108     4902449988.4965
   410.848    7.6604    4.1976    3.4584   1880.3423    3.5054     5021341699.6423
   420.639    7.6518    4.1881    3.4575   1918.6419    3.5001     5140016430.8125
   430.429    7.6420    4.1783    3.4564   1956.9414    3.4948     5258476467.0811
   440.220    7.6337    4.1690    3.4555   1995.2410    3.4895     5376723520.4471
   463.209    7.6622    4.1777    3.4637   1999.8595    3.4774     5654255637.5699
   486.198    7.6905    4.1864    3.4718   2004.3691    3.4652     5931468291.4804
   509.187    7.7182    4.1948    3.4798   2008.8517    3.4532     6208356041.4529
   532.176    7.7449    4.2029    3.4877   2013.2279    3.4413     6484915221.3124
   555.165    7.7713    4.2109    3.4955   2017.5681    3.4295     6761142135.4912
   578.154    7.7956    4.2180    3.5031   2021.7301    3.4178     7037028641.1932
   601.143    7.8204    4.2252    3.5108   2026.0709    3.4062     7312576148.8896
   624.132    7.8444    4.2323    3.5183   2030.1015    3.3947     7587786460.9280
   647.121    7.8689    4.2395    3.5259   2034.2197    3.3834     7862659636.6637
   670.110    7.8926    4.2464    3.5334   2038.2243    3.3722     8137200352.2224
   693.099    7.9165    4.2533    3.5410   2042.3506    3.3612     8411416108.2556
   716.088    7.9399    4.2602    3.5483   2046.1572    3.3503     8685310854.6130
   739.077    7.9627    4.2667    3.5556   2049.9312    3.3396     8958883055.5569
   762.066    7.9857    4.2734    3.5629   2053.6618    3.3291     9232141361.9507
   785.055    8.0094    4.2805    3.5703   2057.4822    3.3187     9505101597.5132
   808.044    8.0321    4.2870    3.5776   2061.1234    3.3086     9777774235.7827
   831.033    8.0550    4.2938    3.5849   2064.6932    3.2986    10050167020.0955
   854.022    8.0779    4.3006    3.5922   2068.2336    3.2889    10322295150.8010
   877.011    8.1010    4.3076    3.5996   2071.6579    3.2794    10594173418.1553
   900.000    8.1242    4.3145    3.6070   2075.1386    3.2701    10865822929.1934
   916.778    8.1414    4.3199    3.6125   2077.6099    3.2635    11063872137.8697
   933.556    8.1587    4.3253    3.6181   2080.0760    3.2570    11261822823.2043
   950.333    8.1767    4.3312    3.6238   2082.5375    3.2506    11459689007.3505
   967.111    8.1947    4.3370    3.6296   2084.9729    3.2444    11657483476.1034
   983.889    8.2133    4.3433    3.6355   2087.4021    3.2384    11855218482.9179
  1000.667    8.2334    4.3504    3.6419   2090.0415    3.2325    12052919508.0464
  1017.445    8.2536    4.3577    3.6484   2092.5108    3.2267    12250610145.0263
  1034.222    8.2740    4.3651    3.6550   2094.9706    3.2211    12448301794.3880
  1051.000    8.2906    4.3703    3.6605   2097.2525    3.2156    12645976410.3239
  1067.778    8.3062    4.3749    3.6657   2099.5123    3.2103    12843605891.4866
  1084.556    8.3218    4.3795    3.6710   2101.7547    3.2053    13041192298.2473
  1101.334    8.3375    4.3842    3.6762   2103.9641    3.2004    13238747931.9351
  1118.111    8.3895    4.4136    3.6910   2109.7912    3.1956    13436539003.1879
  1134.889    8.5329    4.5051    3.7289   2124.3252    3.1907    13635446939.9552
  1151.667    8.7005    4.6130    3.7721   2143.1703    3.1856    13836222679.5900
  1168.445    8.7987    4.6732    3.7978   2149.2538    3.1802    14038515841.2008
  1185.223    8.8129    4.6772    3.8026   2151.7648    3.1749    14241284485.1110
  1202.000    8.8297    4.6819    3.8087   2154.2464    3.1699    14444007158.7176
  1218.778    8.8451    4.6861    3.8141   2156.7023    3.1650    14646710275.5591
  1235.556    8.8604    4.6905    3.8195   2159.1794    3.1604    14849390556.1968
  1252.334    8.8760    4.6949    3.8252   2161.6650    3.1560    15052068403.5683
  1269.112    8.8915    4.6993    3.8308   2164.1444    3.1518    15254761043.5171
  1285.889    8.9067    4.7036    3.8362   2166.6283    3.1479    15457479387.0987
  1302.667    8.9221    4.7080    3.8418   2169.1070    3.1443    15660238345.5443
  1319.445    8.9374    4.7124    3.8474   2171.6074    3.1409    15863058514.6210
  1336.223    8.9525    4.7167    3.8529   2174.0893    3.1379    16065954580.8032
  1353.001    8.9680    4.7214    3.8586   2176.5621    3.1351    16268945578.1940
  1369.778    8.9829    4.7257    3.8640   2179.0809    3.1326    16472049217.7635
  1386.556    8.9978    4.7302    3.8696   2181.5605    3.1304    16675280780.4137
  1403.334    9.0242    4.7419    3.8771   2185.4113    3.1286    16878714629.3642
  1420.112    9.0616    4.7606    3.8869   2191.3888    3.1270    17082480976.0499
  1436.889    9.1016    4.7813    3.8971   2197.1670    3.1257    17286669931.7056
  1453.667    9.1397    4.8010    3.9071   2203.2600    3.1248    17491306147.1477
  1470.445    9.1799    4.8223    3.9178   2209.2359    3.1241    17696420333.3096
  1487.223    9.2200    4.8439    3.9285   2215.4890    3.1237    17902051534.4310
  1504.001    9.2601    4.8658    3.9394   2221.8175    3.1237    18108227453.3986
  1520.778    9.2985    4.8867    3.9501   2228.5800    3.1241    18314970042.8188
  1537.556    9.3245    4.8994    3.9581   2232.1272    3.1248    18522224192.9069
  1554.334    9.3382    4.9039    3.9632   2234.4476    3.1259    18729867633.1419
  1554.334    4.9475    0.0000    4.0128         nan    3.1259    18729867633.1419
  1572.750    4.9625    0.0000    4.0191         nan    3.1270    18961048635.9502
  1591.165    4.9775    0.0000    4.0253         nan    3.1286    19192666233.0305
  1609.581    4.9925    0.0000    4.0316         nan    3.1308    19424763156.3379
  1627.996    5.0071    0.0000    4.0377         nan    3.1336    19657379519.0600
  1646.412    5.0214    0.0000    4.0436         nan    3.1371    19890554077.8796
  1664.827    5.0357    0.0000    4.0496         nan    3.1413    20124332826.9502
  1683.243    5.0499    0.0000    4.0555         nan    3.1462    20358766940.1181
  1701.658    5.0634    0.0000    4.0612         nan    3.1519    20593903115.5884
  1720.074    5.0770    0.0000    4.0669         nan    3.1583    20829791967.8274
  1720.074    5.2933    0.0000    6.5354         nan    3.1583    20829791967.8274
  1777.640    5.3733    0.0000    6.5766         nan    3.0599    22021758285.6955
  1835.206    5.4489    0.0000    6.6156         nan    2.9604    23183670622.5777
  1892.773    5.5202    0.0000    6.6526         nan    2.8597    24314249295.3341
  1950.339    5.5876    0.0000    6.6875         nan    2.7580    25412290646.1739
  2007.906    5.6512    0.0000    6.7205         nan    2.6552    26476661922.2619
  2065.472    5.7112    0.0000    6.7518         nan    2.5516    27506297003.5574
  2123.039    5.7678    0.0000    6.7813         nan    2.4470    28500192839.5521
  2180.605    5.8212    0.0000    6.8091         nan    2.3417    29457406501.0879
  2238.171    5.8714    0.0000    6.8354         nan    2.2355    30377052786.6579
  2295.738    5.9186    0.0000    6.8601         nan    2.1287    31258302340.6535
  2353.304    5.9628    0.0000    6.8833         nan    2.0213    32100380282.0489
  2410.871    6.0043    0.0000    6.9051         nan    1.9132    32902565378.4886
  2468.437    6.0430    0.0000    6.9254         nan    1.8047    33664189840.7853
  2526.004    6.0790    0.0000    6.9444         nan    1.6957    34384639883.4042
  2583.570    6.1125    0.0000    6.9620         nan    1.5863    35063357298.8558
  2641.136    6.1434    0.0000    6.9782         nan    1.4766    35699842457.9603
  2698.703    6.1718    0.0000    6.9932         nan    1.3668    36293659431.1699
  2756.269    6.1978    0.0000    7.0069         nan    1.2570    36844444420.9995
  2813.836    6.2214    0.0000    7.0194         nan    1.1474    37351919611.2424
  2871.402    6.2427    0.0000    7.0306         nan    1.0382    37815916315.2451
  2928.969    6.2616    0.0000    7.0406         nan    0.9301    38236414943.9938
  2986.535    6.2782    0.0000    7.0494         nan    0.8238    38613617276.3756
  3044.101    6.2926    0.0000    7.0570         nan    0.7208    38948085364.2593
  3101.668    6.3047    0.0000    7.0634         nan    0.6243    39241030612.4313
  3159.234    6.3146    0.0000    7.0686         nan    0.5419    39494982066.7755
  3216.801    6.3223    0.0000    7.0727         nan    0.4956    39715570745.7097
  3274.367    6.3278    0.0000    7.0756         nan    0.5744    39917409174.9212
  3331.934    6.3311    0.0000    7.0773         nan    1.5003    40151395111.4181
  3389.500    6.3322    0.0000    7.0779         nan    0.0000    40762680956.2533
