# Depth[km]  Vp[km/s]  Vs[km/s] Rho[g/cm3]    T[K]     g[m/s2]         P[Pa]        
     0.000    3.6424    2.1343    1.6274    273.1500    3.7291              0.0000
    11.308    3.6424    2.1343    1.6274    313.9877    3.7386       68623895.0543
    11.308    5.0807    2.9771    2.2701    313.9877    3.7386       68623895.0543
    25.350    5.0807    2.9771    2.2701    364.7054    3.7430      187797733.6629
    25.350    6.4059    3.7536    2.8622    364.7054    3.7430      187797733.6629
    44.400    6.4059    3.7536    2.8622    433.5129    3.7398      391891619.8185
    44.400    7.8449    4.4866    3.4777    433.5129    3.7398      391891619.8185
    54.434    7.8415    4.4802    3.4783    469.7547    3.7330      522405956.1970
    64.469    7.8375    4.4736    3.4787    505.9966    3.7262      652700825.1790
    74.503    7.8334    4.4668    3.4791    542.2384    3.7194      782774258.3153
    84.537    7.8287    4.4596    3.4794    578.4803    3.7126      912623988.2214
    94.571    7.8241    4.4526    3.4797    614.7221    3.7059     1042249047.3697
   104.605    7.8183    4.4449    3.4797    650.9640    3.6992     1171645667.6390
   114.639    7.8132    4.4376    3.4799    687.2058    3.6925     1300812262.9307
   124.674    7.8082    4.4303    3.4801    723.4477    3.6859     1429752603.6501
   134.708    7.8030    4.4229    3.4802    759.6895    3.6793     1558466615.7153
   144.742    7.7979    4.4155    3.4803    795.9314    3.6727     1686953647.8163
   154.776    7.7914    4.4075    3.4801    832.1732    3.6661     1815208624.4862
   164.810    7.7861    4.4000    3.4801    868.4150    3.6596     1943231076.4379
   174.844    7.7799    4.3921    3.4800    904.6569    3.6531     2071023115.4188
   184.879    7.7746    4.3846    3.4799    940.8987    3.6466     2198584006.8654
   194.913    7.7681    4.3767    3.4797    977.1406    3.6402     2325912983.0164
   204.947    7.7630    4.3692    3.4796   1013.3824    3.6338     2453011044.0317
   214.981    7.7570    4.3615    3.4793   1049.6243    3.6274     2579878629.1175
   225.015    7.7504    4.3534    3.4788   1085.8661    3.6211     2706510327.4890
   235.049    7.7453    4.3460    3.4786   1122.1080    3.6148     2832909765.4360
   245.084    7.7386    4.3378    3.4783   1158.3498    3.6086     2959080126.9335
   255.118    7.7325    4.3300    3.4780   1194.5917    3.6023     3085019623.1214
   265.152    7.7261    4.3221    3.4776   1230.8335    3.5961     3210729927.1617
   275.186    7.7203    4.3144    3.4773   1267.0753    3.5900     3336211973.4412
   285.220    7.7140    4.3065    3.4769   1303.3172    3.5839     3461466113.2079
   295.255    7.7075    4.2985    3.4766   1339.5590    3.5778     3586493917.5882
   305.289    7.7003    4.2902    3.4762   1375.8009    3.5718     3711297501.2876
   315.323    7.6924    4.2816    3.4757   1412.0427    3.5658     3835875909.9291
   325.357    7.6845    4.2730    3.4753   1448.2846    3.5598     3960228490.2351
   335.391    7.6771    4.2646    3.4749   1484.5264    3.5539     4084358816.7726
   345.425    7.6697    4.2562    3.4746   1520.7683    3.5481     4208270122.6888
   355.460    7.6623    4.2477    3.4742   1557.0101    3.5422     4331963786.1391
   365.494    7.6547    4.2392    3.4738   1593.2520    3.5364     4455440607.0607
   375.528    7.6471    4.2306    3.4734   1629.4938    3.5307     4578701641.5875
   385.562    7.6379    4.2215    3.4727   1665.7356    3.5250     4701743424.0559
   395.596    7.6304    4.2130    3.4723   1701.9775    3.5193     4824567201.7820
   405.630    7.6223    4.2042    3.4719   1738.2193    3.5137     4947179252.6056
   415.665    7.6147    4.1957    3.4715   1774.4612    3.5082     5069581146.9483
   425.699    7.6070    4.1871    3.4710   1810.7030    3.5026     5191774235.4533
   435.733    7.5991    4.1784    3.4706   1846.9449    3.4972     5313759475.0312
   445.767    7.5832    4.1665    3.4689   1883.1867    3.4918     5435516543.6801
   468.479    7.6113    4.1739    3.4767   1887.0941    3.4796     5710922884.9129
   491.190    7.6504    4.1856    3.4863   1892.2244    3.4675     5986058714.3883
   513.902    7.6810    4.1941    3.4945   1896.3711    3.4555     6260936177.2768
   536.614    7.7094    4.2018    3.5024   1900.3897    3.4435     6535491687.0008
   559.325    7.7370    4.2092    3.5101   1904.2390    3.4317     6809711300.3419
   582.037    7.7640    4.2165    3.5177   1907.9603    3.4200     7083584407.6228
   604.749    7.7917    4.2240    3.5254   1911.8386    3.4084     7357115045.2672
   627.460    7.8180    4.2312    3.5328   1915.4149    3.3969     7630301604.2875
   650.172    7.8442    4.2382    3.5403   1919.0669    3.3855     7903139653.9465
   672.884    7.8697    4.2450    3.5476   1922.5984    3.3743     8175631743.8681
   695.595    7.8949    4.2517    3.5548   1926.0550    3.3632     8447776310.4558
   718.307    7.9199    4.2584    3.5620   1929.4598    3.3523     8719577030.1736
   741.018    7.9440    4.2648    3.5690   1932.7410    3.3415     8991034720.3477
   763.730    7.9690    4.2718    3.5760   1936.0097    3.3309     9262155386.2824
   786.442    7.9930    4.2780    3.5831   1939.3250    3.3205     9532950309.7163
   809.153    8.0168    4.2844    3.5899   1942.4266    3.3103     9803423707.1734
   831.865    8.0410    4.2911    3.5969   1945.6026    3.3003    10073585441.9621
   854.577    8.0643    4.2972    3.6037   1948.6781    3.2905    10343447603.4399
   877.288    8.0887    4.3042    3.6107   1951.8185    3.2809    10613025853.8710
   900.000    8.1126    4.3108    3.6177   1954.9004    3.2716    10882339359.4027
   916.668    8.1297    4.3155    3.6227   1957.0462    3.2649    11079752212.7405
   933.336    8.1468    4.3202    3.6278   1959.1847    3.2583    11277035306.8221
   950.004    8.1643    4.3252    3.6329   1961.3156    3.2519    11474197625.2860
   966.672    8.1816    4.3301    3.6380   1963.5161    3.2456    11671247989.7969
   983.340    8.2002    4.3359    3.6434   1965.6245    3.2395    11868203402.0203
  1000.008    8.2181    4.3412    3.6488   1967.7488    3.2335    12065079241.9124
  1016.676    8.2344    4.3456    3.6536   1969.7730    3.2277    12261866823.8403
  1033.344    8.2504    4.3499    3.6585   1971.7681    3.2221    12458559943.4951
  1050.012    8.2664    4.3543    3.6631   1973.7260    3.2166    12655164613.3944
  1066.680    8.3565    4.4094    3.6875   1982.0801    3.2112    12852215263.6737
  1083.348    8.4613    4.4747    3.7157   1995.3878    3.2056    13050339403.2451
  1100.016    8.6217    4.5853    3.7526   2007.3108    3.1999    13249861573.3286
  1116.684    8.6937    4.6447    3.7611   2014.3560    3.1941    13450238717.2934
  1133.352    8.7171    4.6574    3.7662   2021.6838    3.1885    13650614165.9087
  1150.020    8.7319    4.6616    3.7709   2024.2071    3.1830    13850895360.8365
  1166.688    8.7471    4.6660    3.7756   2026.5681    3.1778    14051083662.9093
  1183.356    8.7619    4.6702    3.7803   2028.9771    3.1728    14251192778.7606
  1200.024    8.7770    4.6746    3.7851   2031.3704    3.1680    14451236730.2222
  1216.692    8.7916    4.6788    3.7897   2033.7300    3.1634    14651226739.7978
  1233.360    8.8065    4.6830    3.7945   2035.9767    3.1591    14851178075.0384
  1250.028    8.8232    4.6882    3.7997   2038.6293    3.1550    15051119336.5863
  1266.697    8.8620    4.7067    3.8087   2043.6803    3.1512    15251174646.2268
  1283.365    8.8990    4.7241    3.8177   2048.5328    3.1475    15451456422.1887
  1300.033    8.9366    4.7421    3.8270   2053.6857    3.1440    15651984689.0316
  1316.701    8.9738    4.7596    3.8366   2058.5680    3.1408    15852788626.4632
  1333.369    9.0123    4.7782    3.8467   2063.7014    3.1378    16053901610.6516
  1350.037    9.0495    4.7959    3.8568   2068.9486    3.1350    16255350206.9753
  1366.705    9.0757    4.8059    3.8653   2072.1350    3.1325    16457107037.8443
  1383.373    9.0902    4.8098    3.8703   2074.2334    3.1302    16659052957.6024
  1400.041    9.1068    4.8129    3.8773   2076.0513    3.1283    16861167287.0256
  1416.709    9.1230    4.8165    3.8838   2078.0092    3.1267    17063509563.0537
  1433.377    9.1392    4.8197    3.8907   2079.9171    3.1254    17266096468.9436
  1450.045    9.1566    4.8228    3.8986   2081.8031    3.1244    17468985090.9432
  1466.713    9.2453    4.8683    3.9371   2096.4674    3.1236    17673016705.6485
  1483.381    9.2732    4.8822    3.9465   2102.2888    3.1228    17878237990.6993
  1500.049    9.3013    4.8967    3.9559   2107.7812    3.1224    18083903204.6084
  1516.717    9.3272    4.9096    3.9646   2112.9125    3.1224    18290014923.8126
  1533.385    9.3524    4.9225    3.9730   2118.1483    3.1228    18496569743.2745
  1550.053    9.3766    4.9348    3.9811   2123.1244    3.1235    18703577797.8515
  1550.053    5.0066    0.0000    3.9601         nan    3.1235    18703577797.8515
  1564.932    5.0186    0.0000    3.9649         nan    3.1248    18887730577.7780
  1579.810    5.0306    0.0000    3.9698         nan    3.1265    19072183550.3447
  1594.689    5.0425    0.0000    3.9746         nan    3.1286    19256959347.0930
  1609.567    5.0545    0.0000    3.9794         nan    3.1310    19442081488.5612
  1624.446    5.0660    0.0000    3.9840         nan    3.1339    19627570586.0485
  1639.325    5.0774    0.0000    3.9886         nan    3.1373    19813446897.2880
  1654.203    5.0888    0.0000    3.9932         nan    3.1411    19999735598.6597
  1669.082    5.1002    0.0000    3.9978         nan    3.1453    20186464309.1529
  1683.960    5.1113    0.0000    4.0023         nan    3.1501    20373659355.1047
  1683.960    5.2638    0.0000    6.3700         nan    3.1501    20373659355.1047
  1742.772    5.3315    0.0000    6.4115         nan    3.0525    21557624352.3615
  1801.584    5.3956    0.0000    6.4509         nan    2.9537    22712174030.8668
  1860.396    5.4564    0.0000    6.4884         nan    2.8537    23836029252.9399
  1919.207    5.5140    0.0000    6.5240         nan    2.7526    24927977655.3023
  1978.019    5.5686    0.0000    6.5578         nan    2.6505    25986870389.7092
  2036.831    5.6202    0.0000    6.5899         nan    2.5475    27011619386.9534
  2095.642    5.6691    0.0000    6.6203         nan    2.4435    28001195079.4398
  2154.454    5.7152    0.0000    6.6490         nan    2.3386    28954624538.2514
  2213.266    5.7587    0.0000    6.6762         nan    2.2330    29870990000.7925
  2272.078    5.7997    0.0000    6.7018         nan    2.1266    30749427785.8814
  2330.889    5.8382    0.0000    6.7260         nan    2.0195    31589127620.6290
  2389.701    5.8744    0.0000    6.7486         nan    1.9119    32389332429.3343
  2448.513    5.9081    0.0000    6.7698         nan    1.8036    33149338681.5164
  2507.324    5.9397    0.0000    6.7896         nan    1.6949    33868497465.7223
  2566.136    5.9689    0.0000    6.8080         nan    1.5858    34546216554.0457
  2624.948    5.9960    0.0000    6.8251         nan    1.4764    35181963896.3465
  2683.760    6.0210    0.0000    6.8408         nan    1.3668    35775273272.0393
  2742.571    6.0438    0.0000    6.8552         nan    1.2572    36325753341.1370
  2801.383    6.0646    0.0000    6.8683         nan    1.1478    36833102287.3357
  2860.195    6.0832    0.0000    6.8801         nan    1.0389    37297132089.7264
  2919.006    6.0999    0.0000    6.8906         nan    0.9310    37717810238.9164
  2977.818    6.1146    0.0000    6.8999         nan    0.8249    38095334983.1456
  3036.630    6.1272    0.0000    6.9079         nan    0.7224    38430279771.3996
  3095.441    6.1379    0.0000    6.9147         nan    0.6266    38723893675.5131
  3154.253    6.1466    0.0000    6.9202         nan    0.5454    38978795710.1791
  3213.065    6.1534    0.0000    6.9245         nan    0.5017    39200828467.0903
  3271.877    6.1582    0.0000    6.9275         nan    0.5878    39405165774.6548
  3330.688    6.1611    0.0000    6.9294         nan    1.5537    39644675476.6826
  3389.500    6.1621    0.0000    6.9300         nan    0.0000    40277894008.4601
