# Depth[km]  Vp[km/s]  Vs[km/s] Rho[g/cm3]    T[K]     g[m/s2]         P[Pa]        
     0.000    3.5124    2.1195    1.5908    273.1500    3.7291              0.0000
    11.597    3.5124    2.1195    1.5908    320.5537    3.7392       68796611.9830
    11.597    4.6094    2.7814    2.0877    320.5537    3.7392       68796611.9830
    30.529    4.6094    2.7814    2.0877    397.9483    3.7481      216587209.6233
    30.529    5.7550    3.4727    2.6065    397.9483    3.7481      216587209.6233
    45.103    5.7550    3.4727    2.6065    457.5236    3.7489      358964051.9298
    45.103    7.9973    4.5436    3.5189    457.5236    3.7489      358964051.9298
    54.954    7.9889    4.5333    3.5184    497.7936    3.7419      488907656.2954
    64.805    7.9802    4.5230    3.5180    538.0635    3.7350      618593518.6832
    74.656    7.9712    4.5125    3.5175    578.3335    3.7280      748020233.9812
    84.507    7.9616    4.5017    3.5168    618.6035    3.7211      877185352.2469
    94.358    7.9524    4.4911    3.5162    658.8734    3.7143     1006089003.8717
   104.209    7.9430    4.4807    3.5156    699.1434    3.7075     1134732968.5937
   114.060    7.9337    4.4703    3.5149    739.4133    3.7007     1263117139.3035
   123.911    7.9238    4.4596    3.5142    779.6833    3.6939     1391240236.1052
   133.761    7.9139    4.4491    3.5134    819.9533    3.6872     1519100547.5898
   143.612    7.9044    4.4387    3.5126    860.2232    3.6805     1646699988.8350
   153.463    7.8943    4.4283    3.5118    900.4932    3.6738     1774039124.2292
   163.314    7.8844    4.4178    3.5109    940.7631    3.6672     1901116211.5443
   173.165    7.8746    4.4076    3.5100    981.0331    3.6606     2027932476.2612
   183.016    7.8646    4.3972    3.5091   1021.3031    3.6540     2154488645.5104
   192.867    7.8548    4.3870    3.5082   1061.5730    3.6475     2280784475.7421
   202.718    7.8447    4.3767    3.5072   1101.8430    3.6410     2406820182.3648
   212.569    7.8349    4.3665    3.5063   1142.1129    3.6346     2532598090.6671
   222.420    7.8244    4.3560    3.5052   1182.3829    3.6281     2658117881.4705
   232.271    7.8148    4.3460    3.5042   1222.6529    3.6218     2783379134.2869
   242.122    7.8040    4.3354    3.5032   1262.9228    3.6154     2908383818.7773
   251.973    7.7943    4.3253    3.5022   1303.1928    3.6092     3033133086.4884
   261.824    7.7855    4.3158    3.5012   1343.4628    3.6029     3157629326.9873
   271.675    7.7754    4.3054    3.5000   1383.7327    3.5967     3281872275.4637
   281.526    7.7661    4.2957    3.4989   1424.0027    3.5905     3405861783.5459
   291.377    7.7568    4.2858    3.4979   1464.2726    3.5844     3529600938.7610
   301.228    7.7467    4.2756    3.4968   1504.5426    3.5783     3653090867.8711
   311.078    7.7367    4.2654    3.4955   1544.8126    3.5723     3776329536.7774
   320.929    7.7272    4.2556    3.4945   1585.0825    3.5663     3899320577.0931
   330.780    7.7173    4.2455    3.4933   1625.3525    3.5603     4022065740.1344
   340.631    7.7068    4.2350    3.4920   1665.6224    3.5544     4144562589.4199
   350.482    7.6980    4.2255    3.4910   1705.8924    3.5486     4266816449.4487
   360.333    7.6878    4.2153    3.4898   1746.1624    3.5427     4388829292.8862
   370.184    7.6775    4.2050    3.4886   1786.4323    3.5370     4510599145.0542
   380.035    7.6676    4.1949    3.4873   1826.7023    3.5313     4632127536.5956
   389.886    7.6575    4.1846    3.4861   1866.9722    3.5256     4753416287.9596
   399.737    7.6467    4.1741    3.4848   1907.2422    3.5200     4874466955.1938
   409.588    7.6367    4.1639    3.4836   1947.5122    3.5144     4995281204.4516
   419.439    7.6265    4.1536    3.4823   1987.7821    3.5089     5115860297.9467
   429.290    7.6162    4.1433    3.4810   2028.0521    3.5034     5236205025.6564
   439.141    7.6065    4.1331    3.4797   2068.3220    3.4980     5356317923.8772
   462.184    7.6359    4.1425    3.4882   2073.3246    3.4854     5637138679.2184
   485.227    7.6646    4.1514    3.4967   2078.2423    3.4729     5917632323.5506
   508.270    7.6921    4.1601    3.5049   2082.8652    3.4605     6197787196.8569
   531.313    7.7193    4.1687    3.5131   2087.6101    3.4481     6477594329.1155
   554.356    7.7457    4.1769    3.5212   2092.0717    3.4359     6757051665.9633
   577.399    7.7716    4.1850    3.5292   2096.5082    3.4237     7036151123.6047
   600.441    7.7970    4.1929    3.5371   2100.8846    3.4117     7314890247.0085
   623.484    7.8224    4.2008    3.5450   2105.2149    3.3998     7593271409.2442
   646.527    7.8476    4.2087    3.5528   2109.4250    3.3880     7871295372.0212
   669.570    7.8719    4.2163    3.5605   2113.4781    3.3763     8148959670.8414
   692.613    7.8964    4.2239    3.5683   2117.6018    3.3647     8426270626.3557
   715.656    7.9207    4.2316    3.5760   2121.5094    3.3533     8703234100.4067
   738.699    7.9462    4.2400    3.5840   2125.5039    3.3421     8979865449.3029
   761.742    7.9697    4.2472    3.5915   2129.2728    3.3310     9256165458.5856
   784.785    7.9936    4.2549    3.5992   2133.0195    3.3201     9532132321.1929
   807.828    8.0183    4.2628    3.6071   2136.8383    3.3094     9807792797.1933
   830.871    8.0429    4.2709    3.6149   2140.4429    3.2989    10083163067.5345
   853.914    8.0677    4.2791    3.6228   2143.9727    3.2885    10358254098.1216
   876.957    8.0934    4.2879    3.6311   2147.5948    3.2784    10633093536.6552
   900.000    8.1176    4.2959    3.6389   2151.1904    3.2684    10907691665.1484
   917.390    8.1393    4.3039    3.6458   2153.7635    3.2611    11114710979.1034
   934.779    8.1597    4.3112    3.6524   2156.4171    3.2539    11321648089.2734
   952.169    8.1810    4.3191    3.6593   2158.9808    3.2467    11528509300.7670
   969.559    8.2022    4.3270    3.6662   2161.5837    3.2398    11735307505.2772
   986.949    8.2256    4.3362    3.6737   2164.2076    3.2329    11942066874.6233
  1004.338    8.2495    4.3456    3.6816   2166.8924    3.2262    12148824040.1396
  1021.728    8.2681    4.3518    3.6882   2169.6654    3.2196    12355559601.7265
  1039.118    8.2871    4.3583    3.6950   2172.4448    3.2132    12562247292.2934
  1056.507    8.3062    4.3649    3.7018   2175.2747    3.2069    12768901862.1182
  1073.897    8.3251    4.3714    3.7085   2178.0269    3.2008    12975531432.9075
  1091.287    8.3417    4.3768    3.7145   2180.3313    3.1949    13182122160.1083
  1108.676    8.3653    4.3870    3.7235   2181.7998    3.1892    13388746289.5649
  1126.066    8.3898    4.3978    3.7327   2182.9008    3.1836    13595501170.9291
  1143.456    8.4234    4.4144    3.7442   2185.0888    3.1781    13802466461.9865
  1160.846    8.5766    4.5112    3.7856   2200.0468    3.1726    14010537895.9465
  1178.235    8.7883    4.6470    3.8399   2217.5628    3.1666    14220885790.3844
  1195.625    8.8626    4.6910    3.8601   2226.0526    3.1604    14432890805.1708
  1213.015    8.8782    4.6957    3.8658   2228.4547    3.1543    14645191527.0614
  1230.404    8.8927    4.6999    3.8712   2230.6551    3.1484    14857388874.5449
  1247.794    8.9071    4.7040    3.8769   2232.6026    3.1428    15069494539.6236
  1265.184    8.9212    4.7081    3.8823   2234.6524    3.1374    15281524137.6472
  1282.574    8.9353    4.7121    3.8878   2236.3293    3.1323    15493489506.9790
  1299.963    8.9493    4.7162    3.8935   2238.3594    3.1274    15705413440.9883
  1317.353    8.9629    4.7199    3.8992   2240.0046    3.1228    15917317277.8096
  1334.743    8.9765    4.7237    3.9048   2241.6854    3.1185    16129217388.3736
  1352.132    8.9899    4.7275    3.9105   2243.2043    3.1145    16341131698.3471
  1369.522    9.0028    4.7311    3.9160   2244.6963    3.1108    16553075416.9507
  1386.912    9.0158    4.7346    3.9217   2245.8695    3.1074    16765069027.9019
  1404.301    9.0291    4.7383    3.9276   2247.1567    3.1043    16977143869.4638
  1421.691    9.0414    4.7414    3.9334   2248.3162    3.1016    17189326889.8811
  1439.081    9.0529    4.7444    3.9386   2248.8897    3.0993    17401621650.9300
  1456.471    9.0662    4.7480    3.9453   2250.3387    3.0973    17614073205.2844
  1473.860    9.0914    4.7593    3.9539   2252.7301    3.0956    17826797754.0080
  1491.250    9.1332    4.7817    3.9661   2257.2281    3.0943    18039969546.6126
  1508.640    9.1741    4.8036    3.9786   2261.7943    3.0933    18253716707.0923
  1526.029    9.2156    4.8263    3.9915   2265.9429    3.0926    18468079300.8196
  1543.419    9.2565    4.8489    4.0046   2270.3779    3.0923    18683095978.0378
  1560.809    9.2696    4.8537    4.0093   2272.5632    3.0924    18898568919.9153
  1578.199    9.2828    4.8586    4.0141   2274.7644    3.0930    19114302601.8092
  1578.199    5.1423    0.0000    4.1025         nan    3.0930    19114302601.8092
  1595.076    5.1586    0.0000    4.1080         nan    3.0928    19328607650.5189
  1611.954    5.1749    0.0000    4.1134         nan    3.0931    19543183011.3145
  1628.831    5.1912    0.0000    4.1189         nan    3.0938    19758061345.4163
  1645.709    5.2072    0.0000    4.1243         nan    3.0951    19973274696.4759
  1662.587    5.2226    0.0000    4.1294         nan    3.0969    20188851767.5955
  1679.464    5.2381    0.0000    4.1346         nan    3.0993    20404825144.8486
  1696.342    5.2535    0.0000    4.1398         nan    3.1022    20621234179.0661
  1713.220    5.2685    0.0000    4.1448         nan    3.1058    20838115986.9387
  1730.097    5.2831    0.0000    4.1497         nan    3.1099    21055506938.8184
  1730.097    5.5630    0.0000    6.4879         nan    3.1099    21055506938.8184
  1787.318    5.6111    0.0000    6.5243         nan    3.0125    22213293380.4488
  1844.539    5.6569    0.0000    6.5592         nan    2.9141    23340962963.2930
  1901.760    5.7006    0.0000    6.5926         nan    2.8147    24437475050.9277
  1958.980    5.7422    0.0000    6.6245         nan    2.7143    25501834604.0476
  2016.201    5.7817    0.0000    6.6549         nan    2.6131    26533091425.0670
  2073.422    5.8193    0.0000    6.6839         nan    2.5111    27530339616.4377
  2130.643    5.8549    0.0000    6.7115         nan    2.4083    28492717260.0600
  2187.863    5.8887    0.0000    6.7378         nan    2.3048    29419406338.2254
  2245.084    5.9207    0.0000    6.7627         nan    2.2006    30309632927.2670
  2302.305    5.9509    0.0000    6.7862         nan    2.0958    31162667721.2734
  2359.526    5.9793    0.0000    6.8085         nan    1.9905    31977826972.4918
  2416.747    6.0060    0.0000    6.8294         nan    1.8846    32754473979.7231
  2473.967    6.0311    0.0000    6.8491         nan    1.7784    33492021325.0689
  2531.188    6.0545    0.0000    6.8675         nan    1.6718    34189934165.6637
  2588.409    6.0763    0.0000    6.8847         nan    1.5651    34847735064.4807
  2645.630    6.0965    0.0000    6.9007         nan    1.4582    35465011129.3672
  2702.851    6.1151    0.0000    6.9154         nan    1.3515    36041424724.2583
  2760.071    6.1322    0.0000    6.9289         nan    1.2450    36576729897.3602
  2817.292    6.1477    0.0000    6.9412         nan    1.1393    37070798297.7535
  2874.513    6.1617    0.0000    6.9523         nan    1.0347    37523661513.0959
  2931.734    6.1742    0.0000    6.9622         nan    0.9322    37935583240.9556
  2988.954    6.1852    0.0000    6.9710         nan    0.8332    38307188888.3837
  3046.175    6.1947    0.0000    6.9785         nan    0.7404    38639713775.1082
  3103.396    6.2027    0.0000    6.9849         nan    0.6597    38935518780.0172
  3160.617    6.2093    0.0000    6.9901         nan    0.6046    39199281474.1481
  3217.838    6.2144    0.0000    6.9942         nan    0.6150    39441175459.9474
  3275.058    6.2180    0.0000    6.9971         nan    0.8521    39687345466.1660
  3332.279    6.2202    0.0000    6.9988         nan    2.6248    40028550779.6456
  3389.500    6.2209    0.0000    6.9994         nan    0.0000    41079752601.7090
