# Depth[km]  Vp[km/s]  Vs[km/s] Rho[g/cm3]    T[K]     g[m/s2]         P[Pa]        
     0.000    3.8130    2.2669    1.7091    273.1500    3.7291              0.0000
    16.003    3.8130    2.2669    1.7091    336.4750    3.7415      101998039.8887
    16.003    4.5467    2.7032    2.0380    336.4750    3.7415      101998039.8887
    33.298    4.5467    2.7032    2.0380    404.9150    3.7504      233876744.9674
    33.298    6.4130    3.8127    2.8745    404.9150    3.7504      233876744.9674
    50.340    6.4130    3.8127    2.8745    472.3514    3.7475      417596406.1761
    50.340    7.9960    4.5403    3.5193    472.3514    3.7475      417596406.1761
    59.842    7.9886    4.5310    3.5190    509.9550    3.7408      542916238.6737
    69.345    7.9808    4.5213    3.5186    547.5586    3.7341      668000852.8472
    78.847    7.9726    4.5115    3.5182    585.1623    3.7275      792848782.6318
    88.350    7.9641    4.5017    3.5177    622.7659    3.7209      917458094.9897
    97.853    7.9558    4.4919    3.5173    660.3696    3.7143     1041829212.3354
   107.355    7.9475    4.4823    3.5168    697.9732    3.7077     1165963679.5537
   116.858    7.9392    4.4727    3.5164    735.5768    3.7011     1289861732.4259
   126.360    7.9303    4.4629    3.5157    773.1805    3.6946     1413521826.4270
   135.863    7.9218    4.4533    3.5152    810.7841    3.6881     1536943604.1947
   145.365    7.9130    4.4437    3.5146    848.3878    3.6817     1660128150.8237
   154.868    7.9038    4.4338    3.5138    885.9914    3.6752     1783073584.5024
   164.370    7.8955    4.4246    3.5133    923.5950    3.6688     1905781732.7003
   173.873    7.8866    4.4150    3.5125    961.1987    3.6625     2028253554.8561
   183.376    7.8776    4.4054    3.5118    998.8023    3.6561     2150487941.7283
   192.878    7.8685    4.3958    3.5110   1036.4060    3.6498     2272484549.7226
   202.381    7.8599    4.3865    3.5103   1074.0096    3.6436     2394244102.6964
   211.883    7.8507    4.3768    3.5094   1111.6133    3.6373     2515767424.7000
   221.386    7.8419    4.3675    3.5087   1149.2169    3.6312     2637056001.2547
   230.888    7.8331    4.3582    3.5079   1186.8205    3.6250     2758111300.2186
   240.391    7.8245    4.3489    3.5072   1224.4242    3.6189     2878933890.6923
   249.893    7.8149    4.3391    3.5062   1262.0278    3.6128     2999523537.5999
   259.396    7.8065    4.3299    3.5054   1299.6315    3.6067     3119880444.2944
   268.899    7.7979    4.3207    3.5046   1337.2351    3.6007     3240008146.4709
   278.401    7.7894    4.3114    3.5036   1374.8387    3.5947     3359904838.8547
   287.904    7.7807    4.3023    3.5028   1412.4424    3.5888     3479570773.0669
   297.406    7.7728    4.2935    3.5019   1450.0460    3.5828     3599009778.6887
   306.909    7.7641    4.2844    3.5010   1487.6497    3.5770     3718221732.0796
   316.411    7.7557    4.2752    3.5001   1525.2533    3.5711     3837206526.3091
   325.914    7.7470    4.2659    3.4992   1562.8570    3.5654     3955966831.8405
   335.416    7.7380    4.2566    3.4982   1600.4606    3.5596     4074503251.2914
   344.919    7.7298    4.2476    3.4973   1638.0642    3.5539     4192816961.4473
   354.422    7.7204    4.2381    3.4963   1675.6679    3.5482     4310908430.3832
   363.924    7.7116    4.2288    3.4953   1713.2715    3.5426     4428777440.2065
   373.427    7.7034    4.2198    3.4944   1750.8752    3.5370     4546428410.9750
   382.929    7.6942    4.2103    3.4934   1788.4788    3.5315     4663861050.0083
   392.432    7.6850    4.2008    3.4924   1826.0824    3.5260     4781074598.4476
   401.934    7.6766    4.1917    3.4914   1863.6861    3.5205     4898073281.3265
   411.437    7.6676    4.1823    3.4904   1901.2897    3.5151     5014858074.8292
   420.939    7.6582    4.1727    3.4893   1938.8934    3.5098     5131428219.8111
   430.442    7.6492    4.1633    3.4883   1976.4970    3.5044     5247785341.5179
   453.920    7.6787    4.1726    3.4969   1981.2425    3.4914     5535142902.2167
   477.398    7.7072    4.1816    3.5053   1985.8989    3.4784     5822129461.0927
   500.876    7.7349    4.1903    3.5136   1990.3626    3.4655     6108732378.4576
   524.354    7.7615    4.1986    3.5217   1994.7943    3.4527     6394940208.0045
   547.831    7.7881    4.2069    3.5299   1999.1311    3.4400     6680750898.5572
   571.309    7.8140    4.2150    3.5379   2003.3657    3.4274     6966162640.5405
   594.787    7.8399    4.2231    3.5459   2007.5409    3.4149     7251172822.4454
   618.265    7.8654    4.2310    3.5538   2011.6605    3.4025     7535781469.1582
   641.743    7.8902    4.2388    3.5616   2015.6312    3.3902     7819985624.9506
   665.221    7.9154    4.2467    3.5695   2019.6156    3.3781     8103790075.0743
   688.699    7.9398    4.2543    3.5772   2023.4048    3.3661     8387197884.6914
   712.177    7.9641    4.2620    3.5850   2027.1475    3.3543     8670210867.1973
   735.655    7.9889    4.2698    3.5928   2030.9661    3.3426     8952841455.3446
   759.133    8.0131    4.2775    3.6006   2034.5966    3.3311     9235098026.2604
   782.610    8.0375    4.2852    3.6084   2038.1894    3.3197     9516989920.2959
   806.088    8.0621    4.2933    3.6162   2041.6826    3.3085     9798532359.3438
   829.566    8.0872    4.3016    3.6242   2045.2776    3.2976    10079744329.7143
   853.044    8.1121    4.3098    3.6322   2048.6267    3.2868    10360642553.9277
   876.522    8.1379    4.3187    3.6405   2052.0622    3.2762    10641247810.4174
   900.000    8.1637    4.3276    3.6489   2055.3986    3.2659    10921591326.8801
   916.927    8.1833    4.3346    3.6552   2057.7763    3.2585    11123480985.6356
   933.854    8.2037    4.3422    3.6617   2060.1525    3.2513    11325270245.5869
   950.781    8.2239    4.3496    3.6683   2062.5033    3.2442    11526974750.8217
   967.708    8.2453    4.3578    3.6753   2064.8982    3.2372    11728611993.4908
   984.635    8.2647    4.3650    3.6817   2067.2721    3.2303    11930180113.2736
  1001.562    8.2925    4.3769    3.6906   2069.7371    3.2236    12131739983.8637
  1018.490    8.3121    4.3839    3.6975   2072.2795    3.2170    12333311574.8345
  1035.417    8.3306    4.3905    3.7040   2074.9152    3.2105    12534832191.3541
  1052.344    8.3496    4.3969    3.7109   2077.5666    3.2041    12736310741.4867
  1069.271    8.3652    4.4018    3.7165   2079.8568    3.1980    12937731323.2018
  1086.198    8.3801    4.4063    3.7218   2082.1095    3.1919    13139057883.0316
  1103.125    8.3950    4.4108    3.7272   2084.3441    3.1861    13340294557.1726
  1120.052    8.4795    4.4618    3.7509   2093.6914    3.1803    13541947252.6914
  1136.979    8.6284    4.5559    3.7908   2107.9883    3.1744    13744945461.5750
  1153.906    8.8188    4.6777    3.8397   2124.1367    3.1680    13949950175.4448
  1170.833    8.9032    4.7288    3.8620   2133.0239    3.1615    14156455914.9559
  1187.760    8.9172    4.7330    3.8671   2135.0579    3.1550    14363266221.6874
  1204.687    8.9311    4.7371    3.8722   2137.1364    3.1487    14569924796.2467
  1221.615    8.9448    4.7411    3.8773   2139.1709    3.1426    14776443074.6217
  1238.542    8.9584    4.7452    3.8824   2141.1218    3.1368    14982833220.2709
  1255.469    8.9723    4.7496    3.8876   2142.9481    3.1311    15189112024.9979
  1272.396    8.9851    4.7531    3.8927   2144.7823    3.1257    15395293908.9852
  1289.323    8.9979    4.7567    3.8977   2146.5286    3.1206    15601388043.7816
  1306.250    9.0110    4.7606    3.9029   2148.1962    3.1157    15807412336.7229
  1323.177    9.0238    4.7643    3.9081   2149.8285    3.1110    16013385654.2926
  1340.104    9.0364    4.7679    3.9132   2151.1815    3.1066    16219321754.2763
  1357.031    9.0490    4.7714    3.9185   2152.8159    3.1025    16425242312.6296
  1373.958    9.0611    4.7748    3.9236   2154.1649    3.0987    16631164706.0657
  1390.885    9.0734    4.7783    3.9289   2155.4870    3.0952    16837106525.3851
  1407.812    9.0852    4.7818    3.9336   2156.6117    3.0920    17043077843.2341
  1424.739    9.1114    4.7937    3.9425   2159.8329    3.0892    17249193471.1624
  1441.667    9.1502    4.8142    3.9530   2164.5576    3.0866    17455624964.1242
  1458.594    9.1915    4.8370    3.9642   2168.9320    3.0842    17662447954.5750
  1475.521    9.2290    4.8573    3.9750   2173.6737    3.0822    17869686228.2977
  1492.448    9.2699    4.8800    3.9870   2178.6133    3.0804    18077380585.6374
  1509.375    9.3100    4.9024    3.9992   2183.3187    3.0789    18285585897.9996
  1526.302    9.3413    4.9193    4.0092   2187.1564    3.0777    18494269718.3309
  1543.229    9.3540    4.9239    4.0137   2188.8484    3.0769    18703254124.3664
  1560.156    9.3683    4.9295    4.0191   2191.1773    3.0766    18912442873.8164
  1560.156    4.9739    0.0000    4.0454         nan    3.0766    18912442873.8164
  1580.434    4.9912    0.0000    4.0523         nan    3.0763    19165036985.9366
  1600.711    5.0085    0.0000    4.0592         nan    3.0767    19418038497.2851
  1620.989    5.0258    0.0000    4.0661         nan    3.0778    19671501445.6824
  1641.267    5.0423    0.0000    4.0727         nan    3.0796    19925473794.9148
  1661.544    5.0587    0.0000    4.0793         nan    3.0821    20180005744.5598
  1681.822    5.0752    0.0000    4.0859         nan    3.0855    20435160153.9158
  1702.100    5.0910    0.0000    4.0922         nan    3.0897    20690996948.6828
  1722.377    5.1066    0.0000    4.0984         nan    3.0948    20947577800.5793
  1742.655    5.1222    0.0000    4.1047         nan    3.1009    21204976259.4433
  1742.655    5.3442    0.0000    6.5110         nan    3.1009    21204976259.4433
  1799.443    5.4000    0.0000    6.5502         nan    3.0041    22354977749.6732
  1856.231    5.4530    0.0000    6.5877         nan    2.9061    23475601757.6767
  1913.018    5.5034    0.0000    6.6234         nan    2.8071    24565716347.4853
  1969.806    5.5514    0.0000    6.6574         nan    2.7070    25624241796.0170
  2026.594    5.5969    0.0000    6.6898         nan    2.6060    26650148761.1939
  2083.382    5.6400    0.0000    6.7206         nan    2.5041    27642456704.8172
  2140.169    5.6810    0.0000    6.7498         nan    2.4014    28600232538.6484
  2196.957    5.7197    0.0000    6.7776         nan    2.2978    29522589470.1424
  2253.745    5.7563    0.0000    6.8039         nan    2.1934    30408686031.6367
  2310.533    5.7908    0.0000    6.8287         nan    2.0884    31257725284.5241
  2367.320    5.8233    0.0000    6.8521         nan    1.9826    32068954198.2244
  2424.108    5.8538    0.0000    6.8742         nan    1.8762    32841663213.5844
  2480.896    5.8824    0.0000    6.8949         nan    1.7693    33575186015.1787
  2537.684    5.9091    0.0000    6.9142         nan    1.6618    34268899558.1311
  2594.471    5.9339    0.0000    6.9322         nan    1.5538    34922224424.7503
  2651.259    5.9569    0.0000    6.9489         nan    1.4454    35534625639.5717
  2708.047    5.9781    0.0000    6.9643         nan    1.3366    36105614158.7375
  2764.835    5.9975    0.0000    6.9784         nan    1.2275    36634749404.8659
  2821.622    6.0151    0.0000    6.9912         nan    1.1182    37121643504.3107
  2878.410    6.0310    0.0000    7.0028         nan    1.0089    37565968437.4358
  2935.198    6.0452    0.0000    7.0132         nan    0.8996    37967468450.3468
  2991.986    6.0577    0.0000    7.0223         nan    0.7907    38325982561.9158
  3048.773    6.0685    0.0000    7.0302         nan    0.6828    38641487886.0598
  3105.561    6.0776    0.0000    7.0368         nan    0.5767    38914189854.9331
  3162.349    6.0851    0.0000    7.0423         nan    0.4750    39144730860.6821
  3219.137    6.0908    0.0000    7.0465         nan    0.3847    39334747399.2268
  3275.924    6.0950    0.0000    7.0495         nan    0.3340    39488705987.1878
  3332.712    6.0974    0.0000    7.0513         nan    0.5524    39622428992.1809
  3389.500    6.0983    0.0000    7.0519         nan    0.0000    39843647987.8138
