# Depth[km]  Vp[km/s]  Vs[km/s] Rho[g/cm3]    T[K]     g[m/s2]         P[Pa]        
     0.000    3.6579    2.1666    1.6892    273.1500    3.7291              0.0000
    10.947    3.6579    2.1666    1.6892    313.7460    3.7377       68957699.7370
    10.947    5.0003    2.9618    2.3091    313.7460    3.7377       68957699.7370
    27.514    5.0003    2.9618    2.3091    375.1884    3.7424      211945823.1871
    27.514    6.3702    3.7732    2.9417    375.1884    3.7424      211945823.1871
    43.890    6.3702    3.7732    2.9417    435.9185    3.7385      392221982.5015
    43.890    7.8428    4.4857    3.4773    435.9185    3.7385      392221982.5015
    53.983    7.8388    4.4789    3.4777    473.3504    3.7317      523438986.9134
    64.076    7.8343    4.4719    3.4781    510.7823    3.7248      654430112.0021
    74.169    7.8296    4.4648    3.4784    548.2142    3.7180      785193454.0318
    84.262    7.8244    4.4573    3.4786    585.6461    3.7112      915726624.1603
    94.355    7.8191    4.4498    3.4788    623.0780    3.7044     1046028611.8419
   104.448    7.8128    4.4419    3.4787    660.5099    3.6977     1176095592.0792
   114.541    7.8072    4.4342    3.4788    697.9419    3.6910     1305926007.6632
   124.634    7.8015    4.4264    3.4788    735.3738    3.6843     1435522883.9615
   134.727    7.7958    4.4186    3.4788    772.8057    3.6777     1564886361.9845
   144.820    7.7891    4.4105    3.4786    810.2376    3.6710     1694012323.1006
   154.914    7.7831    4.4026    3.4785    847.6695    3.6644     1822900075.5654
   165.007    7.7763    4.3944    3.4782    885.1014    3.6579     1951549539.0943
   175.100    7.7705    4.3865    3.4781    922.5333    3.6513     2079960966.2018
   185.193    7.7635    4.3782    3.4778    959.9652    3.6448     2208134252.5918
   195.286    7.7570    4.3701    3.4774    997.3971    3.6384     2336066511.0978
   205.379    7.7512    4.3623    3.4772   1034.8291    3.6320     2463761687.4060
   215.472    7.7441    4.3539    3.4767   1072.2610    3.6256     2591217438.9632
   225.565    7.7377    4.3458    3.4762   1109.6929    3.6192     2718431044.0021
   235.658    7.7306    4.3373    3.4758   1147.1248    3.6129     2845405579.2659
   245.751    7.7239    4.3291    3.4753   1184.5567    3.6066     2972142557.6152
   255.844    7.7177    4.3211    3.4750   1221.9886    3.6004     3098644947.0416
   265.937    7.7104    4.3127    3.4744   1259.4205    3.5942     3224911838.7337
   276.030    7.7037    4.3045    3.4740   1296.8524    3.5880     3350942439.4404
   286.124    7.6968    4.2962    3.4735   1334.2843    3.5819     3476739571.0503
   296.217    7.6882    4.2872    3.4729   1371.7163    3.5758     3602302940.1233
   306.310    7.6804    4.2785    3.4725   1409.1482    3.5697     3727635037.3194
   316.403    7.6721    4.2696    3.4719   1446.5801    3.5637     3852737025.7509
   326.496    7.6639    4.2607    3.4714   1484.0120    3.5578     3977609690.3955
   336.589    7.6561    4.2520    3.4710   1521.4439    3.5519     4102256853.6426
   346.682    7.6473    4.2429    3.4703   1558.8758    3.5460     4226677361.3177
   356.775    7.6393    4.2341    3.4699   1596.3077    3.5402     4350872355.4442
   366.868    7.6299    4.2247    3.4692   1633.7396    3.5344     4474842436.0790
   376.961    7.6212    4.2156    3.4686   1671.1715    3.5286     4598586677.2304
   387.054    7.6130    4.2067    3.4680   1708.6035    3.5229     4722109259.2415
   397.147    7.6046    4.1977    3.4675   1746.0354    3.5173     4845413633.3754
   407.240    7.5880    4.1855    3.4657   1783.4673    3.5117     4968478591.9359
   417.334    7.5861    4.1790    3.4661   1820.8992    3.5061     5091323063.6106
   427.427    7.5725    4.1680    3.4647   1858.3311    3.5006     5213956610.0486
   437.520    7.5642    4.1589    3.4642   1895.7630    3.4952     5336364826.2992
   447.613    7.5563    4.1500    3.4637   1933.1949    3.4898     5458565132.1530
   470.232    7.5839    4.1571    3.4716   1937.2760    3.4778     5732293488.3289
   492.852    7.6118    4.1644    3.4794   1941.2706    3.4659     6005695722.9487
   515.471    7.6513    4.1763    3.4889   1946.4842    3.4540     6278839558.2838
   538.090    7.6809    4.1844    3.4970   1950.7277    3.4422     6551737594.9923
   560.710    7.7086    4.1919    3.5048   1954.7186    3.4306     6824320629.1184
   583.329    7.7359    4.1992    3.5124   1958.6312    3.4190     7096576503.1657
   605.948    7.7632    4.2066    3.5200   1962.4613    3.4075     7368503411.2843
   628.568    7.7898    4.2137    3.5275   1966.3012    3.3962     7640101754.0632
   651.187    7.8167    4.2211    3.5350   1970.1002    3.3850     7911374094.4635
   673.806    7.8420    4.2278    3.5423   1973.7323    3.3739     8182317182.6278
   696.426    7.8677    4.2348    3.5496   1977.3248    3.3630     8452930257.4472
   719.045    7.8924    4.2413    3.5568   1980.8157    3.3522     8723215693.6697
   741.664    7.9172    4.2480    3.5639   1984.2727    3.3416     8993176150.2939
   764.284    7.9418    4.2545    3.5710   1987.7027    3.3312     9262819522.7572
   786.903    7.9663    4.2611    3.5780   1991.0978    3.3209     9532154644.3760
   809.523    7.9899    4.2674    3.5849   1994.3229    3.3109     9801184751.0738
   832.142    8.0140    4.2739    3.5919   1997.6089    3.3010    10069918694.6455
   854.761    8.0375    4.2802    3.5987   2000.7395    3.2914    10338368394.9359
   877.381    8.0614    4.2867    3.6057   2003.9535    3.2820    10606547504.3851
   900.000    8.0857    4.2936    3.6127   2007.1795    3.2728    10874477388.6190
   916.891    8.1037    4.2986    3.6179   2009.5427    3.2661    11074335103.6242
   933.782    8.1214    4.3036    3.6231   2011.7988    3.2595    11274070576.0716
   950.674    8.1389    4.3085    3.6283   2014.0450    3.2531    11473689162.2496
   967.565    8.1559    4.3131    3.6333   2016.2441    3.2468    11673196169.9751
   984.456    8.1753    4.3192    3.6390   2018.5655    3.2407    11872612678.0902
  1001.347    8.1932    4.3243    3.6443   2020.7797    3.2348    12071954691.0405
  1018.238    8.2099    4.3287    3.6493   2022.8867    3.2290    12271214170.2408
  1035.130    8.2271    4.3337    3.6544   2025.0272    3.2234    12470393615.6172
  1052.021    8.2431    4.3380    3.6592   2027.0845    3.2180    12669494666.7804
  1068.912    8.2669    4.3475    3.6660   2029.9119    3.2127    12868574810.0567
  1085.803    8.3705    4.4118    3.6935   2039.5640    3.2075    13068261926.4617
  1102.694    8.4917    4.4880    3.7256   2052.3442    3.2021    13269239891.9062
  1119.586    8.5983    4.5542    3.7536   2062.4123    3.1965    13471504091.6385
  1136.477    8.6134    4.5578    3.7582   2065.9958    3.1910    13674296308.2651
  1153.368    8.6301    4.5624    3.7633   2068.5056    3.1858    13877002024.8709
  1170.259    8.6454    4.5662    3.7680   2070.7880    3.1807    14079637160.9876
  1187.150    8.6612    4.5704    3.7729   2072.9687    3.1758    14282208207.2359
  1204.042    8.6784    4.5760    3.7778   2075.3033    3.1712    14484733387.3094
  1220.933    8.7207    4.6086    3.7837   2081.0218    3.1668    14687251821.7504
  1237.824    8.7621    4.6406    3.7894   2086.3915    3.1627    14889800360.2955
  1254.715    8.7990    4.6688    3.7947   2092.0403    3.1588    15092379419.7868
  1271.606    8.8149    4.6735    3.8000   2094.4896    3.1551    15294990145.2217
  1288.498    8.8474    4.6880    3.8081   2099.0524    3.1517    15497723053.0122
  1305.389    8.8869    4.7068    3.8176   2104.3344    3.1486    15700706681.8593
  1322.280    8.9250    4.7247    3.8272   2109.5054    3.1457    15903996102.9599
  1339.171    8.9632    4.7430    3.8369   2114.8163    3.1430    16107608787.9716
  1356.062    9.0021    4.7615    3.8474   2120.0683    3.1405    16311580811.2653
  1372.954    9.0441    4.7813    3.8593   2125.9063    3.1383    16515987703.8629
  1389.845    9.0702    4.7928    3.8667   2129.4788    3.1363    16720763751.2809
  1406.736    9.0886    4.7957    3.8751   2131.3404    3.1347    16925830646.9871
  1423.627    9.1050    4.7990    3.8819   2133.3285    3.1334    17131191662.5633
  1440.519    9.1219    4.8027    3.8890   2135.4354    3.1324    17336833957.0354
  1457.410    9.1395    4.8058    3.8971   2137.3839    3.1318    17542813399.4094
  1474.301    9.1643    4.8130    3.9084   2141.6454    3.1315    17749266573.5392
  1491.192    9.2323    4.8476    3.9371   2153.1279    3.1314    17956759273.4210
  1508.083    9.2611    4.8623    3.9468   2158.5976    3.1315    18165260401.9558
  1524.975    9.2882    4.8760    3.9560   2164.1306    3.1320    18374269308.5433
  1541.866    9.3126    4.8880    3.9643   2169.1654    3.1329    18583773869.2158
  1558.757    9.3381    4.9010    3.9728   2174.2921    3.1343    18793784909.4421
  1558.757    4.5956    0.0000    4.0120         nan    3.1343    18793784909.4421
  1571.885    4.6071    0.0000    4.0171         nan    3.1352    18958974713.4022
  1585.014    4.6186    0.0000    4.0223         nan    3.1364    19124425598.8392
  1598.142    4.6300    0.0000    4.0275         nan    3.1379    19290152775.6065
  1611.270    4.6415    0.0000    4.0326         nan    3.1397    19456172000.4144
  1624.399    4.6528    0.0000    4.0378         nan    3.1418    19622498613.0419
  1637.527    4.6637    0.0000    4.0427         nan    3.1442    19789144392.2589
  1650.655    4.6746    0.0000    4.0476         nan    3.1470    19956122775.7877
  1663.783    4.6855    0.0000    4.0525         nan    3.1502    20123452053.7752
  1676.912    4.6963    0.0000    4.0575         nan    3.1536    20291151175.6434
  1676.912    5.1935    0.0000    6.3532         nan    3.1536    20291151175.6434
  1735.967    5.2728    0.0000    6.3959         nan    3.0558    21478334822.7976
  1795.021    5.3477    0.0000    6.4363         nan    2.9566    22636176291.4156
  1854.076    5.4184    0.0000    6.4746         nan    2.8562    23763312326.4697
  1913.131    5.4852    0.0000    6.5108         nan    2.7547    24858457214.8484
  1972.186    5.5483    0.0000    6.5450         nan    2.6520    25920397223.3167
  2031.240    5.6078    0.0000    6.5774         nan    2.5483    26947985821.8267
  2090.295    5.6639    0.0000    6.6081         nan    2.4437    27940139526.2601
  2149.350    5.7168    0.0000    6.6370         nan    2.3381    28895834226.5443
  2208.405    5.7666    0.0000    6.6642         nan    2.2316    29814101879.4349
  2267.459    5.8135    0.0000    6.6899         nan    2.1242    30694027462.1335
  2326.514    5.8574    0.0000    6.7140         nan    2.0161    31534746080.5463
  2385.569    5.8985    0.0000    6.7365         nan    1.9071    32335440114.8778
  2444.624    5.9370    0.0000    6.7577         nan    1.7975    33095336266.4912
  2503.679    5.9728    0.0000    6.7774         nan    1.6871    33813702322.1470
  2562.733    6.0060    0.0000    6.7956         nan    1.5760    34489843374.2689
  2621.788    6.0367    0.0000    6.8126         nan    1.4642    35123097103.3826
  2680.843    6.0649    0.0000    6.8281         nan    1.3516    35712827496.9746
  2739.898    6.0907    0.0000    6.8424         nan    1.2383    36258415957.5306
  2798.952    6.1142    0.0000    6.8553         nan    1.1240    36759247975.8223
  2858.007    6.1353    0.0000    6.8670         nan    1.0087    37214692029.3859
  2917.062    6.1541    0.0000    6.8774         nan    0.8920    37624064260.4706
  2976.117    6.1706    0.0000    6.8865         nan    0.7731    37986565682.0097
  3035.171    6.1849    0.0000    6.8944         nan    0.6510    38301162546.3371
  3094.226    6.1969    0.0000    6.9011         nan    0.5229    38566338444.5214
  3153.281    6.2068    0.0000    6.9065         nan    0.3825    38779522315.9755
  3212.336    6.2144    0.0000    6.9107         nan    0.2110    38935562406.1644
  3271.390    6.2198    0.0000    6.9137         nan   -0.0673    39021699144.3727
  3330.445    6.2231    0.0000    6.9155         nan   -1.0683    38994221597.6169
  3389.500    6.2242    0.0000    6.9161         nan    0.0000    38557917631.5937
