# Depth[km]  Vp[km/s]  Vs[km/s] Rho[g/cm3]    T[K]     g[m/s2]         P[Pa]        
     0.000    3.7580    2.2499    1.6886    273.1500    3.7291              0.0000
    12.048    3.7580    2.2499    1.6886    321.0419    3.7386       75865579.9359
    12.048    4.7819    2.8629    2.1487    321.0419    3.7386       75865579.9359
    29.619    4.7819    2.8629    2.1487    390.8958    3.7460      217018168.5984
    29.619    6.1595    3.6877    2.7677    390.8958    3.7460      217018168.5984
    44.557    6.1595    3.6877    2.7677    450.2828    3.7447      371894260.4708
    44.557    7.9595    4.5360    3.5035    450.2828    3.7447      371894260.4708
    54.374    7.9520    4.5265    3.5033    489.3087    3.7378      500679763.6544
    64.191    7.9442    4.5170    3.5030    528.3345    3.7310      629221411.6102
    74.007    7.9358    4.5070    3.5027    567.3604    3.7242      757517958.1252
    83.824    7.9275    4.4972    3.5024    606.3863    3.7174      885569000.0765
    93.641    7.9183    4.4870    3.5019    645.4122    3.7107     1013371723.1777
   103.457    7.9095    4.4771    3.5015    684.4380    3.7040     1140925668.5268
   113.274    7.9007    4.4672    3.5010    723.4639    3.6973     1268233646.5478
   123.091    7.8912    4.4569    3.5004    762.4898    3.6906     1395293460.6902
   132.907    7.8823    4.4471    3.5000    801.5156    3.6840     1522105111.0738
   142.724    7.8727    4.4370    3.4993    840.5415    3.6774     1648669139.1812
   152.541    7.8634    4.4270    3.4987    879.5674    3.6709     1774984210.6121
   162.357    7.8537    4.4169    3.4980    918.5933    3.6643     1901050915.0494
   172.174    7.8440    4.4068    3.4973    957.6191    3.6579     2026868099.1789
   181.991    7.8344    4.3968    3.4966    996.6450    3.6514     2152436700.9413
   191.807    7.8247    4.3868    3.4958   1035.6709    3.6450     2277757316.5162
   201.624    7.8148    4.3767    3.4950   1074.6967    3.6386     2402829421.9393
   211.441    7.8045    4.3665    3.4942   1113.7226    3.6322     2527652722.0614
   221.257    7.7946    4.3564    3.4934   1152.7485    3.6259     2652229041.6918
   231.074    7.7850    4.3466    3.4926   1191.7744    3.6197     2776560174.2138
   240.891    7.7753    4.3366    3.4918   1230.8002    3.6134     2900646909.9064
   250.707    7.7640    4.3259    3.4906   1269.8261    3.6072     3024486067.9905
   260.524    7.7551    4.3165    3.4899   1308.8520    3.6011     3148079341.1950
   270.341    7.7460    4.3069    3.4890   1347.8778    3.5950     3271432383.9069
   280.157    7.7365    4.2971    3.4881   1386.9037    3.5889     3394544148.3104
   289.974    7.7262    4.2871    3.4870   1425.9296    3.5828     3517412224.5348
   299.791    7.7171    4.2775    3.4861   1464.9555    3.5768     3640039742.2047
   309.607    7.7071    4.2676    3.4850   1503.9813    3.5709     3762427975.9475
   319.424    7.6972    4.2575    3.4840   1543.0072    3.5650     3884575736.9698
   329.241    7.6875    4.2479    3.4830   1582.0331    3.5591     4006486608.3096
   339.057    7.6775    4.2379    3.4820   1621.0589    3.5533     4128161977.1851
   348.874    7.6671    4.2278    3.4809   1660.0848    3.5475     4249600902.4072
   358.691    7.6576    4.2180    3.4800   1699.1107    3.5418     4370806204.8839
   368.507    7.6469    4.2078    3.4788   1738.1366    3.5361     4491779517.5597
   378.324    7.6371    4.1979    3.4778   1777.1624    3.5305     4612520745.8762
   388.141    7.6269    4.1877    3.4767   1816.1883    3.5249     4733033357.4264
   397.958    7.6170    4.1778    3.4757   1855.2142    3.5193     4853318769.6306
   407.774    7.6063    4.1676    3.4745   1894.2400    3.5138     4973376881.8055
   417.591    7.5958    4.1574    3.4735   1933.2659    3.5084     5093209390.1500
   427.408    7.5850    4.1470    3.4722   1972.2918    3.5030     5212816793.7115
   437.224    7.5752    4.1371    3.4713   2011.3177    3.4977     5332202340.2875
   460.363    7.6075    4.1468    3.4801   2016.2593    3.4851     5613493942.3585
   483.502    7.6376    4.1556    3.4886   2020.9791    3.4727     5894480093.3621
   506.641    7.6679    4.1646    3.4971   2025.6955    3.4603     6175148043.6509
   529.779    7.6966    4.1730    3.5054   2030.2198    3.4481     6455490015.0990
   552.918    7.7250    4.1814    3.5136   2034.6754    3.4359     6735495090.1765
   576.057    7.7528    4.1896    3.5218   2039.0677    3.4238     7015160068.5825
   599.196    7.7800    4.1976    3.5298   2043.2912    3.4118     7294481373.4184
   622.335    7.8070    4.2056    3.5378   2047.4755    3.4000     7573456720.5392
   645.473    7.8328    4.2131    3.5455   2051.4548    3.3882     7852080532.8127
   668.612    7.8592    4.2210    3.5534   2055.5082    3.3766     8130354589.9759
   691.751    7.8846    4.2285    3.5611   2059.4700    3.3652     8408284942.2977
   714.890    7.9108    4.2364    3.5689   2063.3600    3.3539     8685877807.0070
   738.028    7.9358    4.2438    3.5765   2067.0711    3.3427     8963137767.9460
   761.167    7.9613    4.2514    3.5843   2070.8912    3.3317     9240071666.8829
   784.306    7.9862    4.2590    3.5919   2074.4389    3.3209     9516687074.7997
   807.445    8.0114    4.2668    3.5996   2077.9835    3.3103     9792991238.1781
   830.584    8.0362    4.2743    3.6073   2081.5410    3.2999    10069000942.4094
   853.722    8.0625    4.2828    3.6153   2085.0988    3.2897    10344741858.9621
   876.861    8.0882    4.2911    3.6231   2088.3921    3.2796    10620231913.0658
   900.000    8.1142    4.2995    3.6313   2091.8499    3.2698    10895490557.6830
   917.083    8.1337    4.3059    3.6374   2094.2889    3.2627    11098498542.5571
   934.166    8.1522    4.3118    3.6432   2096.7022    3.2558    11301397237.7346
   951.249    8.1746    4.3200    3.6501   2099.1768    3.2489    11504216528.5292
   968.331    8.1956    4.3275    3.6568   2101.6160    3.2422    11706986702.9465
   985.414    8.2158    4.3346    3.6632   2104.0537    3.2357    11909700824.2266
  1002.497    8.2409    4.3446    3.6711   2106.5001    3.2292    12112398801.3447
  1019.580    8.2634    4.3531    3.6782   2109.0041    3.2229    12315107922.2874
  1036.663    8.2899    4.3639    3.6867   2111.5685    3.2167    12517852725.1625
  1053.746    8.3089    4.3705    3.6929   2113.9103    3.2107    12720613444.0833
  1070.828    8.3265    4.3762    3.6989   2116.0901    3.2049    12923327787.5892
  1087.911    8.3436    4.3817    3.7046   2118.2356    3.1992    13125991103.2512
  1104.994    8.3606    4.3872    3.7104   2120.4892    3.1937    13328607978.0088
  1122.077    8.3982    4.4064    3.7217   2124.7921    3.1883    13531342135.5874
  1139.160    8.5536    4.5045    3.7634   2139.7719    3.1829    13735182422.7865
  1156.243    8.7385    4.6222    3.8116   2160.6602    3.1771    13941120231.2928
  1173.325    8.8524    4.6930    3.8410   2166.2895    3.1710    14148787332.9850
  1190.408    8.8677    4.6978    3.8462   2168.6607    3.1650    14356994014.8653
  1207.491    8.8841    4.7023    3.8526   2171.4987    3.1591    14565118416.4280
  1224.574    8.8995    4.7069    3.8581   2173.9784    3.1535    14773180528.2070
  1241.657    8.9150    4.7115    3.8637   2176.4991    3.1481    14981171708.9050
  1258.740    8.9304    4.7162    3.8692   2178.9859    3.1430    15189106434.6908
  1275.822    8.9444    4.7208    3.8741   2181.3089    3.1380    15396978015.8749
  1292.905    8.9582    4.7255    3.8787   2183.5692    3.1334    15604778060.5820
  1309.988    8.9740    4.7303    3.8843   2186.1525    3.1290    15812545233.3624
  1327.071    8.9893    4.7349    3.8903   2188.6655    3.1249    16020332989.7480
  1344.154    9.0040    4.7396    3.8957   2191.1636    3.1211    16228151759.2628
  1361.237    9.0184    4.7442    3.9010   2193.6212    3.1176    16435999670.7227
  1378.319    9.0316    4.7487    3.9055   2195.8545    3.1143    16643871554.2086
  1395.402    9.0458    4.7533    3.9104   2198.0917    3.1115    16851780478.8701
  1412.485    9.0653    4.7618    3.9161   2200.9715    3.1089    17059780169.4579
  1429.568    9.1059    4.7829    3.9268   2207.3951    3.1067    17268043309.0047
  1446.651    9.1459    4.8048    3.9364   2212.9370    3.1047    17476693077.2517
  1463.734    9.1860    4.8269    3.9461   2219.0193    3.1031    17685723899.1228
  1480.816    9.2282    4.8499    3.9575   2225.1813    3.1017    17895203506.6744
  1497.899    9.2682    4.8725    3.9677   2231.4172    3.1007    18105165665.4008
  1514.982    9.3084    4.8947    3.9794   2236.7715    3.1000    18315640248.1762
  1532.065    9.3480    4.9166    3.9918   2241.7647    3.0997    18526707821.6687
  1549.148    9.3614    4.9216    3.9962   2243.6777    3.0997    18738195507.7479
  1566.231    9.3744    4.9263    4.0008   2245.7944    3.1003    18949923781.4620
  1566.231    5.0849    0.0000    4.0051         nan    3.1003    18949923781.4620
  1582.532    5.0973    0.0000    4.0103         nan    3.1012    19152470837.5541
  1598.834    5.1096    0.0000    4.0155         nan    3.1025    19355338570.1248
  1615.136    5.1220    0.0000    4.0207         nan    3.1043    19558556888.6826
  1631.437    5.1342    0.0000    4.0258         nan    3.1067    19762156154.7334
  1647.739    5.1460    0.0000    4.0308         nan    3.1095    19966163024.6701
  1664.040    5.1578    0.0000    4.0357         nan    3.1129    20170606522.2589
  1680.342    5.1695    0.0000    4.0406         nan    3.1168    20375522331.7536
  1696.644    5.1811    0.0000    4.0455         nan    3.1213    20580946053.7907
  1712.945    5.1923    0.0000    4.0502         nan    3.1264    20786910838.5277
  1712.945    5.2262    0.0000    6.4305         nan    3.1264    20786910838.5277
  1770.758    5.2765    0.0000    6.4721         nan    3.0296    21952937114.2121
  1828.570    5.3245    0.0000    6.5119         nan    2.9316    23089985411.5195
  1886.382    5.3701    0.0000    6.5499         nan    2.8324    24196842593.5625
  1944.194    5.4134    0.0000    6.5862         nan    2.7321    25272346980.8675
  2002.007    5.4546    0.0000    6.6209         nan    2.6308    26315387052.2571
  2059.819    5.4937    0.0000    6.6539         nan    2.5286    27324900350.1504
  2117.631    5.5307    0.0000    6.6853         nan    2.4253    28299872569.5725
  2175.443    5.5658    0.0000    6.7152         nan    2.3212    29239336812.9168
  2233.255    5.5990    0.0000    6.7435         nan    2.2163    30142372997.8890
  2291.068    5.6303    0.0000    6.7703         nan    2.1105    31008107417.3683
  2348.880    5.6597    0.0000    6.7955         nan    2.0040    31835712457.8540
  2406.692    5.6874    0.0000    6.8194         nan    1.8969    32624406491.6940
  2464.504    5.7133    0.0000    6.8417         nan    1.7890    33373453972.6559
  2522.317    5.7376    0.0000    6.8627         nan    1.6806    34082165792.6645
  2580.129    5.7601    0.0000    6.8822         nan    1.5717    34749899988.1296
  2637.941    5.7809    0.0000    6.9003         nan    1.4623    35376062945.2729
  2695.753    5.8002    0.0000    6.9170         nan    1.3525    35960111354.2611
  2753.565    5.8178    0.0000    6.9324         nan    1.2424    36501555338.9310
  2811.378    5.8338    0.0000    6.9463         nan    1.1320    36999963515.5276
  2869.190    5.8482    0.0000    6.9590         nan    1.0216    37454971369.8121
  2927.002    5.8611    0.0000    6.9702         nan    0.9113    37866295643.9183
  2984.814    5.8724    0.0000    6.9802         nan    0.8014    38233760271.8643
  3042.627    5.8822    0.0000    6.9887         nan    0.6925    38557346147.4223
  3100.439    5.8905    0.0000    6.9960         nan    0.5859    38837294612.6337
  3158.251    5.8973    0.0000    7.0019         nan    0.4841    39074346608.9446
  3216.063    5.9025    0.0000    7.0066         nan    0.3952    39270381109.9222
  3273.876    5.9063    0.0000    7.0098         nan    0.3513    39430518693.8582
  3331.688    5.9085    0.0000    7.0118         nan    0.6119    39572890060.5958
  3389.500    5.9093    0.0000    7.0125         nan    0.0000    39820929818.4679
