# Depth[km]  Vp[km/s]  Vs[km/s] Rho[g/cm3]    T[K]     g[m/s2]         P[Pa]        
     0.000    3.5387    2.1408    1.6058    273.1500    3.7291              0.0000
    11.374    3.5387    2.1408    1.6058    318.0844    3.7389       68109954.9503
    11.374    4.3972    2.6601    1.9954    318.0844    3.7389       68109954.9503
    28.183    4.3972    2.6601    1.9954    384.4962    3.7481      193512435.9734
    28.183    5.5648    3.3665    2.5252    384.4962    3.7481      193512435.9734
    46.229    5.5648    3.3665    2.5252    455.7942    3.7502      364310284.1989
    46.229    7.9997    4.5446    3.5195    455.7942    3.7502      364310284.1989
    56.098    7.9921    4.5349    3.5192    494.7868    3.7432      494567775.1612
    65.967    7.9842    4.5250    3.5189    533.7794    3.7363      624571888.2244
    75.836    7.9759    4.5150    3.5185    572.7719    3.7294      754321252.1930
    85.705    7.9676    4.5049    3.5181    611.7645    3.7225      883815482.0421
    95.575    7.9586    4.4947    3.5176    650.7570    3.7156     1013052859.3532
   105.444    7.9499    4.4846    3.5171    689.7496    3.7088     1142033163.6680
   115.313    7.9412    4.4746    3.5166    728.7422    3.7020     1270758380.9596
   125.182    7.9321    4.4644    3.5160    767.7347    3.6952     1399227139.6427
   135.051    7.9235    4.4546    3.5155    806.7273    3.6884     1527439809.6139
   144.920    7.9142    4.4446    3.5148    845.7199    3.6817     1655396596.9263
   154.789    7.9052    4.4346    3.5141    884.7124    3.6751     1783096561.3036
   164.659    7.8962    4.4248    3.5135    923.7050    3.6684     1910540831.3008
   174.528    7.8869    4.4148    3.5127    962.6976    3.6618     2037728758.6128
   184.397    7.8776    4.4049    3.5120   1001.6901    3.6552     2164660851.2975
   194.266    7.8684    4.3951    3.5112   1040.6827    3.6487     2291336976.0448
   204.135    7.8593    4.3854    3.5104   1079.6753    3.6422     2417757851.9463
   214.004    7.8499    4.3754    3.5096   1118.6678    3.6357     2543924991.8571
   223.874    7.8407    4.3656    3.5088   1157.6604    3.6293     2669838906.0867
   233.743    7.8317    4.3559    3.5080   1196.6530    3.6229     2795501308.5216
   243.612    7.8226    4.3463    3.5071   1235.6455    3.6165     2920912560.7334
   253.481    7.8129    4.3363    3.5062   1274.6381    3.6102     3046072022.4025
   263.350    7.8042    4.3268    3.5054   1313.6306    3.6039     3170982172.8116
   273.219    7.7958    4.3176    3.5045   1352.6232    3.5977     3295644743.8779
   283.088    7.7870    4.3079    3.5036   1391.6158    3.5915     3420059793.7747
   292.958    7.7782    4.2985    3.5026   1430.6083    3.5853     3544227640.1572
   302.827    7.7694    4.2891    3.5017   1469.6009    3.5792     3668149142.0978
   312.696    7.7609    4.2798    3.5009   1508.5935    3.5731     3791827550.7389
   322.565    7.7512    4.2697    3.4998   1547.5860    3.5671     3915261894.7818
   332.434    7.7420    4.2602    3.4988   1586.5786    3.5611     4038452017.1618
   342.303    7.7337    4.2510    3.4979   1625.5712    3.5551     4161402600.0386
   352.172    7.7242    4.2412    3.4969   1664.5637    3.5492     4284113976.8903
   362.042    7.7155    4.2318    3.4960   1703.5563    3.5434     4406587317.7582
   371.911    7.7062    4.2221    3.4949   1742.5489    3.5376     4528823979.0543
   381.780    7.6970    4.2124    3.4939   1781.5414    3.5318     4650823151.8662
   391.649    7.6874    4.2026    3.4928   1820.5340    3.5261     4772586583.8586
   401.518    7.6788    4.1932    3.4919   1859.5265    3.5204     4894117846.9057
   411.387    7.6693    4.1834    3.4908   1898.5191    3.5148     5015418382.0287
   421.256    7.6599    4.1736    3.4897   1937.5117    3.5092     5136488021.6270
   431.126    7.6506    4.1638    3.4886   1976.5042    3.5037     5257328097.6024
   440.995    7.6410    4.1539    3.4875   2015.4968    3.4982     5377939387.7567
   463.945    7.6700    4.1631    3.4959   2020.2121    3.4856     5658271517.7336
   486.895    7.6979    4.1719    3.5042   2024.8647    3.4730     5938258700.8301
   509.846    7.7247    4.1803    3.5123   2029.3623    3.4605     6217888779.1190
   532.796    7.7512    4.1885    3.5204   2033.8629    3.4481     6497156547.5383
   555.746    7.7777    4.1969    3.5283   2038.1482    3.4358     6776057569.7890
   578.696    7.8031    4.2049    3.5362   2042.2965    3.4236     7054585317.0409
   601.647    7.8276    4.2124    3.5440   2046.4555    3.4115     7332737008.9825
   624.597    7.8526    4.2202    3.5517   2050.5882    3.3995     7610514169.2492
   647.547    7.8773    4.2279    3.5595   2054.6431    3.3876     7887920297.0801
   670.497    7.9015    4.2355    3.5671   2058.4892    3.3759     8164955235.1749
   693.448    7.9260    4.2432    3.5748   2062.4461    3.3643     8441624434.5672
   716.398    7.9500    4.2507    3.5824   2066.1768    3.3528     8717934254.6997
   739.348    7.9738    4.2583    3.5900   2069.8603    3.3415     8993885685.9983
   762.298    7.9980    4.2660    3.5977   2073.6532    3.3304     9269492840.0961
   785.249    8.0216    4.2734    3.6053   2077.2227    3.3194     9544765045.4185
   808.199    8.0456    4.2812    3.6130   2080.6941    3.3086     9819711454.2554
   831.149    8.0703    4.2894    3.6208   2084.1795    3.2980    10094353389.0576
   854.099    8.0956    4.2980    3.6288   2087.7318    3.2875    10368713237.5225
   877.050    8.1203    4.3064    3.6369   2091.1213    3.2773    10642810388.1549
   900.000    8.1460    4.3153    3.6451   2094.4742    3.2673    10916667322.9242
   916.938    8.1653    4.3221    3.6513   2096.9133    3.2600    11118559493.0848
   933.875    8.1853    4.3293    3.6578   2099.3635    3.2529    11320351211.1008
   950.813    8.2057    4.3369    3.6644   2101.7798    3.2458    11522062399.7505
   967.751    8.2275    4.3453    3.6715   2104.2187    3.2389    11723714913.0842
   984.688    8.2467    4.3522    3.6778   2106.6679    3.2321    11925304173.3928
  1001.626    8.2739    4.3639    3.6865   2109.1480    3.2255    12126882278.9948
  1018.564    8.2928    4.3703    3.6932   2111.7732    3.2189    12328466986.7094
  1035.502    8.3102    4.3761    3.6994   2114.2429    3.2125    12529995292.3646
  1052.439    8.3302    4.3832    3.7066   2117.0701    3.2063    12731487354.8596
  1069.377    8.3472    4.3889    3.7127   2119.5440    3.2002    12932947590.3866
  1086.315    8.3628    4.3937    3.7183   2121.9764    3.1942    13134341121.2910
  1103.252    8.3782    4.3987    3.7238   2124.1708    3.1885    13335662372.7021
  1120.190    8.4011    4.4086    3.7326   2125.5428    3.1829    13537006100.4759
  1137.128    8.5156    4.4795    3.7642   2137.8850    3.1773    13739085582.8323
  1154.065    8.6744    4.5799    3.8064   2154.7358    3.1715    13942796710.2869
  1171.003    8.8777    4.7106    3.8580   2170.2272    3.1652    14148651073.0433
  1187.941    8.8927    4.7153    3.8633   2172.0367    3.1588    14355625041.5493
  1204.879    8.9071    4.7196    3.8686   2174.2031    3.1527    14562465395.1788
  1221.816    8.9209    4.7236    3.8737   2176.2587    3.1467    14769179492.4007
  1238.754    8.9345    4.7276    3.8789   2178.2426    3.1410    14975777637.6885
  1255.692    8.9482    4.7316    3.8841   2180.1014    3.1354    15182273908.1298
  1272.629    8.9619    4.7357    3.8895   2182.0288    3.1302    15388688874.8640
  1289.567    8.9751    4.7395    3.8946   2183.6318    3.1251    15595036602.9926
  1306.505    8.9880    4.7430    3.9000   2185.3592    3.1203    15801329491.2354
  1323.442    9.0008    4.7466    3.9051   2186.9657    3.1158    16007583540.1804
  1340.380    9.0140    4.7506    3.9105   2188.5037    3.1116    16213815600.1265
  1357.318    9.0263    4.7539    3.9158   2190.0017    3.1076    16420046910.7852
  1374.256    9.0387    4.7573    3.9210   2191.4207    3.1039    16626292754.7069
  1391.193    9.0511    4.7609    3.9262   2192.5841    3.1005    16832569005.3206
  1408.131    9.0631    4.7640    3.9318   2193.9312    3.0975    17038904801.5422
  1425.069    9.0755    4.7675    3.9372   2195.1101    3.0947    17245324766.7491
  1442.006    9.0940    4.7749    3.9440   2197.0417    3.0923    17451883044.9312
  1458.944    9.1348    4.7967    3.9553   2201.5988    3.0902    17658755790.4462
  1475.882    9.1738    4.8176    3.9667   2206.1938    3.0884    17866080025.3802
  1492.819    9.2156    4.8407    3.9785   2210.5403    3.0869    18073889317.9824
  1509.757    9.2538    4.8614    3.9904   2215.3968    3.0856    18282216411.8321
  1526.695    9.2964    4.8856    4.0034   2219.7688    3.0847    18491108772.9039
  1543.633    9.3151    4.8941    4.0099   2222.5996    3.0841    18700447993.9734
  1560.570    9.3275    4.8985    4.0146   2224.5638    3.0840    18910040996.3108
  1560.570    4.8120    0.0000    4.0290         nan    3.0840    18910040996.3108
  1578.847    4.8297    0.0000    4.0356         nan    3.0841    19137329224.1259
  1597.125    4.8474    0.0000    4.0422         nan    3.0848    19364998773.1540
  1615.402    4.8651    0.0000    4.0488         nan    3.0860    19593089289.9704
  1633.679    4.8822    0.0000    4.0552         nan    3.0879    19821637278.6497
  1651.956    4.8990    0.0000    4.0614         nan    3.0903    20050677223.7903
  1670.234    4.9158    0.0000    4.0677         nan    3.0934    20280251129.9777
  1688.511    4.9324    0.0000    4.0739         nan    3.0971    20510406741.3003
  1706.788    4.9483    0.0000    4.0798         nan    3.1016    20741186214.2654
  1725.065    4.9642    0.0000    4.0858         nan    3.1068    20972635327.0488
  1725.065    5.1385    0.0000    6.4350         nan    3.1068    20972635327.0488
  1782.459    5.1964    0.0000    6.4775         nan    3.0107    22123876550.8067
  1839.854    5.2513    0.0000    6.5179         nan    2.9133    23246654837.9655
  1897.248    5.3035    0.0000    6.5565         nan    2.8148    24339729507.4555
  1954.642    5.3530    0.0000    6.5932         nan    2.7151    25401917711.0110
  2012.037    5.4000    0.0000    6.6282         nan    2.6145    26432092223.1821
  2069.431    5.4446    0.0000    6.6614         nan    2.5128    27429179547.7330
  2126.825    5.4868    0.0000    6.6930         nan    2.4101    28392158293.8839
  2184.220    5.5267    0.0000    6.7229         nan    2.3066    29320057789.9583
  2241.614    5.5644    0.0000    6.7513         nan    2.2022    30211956909.3935
  2299.008    5.6000    0.0000    6.7780         nan    2.0971    31066983091.2433
  2356.403    5.6334    0.0000    6.8033         nan    1.9912    31884311549.2223
  2413.797    5.6648    0.0000    6.8270         nan    1.8846    32663164669.7315
  2471.191    5.6942    0.0000    6.8492         nan    1.7774    33402811613.8108
  2528.585    5.7217    0.0000    6.8701         nan    1.6695    34102568155.8111
  2585.980    5.7472    0.0000    6.8894         nan    1.5612    34761796817.6395
  2643.374    5.7708    0.0000    6.9074         nan    1.4523    35379907402.0292
  2700.768    5.7925    0.0000    6.9240         nan    1.3430    35956358100.1778
  2758.163    5.8125    0.0000    6.9391         nan    1.2334    36490657477.1497
  2815.557    5.8306    0.0000    6.9530         nan    1.1235    36982367875.2141
  2872.951    5.8469    0.0000    6.9654         nan    1.0134    37431111232.8678
  2930.346    5.8615    0.0000    6.9766         nan    0.9034    37836579255.5715
  2987.740    5.8743    0.0000    6.9864         nan    0.7935    38198551925.0241
  3045.134    5.8853    0.0000    6.9948         nan    0.6844    38516933190.4419
  3102.528    5.8947    0.0000    7.0020         nan    0.5767    38791825362.8067
  3159.923    5.9023    0.0000    7.0078         nan    0.4726    39023701216.2875
  3217.317    5.9083    0.0000    7.0124         nan    0.3778    39213863624.0512
  3274.711    5.9125    0.0000    7.0156         nan    0.3155    39365960237.2194
  3332.106    5.9150    0.0000    7.0176         nan    0.4739    39493017598.9080
  3389.500    5.9159    0.0000    7.0182         nan    0.0000    39683900589.6344
