# Depth[km]  Vp[km/s]  Vs[km/s] Rho[g/cm3]    T[K]     g[m/s2]         P[Pa]        
     0.000    3.4264    2.0511    1.5711    273.1500    3.7291              0.0000
    10.033    3.4264    2.0511    1.5711    310.3037    3.7380       58782221.7538
    10.033    4.5701    2.7357    2.0955    310.3037    3.7380       58782221.7538
    26.832    4.5701    2.7357    2.0955    372.5161    3.7458      190366896.5155
    26.832    6.7440    4.0370    3.0923    372.5161    3.7458      190366896.5155
    42.751    6.7440    4.0370    3.0923    431.4715    3.7400      374757496.1757
    42.751    7.8433    4.4865    3.4772    431.4715    3.7400      374757496.1757
    52.832    7.8393    4.4797    3.4777    468.8048    3.7331      505864440.7496
    62.912    7.8351    4.4729    3.4781    506.1381    3.7263      636746667.6253
    72.993    7.8303    4.4657    3.4784    543.4714    3.7195      767402186.9495
    83.074    7.8253    4.4583    3.4786    580.8047    3.7127      897828565.4904
    93.155    7.8201    4.4509    3.4788    618.1380    3.7060     1028024887.3436
   103.235    7.8138    4.4430    3.4787    655.4713    3.6992     1157987172.4245
   113.316    7.8082    4.4353    3.4788    692.8047    3.6925     1287713841.8113
   123.397    7.8025    4.4276    3.4789    730.1380    3.6858     1417207908.8458
   133.478    7.7968    4.4198    3.4789    767.4713    3.6792     1546469572.8490
   143.558    7.7902    4.4117    3.4787    804.8046    3.6726     1675494683.9505
   153.639    7.7842    4.4038    3.4786    842.1379    3.6660     1804282525.9127
   163.720    7.7775    4.3956    3.4783    879.4712    3.6594     1932832922.0023
   173.801    7.7717    4.3878    3.4782    916.8045    3.6529     2061146098.5545
   183.881    7.7652    4.3797    3.4779    954.1378    3.6464     2189223206.6815
   193.962    7.7592    4.3718    3.4777    991.4711    3.6400     2317063480.3631
   204.043    7.7525    4.3636    3.4773   1028.8044    3.6336     2444666396.0250
   214.124    7.7456    4.3553    3.4768   1066.1377    3.6272     2572028156.0731
   224.204    7.7389    4.3471    3.4764   1103.4711    3.6208     2699148423.7040
   234.285    7.7331    4.3393    3.4761   1140.8044    3.6145     2826033169.9430
   244.366    7.7261    4.3308    3.4757   1178.1377    3.6082     2952684231.3832
   254.447    7.7196    4.3228    3.4753   1215.4710    3.6020     3079099761.0554
   264.527    7.7128    4.3146    3.4748   1252.8043    3.5958     3205280411.3503
   274.608    7.7061    4.3064    3.4743   1290.1376    3.5896     3331227098.4280
   284.689    7.6993    4.2982    3.4738   1327.4709    3.5835     3456941327.8438
   294.770    7.6901    4.2890    3.4731   1364.8042    3.5774     3582419283.9510
   304.850    7.6825    4.2803    3.4727   1402.1375    3.5714     3707663571.6366
   314.931    7.6746    4.2716    3.4723   1439.4708    3.5654     3832681135.0854
   325.012    7.6660    4.2626    3.4717   1476.8041    3.5594     3957470096.6099
   335.093    7.6582    4.2539    3.4712   1514.1374    3.5535     4082031880.3931
   345.173    7.6503    4.2451    3.4707   1551.4708    3.5477     4206370219.8658
   355.254    7.6421    4.2362    3.4703   1588.8041    3.5418     4330485969.5925
   365.335    7.6321    4.2266    3.4695   1626.1374    3.5361     4454374966.4498
   375.416    7.6239    4.2177    3.4690   1663.4707    3.5303     4578038832.1887
   385.496    7.6160    4.2090    3.4685   1700.8040    3.5246     4701484348.0132
   395.577    7.6067    4.1996    3.4678   1738.1373    3.5190     4824709884.3114
   405.658    7.5905    4.1876    3.4660   1775.4706    3.5134     4947694334.7699
   415.739    7.5900    4.1816    3.4667   1812.8039    3.5078     5070464137.3947
   425.819    7.5798    4.1719    3.4659   1850.1372    3.5023     5193037554.1201
   435.900    7.5670    4.1612    3.4646   1887.4705    3.4969     5315381274.4920
   445.981    7.5590    4.1522    3.4641   1924.8038    3.4915     5437503738.2811
   468.682    7.5870    4.1595    3.4720   1928.8931    3.4794     5712381811.8772
   491.383    7.6146    4.1666    3.4798   1932.8997    3.4674     5986931253.3167
   514.084    7.6546    4.1788    3.4895   1938.1524    3.4555     6261223581.6556
   536.785    7.6839    4.1868    3.4975   1942.3260    3.4437     6535266449.8334
   559.486    7.7121    4.1943    3.5054   1946.4131    3.4320     6808991315.5808
   582.187    7.7398    4.2019    3.5130   1950.2850    3.4203     7082389324.3806
   604.888    7.7662    4.2089    3.5206   1954.0847    3.4088     7355451057.1318
   627.589    7.7933    4.2163    3.5281   1957.8407    3.3974     7628176513.6627
   650.289    7.8200    4.2235    3.5356   1961.6631    3.3862     7900571574.3125
   672.990    7.8461    4.2305    3.5430   1965.3739    3.3751     8172638894.1140
   695.691    7.8713    4.2371    3.5503   1968.9820    3.3641     8444376462.2903
   718.392    7.8968    4.2442    3.5575   1972.4289    3.3533     8715782234.1211
   741.093    7.9208    4.2503    3.5646   1975.8289    3.3426     8986856405.2697
   763.794    7.9458    4.2572    3.5717   1979.2109    3.3321     9257606809.8733
   786.495    7.9701    4.2637    3.5787   1982.5983    3.3219     9528044206.2846
   809.196    7.9945    4.2703    3.5857   1985.9263    3.3118     9798177239.4067
   831.897    8.0181    4.2766    3.5926   1989.0982    3.3019    10068011503.6309
   854.598    8.0420    4.2829    3.5996   1992.3674    3.2922    10337559544.9805
   877.299    8.0657    4.2895    3.6064   1995.4143    3.2827    10606833662.3532
   900.000    8.0900    4.2963    3.6135   1998.6731    3.2735    10875850674.3685
   916.300    8.1074    4.3012    3.6186   2000.9465    3.2670    11068792186.6010
   932.600    8.1242    4.3058    3.6235   2003.1281    3.2607    11261619941.7661
   948.899    8.1413    4.3107    3.6285   2005.2446    3.2545    11454337454.6867
   965.199    8.1580    4.3154    3.6334   2007.3675    3.2484    11646951176.0412
   981.499    8.1760    4.3207    3.6387   2009.5881    3.2425    11839476829.1691
   997.799    8.1931    4.3256    3.6439   2011.7111    3.2367    12031926896.4980
  1014.099    8.2108    4.3310    3.6491   2013.7967    3.2311    12224306985.7643
  1030.398    8.2269    4.3353    3.6539   2015.8058    3.2257    12416617993.4376
  1046.698    8.2422    4.3394    3.6584   2017.8226    3.2204    12608850173.5728
  1062.998    8.2577    4.3435    3.6631   2019.8046    3.2152    12801007033.8600
  1079.298    8.3459    4.3975    3.6866   2028.1528    3.2102    12993596684.4102
  1095.598    8.4588    4.4683    3.7166   2039.2218    3.2050    13187283988.3224
  1111.897    8.5896    4.5513    3.7507   2052.1124    3.1996    13382334577.4781
  1128.197    8.6098    4.5586    3.7567   2056.1133    3.1942    13578104825.1436
  1144.497    8.6256    4.5628    3.7616   2058.6379    3.1890    13773826475.0669
  1160.797    8.6407    4.5667    3.7662   2060.8175    3.1840    13969473607.9551
  1177.097    8.6558    4.5707    3.7708   2062.9362    3.1792    14165053748.8456
  1193.397    8.7050    4.6099    3.7771   2065.9869    3.1746    14360620519.6113
  1209.696    8.7341    4.6294    3.7820   2073.1573    3.1702    14556192350.5780
  1225.996    8.7624    4.6483    3.7870   2079.3366    3.1660    14751749777.1366
  1242.296    8.7930    4.6693    3.7924   2081.6749    3.1621    14947317806.3770
  1258.596    8.8071    4.6734    3.7968   2084.0774    3.1583    15142894069.9767
  1274.896    8.8264    4.6800    3.8027   2086.9395    3.1549    15338505349.6828
  1291.195    8.8651    4.6985    3.8117   2092.0025    3.1516    15534286241.1122
  1307.495    8.9021    4.7159    3.8209   2097.0550    3.1486    15730333218.9649
  1323.795    8.9399    4.7339    3.8304   2102.0203    3.1457    15926670610.5296
  1340.095    8.9767    4.7511    3.8402   2107.2214    3.1431    16123327261.1370
  1356.395    9.0155    4.7696    3.8507   2112.3420    3.1407    16320340829.8671
  1372.694    9.0548    4.7883    3.8618   2117.8606    3.1386    16517755833.9385
  1388.994    9.0738    4.7957    3.8674   2120.5388    3.1367    16715461319.2194
  1405.294    9.0911    4.7985    3.8752   2122.3483    3.1350    16913389005.6125
  1421.594    9.1072    4.8019    3.8818   2124.2713    3.1337    17111581249.6477
  1437.894    9.1237    4.8051    3.8889   2126.2170    3.1327    17310041676.0772
  1454.193    9.1403    4.8083    3.8963   2128.1136    3.1321    17508809503.6141
  1470.493    9.1612    4.8132    3.9061   2131.0360    3.1317    17707974417.7286
  1486.793    9.2349    4.8517    3.9370   2143.6063    3.1315    17908156894.4518
  1503.093    9.2615    4.8648    3.9462   2149.1991    3.1315    18109349562.7977
  1519.393    9.2879    4.8782    3.9551   2154.4936    3.1319    18311002608.9824
  1535.692    9.3117    4.8896    3.9633   2159.5048    3.1326    18513114043.9037
  1535.692    4.5799    0.0000    4.0357         nan    3.1326    18513114043.9037
  1551.198    4.5922    0.0000    4.0420         nan    3.1327    18709285209.8939
  1566.703    4.6046    0.0000    4.0483         nan    3.1331    18905769420.8092
  1582.208    4.6170    0.0000    4.0546         nan    3.1340    19102589837.4871
  1597.714    4.6293    0.0000    4.0609         nan    3.1352    19299770616.8459
  1613.219    4.6412    0.0000    4.0670         nan    3.1369    19497330715.2429
  1628.724    4.6529    0.0000    4.0730         nan    3.1390    19695289398.4746
  1644.230    4.6647    0.0000    4.0790         nan    3.1415    19893673423.2807
  1659.735    4.6764    0.0000    4.0850         nan    3.1446    20092511620.9984
  1675.240    4.6877    0.0000    4.0909         nan    3.1480    20291828874.1436
  1675.240    5.1526    0.0000    6.3269         nan    3.1480    20291828874.1436
  1734.353    5.2305    0.0000    6.3700         nan    3.0508    21473204868.4022
  1793.465    5.3041    0.0000    6.4109         nan    2.9523    22625658698.0162
  1852.577    5.3737    0.0000    6.4495         nan    2.8525    23747827971.4076
  1911.690    5.4394    0.0000    6.4862         nan    2.7516    24838428697.0835
  1970.802    5.5014    0.0000    6.5208         nan    2.6496    25896250165.2434
  2029.915    5.5600    0.0000    6.5536         nan    2.5466    26920150658.7145
  2089.027    5.6152    0.0000    6.5846         nan    2.4427    27909053856.3535
  2148.139    5.6673    0.0000    6.6139         nan    2.3379    28861945826.0510
  2207.252    5.7164    0.0000    6.6415         nan    2.2322    29777872537.4473
  2266.364    5.7625    0.0000    6.6675         nan    2.1258    30655937851.4826
  2325.477    5.8058    0.0000    6.6919         nan    2.0186    31495301968.6612
  2384.589    5.8464    0.0000    6.7148         nan    1.9108    32295180345.9090
  2443.701    5.8842    0.0000    6.7362         nan    1.8024    33054843133.3973
  2502.814    5.9195    0.0000    6.7561         nan    1.6935    33773615227.2968
  2561.926    5.9522    0.0000    6.7747         nan    1.5841    34450877117.7114
  2621.039    5.9825    0.0000    6.7918         nan    1.4744    35086066832.1064
  2680.151    6.0103    0.0000    6.8076         nan    1.3643    35678683482.5229
  2739.263    6.0358    0.0000    6.8221         nan    1.2541    36228293296.0842
  2798.376    6.0589    0.0000    6.8352         nan    1.1440    36734539686.2060
  2857.488    6.0797    0.0000    6.8470         nan    1.0341    37197160238.4716
  2916.601    6.0983    0.0000    6.8576         nan    0.9248    37616016182.2263
  2975.713    6.1146    0.0000    6.8668         nan    0.8167    37991145820.1135
  3034.826    6.1287    0.0000    6.8749         nan    0.7111    38322867357.3055
  3093.938    6.1405    0.0000    6.8816         nan    0.6102    38611993039.3749
  3153.050    6.1502    0.0000    6.8871         nan    0.5197    38860324331.4395
  3212.163    6.1578    0.0000    6.8914         nan    0.4559    39071974195.8745
  3271.275    6.1631    0.0000    6.8945         nan    0.4846    39257724279.7802
  3330.388    6.1664    0.0000    6.8963         nan    1.1408    39455259255.8443
  3389.500    6.1674    0.0000    6.8969         nan    0.0000    39920343763.0513
