# Depth[km]  Vp[km/s]  Vs[km/s] Rho[g/cm3]    T[K]     g[m/s2]         P[Pa]        
     0.000    3.9572    2.3446    1.7756    273.1500    3.7291              0.0000
    13.125    3.9572    2.3446    1.7756    327.1206    3.7385       86905396.4253
    13.125    4.5185    2.6772    2.0274    327.1206    3.7385       86905396.4253
    27.593    4.5185    2.6772    2.0274    386.6160    3.7460      196563927.1783
    27.593    6.2447    3.6999    2.8019    386.6160    3.7460      196563927.1783
    44.581    6.2447    3.6999    2.8019    456.4748    3.7441      374873203.1548
    44.581    7.9565    4.5340    3.5029    456.4748    3.7441      374873203.1548
    54.157    7.9485    4.5243    3.5026    495.8533    3.7374      500457521.4292
    63.733    7.9401    4.5144    3.5022    535.2318    3.7307      625805198.9679
    73.309    7.9312    4.5043    3.5018    574.6102    3.7241      750914626.4304
    82.885    7.9217    4.4940    3.5012    613.9887    3.7175      875782818.3305
    92.461    7.9126    4.4838    3.5007    653.3672    3.7109     1000410204.7255
   102.037    7.9032    4.4736    3.5001    692.7457    3.7044     1124798430.3554
   111.613    7.8940    4.4635    3.4996    732.1241    3.6979     1248947457.0177
   121.189    7.8840    4.4531    3.4988    771.5026    3.6914     1372855617.7042
   130.764    7.8737    4.4427    3.4981    810.8811    3.6849     1496519812.2235
   140.340    7.8643    4.4326    3.4974    850.2596    3.6785     1619942922.7973
   149.916    7.8539    4.4222    3.4966    889.6380    3.6721     1743125121.0121
   159.492    7.8436    4.4119    3.4957    929.0165    3.6657     1866063587.8503
   169.068    7.8334    4.4017    3.4949    968.3950    3.6594     1988759732.2308
   178.644    7.8234    4.3915    3.4941   1007.7735    3.6531     2111214978.5050
   188.220    7.8127    4.3810    3.4931   1047.1520    3.6469     2233428057.3847
   197.796    7.8019    4.3706    3.4921   1086.5304    3.6407     2355397991.9456
   207.372    7.7920    4.3605    3.4912   1125.9089    3.6345     2477127564.3857
   216.948    7.7810    4.3499    3.4902   1165.2874    3.6283     2598617601.5991
   226.524    7.7713    4.3400    3.4894   1204.6659    3.6222     2719869312.1664
   236.100    7.7600    4.3294    3.4882   1244.0443    3.6161     2840880968.5237
   245.675    7.7487    4.3188    3.4870   1283.4228    3.6101     2961649480.1427
   255.251    7.7391    4.3090    3.4860   1322.8013    3.6041     3082179560.8285
   264.827    7.7291    4.2990    3.4850   1362.1798    3.5982     3202474343.0832
   274.403    7.7183    4.2888    3.4838   1401.5582    3.5923     3322531862.8795
   283.979    7.7084    4.2788    3.4828   1440.9367    3.5864     3442354422.4929
   293.555    7.6979    4.2687    3.4816   1480.3152    3.5805     3561942253.5800
   303.131    7.6876    4.2585    3.4805   1519.6937    3.5747     3681296214.0235
   312.707    7.6771    4.2484    3.4792   1559.0722    3.5690     3800417670.2473
   322.283    7.6659    4.2380    3.4780   1598.4506    3.5633     3919304406.4069
   331.859    7.6561    4.2281    3.4769   1637.8291    3.5576     4037961630.3731
   341.435    7.6450    4.2177    3.4757   1677.2076    3.5520     4156390581.6929
   351.010    7.6336    4.2072    3.4744   1716.5861    3.5464     4274589091.6876
   360.586    7.6243    4.1975    3.4733   1755.9645    3.5409     4392561880.4182
   370.162    7.6126    4.1868    3.4720   1795.3430    3.5354     4510310633.3011
   379.738    7.6016    4.1765    3.4707   1834.7215    3.5300     4627833992.5487
   389.314    7.5901    4.1659    3.4694   1874.1000    3.5246     4745132661.5487
   398.890    7.5794    4.1555    3.4682   1913.4784    3.5193     4862209268.7509
   408.466    7.5677    4.1449    3.4669   1952.8569    3.5140     4979065624.5043
   418.042    7.5567    4.1345    3.4655   1992.2354    3.5087     5095701462.8353
   427.618    7.5459    4.1242    3.4643   2031.6139    3.5035     5212119868.4517
   451.237    7.5800    4.1343    3.4735   2036.8878    3.4908     5499173905.7459
   474.856    7.6123    4.1438    3.4825   2041.9459    3.4782     5785935147.1875
   498.475    7.6430    4.1528    3.4912   2046.8763    3.4656     6072383375.9864
   522.094    7.6732    4.1618    3.4998   2051.6332    3.4531     6358504543.8061
   545.713    7.7022    4.1703    3.5082   2056.2792    3.4407     6644286667.9076
   569.332    7.7309    4.1787    3.5166   2060.8133    3.4284     6929724526.7787
   592.952    7.7589    4.1870    3.5248   2065.2342    3.4162     7214813404.5896
   616.571    7.7865    4.1951    3.5329   2069.5889    3.4042     7499550805.3812
   640.190    7.8138    4.2031    3.5411   2073.9283    3.3922     7783938168.2616
   663.809    7.8412    4.2114    3.5491   2078.0577    3.3804     8067977409.2127
   687.428    7.8670    4.2189    3.5570   2082.1450    3.3688     8351665521.6239
   711.047    7.8932    4.2266    3.5649   2086.1878    3.3573     8635004511.1142
   734.666    7.9196    4.2346    3.5729   2090.1800    3.3460     8918007905.1634
   758.285    7.9453    4.2423    3.5807   2093.9582    3.3348     9200680797.6311
   781.904    7.9713    4.2501    3.5886   2097.8384    3.3239     9483029597.7910
   805.524    7.9973    4.2582    3.5965   2101.5414    3.3131     9765068397.4058
   829.143    8.0225    4.2658    3.6043   2105.1266    3.3025    10046807731.1610
   852.762    8.0487    4.2741    3.6124   2108.7320    3.2921    10328267495.9464
   876.381    8.0756    4.2828    3.6206   2112.3953    3.2820    10609476521.2076
   900.000    8.1019    4.2912    3.6288   2115.8473    3.2721    10890456372.4946
   916.783    8.1216    4.2978    3.6349   2118.3507    3.2652    11089898334.2442
   933.565    8.1397    4.3036    3.6406   2120.8017    3.2584    11289242233.8502
   950.348    8.1611    4.3114    3.6472   2123.1871    3.2517    11488508767.6409
   967.131    8.1822    4.3189    3.6539   2125.6572    3.2452    11687730795.5320
   983.914    8.2037    4.3267    3.6606   2128.0640    3.2388    11886917390.1837
  1000.696    8.2262    4.3353    3.6677   2130.5358    3.2326    12086086974.3883
  1017.479    8.2492    4.3441    3.6750   2132.9813    3.2264    12285260688.1594
  1034.262    8.2756    4.3549    3.6835   2135.5563    3.2204    12484482922.6404
  1051.045    8.2947    4.3617    3.6897   2137.8703    3.2145    12683731154.7665
  1067.827    8.3126    4.3676    3.6956   2140.1386    3.2088    12882943264.7749
  1084.610    8.3294    4.3730    3.7013   2142.3380    3.2033    13082113309.9247
  1101.393    8.3463    4.3785    3.7069   2144.5335    3.1979    13281243340.0861
  1118.176    8.3630    4.3839    3.7126   2146.7397    3.1927    13480345915.5153
  1134.958    8.4477    4.4346    3.7361   2155.7846    3.1876    13679909170.3850
  1151.741    8.6185    4.5431    3.7814   2171.9247    3.1823    13880991574.8944
  1168.524    8.8322    4.6806    3.8358   2190.4465    3.1766    14084399740.8716
  1185.306    8.8522    4.6885    3.8421   2192.9009    3.1707    14289060791.6299
  1202.089    8.8671    4.6931    3.8472   2195.2610    3.1650    14493645812.5457
  1218.872    8.8836    4.6977    3.8537   2198.0829    3.1595    14698170944.5530
  1235.655    8.8990    4.7022    3.8592   2200.6031    3.1542    14902661289.1749
  1252.437    8.9135    4.7067    3.8644   2203.0244    3.1492    15107092371.5772
  1269.220    8.9286    4.7114    3.8698   2205.4549    3.1444    15311473724.6501
  1286.003    8.9423    4.7160    3.8745   2207.7904    3.1398    15515809444.7633
  1302.786    8.9576    4.7207    3.8799   2210.1388    3.1355    15720115378.8867
  1319.568    8.9716    4.7252    3.8847   2212.4118    3.1315    15924409680.5230
  1336.351    8.9867    4.7298    3.8906   2215.1693    3.1277    16128722485.2392
  1353.134    9.0008    4.7343    3.8958   2217.6713    3.1242    16333079821.5348
  1369.916    9.0151    4.7390    3.9010   2220.1208    3.1210    16537482250.8959
  1386.699    9.0280    4.7434    3.9053   2222.2959    3.1181    16741926959.1091
  1403.482    9.0419    4.7480    3.9102   2224.5510    3.1156    16946424380.1143
  1420.265    9.0552    4.7526    3.9148   2226.7459    3.1134    17151001919.5465
  1437.047    9.0931    4.7722    3.9245   2232.4411    3.1115    17355806771.1351
  1453.830    9.1309    4.7925    3.9337   2238.1552    3.1099    17560979617.1059
  1470.613    9.1692    4.8136    3.9436   2243.7737    3.1086    17766544538.6838
  1487.396    9.2099    4.8349    3.9552   2249.5852    3.1076    17972584810.0638
  1504.178    9.2507    4.8573    3.9668   2254.1987    3.1069    18179165630.4115
  1520.961    9.2886    4.8778    3.9785   2258.7015    3.1066    18386309353.0029
  1537.744    9.3300    4.9011    3.9910   2263.3570    3.1065    18594059682.6910
  1554.527    9.3410    4.9043    3.9953   2265.2639    3.1069    18802245178.6807
  1554.527    5.1114    0.0000    4.0920         nan    3.1069    18802245178.6807
  1571.336    5.1244    0.0000    4.0976         nan    3.1063    19016098996.1380
  1588.146    5.1375    0.0000    4.1031         nan    3.1062    19230205034.4316
  1604.956    5.1505    0.0000    4.1087         nan    3.1066    19444594017.8469
  1621.766    5.1634    0.0000    4.1142         nan    3.1074    19659296512.0262
  1638.575    5.1758    0.0000    4.1195         nan    3.1088    19874339534.7746
  1655.385    5.1882    0.0000    4.1248         nan    3.1107    20089753311.2358
  1672.195    5.2006    0.0000    4.1301         nan    3.1131    20305574808.5670
  1689.005    5.2127    0.0000    4.1353         nan    3.1161    20521839669.3454
  1705.815    5.2245    0.0000    4.1403         nan    3.1197    20738581979.1573
  1705.815    5.2529    0.0000    6.3941         nan    3.1197    20738581979.1573
  1763.873    5.3145    0.0000    6.4351         nan    3.0229    21900430135.9961
  1821.931    5.3729    0.0000    6.4741         nan    2.9249    23033233716.4894
  1879.989    5.4284    0.0000    6.5112         nan    2.8257    24135769046.6888
  1938.047    5.4811    0.0000    6.5466         nan    2.7255    25206872288.3690
  1996.105    5.5310    0.0000    6.5802         nan    2.6242    26245436933.8343
  2054.163    5.5783    0.0000    6.6121         nan    2.5220    27250411677.3635
  2112.221    5.6231    0.0000    6.6424         nan    2.4189    28220798616.4660
  2170.280    5.6655    0.0000    6.6710         nan    2.3150    29155651751.9351
  2228.338    5.7054    0.0000    6.6982         nan    2.2102    30054075763.7224
  2286.396    5.7431    0.0000    6.7238         nan    2.1047    30915225056.1452
  2344.454    5.7786    0.0000    6.7479         nan    1.9985    31738303081.9858
  2402.512    5.8119    0.0000    6.7706         nan    1.8916    32522561973.0766
  2460.570    5.8430    0.0000    6.7919         nan    1.7842    33267302531.8771
  2518.628    5.8721    0.0000    6.8118         nan    1.6762    33971874676.9651
  2576.686    5.8991    0.0000    6.8303         nan    1.5678    34635678501.9472
  2634.744    5.9241    0.0000    6.8474         nan    1.4590    35258166204.6718
  2692.803    5.9471    0.0000    6.8632         nan    1.3499    35838845318.0552
  2750.861    5.9682    0.0000    6.8777         nan    1.2406    36377283982.4351
  2808.919    5.9874    0.0000    6.8909         nan    1.1312    36873119563.4561
  2866.977    6.0046    0.0000    6.9027         nan    1.0220    37326073018.7974
  2925.035    6.0200    0.0000    6.9133         nan    0.9133    37735973670.0438
  2983.093    6.0336    0.0000    6.9227         nan    0.8056    38102803962.4472
  3041.151    6.0453    0.0000    6.9307         nan    0.6999    38426785461.7790
  3099.209    6.0552    0.0000    6.9375         nan    0.5982    38708557793.2114
  3157.268    6.0632    0.0000    6.9431         nan    0.5052    38949592274.3797
  3215.326    6.0695    0.0000    6.9474         nan    0.4346    39153296280.1737
  3273.384    6.0740    0.0000    6.9505         nan    0.4422    39328652180.2834
  3331.442    6.0767    0.0000    6.9524         nan    0.9789    39507115971.9753
  3389.500    6.0776    0.0000    6.9530         nan    0.0000    39902277575.4931
