# Depth[km]  Vp[km/s]  Vs[km/s] Rho[g/cm3]    T[K]     g[m/s2]         P[Pa]        
     0.000    3.4627    2.0691    1.6002    273.1500    3.7291              0.0000
    10.587    3.4627    2.0691    1.6002    312.5863    3.7382       63176304.0693
    10.587    4.8546    2.9008    2.2434    312.5863    3.7382       63176304.0693
    27.459    4.8546    2.9008    2.2434    375.4375    3.7439      204667036.2308
    27.459    6.5047    3.8868    3.0059    375.4375    3.7439      204667036.2308
    43.667    6.5047    3.8868    3.0059    435.8140    3.7392      387065299.4344
    43.667    7.8425    4.4856    3.4772    435.8140    3.7392      387065299.4344
    53.512    7.8385    4.4790    3.4776    472.4878    3.7325      515074927.6012
    63.356    7.8341    4.4721    3.4779    509.1616    3.7259      642869283.8767
    73.201    7.8295    4.4651    3.4782    545.8354    3.7192      770446778.4900
    83.046    7.8243    4.4578    3.4784    582.5092    3.7126      897804895.0167
    92.891    7.8192    4.4505    3.4786    619.1830    3.7060     1024942602.4151
   102.735    7.8129    4.4426    3.4785    655.8568    3.6994     1151856254.7434
   112.580    7.8073    4.4351    3.4786    692.5306    3.6929     1278544382.4934
   122.425    7.8017    4.4275    3.4786    729.2044    3.6864     1405009909.9682
   132.270    7.7960    4.4199    3.4786    765.8782    3.6799     1531253003.2436
   142.115    7.7894    4.4118    3.4784    802.5520    3.6734     1657269595.1802
   151.959    7.7834    4.4041    3.4783    839.2258    3.6670     1783059039.4391
   161.804    7.7768    4.3960    3.4780    875.8996    3.6606     1908621803.1987
   171.649    7.7709    4.3883    3.4779    912.5735    3.6542     2033957573.0324
   181.494    7.7643    4.3802    3.4775    949.2473    3.6479     2159066405.4187
   191.338    7.7584    4.3725    3.4773    985.9211    3.6415     2283948185.7847
   201.183    7.7519    4.3645    3.4769   1022.5949    3.6353     2408603350.6347
   211.028    7.7448    4.3562    3.4764   1059.2687    3.6290     2533027440.5985
   220.873    7.7381    4.3481    3.4759   1095.9425    3.6228     2657220163.7292
   230.718    7.7320    4.3402    3.4755   1132.6163    3.6166     2781185106.2783
   240.562    7.7254    4.3321    3.4752   1169.2901    3.6105     2904925923.2108
   250.407    7.7189    4.3241    3.4748   1205.9639    3.6044     3028443031.3819
   260.252    7.7122    4.3160    3.4743   1242.6377    3.5983     3151735367.8764
   270.097    7.7055    4.3080    3.4738   1279.3115    3.5923     3274803283.3166
   279.941    7.6991    4.3001    3.4733   1315.9853    3.5863     3397647500.1828
   289.786    7.6899    4.2909    3.4726   1352.6591    3.5804     3520265191.9553
   299.631    7.6821    4.2823    3.4721   1389.3329    3.5745     3642658326.9699
   309.476    7.6747    4.2739    3.4717   1426.0067    3.5686     3764833672.8868
   319.321    7.6669    4.2653    3.4712   1462.6805    3.5628     3886792629.9567
   329.165    7.6583    4.2564    3.4706   1499.3543    3.5570     4008533663.5146
   339.010    7.6505    4.2479    3.4701   1536.0281    3.5512     4130057495.1432
   348.855    7.6423    4.2390    3.4696   1572.7019    3.5455     4251367574.3825
   358.700    7.6328    4.2298    3.4688   1609.3758    3.5398     4372460185.4018
   368.544    7.6245    4.2209    3.4683   1646.0496    3.5342     4493336363.0198
   378.389    7.6164    4.2122    3.4678   1682.7234    3.5286     4614002385.1322
   388.234    7.6075    4.2031    3.4671   1719.3972    3.5231     4734457142.9183
   398.079    7.5915    4.1914    3.4653   1756.0710    3.5176     4854680208.6667
   407.924    7.5910    4.1855    3.4660   1792.7448    3.5122     4974697113.4464
   417.768    7.5808    4.1759    3.4652   1829.4186    3.5068     5094525609.9857
   427.613    7.5680    4.1653    3.4639   1866.0924    3.5014     5214133397.3656
   437.458    7.5601    4.1565    3.4634   1902.7662    3.4961     5333528185.2375
   460.585    7.5887    4.1639    3.4715   1906.8922    3.4837     5613888664.8331
   483.712    7.6169    4.1712    3.4795   1910.9205    3.4715     5893904146.3926
   506.839    7.6574    4.1834    3.4893   1916.2020    3.4593     6173645902.6414
   529.966    7.6878    4.1918    3.4975   1920.4965    3.4471     6453126546.8295
   553.093    7.7165    4.1996    3.5054   1924.4588    3.4351     6732271472.0112
   576.220    7.7443    4.2070    3.5133   1928.4371    3.4232     7011067904.4204
   599.348    7.7719    4.2145    3.5210   1932.3053    3.4114     7289514438.8553
   622.475    7.7997    4.2221    3.5288   1936.1719    3.3997     7567611927.1867
   645.602    7.8265    4.2293    3.5364   1939.9583    3.3881     7845360246.8330
   668.729    7.8523    4.2361    3.5438   1943.6465    3.3767     8122755351.9817
   691.856    7.8785    4.2433    3.5512   1947.1647    3.3655     8399795533.2197
   714.983    7.9039    4.2499    3.5585   1950.7295    3.3544     8676484774.7972
   738.110    7.9295    4.2569    3.5658   1954.1865    3.3435     8952828300.3657
   761.237    7.9546    4.2637    3.5731   1957.6326    3.3327     9228833384.3185
   784.364    7.9789    4.2701    3.5801   1960.9217    3.3222     9504502241.1343
   807.492    8.0036    4.2768    3.5873   1964.2718    3.3118     9779842392.2285
   830.619    8.0277    4.2833    3.5942   1967.4526    3.3016    10054865641.0612
   853.746    8.0521    4.2899    3.6014   1970.7136    3.2917    10329584655.8032
   876.873    8.0769    4.2968    3.6085   1973.9976    3.2820    10604021574.8506
   900.000    8.1013    4.3036    3.6156   1977.1461    3.2726    10878189771.4314
   916.984    8.1189    4.3084    3.6208   1979.4088    3.2658    11079294169.4942
   933.968    8.1362    4.3132    3.6259   1981.6044    3.2592    11280267448.1402
   950.952    8.1540    4.3182    3.6311   1983.8310    3.2527    11481118449.9526
   967.937    8.1719    4.3234    3.6363   1986.0967    3.2463    11681857489.6143
   984.921    8.1906    4.3289    3.6419   1988.3003    3.2401    11882502345.1500
  1001.905    8.2090    4.3345    3.6473   1990.4583    3.2341    12083068538.9662
  1018.889    8.2258    4.3391    3.6523   1992.5445    3.2283    12283547994.4612
  1035.873    8.2424    4.3436    3.6573   1994.6028    3.2226    12483937803.8447
  1052.857    8.2583    4.3478    3.6620   1996.6788    3.2171    12684240920.0877
  1069.841    8.3306    4.3906    3.6815   2003.5034    3.2117    12884863325.1615
  1086.825    8.4426    4.4606    3.7115   2014.4439    3.2062    13086497419.0552
  1103.810    8.5706    4.5414    3.7452   2028.6892    3.2005    13289520834.2240
  1120.794    8.6130    4.5637    3.7567   2033.0578    3.1948    13493413656.9036
  1137.778    8.6294    4.5683    3.7616   2036.9479    3.1892    13697387676.6700
  1154.762    8.7047    4.6329    3.7694   2040.6490    3.1838    13901348299.9471
  1171.746    8.7298    4.6481    3.7741   2049.7077    3.1786    14105300440.1753
  1188.730    8.7560    4.6636    3.7795   2052.2461    3.1736    14309192703.0674
  1205.714    8.7711    4.6680    3.7842   2054.6715    3.1689    14513040503.4042
  1222.698    8.7861    4.6722    3.7891   2057.0755    3.1644    14716844000.0976
  1239.683    8.8014    4.6765    3.7940   2059.4771    3.1602    14920620981.2866
  1256.667    8.8160    4.6808    3.7986   2061.8514    3.1562    15124379094.2790
  1273.651    8.8514    4.6969    3.8073   2066.4754    3.1525    15328236945.3253
  1290.635    8.8890    4.7146    3.8164   2071.5236    3.1490    15532330767.5991
  1307.619    8.9280    4.7330    3.8261   2076.8773    3.1457    15736700511.8632
  1324.603    8.9664    4.7512    3.8360   2082.0202    3.1426    15941381316.7889
  1341.587    9.0063    4.7701    3.8467   2087.3839    3.1398    16146411721.5587
  1358.571    9.0456    4.7886    3.8576   2092.7548    3.1372    16351831853.2714
  1375.556    9.0730    4.8000    3.8660   2096.3044    3.1348    16557595091.0893
  1392.540    9.0894    4.8035    3.8724   2098.3565    3.1328    16763600062.8798
  1409.524    9.1059    4.8071    3.8792   2100.3853    3.1311    16969822131.5644
  1426.508    9.1225    4.8104    3.8860   2102.3961    3.1297    17176293530.8733
  1443.492    9.1395    4.8138    3.8935   2104.3224    3.1287    17383054591.5663
  1460.476    9.1571    4.8169    3.9016   2106.2795    3.1280    17590160984.0367
  1477.460    9.2421    4.8611    3.9377   2120.5520    3.1275    17798397118.5603
  1494.444    9.2704    4.8752    3.9474   2126.5257    3.1271    18007814955.8768
  1511.429    9.2963    4.8875    3.9563   2131.9708    3.1271    18217703813.5957
  1528.413    9.3226    4.9011    3.9651   2137.3102    3.1275    18428063583.1409
  1545.397    9.3483    4.9145    3.9735   2142.5087    3.1284    18638907039.3334
  1562.381    9.3730    4.9270    3.9817   2147.5775    3.1296    18850247188.5485
  1562.381    4.7939    0.0000    4.0291         nan    3.1296    18850247188.5485
  1575.730    4.8049    0.0000    4.0339         nan    3.1304    19018669626.9840
  1589.079    4.8158    0.0000    4.0388         nan    3.1314    19187336130.5015
  1602.428    4.8268    0.0000    4.0436         nan    3.1328    19356262887.6088
  1615.776    4.8377    0.0000    4.0485         nan    3.1345    19525466671.8984
  1629.125    4.8485    0.0000    4.0533         nan    3.1365    19694963533.2186
  1642.474    4.8589    0.0000    4.0579         nan    3.1389    19864766746.9845
  1655.823    4.8693    0.0000    4.0625         nan    3.1416    20034891636.0259
  1669.172    4.8797    0.0000    4.0672         nan    3.1447    20205357673.2050
  1682.521    4.8901    0.0000    4.0718         nan    3.1481    20376185039.0545
  1682.521    5.1035    0.0000    6.3506         nan    3.1481    20376185039.0545
  1741.382    5.1805    0.0000    6.3946         nan    3.0510    21557042882.1328
  1800.243    5.2533    0.0000    6.4362         nan    2.9526    22709166421.5834
  1859.105    5.3220    0.0000    6.4756         nan    2.8530    23831175314.5628
  1917.966    5.3869    0.0000    6.5130         nan    2.7522    24921767954.1315
  1976.827    5.4483    0.0000    6.5483         nan    2.6503    25979716379.5388
  2035.689    5.5062    0.0000    6.5817         nan    2.5474    27003862004.5858
  2094.550    5.5609    0.0000    6.6134         nan    2.4435    27993112027.7877
  2153.412    5.6124    0.0000    6.6432         nan    2.3387    28946436422.7642
  2212.273    5.6609    0.0000    6.6714         nan    2.2330    29862865436.9893
  2271.134    5.7065    0.0000    6.6979         nan    2.1266    30741487552.1651
  2329.996    5.7493    0.0000    6.7228         nan    2.0194    31581447887.6758
  2388.857    5.7895    0.0000    6.7462         nan    1.9116    32381947049.7685
  2447.718    5.8269    0.0000    6.7680         nan    1.8031    33142240465.9008
  2506.580    5.8618    0.0000    6.7884         nan    1.6941    33861638292.5347
  2565.441    5.8942    0.0000    6.8074         nan    1.5846    34539506051.0619
  2624.302    5.9242    0.0000    6.8249         nan    1.4747    35175266258.3117
  2683.164    5.9517    0.0000    6.8410         nan    1.3646    35768401506.6971
  2742.025    5.9769    0.0000    6.8557         nan    1.2542    36318459779.3778
  2800.886    5.9998    0.0000    6.8692         nan    1.1438    36825063393.4963
  2859.748    6.0204    0.0000    6.8812         nan    1.0335    37287924144.1195
  2918.609    6.0388    0.0000    6.8920         nan    0.9238    37706869636.6490
  2977.471    6.0549    0.0000    6.9015         nan    0.8152    38081891079.3653
  3036.332    6.0688    0.0000    6.9096         nan    0.7087    38413235317.2639
  3095.193    6.0806    0.0000    6.9166         nan    0.6064    38701596542.2752
  3154.055    6.0902    0.0000    6.9222         nan    0.5133    38948559664.9011
  3212.916    6.0976    0.0000    6.9266         nan    0.4441    39157784308.0617
  3271.777    6.1030    0.0000    6.9297         nan    0.4578    39338906384.2420
  3330.639    6.1061    0.0000    6.9316         nan    1.0328    39525656704.5969
  3389.500    6.1072    0.0000    6.9322         nan    0.0000    39947048269.3668
