# Depth[km]  Vp[km/s]  Vs[km/s] Rho[g/cm3]    T[K]     g[m/s2]         P[Pa]        
     0.000    3.7845    2.2857    1.7818    273.1500    3.7291              0.0000
    12.536    3.7845    2.2857    1.7818    320.7712    3.7380       83292682.2533
    12.536    4.5932    2.7742    2.1626    320.7712    3.7380       83292682.2533
    27.996    4.5932    2.7742    2.1626    379.5091    3.7443      208271058.5564
    27.996    6.5183    3.9369    3.0690    379.5091    3.7443      208271058.5564
    47.592    6.5183    3.9369    3.0690    453.9583    3.7376      433451404.2539
    47.592    7.9504    4.5302    3.4843    453.9583    3.7376      433451404.2539
    57.362    7.9449    4.5224    3.4844    491.0738    3.7309      560679192.4903
    67.131    7.9391    4.5144    3.4844    528.1892    3.7243      687680828.9239
    76.900    7.9329    4.5061    3.4844    565.3047    3.7176      814454812.7443
    86.669    7.9266    4.4978    3.4843    602.4201    3.7110      941000393.4384
    96.439    7.9195    4.4892    3.4840    639.5356    3.7044     1067314576.3322
   106.208    7.9129    4.4808    3.4838    676.6510    3.6979     1193397084.0649
   115.977    7.9062    4.4723    3.4836    713.7665    3.6914     1319250001.3728
   125.747    7.8995    4.4639    3.4834    750.8820    3.6849     1444872606.4583
   135.516    7.8921    4.4551    3.4830    787.9974    3.6784     1570262693.7159
   145.285    7.8852    4.4466    3.4827    825.1129    3.6720     1695420096.9509
   155.055    7.8779    4.4380    3.4823    862.2283    3.6656     1820345436.1685
   164.824    7.8707    4.4294    3.4819    899.3438    3.6592     1945038028.7104
   174.593    7.8636    4.4209    3.4814    936.4592    3.6528     2069498546.3069
   184.362    7.8562    4.4123    3.4809    973.5747    3.6465     2193725920.3389
   194.132    7.8490    4.4037    3.4804   1010.6901    3.6403     2317719664.8460
   203.901    7.8423    4.3954    3.4799   1047.8056    3.6340     2441482992.3413
   213.670    7.8345    4.3866    3.4792   1084.9210    3.6278     2565014011.9743
   223.440    7.8271    4.3779    3.4787   1122.0365    3.6216     2688311641.1744
   233.209    7.8195    4.3692    3.4780   1159.1519    3.6155     2811378795.1836
   242.978    7.8126    4.3608    3.4775   1196.2674    3.6094     2934216418.6235
   252.748    7.8060    4.3526    3.4769   1233.3829    3.6033     3056825806.9133
   262.517    7.7986    4.3440    3.4761   1270.4983    3.5973     3179205845.7023
   272.286    7.7913    4.3354    3.4755   1307.6138    3.5913     3301358151.2571
   282.055    7.7845    4.3271    3.4749   1344.7292    3.5854     3423285672.8832
   291.825    7.7762    4.3181    3.4740   1381.8447    3.5795     3544984219.4135
   301.594    7.7695    4.3099    3.4734   1418.9601    3.5736     3666454992.7982
   311.363    7.7623    4.3013    3.4727   1456.0756    3.5678     3787703955.6159
   321.133    7.7560    4.2934    3.4720   1493.1910    3.5620     3908731760.0898
   330.902    7.7479    4.2845    3.4711   1530.3065    3.5562     4029535312.4954
   340.671    7.7412    4.2763    3.4704   1567.4219    3.5505     4150115987.7383
   350.441    7.7339    4.2677    3.4697   1604.5374    3.5449     4270479031.4453
   360.210    7.7261    4.2590    3.4687   1641.6528    3.5393     4390621668.0652
   369.979    7.7190    4.2505    3.4680   1678.7683    3.5337     4510545018.7582
   379.748    7.7110    4.2416    3.4671   1715.8838    3.5282     4630251464.1815
   389.518    7.7037    4.2331    3.4663   1752.9992    3.5227     4749741635.8650
   399.287    7.6963    4.2245    3.4655   1790.1147    3.5173     4869017532.2439
   409.056    7.6890    4.2159    3.4646   1827.2301    3.5119     4988080095.2989
   418.826    7.6812    4.2071    3.4637   1864.3456    3.5065     5106929580.6665
   428.595    7.6743    4.1987    3.4628   1901.4610    3.5012     5225567653.6035
   438.364    7.6653    4.1893    3.4619   1938.5765    3.4960     5343996482.3375
   461.446    7.6948    4.1984    3.4702   1943.1620    3.4837     5623685475.4714
   484.528    7.7216    4.2064    3.4783   1947.5729    3.4715     5903048242.6553
   507.610    7.7479    4.2143    3.4861   1951.8053    3.4594     6182068674.1200
   530.691    7.7738    4.2219    3.4941   1956.1185    3.4473     6460745364.4592
   553.773    7.7998    4.2298    3.5019   1960.3535    3.4354     6739080760.0443
   576.855    7.8241    4.2368    3.5095   1964.3775    3.4236     7017065099.3093
   599.937    7.8491    4.2442    3.5172   1968.4574    3.4119     7294696893.7110
   623.019    7.8732    4.2513    3.5246   1972.3484    3.4003     7571977912.5483
   646.100    7.8969    4.2582    3.5322   1976.3104    3.3889     7848907849.0823
   669.182    7.9207    4.2650    3.5397   1980.3168    3.3776     8125497352.0566
   692.264    7.9443    4.2719    3.5471   1984.0379    3.3665     8401747376.1987
   715.346    7.9676    4.2787    3.5544   1987.7088    3.3555     8677657123.6160
   738.427    7.9905    4.2853    3.5617   1991.3704    3.3447     8953233632.9024
   761.509    8.0149    4.2928    3.5693   1995.1461    3.3341     9228499550.4710
   784.591    8.0371    4.2989    3.5764   1998.6744    3.3237     9503458743.5220
   807.673    8.0598    4.3056    3.5836   2002.1550    3.3135     9778106076.7501
   830.755    8.0826    4.3124    3.5909   2005.6199    3.3034    10052461501.3431
   853.836    8.1053    4.3190    3.5981   2008.9799    3.2936    10326540217.4647
   876.918    8.1289    4.3264    3.6056   2012.3335    3.2840    10600363160.2270
   900.000    8.1518    4.3332    3.6130   2015.6556    3.2747    10873953136.7531
   916.857    8.1691    4.3386    3.6185   2018.0349    3.2680    11073542313.9574
   933.713    8.1867    4.3442    3.6241   2020.4232    3.2615    11273030321.7638
   950.570    8.2040    4.3497    3.6296   2022.8066    3.2551    11472426020.2876
   967.426    8.2238    4.3566    3.6359   2025.3079    3.2489    11671754403.6549
   984.283    8.2420    4.3626    3.6417   2027.6660    3.2428    11871031359.4475
  1001.139    8.2615    4.3694    3.6480   2030.0442    3.2368    12070264643.9460
  1017.996    8.2811    4.3765    3.6543   2032.3784    3.2310    12269475174.4905
  1034.852    8.3016    4.3839    3.6610   2034.7637    3.2253    12468682602.5525
  1051.709    8.3176    4.3888    3.6663   2036.9614    3.2198    12667867525.8536
  1068.565    8.3333    4.3934    3.6716   2039.1318    3.2145    12866999936.4569
  1085.422    8.3486    4.3978    3.6768   2041.3008    3.2094    13066087056.2029
  1102.278    8.4100    4.4337    3.6939   2047.9847    3.2044    13265462325.1154
  1119.135    8.5443    4.5191    3.7297   2061.1250    3.1993    13465955786.1007
  1135.991    8.7062    4.6232    3.7717   2078.3366    3.1939    13668226851.3328
  1152.848    8.8118    4.6889    3.7992   2085.5098    3.1883    13872028146.4169
  1169.704    8.8273    4.6932    3.8046   2087.9695    3.1828    14076357092.1829
  1186.561    8.8411    4.6972    3.8092   2090.3284    3.1774    14280600507.1114
  1203.417    8.8583    4.7018    3.8156   2092.7599    3.1723    14484794520.4926
  1220.274    8.8737    4.7061    3.8211   2095.1608    3.1674    14688975106.0117
  1237.131    8.8893    4.7105    3.8267   2097.5729    3.1627    14893136283.9345
  1253.987    8.9049    4.7149    3.8324   2099.9630    3.1583    15097297446.8784
  1270.844    8.9203    4.7192    3.8379   2102.3671    3.1541    15301470501.6678
  1287.700    8.9356    4.7235    3.8435   2104.7829    3.1501    15505667876.1163
  1304.557    8.9508    4.7278    3.8490   2107.2103    3.1464    15709905036.3380
  1321.413    8.9663    4.7324    3.8547   2109.5973    3.1430    15914201355.6168
  1338.270    8.9814    4.7367    3.8602   2111.9913    3.1399    16118572668.7204
  1355.126    8.9965    4.7411    3.8658   2114.4067    3.1371    16323034615.5426
  1371.983    9.0260    4.7546    3.8740   2118.4974    3.1346    16527678152.2483
  1388.839    9.0651    4.7744    3.8839   2124.3153    3.1323    16732634995.7049
  1405.696    9.1032    4.7937    3.8939   2129.7935    3.1303    16937968131.8190
  1422.552    9.1438    4.8147    3.9046   2135.7424    3.1286    17143715655.4496
  1439.409    9.1818    4.8345    3.9147   2141.6362    3.1272    17349899461.2918
  1456.265    9.2216    4.8557    3.9255   2147.4641    3.1260    17556539935.9959
  1473.122    9.2613    4.8771    3.9363   2153.7784    3.1252    17763675616.6136
  1489.978    9.3001    4.8981    3.9471   2160.2420    3.1247    17971325744.6986
  1506.835    9.3252    4.9102    3.9549   2163.5358    3.1245    18179430043.2729
  1523.692    9.3394    4.9148    3.9602   2165.8426    3.1248    18387868367.3921
  1540.548    9.3530    4.9191    3.9651   2168.0442    3.1255    18596593165.7699
  1557.405    9.3668    4.9236    3.9702   2170.2819    3.1267    18805629465.1835
  1557.405    4.5005    0.0000    4.0023         nan    3.1267    18805629465.1835
  1570.897    4.5140    0.0000    4.0079         nan    3.1276    18974595230.5574
  1584.390    4.5276    0.0000    4.0134         nan    3.1288    19143842602.7801
  1597.883    4.5412    0.0000    4.0189         nan    3.1303    19313387843.1682
  1611.376    4.5548    0.0000    4.0244         nan    3.1321    19483247818.9295
  1624.869    4.5681    0.0000    4.0298         nan    3.1343    19653438109.2065
  1638.362    4.5810    0.0000    4.0350         nan    3.1368    19823970853.4222
  1651.855    4.5938    0.0000    4.0403         nan    3.1396    19994860865.3373
  1665.348    4.6066    0.0000    4.0455         nan    3.1428    20166127839.4651
  1678.841    4.6195    0.0000    4.0507         nan    3.1464    20337792204.7287
  1678.841    5.3378    0.0000    6.3438         nan    3.1464    20337792204.7287
  1737.829    5.3921    0.0000    6.3841         nan    3.0490    21518963420.1518
  1796.817    5.4438    0.0000    6.4227         nan    2.9503    22670640219.8739
  1855.805    5.4929    0.0000    6.4595         nan    2.8505    23791611579.5677
  1914.794    5.5396    0.0000    6.4946         nan    2.7497    24880721349.3578
  1973.782    5.5839    0.0000    6.5281         nan    2.6479    25936866800.1991
  2032.770    5.6260    0.0000    6.5599         nan    2.5451    26958997465.7547
  2091.758    5.6658    0.0000    6.5902         nan    2.4414    27946114260.1364
  2150.747    5.7036    0.0000    6.6190         nan    2.3369    28897268875.3451
  2209.735    5.7393    0.0000    6.6462         nan    2.2316    29811563471.2340
  2268.723    5.7729    0.0000    6.6720         nan    2.1256    30688150693.9215
  2327.711    5.8046    0.0000    6.6963         nan    2.0189    31526234084.6528
  2386.700    5.8344    0.0000    6.7192         nan    1.9116    32325068978.0233
  2445.688    5.8622    0.0000    6.7406         nan    1.8039    33083964048.0888
  2504.676    5.8883    0.0000    6.7607         nan    1.6957    33802283746.3542
  2563.664    5.9125    0.0000    6.7794         nan    1.5871    34479452021.1483
  2622.653    5.9349    0.0000    6.7968         nan    1.4783    35114957941.0219
  2681.641    5.9556    0.0000    6.8128         nan    1.3695    35708364247.1568
  2740.629    5.9745    0.0000    6.8275         nan    1.2608    36259320578.7805
  2799.617    5.9917    0.0000    6.8409         nan    1.1525    36767584438.3799
  2858.606    6.0072    0.0000    6.8530         nan    1.0450    37233055536.1227
  2917.594    6.0210    0.0000    6.8637         nan    0.9391    37655834428.5219
  2976.582    6.0332    0.0000    6.8732         nan    0.8359    38036327906.9453
  3035.570    6.0438    0.0000    6.8815         nan    0.7377    38375450921.3486
  3094.559    6.0526    0.0000    6.8884         nan    0.6490    38675046168.9910
  3153.547    6.0599    0.0000    6.8941         nan    0.5807    38938853425.7472
  3212.535    6.0655    0.0000    6.8985         nan    0.5649    39175096950.9657
  3271.523    6.0696    0.0000    6.9016         nan    0.7304    39405010406.1465
  3330.512    6.0720    0.0000    6.9035         nan    2.1249    39702424272.6923
  3389.500    6.0728    0.0000    6.9041         nan    0.0000    40567790668.5419
