# Depth[km]  Vp[km/s]  Vs[km/s] Rho[g/cm3]    T[K]     g[m/s2]         P[Pa]        
     0.000    3.3973    1.9944    1.5169    273.1500    3.7291              0.0000
     9.636    3.3973    1.9944    1.5169    309.2247    3.7381       54506230.4545
     9.636    5.0132    2.9430    2.2384    309.2247    3.7381       54506230.4545
    27.400    5.0132    2.9430    2.2384    375.7366    3.7442      203142154.9838
    27.400    6.7155    3.9423    2.9984    375.7366    3.7442      203142154.9838
    43.524    6.7155    3.9423    2.9984    436.1092    3.7396      384162638.2336
    43.524    7.9536    4.5341    3.4845    436.1092    3.7396      384162638.2336
    53.370    7.9486    4.5265    3.4846    472.9742    3.7328      512461732.3336
    63.216    7.9432    4.5187    3.4847    509.8392    3.7261      640534186.0516
    73.061    7.9374    4.5107    3.4848    546.7041    3.7194      768378358.4109
    82.907    7.9313    4.5025    3.4847    583.5691    3.7127      895992371.0567
    92.753    7.9251    4.4943    3.4847    620.4341    3.7061     1023375324.1876
   102.599    7.9181    4.4857    3.4845    657.2991    3.6994     1150524853.8455
   112.445    7.9117    4.4774    3.4843    694.1641    3.6928     1277440527.8001
   122.291    7.9053    4.4690    3.4842    731.0291    3.6863     1404124853.0912
   132.137    7.8981    4.4604    3.4838    767.8940    3.6797     1530575088.3824
   141.982    7.8916    4.4521    3.4836    804.7590    3.6732     1656790981.7441
   151.828    7.8850    4.4438    3.4834    841.6240    3.6667     1782775068.2352
   161.674    7.8775    4.4350    3.4829    878.4890    3.6603     1908523777.7426
   171.520    7.8705    4.4266    3.4825    915.3540    3.6539     2034036057.0255
   181.366    7.8641    4.4184    3.4822    952.2189    3.6475     2159315736.8909
   191.212    7.8568    4.4098    3.4817    989.0839    3.6411     2284362280.4732
   201.057    7.8499    4.4014    3.4812   1025.9489    3.6348     2409173733.8976
   210.903    7.8432    4.3931    3.4807   1062.8139    3.6286     2533751208.9889
   220.749    7.8359    4.3845    3.4802   1099.6789    3.6223     2658094800.2936
   230.595    7.8288    4.3760    3.4797   1136.5439    3.6161     2782205243.7823
   240.441    7.8216    4.3675    3.4791   1173.4088    3.6099     2906083833.9266
   250.287    7.8152    4.3594    3.4786   1210.2738    3.6038     3029731747.6355
   260.133    7.8078    4.3508    3.4779   1247.1388    3.5977     3153148670.8939
   269.978    7.8010    4.3424    3.4774   1284.0038    3.5916     3276335099.9728
   279.824    7.7944    4.3342    3.4768   1320.8688    3.5856     3399293616.2481
   289.670    7.7874    4.3258    3.4762   1357.7337    3.5796     3522025637.9188
   299.516    7.7807    4.3175    3.4756   1394.5987    3.5737     3644531403.4232
   309.362    7.7730    4.3089    3.4748   1431.4637    3.5678     3766808168.6896
   319.208    7.7665    4.3007    3.4742   1468.3287    3.5619     3888857890.2139
   329.053    7.7597    4.2925    3.4735   1505.1937    3.5561     4010685325.3621
   338.899    7.7523    4.2840    3.4728   1542.0587    3.5503     4132288832.1216
   348.745    7.7457    4.2758    3.4721   1578.9236    3.5445     4253669280.2253
   358.591    7.7384    4.2672    3.4714   1615.7886    3.5388     4374829520.0895
   368.437    7.7312    4.2588    3.4706   1652.6536    3.5332     4495768164.2568
   378.283    7.7243    4.2504    3.4699   1689.5186    3.5276     4616487620.1628
   388.129    7.7176    4.2421    3.4692   1726.3836    3.5220     4736992067.4000
   397.974    7.7095    4.2333    3.4683   1763.2485    3.5165     4857278767.8875
   407.820    7.7029    4.2250    3.4676   1800.1135    3.5110     4977348916.0345
   417.666    7.6955    4.2165    3.4667   1836.9785    3.5056     5097205308.7834
   427.512    7.6883    4.2078    3.4660   1873.8435    3.5002     5216849249.9572
   437.358    7.6803    4.1990    3.4650   1910.7085    3.4949     5336280632.8869
   460.490    7.7084    4.2075    3.4732   1915.1171    3.4825     5616740945.9251
   483.622    7.7355    4.2157    3.4813   1919.4929    3.4702     5896860191.3747
   506.754    7.7624    4.2238    3.4893   1923.7627    3.4579     6176631812.1185
   529.886    7.7883    4.2314    3.4972   1928.0147    3.4458     6456051123.2538
   553.018    7.8130    4.2387    3.5048   1932.0191    3.4337     6735108658.7407
   576.150    7.8383    4.2462    3.5126   1936.0837    3.4218     7013801183.2875
   599.283    7.8626    4.2533    3.5201   1939.9560    3.4100     7292128451.4694
   622.415    7.8867    4.2603    3.5277   1943.9133    3.3983     7570090205.5951
   645.547    7.9110    4.2674    3.5353   1947.9141    3.3867     7847696170.2969
   668.679    7.9346    4.2743    3.5427   1951.6246    3.3753     8124945405.2324
   691.811    7.9578    4.2810    3.5500   1955.3096    3.3640     8401835518.6932
   714.943    7.9808    4.2876    3.5573   1958.9368    3.3529     8678371824.3299
   738.075    8.0048    4.2947    3.5648   1962.7063    3.3420     8954568959.3632
   761.207    8.0275    4.3013    3.5720   1966.1830    3.3312     9230431227.9973
   784.339    8.0503    4.3078    3.5793   1969.6904    3.3207     9505963277.0043
   807.472    8.0739    4.3151    3.5867   1973.1108    3.3103     9781186058.0708
   830.604    8.0957    4.3212    3.5937   1976.4418    3.3001    10056099809.5536
   853.736    8.1193    4.3284    3.6012   1979.8098    3.2902    10330722190.4253
   876.868    8.1424    4.3355    3.6085   1983.0667    3.2805    10605080141.5932
   900.000    8.1654    4.3424    3.6159   1986.3538    3.2710    10879187041.3130
   916.844    8.1830    4.3480    3.6214   1988.6794    3.2642    11078559591.8898
   933.688    8.1995    4.3530    3.6267   1990.9865    3.2576    11277817468.5427
   950.532    8.2190    4.3597    3.6328   1993.4606    3.2511    11476984461.5198
   967.375    8.2374    4.3658    3.6388   1995.7938    3.2448    11676085243.1134
   984.219    8.2555    4.3719    3.6446   1998.0996    3.2386    11875118790.6072
  1001.063    8.2745    4.3784    3.6507   2000.4126    3.2325    12074096674.5272
  1017.907    8.2944    4.3856    3.6571   2002.6757    3.2266    12273042370.7299
  1034.751    8.3146    4.3931    3.6637   2004.9924    3.2208    12471977497.2861
  1051.595    8.3304    4.3978    3.6690   2007.1651    3.2152    12670880359.7734
  1068.438    8.3460    4.4023    3.6742   2009.2901    3.2098    12869723081.6422
  1085.282    8.3618    4.4071    3.6795   2011.3829    3.2046    13068516067.2538
  1102.126    8.4754    4.4785    3.7103   2022.8183    3.1994    13267959936.6878
  1118.970    8.6196    4.5708    3.7484   2036.6256    3.1940    13468935741.0353
  1135.814    8.8025    4.6890    3.7952   2052.5882    3.1882    13671854651.0550
  1152.658    8.8253    4.6986    3.8024   2055.3001    3.1823    13875856585.8723
  1169.501    8.8406    4.7029    3.8077   2057.6643    3.1766    14079817891.6899
  1186.345    8.8561    4.7071    3.8132   2060.0070    3.1712    14283704549.2895
  1203.189    8.8717    4.7115    3.8188   2062.3610    3.1659    14487534670.3854
  1220.033    8.8871    4.7157    3.8243   2064.7081    3.1608    14691321799.2943
  1236.877    8.9025    4.7200    3.8298   2067.0643    3.1560    14895077186.0120
  1253.721    8.9179    4.7243    3.8354   2069.4023    3.1514    15098814776.6178
  1270.565    8.9334    4.7287    3.8411   2071.8043    3.1470    15302554609.5580
  1287.408    8.9487    4.7330    3.8467   2074.1473    3.1429    15506311583.2317
  1304.252    8.9639    4.7374    3.8522   2076.5019    3.1391    15710095297.3963
  1321.096    8.9794    4.7418    3.8579   2078.8720    3.1355    15913928108.7187
  1337.940    8.9944    4.7461    3.8634   2081.2488    3.1322    16117826908.1018
  1354.784    9.0225    4.7586    3.8713   2085.3970    3.1292    16321865337.6794
  1371.628    9.0619    4.7784    3.8814   2090.8118    3.1264    16526180191.2408
  1388.471    9.1008    4.7982    3.8914   2096.4045    3.1239    16730843001.6908
  1405.315    9.1401    4.8183    3.9019   2101.9982    3.1217    16935880601.5070
  1422.159    9.1791    4.8387    3.9122   2107.6870    3.1197    17141316074.7108
  1439.003    9.2177    4.8589    3.9227   2113.6984    3.1180    17347168157.4271
  1455.847    9.2566    4.8797    3.9333   2119.5975    3.1166    17553463133.4823
  1472.691    9.2974    4.9020    3.9446   2125.8547    3.1154    17760238978.2778
  1489.534    9.3244    4.9152    3.9529   2129.6514    3.1146    17967454096.6140
  1506.378    9.3382    4.9195    3.9580   2131.8628    3.1142    18174966294.9189
  1523.222    9.3520    4.9239    3.9631   2134.0675    3.1142    18382717605.3529
  1540.066    9.3659    4.9284    3.9682   2136.2739    3.1147    18590739508.3729
  1556.910    9.3792    4.9326    3.9731   2138.4242    3.1156    18799054445.1209
  1556.910    5.2690    0.0000    3.9965         nan    3.1156    18799054445.1209
  1573.693    5.2800    0.0000    4.0015         nan    3.1167    19008166762.4693
  1590.477    5.2911    0.0000    4.0065         nan    3.1182    19217609339.0239
  1607.261    5.3021    0.0000    4.0114         nan    3.1202    19427415078.5576
  1624.044    5.3129    0.0000    4.0164         nan    3.1228    19637617025.5880
  1640.828    5.3235    0.0000    4.0211         nan    3.1259    19848245493.8290
  1657.611    5.3340    0.0000    4.0259         nan    3.1296    20059333790.6480
  1674.395    5.3445    0.0000    4.0306         nan    3.1339    20270921241.9821
  1691.178    5.3547    0.0000    4.0353         nan    3.1388    20483046362.6918
  1707.962    5.3648    0.0000    4.0398         nan    3.1444    20695746643.7912
  1707.962    5.1643    0.0000    6.4477         nan    3.1444    20695746643.7912
  1765.946    5.2388    0.0000    6.4906         nan    3.0470    21875224040.1895
  1823.930    5.3092    0.0000    6.5313         nan    2.9484    23025558333.5379
  1881.914    5.3757    0.0000    6.5698         nan    2.8485    24145427560.7578
  1939.898    5.4387    0.0000    6.6064         nan    2.7476    25233583674.1921
  1997.882    5.4982    0.0000    6.6410         nan    2.6456    26288848010.9102
  2055.866    5.5544    0.0000    6.6737         nan    2.5426    27310107477.6218
  2113.851    5.6075    0.0000    6.7047         nan    2.4387    28296311329.8338
  2171.835    5.6575    0.0000    6.7340         nan    2.3339    29246468463.7778
  2229.819    5.7047    0.0000    6.7616         nan    2.2283    30159645161.6505
  2287.803    5.7491    0.0000    6.7876         nan    2.1219    31034963251.0916
  2345.787    5.7907    0.0000    6.8121         nan    2.0148    31871598665.9378
  2403.771    5.8297    0.0000    6.8350         nan    1.9071    32668780415.6418
  2461.755    5.8662    0.0000    6.8565         nan    1.7988    33425790003.0013
  2519.739    5.9002    0.0000    6.8765         nan    1.6899    34141961375.7172
  2577.723    5.9317    0.0000    6.8951         nan    1.5806    34816681558.6588
  2635.707    5.9609    0.0000    6.9123         nan    1.4708    35449392221.3859
  2693.691    5.9878    0.0000    6.9282         nan    1.3608    36039592613.5030
  2751.675    6.0123    0.0000    6.9427         nan    1.2506    36586844609.0691
  2809.659    6.0346    0.0000    6.9559         nan    1.1404    37090781179.9268
  2867.643    6.0547    0.0000    6.9678         nan    1.0303    37551120731.5298
  2925.627    6.0726    0.0000    6.9784         nan    0.9207    37967692019.2433
  2983.612    6.0883    0.0000    6.9877         nan    0.8121    38340479361.3937
  3041.596    6.1019    0.0000    6.9957         nan    0.7055    38669709696.7460
  3099.580    6.1134    0.0000    7.0025         nan    0.6029    38956033920.5643
  3157.564    6.1227    0.0000    7.0081         nan    0.5091    39200946255.9780
  3215.548    6.1300    0.0000    7.0124         nan    0.4380    39407904149.4630
  3273.532    6.1352    0.0000    7.0155         nan    0.4453    39586018619.8862
  3331.516    6.1383    0.0000    7.0173         nan    0.9851    39767191940.8363
  3389.500    6.1393    0.0000    7.0179         nan    0.0000    40168037075.6536
