# Depth[km]  Vp[km/s]  Vs[km/s] Rho[g/cm3]    T[K]     g[m/s2]         P[Pa]        
     0.000    3.8085    2.2777    1.7697    273.1500    3.7291              0.0000
    12.971    3.8085    2.2777    1.7697    321.3070    3.7385       85601398.8034
    12.971    4.6377    2.7736    2.1550    321.3070    3.7385       85601398.8034
    27.311    4.6377    2.7736    2.1550    374.5492    3.7444      201127243.4321
    27.311    6.3022    3.7691    2.9285    374.5492    3.7444      201127243.4321
    46.789    6.3022    3.7691    2.9285    446.8703    3.7400      414710838.3042
    46.789    7.9528    4.5321    3.4847    446.8703    3.7400      414710838.3042
    56.519    7.9478    4.5246    3.4849    482.9982    3.7334      541527456.7258
    66.249    7.9425    4.5169    3.4850    519.1261    3.7267      668123558.9626
    75.979    7.9369    4.5091    3.4850    555.2539    3.7201      794497783.0318
    85.710    7.9310    4.5010    3.4850    591.3818    3.7136      920648809.8025
    95.440    7.9244    4.4927    3.4849    627.5097    3.7070     1046573362.6649
   105.170    7.9183    4.4846    3.4848    663.6375    3.7005     1172271407.8356
   114.900    7.9122    4.4765    3.4847    699.7654    3.6940     1297744883.5403
   124.631    7.9059    4.4684    3.4846    735.8932    3.6875     1422993685.9242
   134.361    7.8990    4.4600    3.4843    772.0211    3.6811     1548015655.4409
   144.091    7.8927    4.4519    3.4841    808.1490    3.6747     1672810659.2132
   153.821    7.8863    4.4437    3.4839    844.2768    3.6683     1797380838.2059
   163.552    7.8790    4.4352    3.4834    880.4047    3.6619     1921722804.7155
   173.282    7.8728    4.4272    3.4832    916.5326    3.6556     2045837404.3730
   183.012    7.8661    4.4189    3.4828    952.6604    3.6493     2169726407.9376
   192.742    7.8591    4.4105    3.4823    988.7883    3.6430     2293387304.4108
   202.472    7.8524    4.4024    3.4819   1024.9161    3.6368     2416820638.1990
   212.203    7.8462    4.3943    3.4815   1061.0440    3.6306     2540028837.3241
   221.933    7.8389    4.3859    3.4809   1097.1719    3.6245     2663009699.7976
   231.663    7.8321    4.3776    3.4805   1133.2997    3.6184     2785763050.1849
   241.393    7.8250    4.3692    3.4799   1169.4276    3.6123     2908291900.3970
   251.124    7.8187    4.3612    3.4795   1205.5554    3.6062     3030597189.8971
   260.854    7.8123    4.3532    3.4789   1241.6833    3.6002     3152679875.5094
   270.584    7.8054    4.3450    3.4783   1277.8112    3.5942     3274538390.7568
   280.314    7.7983    4.3365    3.4778   1313.9390    3.5883     3396174528.8673
   290.045    7.7919    4.3285    3.4773   1350.0669    3.5824     3517591293.8742
   299.775    7.7855    4.3204    3.4767   1386.1948    3.5765     3638788832.2924
   309.505    7.7783    4.3121    3.4760   1422.3226    3.5707     3759765608.4318
   319.235    7.7721    4.3042    3.4754   1458.4505    3.5649     3880522745.9916
   328.965    7.7656    4.2962    3.4748   1494.5783    3.5591     4001064126.1321
   338.696    7.7592    4.2882    3.4742   1530.7062    3.5534     4121391366.4456
   348.426    7.7513    4.2795    3.4734   1566.8341    3.5478     4241501446.6242
   358.156    7.7450    4.2715    3.4728   1602.9619    3.5422     4361395320.2020
   367.886    7.7383    4.2633    3.4722   1639.0898    3.5366     4481077877.7382
   377.617    7.7314    4.2551    3.4714   1675.2176    3.5310     4600547475.0005
   387.347    7.7249    4.2470    3.4707   1711.3455    3.5255     4719805462.7868
   397.077    7.7172    4.2384    3.4699   1747.4734    3.5201     4838851884.5249
   406.807    7.7103    4.2302    3.4692   1783.6012    3.5147     4957688160.5672
   416.538    7.7044    4.2223    3.4686   1819.7291    3.5093     5076320064.2610
   426.268    7.6964    4.2135    3.4677   1855.8570    3.5040     5194745501.9824
   435.998    7.6901    4.2055    3.4670   1891.9848    3.4988     5312965328.8069
   459.198    7.7178    4.2138    3.4752   1896.4163    3.4863     5594721146.1472
   482.398    7.7444    4.2218    3.4832   1900.6152    3.4739     5876127301.0143
   505.598    7.7704    4.2294    3.4911   1904.8092    3.4616     6157175280.6837
   528.798    7.7966    4.2373    3.4990   1908.9388    3.4495     6437864057.5605
   551.999    7.8213    4.2445    3.5067   1912.9084    3.4374     6718187957.4272
   575.199    7.8468    4.2520    3.5144   1916.9566    3.4254     6998145082.7373
   598.399    7.8711    4.2591    3.5220   1920.9348    3.4136     7277737441.5384
   621.599    7.8958    4.2664    3.5297   1924.9277    3.4018     7556968350.8074
   644.799    7.9196    4.2733    3.5371   1928.6478    3.3903     7835836517.4975
   667.999    7.9432    4.2802    3.5445   1932.3238    3.3788     8114337969.2676
   691.199    7.9665    4.2869    3.5519   1936.0146    3.3675     8392478266.8138
   714.399    7.9905    4.2940    3.5594   1939.7434    3.3564     8670269793.1514
   737.599    8.0138    4.3009    3.5667   1943.2486    3.3455     8947719346.5420
   760.799    8.0358    4.3069    3.5738   1946.8277    3.3347     9224821897.7814
   784.000    8.0594    4.3140    3.5812   1950.2101    3.3241     9501593824.2229
   807.200    8.0830    4.3213    3.5886   1953.5427    3.3137     9778057870.4041
   830.400    8.1051    4.3275    3.5957   1956.9042    3.3035    10054215728.6449
   853.600    8.1283    4.3345    3.6030   1960.1826    3.2936    10330078856.7203
   876.800    8.1512    4.3414    3.6104   1963.4637    3.2838    10605670605.7343
   900.000    8.1743    4.3484    3.6177   1966.6833    3.2744    10881006974.7930
   916.964    8.1919    4.3540    3.6233   1968.9906    3.2676    11082111598.5375
   933.928    8.2087    4.3591    3.6287   1971.3130    3.2609    11283105029.9756
   950.892    8.2286    4.3661    3.6349   1973.7497    3.2544    11484010768.1290
   967.856    8.2471    4.3723    3.6409   1976.0931    3.2481    11684852140.6389
   984.820    8.2649    4.3781    3.6466   1978.3390    3.2418    11885622038.0301
  1001.784    8.2841    4.3847    3.6528   1980.6156    3.2358    12086334530.7945
  1018.748    8.3039    4.3918    3.6592   1982.8725    3.2298    12287017910.8770
  1035.712    8.3242    4.3993    3.6658   1985.1819    3.2241    12487691750.3511
  1052.676    8.3401    4.4040    3.6712   1987.3309    3.2185    12688333906.1837
  1069.640    8.3558    4.4087    3.6764   1989.4251    3.2131    12888916057.9752
  1086.604    8.4038    4.4354    3.6901   1994.8283    3.2078    13089678335.6742
  1103.568    8.5337    4.5180    3.7251   2007.2181    3.2024    13291435149.8213
  1120.532    8.6865    4.6158    3.7652   2023.3145    3.1968    13494893274.9462
  1137.496    8.8191    4.7000    3.7994   2033.0362    3.1909    13700009495.8400
  1154.460    8.8359    4.7057    3.8050   2035.3285    3.1851    13905825551.4907
  1171.424    8.8511    4.7098    3.8103   2037.5596    3.1794    14111557664.3489
  1188.388    8.8671    4.7142    3.8161   2039.9231    3.1739    14317222937.9387
  1205.352    8.8827    4.7184    3.8217   2042.2520    3.1686    14522838456.2695
  1222.316    8.8981    4.7227    3.8272   2044.6147    3.1636    14728411920.0577
  1239.280    8.9136    4.7270    3.8328   2046.9343    3.1588    14933956485.5901
  1256.244    8.9293    4.7315    3.8385   2049.2852    3.1542    15139491195.2502
  1273.208    8.9448    4.7358    3.8442   2051.6428    3.1499    15345033591.2298
  1290.172    8.9600    4.7401    3.8497   2053.9837    3.1458    15550591973.7426
  1307.136    8.9757    4.7446    3.8555   2056.3546    3.1420    15756187312.4838
  1324.100    8.9909    4.7489    3.8611   2058.7170    3.1385    15961839146.9075
  1341.064    9.0161    4.7595    3.8685   2062.1737    3.1352    16167606969.0168
  1358.028    9.0548    4.7788    3.8784   2067.6860    3.1323    16373621591.4892
  1374.992    9.0945    4.7989    3.8886   2073.2157    3.1295    16579972770.5456
  1391.956    9.1343    4.8193    3.8990   2078.8968    3.1270    16786689284.1895
  1408.920    9.1724    4.8389    3.9092   2084.4287    3.1248    16993787994.0814
  1425.884    9.2124    4.8600    3.9199   2090.3076    3.1228    17201294841.1495
  1442.848    9.2518    4.8809    3.9308   2096.0418    3.1212    17409245183.9402
  1459.812    9.2905    4.9017    3.9416   2102.5351    3.1198    17617656444.7818
  1476.776    9.3222    4.9179    3.9509   2106.7814    3.1187    17826506364.9170
  1493.740    9.3362    4.9223    3.9561   2109.0156    3.1180    18035669810.9380
  1510.704    9.3502    4.9268    3.9612   2111.1693    3.1177    18245059452.0661
  1527.668    9.3642    4.9312    3.9665   2113.3730    3.1179    18454705137.2945
  1544.632    9.3782    4.9358    3.9716   2115.5061    3.1185    18664636376.4783
  1561.596    9.3918    4.9403    3.9767   2117.7179    3.1196    18874878189.0439
  1561.596    4.8613    0.0000    4.0463         nan    3.1196    18874878189.0439
  1574.995    4.8711    0.0000    4.0511         nan    3.1200    19044114123.2799
  1588.394    4.8808    0.0000    4.0559         nan    3.1207    19213572156.5871
  1601.793    4.8906    0.0000    4.0607         nan    3.1217    19383268365.7137
  1615.192    4.9003    0.0000    4.0654         nan    3.1230    19553219410.9264
  1628.592    4.9099    0.0000    4.0702         nan    3.1247    19723441240.3694
  1641.991    4.9192    0.0000    4.0747         nan    3.1267    19893947310.8722
  1655.390    4.9285    0.0000    4.0793         nan    3.1290    20064753110.3293
  1668.789    4.9378    0.0000    4.0839         nan    3.1317    20235877988.1192
  1682.188    4.9471    0.0000    4.0884         nan    3.1348    20407341999.9126
  1682.188    5.1963    0.0000    6.3302         nan    3.1348    20407341999.9126
  1741.061    5.2720    0.0000    6.3723         nan    3.0377    21579474227.3706
  1799.934    5.3437    0.0000    6.4122         nan    2.9394    22722655143.1435
  1858.807    5.4113    0.0000    6.4500         nan    2.8400    23835571577.1200
  1917.680    5.4753    0.0000    6.4858         nan    2.7394    24916984811.6755
  1976.552    5.5358    0.0000    6.5197         nan    2.6378    25965726005.7593
  2035.425    5.5929    0.0000    6.5518         nan    2.5352    26980692365.1093
  2094.298    5.6469    0.0000    6.5822         nan    2.4317    27960843945.4694
  2153.171    5.6977    0.0000    6.6109         nan    2.3273    28905201003.6607
  2212.044    5.7456    0.0000    6.6379         nan    2.2221    29812841848.5979
  2270.916    5.7907    0.0000    6.6634         nan    2.1162    30682901160.7228
  2329.789    5.8330    0.0000    6.6873         nan    2.0096    31514568783.7974
  2388.662    5.8726    0.0000    6.7098         nan    1.9024    32307089022.2568
  2447.535    5.9097    0.0000    6.7308         nan    1.7946    33059760519.9975
  2506.408    5.9442    0.0000    6.7504         nan    1.6864    33771936864.7698
  2565.281    5.9762    0.0000    6.7686         nan    1.5777    34443028155.1870
  2624.153    6.0058    0.0000    6.7855         nan    1.4687    35072503928.1152
  2683.026    6.0330    0.0000    6.8010         nan    1.3595    35659898113.4959
  2741.899    6.0580    0.0000    6.8152         nan    1.2503    36204817158.9349
  2800.772    6.0806    0.0000    6.8281         nan    1.1412    36706953343.9457
  2859.645    6.1010    0.0000    6.8397         nan    1.0326    37166107006.7860
  2918.517    6.1191    0.0000    6.8501         nan    0.9249    37582224896.6141
  2977.390    6.1351    0.0000    6.8592         nan    0.8189    37955469497.2365
  3036.263    6.1489    0.0000    6.8671         nan    0.7161    38286352244.8483
  3095.136    6.1605    0.0000    6.8737         nan    0.6196    38576010747.4006
  3154.009    6.1700    0.0000    6.8791         nan    0.5366    38826849628.1715
  3212.882    6.1774    0.0000    6.8833         nan    0.4884    39044251551.5153
  3271.754    6.1827    0.0000    6.8864         nan    0.5606    39242215172.0620
  3330.627    6.1858    0.0000    6.8882         nan    1.4490    39469536899.9041
  3389.500    6.1869    0.0000    6.8888         nan    0.0000    40057179486.0784
