# Depth[km]  Vp[km/s]  Vs[km/s] Rho[g/cm3]    T[K]     g[m/s2]         P[Pa]        
     0.000    3.5345    2.1141    1.6115    273.1500    3.7291              0.0000
    11.261    3.5345    2.1141    1.6115    321.2051    3.7387       67671043.2700
    11.261    4.5325    2.7110    2.0665    321.2051    3.7387       67671043.2700
    23.607    4.5325    2.7110    2.0665    373.8969    3.7447      163058003.2786
    23.607    5.0918    3.0455    2.3215    373.8969    3.7447      163058003.2786
    43.733    5.0918    3.0455    2.3215    459.7908    3.7505      338018236.0202
    43.733    7.9947    4.5423    3.5182    459.7908    3.7505      338018236.0202
    53.149    7.9858    4.5319    3.5177    499.9796    3.7438      462260568.4575
    62.566    7.9767    4.5214    3.5170    540.1684    3.7372      586261504.1797
    71.983    7.9672    4.5108    3.5163    580.3571    3.7306      710019658.4885
    81.399    7.9570    4.4998    3.5155    620.5459    3.7240      833532646.3859
    90.816    7.9474    4.4892    3.5148    660.7347    3.7174      956801065.3739
   100.232    7.9374    4.4786    3.5140    700.9234    3.7109     1079826028.4545
   109.649    7.9272    4.4678    3.5131    741.1122    3.7044     1202605707.8690
   119.066    7.9171    4.4572    3.5123    781.3010    3.6980     1325140736.1227
   128.482    7.9068    4.4466    3.5113    821.4897    3.6915     1447430921.4909
   137.899    7.8963    4.4359    3.5104    861.6785    3.6851     1569475189.0855
   147.316    7.8858    4.4253    3.5094    901.8673    3.6788     1691273853.7356
   156.732    7.8757    4.4149    3.5084    942.0561    3.6725     1812828395.2409
   166.149    7.8644    4.4040    3.5072    982.2448    3.6662     1934136610.3648
   175.565    7.8542    4.3936    3.5062   1022.4336    3.6599     2055198234.7059
   184.982    7.8441    4.3834    3.5052   1062.6224    3.6537     2176017336.8729
   194.399    7.8331    4.3725    3.5040   1102.8111    3.6475     2296593033.5090
   203.815    7.8230    4.3625    3.5029   1142.9999    3.6413     2416926064.0467
   213.232    7.8119    4.3518    3.5017   1183.1887    3.6352     2537016108.8335
   222.649    7.8017    4.3416    3.5005   1223.3774    3.6291     2656863298.8468
   232.065    7.7907    4.3310    3.4994   1263.5662    3.6231     2776470336.1159
   241.482    7.7805    4.3207    3.4982   1303.7550    3.6171     2895838321.3303
   250.898    7.7704    4.3106    3.4969   1343.9437    3.6111     3014965869.8544
   260.315    7.7602    4.3004    3.4957   1384.1325    3.6052     3133853566.8191
   269.732    7.7499    4.2903    3.4943   1424.3213    3.5993     3252503316.4456
   279.148    7.7387    4.2794    3.4931   1464.5100    3.5934     3370916361.1525
   288.565    7.7292    4.2698    3.4918   1504.6988    3.5876     3489093058.5779
   297.982    7.7186    4.2594    3.4904   1544.8876    3.5818     3607033304.9886
   307.398    7.7086    4.2494    3.4892   1585.0764    3.5761     3724740942.2292
   316.815    7.6978    4.2390    3.4878   1625.2651    3.5704     3842216385.8941
   326.231    7.6870    4.2286    3.4864   1665.4539    3.5648     3959458496.9439
   335.648    7.6762    4.2181    3.4851   1705.6427    3.5592     4076469184.9041
   345.065    7.6652    4.2074    3.4836   1745.8314    3.5536     4193248539.8678
   354.481    7.6548    4.1973    3.4822   1786.0202    3.5481     4309797677.0409
   363.898    7.6439    4.1868    3.4808   1826.2090    3.5427     4426119316.0104
   373.314    7.6331    4.1764    3.4794   1866.3977    3.5373     4542214397.2789
   382.731    7.6222    4.1659    3.4779   1906.5865    3.5319     4658084034.7020
   392.148    7.6116    4.1555    3.4765   1946.7753    3.5266     4773730603.5596
   401.564    7.6007    4.1449    3.4750   1986.9640    3.5213     4889155366.0138
   410.981    7.5898    4.1344    3.4735   2027.1528    3.5161     5004357905.7520
   420.398    7.5795    4.1241    3.4719   2067.3416    3.5109     5119338277.2794
   444.378    7.6103    4.1337    3.4810   2072.7536    3.4978     5412029738.9505
   468.358    7.6412    4.1434    3.4900   2077.9761    3.4848     5704387513.3256
   492.338    7.6705    4.1526    3.4987   2083.0325    3.4719     5996395408.9212
   516.318    7.6997    4.1619    3.5073   2087.9656    3.4590     6288039130.4845
   540.298    7.7275    4.1707    3.5158   2092.7257    3.4463     6579311708.6647
   564.278    7.7543    4.1789    3.5241   2097.3692    3.4336     6870206482.9498
   588.258    7.7817    4.1875    3.5325   2102.0456    3.4211     7160721503.2744
   612.239    7.8071    4.1953    3.5405   2106.5162    3.4087     7450848615.1234
   636.219    7.8337    4.2037    3.5488   2110.9702    3.3964     7740588058.0635
   660.199    7.8598    4.2119    3.5569   2115.2886    3.3842     8029949255.0181
   684.179    7.8857    4.2200    3.5650   2119.6136    3.3722     8318934811.2997
   708.159    7.9109    4.2279    3.5730   2123.7251    3.3604     8607548205.3629
   732.139    7.9365    4.2361    3.5811   2127.8831    3.3487     8895797732.9276
   756.119    7.9614    4.2438    3.5891   2131.8989    3.3372     9183692205.8438
   780.099    7.9865    4.2519    3.5971   2135.7796    3.3259     9471236786.2237
   804.080    8.0124    4.2603    3.6054   2139.7664    3.3148     9758455000.9318
   828.060    8.0376    4.2684    3.6134   2143.5569    3.3039    10045363580.0152
   852.040    8.0631    4.2768    3.6216   2147.3254    3.2932    10331971380.4672
   876.020    8.0897    4.2859    3.6301   2150.9582    3.2827    10618310387.2133
   900.000    8.1156    4.2947    3.6384   2154.7464    3.2724    10904399054.7326
   917.077    8.1369    4.3025    3.6452   2157.3064    3.2653    11107922034.3880
   934.155    8.1571    4.3099    3.6517   2159.8960    3.2582    11311369576.7000
   951.232    8.1778    4.3174    3.6584   2162.4176    3.2513    11514746124.1842
   968.310    8.1992    4.3254    3.6654   2164.9969    3.2445    11718071213.8576
   985.387    8.2221    4.3345    3.6727   2167.5570    3.2379    11921367584.0023
  1002.465    8.2453    4.3435    3.6804   2170.1785    3.2313    12124659952.6469
  1019.542    8.2635    4.3496    3.6868   2172.9246    3.2249    12327930975.8871
  1036.620    8.2825    4.3561    3.6936   2175.6836    3.2186    12531163415.2020
  1053.697    8.3010    4.3625    3.7002   2178.4298    3.2125    12734369138.2048
  1070.775    8.3196    4.3688    3.7068   2181.1439    3.2066    12937552729.2303
  1087.852    8.3359    4.3741    3.7127   2183.6439    3.2008    13140701647.9725
  1104.930    8.3591    4.3841    3.7213   2185.0328    3.1952    13343881146.6668
  1122.007    8.3824    4.3941    3.7302   2186.2556    3.1898    13547182319.0450
  1139.085    8.4065    4.4046    3.7393   2187.5831    3.1845    13750626693.2811
  1156.162    8.5185    4.4738    3.7705   2198.4334    3.1792    13954828612.4851
  1173.240    8.6913    4.5834    3.8162   2217.5636    3.1736    14160775467.4460
  1190.317    8.8555    4.6877    3.8580   2228.5654    3.1677    14368733949.3319
  1207.395    8.8699    4.6919    3.8634   2230.8515    3.1617    14577583289.9744
  1224.472    8.8849    4.6965    3.8689   2233.1443    3.1560    14786333399.7572
  1241.550    8.8995    4.7007    3.8746   2235.2847    3.1505    14995006366.0049
  1258.627    8.9139    4.7050    3.8800   2237.3124    3.1452    15203613534.6520
  1275.705    8.9278    4.7090    3.8854   2239.1981    3.1401    15412161830.5549
  1292.782    8.9414    4.7129    3.8908   2240.8905    3.1354    15620666368.6026
  1309.860    8.9547    4.7165    3.8964   2242.6691    3.1308    15829146856.1157
  1326.937    8.9686    4.7207    3.9020   2244.2927    3.1266    16037624062.8033
  1344.015    8.9815    4.7241    3.9076   2245.8791    3.1226    16246116375.4537
  1361.092    8.9942    4.7277    3.9129   2247.1192    3.1189    16454635594.7349
  1378.170    9.0072    4.7312    3.9186   2248.6008    3.1156    16663203742.2925
  1395.247    9.0202    4.7347    3.9244   2250.0169    3.1125    16871852318.2225
  1412.325    9.0324    4.7380    3.9300   2251.1476    3.1098    17080596683.7953
  1429.402    9.0448    4.7412    3.9359   2252.1711    3.1074    17289461899.0474
  1446.480    9.0564    4.7443    3.9409   2252.9113    3.1053    17498456908.7674
  1463.557    9.0691    4.7475    3.9474   2254.0370    3.1036    17707618590.4418
  1480.635    9.1034    4.7649    3.9580   2257.3879    3.1023    17917118954.9418
  1497.712    9.1435    4.7863    3.9698   2261.6621    3.1013    18127123085.3323
  1514.790    9.1835    4.8077    3.9823   2266.1568    3.1006    18337703041.3185
  1531.867    9.2242    4.8300    3.9951   2270.6284    3.1002    18548905387.0333
  1548.945    9.2563    4.8470    4.0057   2274.0405    3.1001    18760699518.3172
  1566.022    9.2706    4.8528    4.0106   2276.3628    3.1005    18972900078.7897
  1566.022    4.5542    0.0000    3.9086         nan    3.1005    18972900078.7897
  1578.401    4.5650    0.0000    3.9133         nan    3.1022    19123001750.1963
  1590.780    4.5759    0.0000    3.9180         nan    3.1041    19273363167.8208
  1603.158    4.5868    0.0000    3.9227         nan    3.1063    19423997405.5286
  1615.537    4.5976    0.0000    3.9273         nan    3.1087    19574917975.0565
  1627.915    4.6085    0.0000    3.9320         nan    3.1115    19726138841.6122
  1640.294    4.6188    0.0000    3.9365         nan    3.1145    19877670396.7986
  1652.672    4.6291    0.0000    3.9410         nan    3.1179    20029523210.3226
  1665.051    4.6395    0.0000    3.9454         nan    3.1216    20181712451.6707
  1677.429    4.6498    0.0000    3.9499         nan    3.1256    20334254166.9808
  1677.429    5.2809    0.0000    6.2999         nan    3.1256    20334254166.9808
  1736.466    5.3440    0.0000    6.3405         nan    3.0286    21500502302.4708
  1795.503    5.4038    0.0000    6.3793         nan    2.9304    22637651516.1719
  1854.540    5.4606    0.0000    6.4161         nan    2.8310    23744459282.1656
  1913.577    5.5145    0.0000    6.4512         nan    2.7306    24819743956.9460
  1972.614    5.5656    0.0000    6.4845         nan    2.6291    25862382058.9342
  2031.651    5.6140    0.0000    6.5161         nan    2.5266    26871305927.9850
  2090.688    5.6598    0.0000    6.5462         nan    2.4232    27845501710.0850
  2149.725    5.7031    0.0000    6.5746         nan    2.3189    28784007624.2140
  2208.762    5.7439    0.0000    6.6015         nan    2.2138    29685912474.9824
  2267.799    5.7825    0.0000    6.6269         nan    2.1079    30550354390.8709
  2326.836    5.8187    0.0000    6.6508         nan    2.0013    31376519770.4240
  2385.872    5.8527    0.0000    6.6733         nan    1.8940    32163642432.9213
  2444.909    5.8845    0.0000    6.6944         nan    1.7861    32911002981.5554
  2503.946    5.9142    0.0000    6.7140         nan    1.6776    33617928401.9600
  2562.983    5.9418    0.0000    6.7323         nan    1.5686    34283791944.0079
  2622.020    5.9673    0.0000    6.7493         nan    1.4591    34908013372.3553
  2681.057    5.9909    0.0000    6.7650         nan    1.3491    35490059734.9192
  2740.094    6.0124    0.0000    6.7793         nan    1.2388    36029446909.1935
  2799.131    6.0320    0.0000    6.7923         nan    1.1283    36525742391.1523
  2858.168    6.0496    0.0000    6.8041         nan    1.0175    36978570186.2766
  2917.205    6.0653    0.0000    6.8146         nan    0.9067    37387619472.9505
  2976.242    6.0792    0.0000    6.8238         nan    0.7961    37752660479.3046
  3035.279    6.0911    0.0000    6.8318         nan    0.6861    38073575209.6252
  3094.315    6.1012    0.0000    6.8385         nan    0.5773    38350421599.3159
  3153.352    6.1095    0.0000    6.8440         nan    0.4715    38583582044.0453
  3212.389    6.1159    0.0000    6.8483         nan    0.3737    38774160206.3880
  3271.426    6.1204    0.0000    6.8514         nan    0.3038    38925288788.1537
  3330.463    6.1232    0.0000    6.8532         nan    0.4237    39048202959.8879
  3389.500    6.1241    0.0000    6.8538         nan    0.0000    39219623466.8363
