# Depth[km]  Vp[km/s]  Vs[km/s] Rho[g/cm3]    T[K]     g[m/s2]         P[Pa]        
     0.000    3.5594    2.1156    1.5985    273.1500    3.7291              0.0000
    10.565    3.5594    2.1156    1.5985    312.4685    3.7382       62977153.3234
    10.565    4.7778    2.8397    2.1457    312.4685    3.7382       62977153.3234
    27.260    4.7778    2.8397    2.1457    374.6066    3.7453      196889509.8067
    27.260    5.9891    3.5597    2.6897    374.6066    3.7453      196889509.8067
    47.942    5.9891    3.5597    2.6897    451.5814    3.7448      405223570.3660
    47.942    7.9635    4.5370    3.5047    451.5814    3.7448      405223570.3660
    57.983    7.9572    4.5281    3.5048    488.9530    3.7378      537006095.0495
    68.023    7.9507    4.5194    3.5047    526.3247    3.7308      668543474.5392
    78.064    7.9435    4.5101    3.5047    563.6963    3.7239      799834697.3554
    88.105    7.9364    4.5009    3.5046    601.0680    3.7170      930879182.5321
    98.146    7.9282    4.4913    3.5044    638.4396    3.7101     1061673528.9463
   108.187    7.9209    4.4822    3.5042    675.8113    3.7032     1192218342.4875
   118.228    7.9132    4.4728    3.5040    713.1829    3.6964     1322515717.8858
   128.269    7.9055    4.4636    3.5038    750.5546    3.6896     1452565126.8785
   138.310    7.8972    4.4541    3.5035    787.9262    3.6828     1582364833.2072
   148.351    7.8896    4.4450    3.5032    825.2979    3.6761     1711915497.6331
   158.392    7.8810    4.4355    3.5028    862.6695    3.6694     1841217468.4574
   168.433    7.8731    4.4262    3.5025    900.0412    3.6627     1970269998.0421
   178.474    7.8647    4.4169    3.5021    937.4128    3.6560     2099073782.0398
   188.515    7.8563    4.4076    3.5016    974.7845    3.6494     2227628042.8360
   198.556    7.8483    4.3984    3.5013   1012.1561    3.6429     2355934624.5033
   208.597    7.8399    4.3891    3.5008   1049.5278    3.6363     2483994233.3459
   218.638    7.8310    4.3796    3.5002   1086.8994    3.6298     2611804584.8100
   228.679    7.8224    4.3702    3.4997   1124.2711    3.6233     2739366250.6774
   238.720    7.8135    4.3607    3.4991   1161.6427    3.6169     2866680525.2536
   248.760    7.8053    4.3515    3.4986   1199.0144    3.6105     2993748674.6558
   258.801    7.7977    4.3428    3.4982   1236.3860    3.6042     3120575382.4036
   268.842    7.7879    4.3328    3.4975   1273.7577    3.5978     3247158423.7432
   278.883    7.7798    4.3238    3.4968   1311.1293    3.5915     3373494866.1619
   288.924    7.7720    4.3150    3.4962   1348.5010    3.5853     3499588378.8593
   298.965    7.7638    4.3058    3.4956   1385.8726    3.5791     3625440951.7646
   309.006    7.7554    4.2968    3.4949   1423.2443    3.5729     3751052102.3979
   319.047    7.7477    4.2879    3.4944   1460.6159    3.5668     3876424652.8845
   329.088    7.7397    4.2790    3.4937   1497.9876    3.5607     4001560741.8307
   339.129    7.7313    4.2698    3.4929   1535.3592    3.5547     4126457567.9629
   349.170    7.7224    4.2603    3.4923   1572.7309    3.5487     4251118506.3041
   359.211    7.7144    4.2515    3.4917   1610.1025    3.5428     4375547694.6705
   369.252    7.7055    4.2422    3.4909   1647.4742    3.5369     4499742229.9568
   379.293    7.6976    4.2333    3.4903   1684.8458    3.5310     4623704305.9476
   389.334    7.6886    4.2238    3.4894   1722.2175    3.5252     4747435390.7979
   399.375    7.6804    4.2148    3.4888   1759.5891    3.5194     4870936315.0828
   409.416    7.6719    4.2056    3.4881   1796.9608    3.5137     4994211171.0503
   419.457    7.6630    4.1963    3.4873   1834.3324    3.5080     5117260035.0057
   429.497    7.6541    4.1869    3.4866   1871.7041    3.5024     5240083701.5917
   439.538    7.6455    4.1776    3.4858   1909.0757    3.4968     5362683816.7861
   449.579    7.6371    4.1685    3.4852   1946.4474    3.4913     5485064642.0281
   472.100    7.6662    4.1770    3.4934   1950.8258    3.4790     5759419959.1902
   494.621    7.6946    4.1854    3.5015   1955.0913    3.4668     6033447084.5457
   517.142    7.7232    4.1939    3.5096   1959.4048    3.4546     6307143666.5128
   539.663    7.7504    4.2020    3.5175   1963.4950    3.4425     6580501747.1892
   562.185    7.7767    4.2096    3.5253   1967.5691    3.4305     6853512505.7144
   584.706    7.8031    4.2175    3.5330   1971.5316    3.4186     7126173883.9927
   607.227    7.8287    4.2251    3.5407   1975.4083    3.4069     7398482628.8901
   629.748    7.8542    4.2325    3.5483   1979.1384    3.3952     7670437553.9524
   652.269    7.8796    4.2401    3.5559   1982.9370    3.3837     7942040545.6803
   674.790    7.9040    4.2473    3.5632   1986.5685    3.3722     8213290168.2208
   697.311    7.9288    4.2546    3.5707   1990.2094    3.3609     8484189460.0440
   719.832    7.9535    4.2620    3.5782   1993.7824    3.3498     8754747457.6251
   742.353    7.9775    4.2692    3.5856   1997.1991    3.3388     9024967524.7400
   764.874    8.0019    4.2766    3.5930   2000.5961    3.3280     9294856414.9376
   787.395    8.0260    4.2839    3.6003   2003.9491    3.3173     9564422584.4272
   809.916    8.0504    4.2914    3.6078   2007.3064    3.3068     9833678897.6483
   832.437    8.0748    4.2990    3.6153   2010.5434    3.2965    10102641784.3119
   854.958    8.0988    4.3065    3.6228   2013.7435    3.2864    10371320869.5477
   877.479    8.1241    4.3148    3.6305   2016.8723    3.2764    10639738063.2895
   900.000    8.1491    4.3230    3.6383   2019.8803    3.2667    10907916767.6272
   916.964    8.1687    4.3295    3.6445   2022.3466    3.2595    11109707295.0525
   933.928    8.1894    4.3369    3.6509   2024.6335    3.2525    11311403281.8465
   950.891    8.2089    4.3436    3.6570   2026.8980    3.2455    11513007833.3029
   967.855    8.2276    4.3499    3.6630   2029.2362    3.2387    11714513769.5265
   984.819    8.2500    4.3583    3.6701   2031.5350    3.2320    11915956629.8279
  1001.783    8.2756    4.3686    3.6782   2033.8980    3.2255    12117401806.5795
  1018.747    8.3009    4.3789    3.6863   2036.4130    3.2190    12318879905.4460
  1035.710    8.3235    4.3876    3.6937   2038.6655    3.2127    12520377770.5046
  1052.674    8.3406    4.3930    3.6994   2040.7383    3.2065    12721837165.4115
  1069.638    8.3573    4.3983    3.7050   2042.8291    3.2006    12923217545.0406
  1086.602    8.3739    4.4036    3.7106   2044.9108    3.1947    13124526898.0063
  1103.566    8.4202    4.4287    3.7242   2049.8401    3.1890    13325991133.6010
  1120.529    8.5672    4.5212    3.7641   2064.0741    3.1832    13528541723.4479
  1137.493    8.7399    4.6310    3.8095   2081.9261    3.1771    13733026045.2680
  1154.457    8.8650    4.7090    3.8422   2089.5330    3.1707    13939221290.5577
  1171.421    8.8831    4.7160    3.8478   2091.5734    3.1642    14146029439.0856
  1188.385    8.8995    4.7204    3.8543   2094.3117    3.1580    14352741746.6874
  1205.348    8.9149    4.7249    3.8599   2096.7333    3.1519    14559369575.8837
  1222.312    8.9302    4.7294    3.8654   2099.1055    3.1460    14765898861.9301
  1239.276    8.9453    4.7340    3.8709   2101.4505    3.1404    14972336931.9634
  1256.240    8.9604    4.7386    3.8763   2103.8310    3.1350    15178695921.6204
  1273.204    8.9749    4.7431    3.8815   2106.1418    3.1298    15384983413.3999
  1290.167    8.9901    4.7479    3.8872   2108.5145    3.1249    15591218280.2094
  1307.131    9.0041    4.7522    3.8921   2110.7963    3.1202    15797409339.5971
  1324.095    9.0184    4.7567    3.8973   2113.1316    3.1158    16003560510.4321
  1341.059    9.0319    4.7614    3.9019   2115.2410    3.1117    16209680182.9989
  1358.023    9.0450    4.7660    3.9064   2117.3324    3.1079    16415767740.9175
  1374.986    9.0666    4.7751    3.9129   2120.6727    3.1043    16621889681.0587
  1391.950    9.1068    4.7962    3.9226   2125.8039    3.1011    16828201513.6832
  1408.914    9.1478    4.8176    3.9334   2132.0891    3.0981    17034837295.5780
  1425.878    9.1862    4.8386    3.9430   2137.7556    3.0953    17241808965.9033
  1442.842    9.2279    4.8620    3.9533   2143.2231    3.0928    17449118772.0075
  1459.805    9.2672    4.8841    3.9633   2148.9740    3.0906    17656795859.8081
  1476.769    9.3075    4.9060    3.9745   2155.3624    3.0887    17864880501.2402
  1493.733    9.3486    4.9296    3.9855   2161.7811    3.0871    18073417812.3360
  1510.697    9.3744    4.9429    3.9931   2165.1353    3.0858    18282332972.3167
  1527.661    9.3870    4.9473    3.9975   2167.1351    3.0849    18491475702.2083
  1544.624    9.3992    4.9515    4.0019   2169.1625    3.0845    18700789052.6544
  1561.588    9.4116    4.9558    4.0062   2171.1170    3.0845    18910299450.2392
  1561.588    4.9810    0.0000    4.0237         nan    3.0845    18910299450.2392
  1581.161    5.0000    0.0000    4.0303         nan    3.0848    19153426415.1654
  1600.735    5.0189    0.0000    4.0368         nan    3.0858    19396972978.5340
  1620.308    5.0379    0.0000    4.0434         nan    3.0874    19640988944.7475
  1639.881    5.0561    0.0000    4.0497         nan    3.0897    19885519032.9092
  1659.455    5.0741    0.0000    4.0559         nan    3.0927    20130608725.8682
  1679.028    5.0921    0.0000    4.0621         nan    3.0965    20376314399.1725
  1698.601    5.1095    0.0000    4.0681         nan    3.1010    20622692478.9333
  1718.175    5.1265    0.0000    4.0740         nan    3.1065    20869798610.1095
  1737.748    5.1436    0.0000    4.0799         nan    3.1128    21117697434.1748
  1737.748    5.2683    0.0000    6.5040         nan    3.1128    21117697434.1748
  1794.705    5.3095    0.0000    6.5447         nan    3.0162    22274438761.5022
  1851.662    5.3488    0.0000    6.5837         nan    2.9184    23402125312.6882
  1908.619    5.3862    0.0000    6.6211         nan    2.8196    24499613162.1069
  1965.576    5.4218    0.0000    6.6570         nan    2.7196    25565801704.8624
  2022.533    5.4556    0.0000    6.6913         nan    2.6187    26599633172.3407
  2079.490    5.4878    0.0000    6.7240         nan    2.5168    27600092265.9224
  2136.447    5.5182    0.0000    6.7553         nan    2.4140    28566205898.1914
  2193.404    5.5471    0.0000    6.7850         nan    2.3103    29497043029.9372
  2250.361    5.5744    0.0000    6.8133         nan    2.2058    30391714604.8554
  2307.318    5.6001    0.0000    6.8401         nan    2.1005    31249373581.0920
  2364.275    5.6244    0.0000    6.8654         nan    1.9945    32069215070.7589
  2421.232    5.6472    0.0000    6.8893         nan    1.8878    32850476605.2940
  2478.189    5.6685    0.0000    6.9118         nan    1.7804    33592438557.5672
  2535.145    5.6884    0.0000    6.9329         nan    1.6725    34294424771.7488
  2592.102    5.7070    0.0000    6.9526         nan    1.5641    34955803484.6591
  2649.059    5.7242    0.0000    6.9709         nan    1.4552    35575988675.2837
  2706.016    5.7400    0.0000    6.9878         nan    1.3458    36154442067.2804
  2762.973    5.7545    0.0000    7.0033         nan    1.2361    36690676170.2702
  2819.930    5.7677    0.0000    7.0175         nan    1.1262    37184259039.2055
  2876.887    5.7796    0.0000    7.0303         nan    1.0162    37634822003.9253
  2933.844    5.7902    0.0000    7.0417         nan    0.9063    38042072792.3771
  2990.801    5.7995    0.0000    7.0518         nan    0.7967    38405819035.3895
  3047.758    5.8076    0.0000    7.0605         nan    0.6880    38726013214.0000
  3104.715    5.8144    0.0000    7.0679         nan    0.5813    39002845961.2514
  3161.672    5.8200    0.0000    7.0739         nan    0.4790    39236961500.4116
  3218.629    5.8243    0.0000    7.0786         nan    0.3884    39430032585.5742
  3275.586    5.8274    0.0000    7.0820         nan    0.3383    39586654656.6190
  3332.543    5.8293    0.0000    7.0840         nan    0.5638    39723141587.8449
  3389.500    5.8299    0.0000    7.0846         nan    0.0000    39950628170.0345
