# Depth[km]  Vp[km/s]  Vs[km/s] Rho[g/cm3]    T[K]     g[m/s2]         P[Pa]        
     0.000    4.0110    2.3930    1.8155    273.1500    3.7291              0.0000
    13.324    4.0110    2.3930    1.8155    327.6829    3.7382       90206343.1421
    13.324    4.4112    2.6318    1.9967    327.6829    3.7382       90206343.1421
    27.791    4.4112    2.6318    1.9967    386.8988    3.7461      198188765.5593
    27.791    6.1329    3.6590    2.7760    386.8988    3.7461      198188765.5593
    44.469    6.1329    3.6590    2.7760    455.1648    3.7445      371626183.9062
    44.469    7.9570    4.5343    3.5030    455.1648    3.7445      371626183.9062
    54.073    7.9490    4.5246    3.5027    494.4739    3.7378      497593192.5484
    63.676    7.9407    4.5149    3.5023    533.7830    3.7312      623322851.5799
    73.280    7.9320    4.5048    3.5019    573.0922    3.7245      748813759.1741
    82.884    7.9225    4.4945    3.5013    612.4013    3.7179      874062796.6363
    92.487    7.9135    4.4844    3.5009    651.7104    3.7113      999070145.7690
   102.091    7.9042    4.4742    3.5003    691.0196    3.7047     1123837925.7335
   111.695    7.8950    4.4641    3.4998    730.3287    3.6982     1248365986.1102
   121.298    7.8851    4.4538    3.4991    769.6379    3.6917     1372652259.0723
   130.902    7.8756    4.4436    3.4984    808.9470    3.6852     1496696266.7062
   140.505    7.8656    4.4334    3.4977    848.2561    3.6788     1620498705.8109
   150.109    7.8552    4.4229    3.4969    887.5653    3.6724     1744057151.7650
   159.713    7.8452    4.4128    3.4961    926.8744    3.6660     1867371927.8237
   169.316    7.8350    4.4025    3.4952    966.1835    3.6597     1990443720.4831
   178.920    7.8250    4.3924    3.4944   1005.4927    3.6534     2113273107.5495
   188.524    7.8145    4.3820    3.4935   1044.8018    3.6471     2235860142.5774
   198.127    7.8039    4.3717    3.4925   1084.1109    3.6408     2358203970.6702
   207.731    7.7938    4.3615    3.4916   1123.4201    3.6346     2480306205.6869
   217.335    7.7831    4.3510    3.4907   1162.7292    3.6285     2602167913.8990
   226.938    7.7731    4.3410    3.4898   1202.0383    3.6224     2723790576.0831
   236.542    7.7621    4.3306    3.4886   1241.3475    3.6163     2845172331.2457
   246.145    7.7516    4.3202    3.4877   1280.6566    3.6102     2966313106.1395
   255.749    7.7420    4.3105    3.4867   1319.9658    3.6042     3087216875.2707
   265.353    7.7314    4.3003    3.4855   1359.2749    3.5982     3207882406.7170
   274.956    7.7215    4.2903    3.4845   1398.5840    3.5923     3328311247.9056
   284.560    7.7110    4.2802    3.4834   1437.8932    3.5864     3448504560.1004
   294.164    7.7012    4.2703    3.4823   1477.2023    3.5805     3568461463.6029
   303.767    7.6905    4.2601    3.4811   1516.5114    3.5747     3688183896.6676
   313.371    7.6806    4.2502    3.4800   1555.8206    3.5690     3807673175.0106
   322.975    7.6698    4.2399    3.4788   1595.1297    3.5632     3926930370.2638
   332.578    7.6591    4.2296    3.4776   1634.4388    3.5576     4045955684.1746
   342.182    7.6488    4.2196    3.4765   1673.7480    3.5519     4164750728.0258
   351.785    7.6380    4.2093    3.4753   1713.0571    3.5463     4283317941.2137
   361.389    7.6270    4.1989    3.4740   1752.3662    3.5408     4401657111.8579
   370.993    7.6166    4.1888    3.4729   1791.6754    3.5353     4519770192.1621
   380.596    7.6052    4.1782    3.4716   1830.9845    3.5298     4637658238.5842
   390.200    7.5939    4.1677    3.4703   1870.2937    3.5244     4755320635.9180
   399.804    7.5830    4.1574    3.4690   1909.6028    3.5191     4872759361.3283
   409.407    7.5726    4.1472    3.4679   1948.9119    3.5138     4989979269.2500
   419.011    7.5612    4.1366    3.4666   1988.2211    3.5085     5106980722.1757
   428.615    7.5504    4.1263    3.4653   2027.5302    3.5033     5223763584.1504
   452.184    7.5834    4.1360    3.4744   2032.6566    3.4906     5510271685.5824
   475.753    7.6154    4.1455    3.4833   2037.6929    3.4780     5796480628.0916
   499.322    7.6467    4.1548    3.4921   2042.5769    3.4654     6082377223.5724
   522.892    7.6766    4.1636    3.5006   2047.3221    3.4529     6367949020.0547
   546.461    7.7063    4.1724    3.5091   2051.9928    3.4406     6653186220.0928
   570.030    7.7349    4.1808    3.5174   2056.5159    3.4283     6938081615.8860
   593.599    7.7622    4.1888    3.5255   2060.8681    3.4161     7222625525.7624
   617.169    7.7902    4.1971    3.5337   2065.2072    3.4041     7506817645.7546
   640.738    7.8170    4.2049    3.5417   2069.4426    3.3922     7790658239.2395
   664.307    7.8440    4.2130    3.5498   2073.6431    3.3804     8074147591.9685
   687.877    7.8703    4.2207    3.5578   2077.8219    3.3688     8357292104.1139
   711.446    7.8966    4.2286    3.5657   2081.7909    3.3573     8640093291.9825
   735.015    7.9224    4.2363    3.5735   2085.6143    3.3460     8922553879.8199
   758.584    7.9480    4.2439    3.5813   2089.3915    3.3349     9204678824.4499
   782.154    7.9741    4.2519    3.5892   2093.2251    3.3239     9486480745.6733
   805.723    7.9998    4.2597    3.5970   2096.9356    3.3132     9767974419.6559
   829.292    8.0254    4.2676    3.6049   2100.5641    3.3026    10049172622.6122
   852.861    8.0510    4.2756    3.6129   2104.1175    3.2923    10330090991.0813
   876.431    8.0780    4.2843    3.6211   2107.7357    3.2822    10610756097.9374
   900.000    8.1043    4.2928    3.6293   2111.1911    3.2723    10891194145.6052
   916.776    8.1237    4.2993    3.6353   2113.6708    3.2653    11090596121.6376
   933.553    8.1420    4.3052    3.6411   2116.0795    3.2586    11289899221.4101
   950.329    8.1634    4.3129    3.6477   2118.4941    3.2519    11489126117.1565
   967.106    8.1845    4.3204    3.6543   2120.9568    3.2454    11688308659.8540
   983.882    8.2059    4.3282    3.6611   2123.3619    3.2390    11887455739.8087
  1000.659    8.2285    4.3369    3.6681   2125.7791    3.2327    12086584949.1906
  1017.435    8.2520    4.3460    3.6756   2128.2839    3.2266    12285723623.1204
  1034.211    8.2778    4.3564    3.6839   2130.8068    3.2205    12484910725.9463
  1050.988    8.2975    4.3635    3.6903   2133.2290    3.2147    12684122755.7965
  1067.764    8.3144    4.3689    3.6959   2135.4085    3.2090    12883294511.8087
  1084.541    8.3316    4.3745    3.7017   2137.5557    3.2034    13082418313.8204
  1101.317    8.3484    4.3799    3.7074   2139.7837    3.1980    13281505633.7196
  1118.093    8.3651    4.3853    3.7131   2141.9467    3.1929    13480565467.8626
  1134.870    8.4572    4.4410    3.7385   2151.8968    3.1877    13680138358.0532
  1151.646    8.6314    4.5518    3.7846   2168.2354    3.1824    13881302623.4357
  1168.423    8.8390    4.6851    3.8375   2185.6138    3.1766    14084769857.6212
  1185.199    8.8543    4.6900    3.8426   2188.0437    3.1707    14289414115.1088
  1201.976    8.8691    4.6946    3.8476   2190.3955    3.1650    14493948602.2674
  1218.752    8.8857    4.6992    3.8542   2193.2164    3.1595    14698422671.2340
  1235.528    8.9007    4.7036    3.8596   2195.7265    3.1542    14902859070.9480
  1252.305    8.9155    4.7082    3.8648   2198.1333    3.1492    15107235508.2413
  1269.081    8.9305    4.7128    3.8702   2200.6275    3.1444    15311563633.4505
  1285.858    8.9443    4.7175    3.8749   2202.8844    3.1398    15515845427.2542
  1302.634    8.9595    4.7222    3.8803   2205.2233    3.1355    15720096888.9763
  1319.411    8.9736    4.7267    3.8851   2207.4888    3.1314    15924335961.2077
  1336.187    8.9886    4.7313    3.8910   2210.2375    3.1276    16128592745.2109
  1352.963    9.0027    4.7357    3.8962   2212.7313    3.1241    16332893237.0624
  1369.740    9.0170    4.7404    3.9014   2215.1726    3.1209    16537237967.3046
  1386.516    9.0298    4.7449    3.9058   2217.3544    3.1181    16741624272.9461
  1403.293    9.0438    4.7494    3.9107   2219.5877    3.1155    16946062365.3510
  1420.069    9.0587    4.7550    3.9155   2221.9633    3.1133    17150586697.0425
  1436.845    9.0975    4.7753    3.9254   2227.7929    3.1114    17355348933.5532
  1453.622    9.1381    4.7974    3.9352   2233.6531    3.1097    17560498492.9194
  1470.398    9.1748    4.8176    3.9444   2239.6779    3.1084    17766037522.4596
  1487.175    9.2154    4.8389    3.9560   2245.8694    3.1074    17972032170.1223
  1503.951    9.2563    4.8614    3.9676   2250.2415    3.1067    18178565437.2861
  1520.728    9.2941    4.8819    3.9791   2254.8498    3.1063    18385654930.1874
  1537.504    9.3327    4.9033    3.9913   2259.2251    3.1063    18593335229.3563
  1554.280    9.3448    4.9072    3.9957   2260.8946    3.1066    18801444032.9225
  1554.280    5.0479    0.0000    4.0727         nan    3.1066    18801444032.9225
  1570.957    5.0597    0.0000    4.0783         nan    3.1063    19012586157.5482
  1587.633    5.0716    0.0000    4.0839         nan    3.1065    19223999174.0162
  1604.310    5.0834    0.0000    4.0895         nan    3.1071    19435713203.2942
  1620.987    5.0952    0.0000    4.0951         nan    3.1082    19647758413.1098
  1637.663    5.1064    0.0000    4.1004         nan    3.1098    19860161335.0423
  1654.340    5.1177    0.0000    4.1058         nan    3.1119    20072951416.9853
  1671.016    5.1290    0.0000    4.1112         nan    3.1146    20286164847.2108
  1687.693    5.1401    0.0000    4.1164         nan    3.1178    20499836900.9618
  1704.369    5.1508    0.0000    4.1215         nan    3.1216    20714000943.3289
  1704.369    5.3231    0.0000    6.4018         nan    3.1216    20714000943.3289
  1762.477    5.4001    0.0000    6.4417         nan    3.0243    21878865035.8402
  1820.585    5.4728    0.0000    6.4795         nan    2.9258    23014231926.3728
  1878.693    5.5415    0.0000    6.5153         nan    2.8262    24118872838.2214
  1936.801    5.6065    0.0000    6.5491         nan    2.7256    25191629778.8243
  1994.909    5.6679    0.0000    6.5812         nan    2.6240    26231411058.4848
  2053.017    5.7258    0.0000    6.6116         nan    2.5214    27237187525.4411
  2111.125    5.7806    0.0000    6.6403         nan    2.4180    28207989412.2038
  2169.233    5.8321    0.0000    6.6674         nan    2.3139    29142903707.6991
  2227.341    5.8807    0.0000    6.6929         nan    2.2089    30041072001.7852
  2285.449    5.9264    0.0000    6.7170         nan    2.1033    30901688773.3021
  2343.557    5.9693    0.0000    6.7396         nan    1.9970    31724000118.8947
  2401.665    6.0095    0.0000    6.7608         nan    1.8901    32507302948.4154
  2459.773    6.0470    0.0000    6.7806         nan    1.7828    33250944709.4386
  2517.881    6.0820    0.0000    6.7991         nan    1.6749    33954323764.4493
  2575.989    6.1144    0.0000    6.8163         nan    1.5667    34616890625.4819
  2634.097    6.1444    0.0000    6.8322         nan    1.4582    35238150392.2222
  2692.204    6.1720    0.0000    6.8468         nan    1.3494    35817666975.9759
  2750.312    6.1973    0.0000    6.8602         nan    1.2406    36355070104.9767
  2808.420    6.2202    0.0000    6.8724         nan    1.1320    36850066876.4281
  2866.528    6.2409    0.0000    6.8833         nan    1.0236    37302461109.0057
  2924.636    6.2592    0.0000    6.8931         nan    0.9161    37712186798.8616
  2982.744    6.2754    0.0000    6.9017         nan    0.8101    38079368655.9751
  3040.852    6.2894    0.0000    6.9091         nan    0.7069    38404438497.3467
  3098.960    6.3012    0.0000    6.9154         nan    0.6092    38688377518.8501
  3157.068    6.3108    0.0000    6.9205         nan    0.5234    38933276417.2222
  3215.176    6.3182    0.0000    6.9245         nan    0.4682    39143830964.3223
  3273.284    6.3236    0.0000    6.9273         nan    0.5191    39332270114.0225
  3331.392    6.3268    0.0000    6.9290         nan    1.2885    39541241498.5727
  3389.500    6.3278    0.0000    6.9296         nan    0.0000    40060036933.5938
