# Depth[km]  Vp[km/s]  Vs[km/s] Rho[g/cm3]    T[K]     g[m/s2]         P[Pa]        
     0.000    3.4326    2.0219    1.6055    273.1500    3.7291              0.0000
     9.848    3.4326    2.0219    1.6055    309.7549    3.7375       58961353.5720
     9.848    5.2829    3.1118    2.4709    309.7549    3.7375       58961353.5720
    27.411    5.2829    3.1118    2.4709    375.0404    3.7401      221156038.7099
    27.411    6.0373    3.5562    2.8238    375.0404    3.7401      221156038.7099
    44.529    6.0373    3.5562    2.8238    438.6743    3.7377      401946905.6059
    44.529    7.8424    4.4851    3.4773    438.6743    3.7377      401946905.6059
    54.294    7.8385    4.4786    3.4777    474.9716    3.7311      528864103.9154
    64.058    7.8340    4.4717    3.4780    511.2689    3.7245      655569539.6088
    73.823    7.8295    4.4648    3.4783    547.5662    3.7179      782061376.6371
    83.587    7.8245    4.4576    3.4785    583.8635    3.7113      908337432.4476
    93.351    7.8194    4.4504    3.4787    620.1608    3.7047     1034396670.9506
   103.116    7.8131    4.4426    3.4786    656.4581    3.6982     1160235466.6692
   112.880    7.8076    4.4351    3.4787    692.7554    3.6917     1285852409.9975
   122.645    7.8021    4.4276    3.4787    729.0527    3.6852     1411250452.7609
   132.409    7.7965    4.4200    3.4787    765.3500    3.6788     1536429705.8420
   142.174    7.7899    4.4121    3.4785    801.6473    3.6724     1661386184.1578
   151.938    7.7841    4.4045    3.4784    837.9446    3.6660     1786119374.7309
   161.703    7.7775    4.3965    3.4781    874.2419    3.6596     1910629534.6964
   171.467    7.7717    4.3889    3.4780    910.5392    3.6533     2034916487.0051
   181.232    7.7652    4.3809    3.4777    946.8365    3.6470     2158980221.0946
   190.996    7.7594    4.3732    3.4775    983.1338    3.6407     2282820365.7761
   200.760    7.7531    4.3653    3.4771   1019.4311    3.6345     2406437601.2412
   210.525    7.7461    4.3572    3.4766   1055.7284    3.6283     2529827377.6799
   220.289    7.7402    4.3495    3.4763   1092.0257    3.6221     2652992268.6254
   230.054    7.7339    4.3416    3.4758   1128.3230    3.6160     2775934714.6639
   239.818    7.7272    4.3334    3.4755   1164.6203    3.6099     2898654235.4456
   249.583    7.7205    4.3255    3.4750   1200.9176    3.6039     3021152525.7137
   259.347    7.7139    4.3175    3.4746   1237.2149    3.5978     3143429304.0964
   269.112    7.7075    4.3096    3.4741   1273.5122    3.5918     3265485179.9582
   278.876    7.7009    4.3016    3.4736   1309.8095    3.5859     3387320985.7336
   288.641    7.6936    4.2933    3.4731   1346.1068    3.5800     3508938180.1023
   298.405    7.6855    4.2847    3.4726   1382.4041    3.5741     3630336938.7791
   308.169    7.6769    4.2758    3.4720   1418.7014    3.5682     3751516418.2827
   317.934    7.6693    4.2673    3.4715   1454.9987    3.5624     3872479733.7771
   327.698    7.6615    4.2588    3.4711   1491.2960    3.5567     3993230709.7055
   337.463    7.6531    4.2500    3.4705   1527.5933    3.5510     4113768133.1433
   347.227    7.6451    4.2414    3.4700   1563.8906    3.5453     4234092998.3376
   356.992    7.6363    4.2324    3.4694   1600.1879    3.5396     4354205785.6077
   366.756    7.6280    4.2236    3.4688   1636.4852    3.5340     4474107195.4621
   376.521    7.6198    4.2150    3.4682   1672.7825    3.5285     4593799128.1172
   386.285    7.6115    4.2062    3.4677   1709.0798    3.5230     4713283438.6693
   396.049    7.6035    4.1975    3.4672   1745.3771    3.5175     4832563334.6159
   405.814    7.5871    4.1855    3.4654   1781.6744    3.5121     4951617697.7655
   415.578    7.5855    4.1794    3.4658   1817.9718    3.5067     5070464892.5510
   425.343    7.5719    4.1684    3.4644   1854.2691    3.5014     5189114378.8162
   435.107    7.5640    4.1598    3.4640   1890.5664    3.4961     5307552203.6679
   458.352    7.5927    4.1672    3.4721   1894.6574    3.4836     5589382536.1514
   481.597    7.6215    4.1748    3.4801   1898.6699    3.4712     5870859025.0823
   504.841    7.6615    4.1867    3.4899   1904.0270    3.4589     6152052881.1528
   528.086    7.6926    4.1954    3.4982   1908.1870    3.4467     6432976508.9692
   551.330    7.7209    4.2030    3.5061   1912.2099    3.4345     6713556508.3591
   574.575    7.7490    4.2105    3.5140   1916.1304    3.4225     6993779375.7237
   597.820    7.7769    4.2181    3.5218   1920.0042    3.4105     7273642688.5503
   621.064    7.8050    4.2258    3.5297   1923.9677    3.3987     7553151831.7572
   644.309    7.8314    4.2328    3.5372   1927.6718    3.3871     7832303138.3689
   667.554    7.8578    4.2400    3.5447   1931.2597    3.3755     8111086922.6456
   690.798    7.8835    4.2467    3.5521   1934.8568    3.3642     8389505942.8738
   714.043    7.9094    4.2538    3.5595   1938.3561    3.3530     8667564471.0446
   737.288    7.9348    4.2606    3.5668   1941.8227    3.3419     8945266781.8480
   760.532    7.9600    4.2674    3.5740   1945.2635    3.3310     9222619623.2690
   783.777    7.9845    4.2739    3.5811   1948.5438    3.3204     9499626802.4470
   807.021    8.0093    4.2806    3.5883   1951.8654    3.3099     9776296784.4744
   830.266    8.0334    4.2870    3.5953   1955.0393    3.2996    10052639311.5309
   853.511    8.0581    4.2938    3.6024   1958.2812    3.2896    10328667409.5826
   876.755    8.0830    4.3008    3.6096   1961.5277    3.2798    10604402753.4473
   900.000    8.1075    4.3075    3.6168   1964.7146    3.2702    10879861611.0110
   916.817    8.1250    4.3125    3.6218   1966.8898    3.2634    11078906297.6813
   933.634    8.1421    4.3172    3.6269   1969.0704    3.2568    11277818126.5084
   950.451    8.1597    4.3221    3.6321   1971.2264    3.2503    11476606504.4997
   967.268    8.1773    4.3271    3.6372   1973.4659    3.2440    11675281513.0682
   984.086    8.1960    4.3329    3.6428   1975.6399    3.2378    11873860884.0532
  1000.903    8.2141    4.3382    3.6482   1977.8028    3.2318    12072359176.3431
  1017.720    8.2303    4.3425    3.6530   1979.8531    3.2259    12270765832.1248
  1034.537    8.2468    4.3471    3.6579   1981.8668    3.2202    12469076343.6880
  1051.354    8.2628    4.3514    3.6627   1983.8762    3.2147    12667298765.7651
  1068.171    8.3458    4.4016    3.6851   1991.5766    3.2093    12865917080.7379
  1084.988    8.4561    4.4705    3.7146   2002.4913    3.2037    13065600142.3440
  1101.805    8.5832    4.5507    3.7481   2016.9492    3.1980    13266634015.4820
  1118.623    8.6146    4.5655    3.7569   2024.6831    3.1922    13468445855.9117
  1135.440    8.6713    4.6111    3.7636   2030.7498    3.1866    13670310656.4311
  1152.257    8.7291    4.6586    3.7704   2034.4241    3.1811    13872182218.3289
  1169.074    8.7443    4.6629    3.7752   2036.8784    3.1759    14074017747.7507
  1185.891    8.7595    4.6674    3.7800   2039.2502    3.1708    14275774627.8753
  1202.708    8.7745    4.6717    3.7847   2041.6905    3.1660    14477466460.3126
  1219.525    8.7895    4.6760    3.7896   2044.0489    3.1615    14679107798.8258
  1236.342    8.8044    4.6801    3.7944   2046.3530    3.1571    14880714265.9710
  1253.159    8.8192    4.6844    3.7991   2048.7303    3.1531    15082298718.1949
  1269.977    8.8582    4.7029    3.8083   2053.7531    3.1492    15283992329.8942
  1286.794    8.8948    4.7200    3.8172   2058.8639    3.1456    15485918471.8822
  1303.611    8.9339    4.7386    3.8268   2063.8541    3.1422    15688101744.6294
  1320.428    8.9721    4.7568    3.8367   2069.0822    3.1390    15890580183.4834
  1337.245    9.0101    4.7748    3.8468   2074.2126    3.1360    16093380486.3606
  1354.062    9.0497    4.7934    3.8579   2079.5831    3.1332    16296548964.9650
  1370.879    9.0748    4.8032    3.8658   2082.8142    3.1307    16500038582.0944
  1387.696    9.0907    4.8069    3.8718   2084.8659    3.1285    16703731133.2884
  1404.514    9.1067    4.8105    3.8781   2086.8721    3.1266    16907603610.4867
  1421.331    9.1232    4.8139    3.8850   2088.8031    3.1251    17111699916.3683
  1438.148    9.1398    4.8172    3.8922   2090.7698    3.1239    17316064929.9339
  1454.965    9.1573    4.8206    3.9000   2092.7120    3.1230    17520744057.9806
  1471.782    9.2452    4.8657    3.9379   2107.4004    3.1222    17726564402.2351
  1488.599    9.2719    4.8790    3.9468   2113.2202    3.1216    17933564355.4988
  1505.416    9.2994    4.8928    3.9562   2118.6190    3.1214    18141005885.8983
  1522.233    9.3250    4.9055    3.9648   2123.8237    3.1215    18348902266.3882
  1539.051    9.3501    4.9183    3.9732   2129.0116    3.1220    18557250884.9281
  1555.868    9.3762    4.9321    3.9817   2133.9741    3.1229    18766076558.4925
  1555.868    5.3460    0.0000    4.0154         nan    3.1229    18766076558.4925
  1572.338    5.3588    0.0000    4.0202         nan    3.1237    18972726551.1164
  1588.807    5.3715    0.0000    4.0250         nan    3.1251    19179679136.0053
  1605.277    5.3843    0.0000    4.0297         nan    3.1269    19386965431.2148
  1621.747    5.3969    0.0000    4.0345         nan    3.1292    19594616997.9664
  1638.217    5.4091    0.0000    4.0390         nan    3.1321    19802662127.7471
  1654.687    5.4212    0.0000    4.0436         nan    3.1354    20011131570.5136
  1671.157    5.4333    0.0000    4.0482         nan    3.1394    20220062387.4571
  1687.627    5.4453    0.0000    4.0526         nan    3.1440    20429491510.1054
  1704.097    5.4569    0.0000    4.0570         nan    3.1492    20639453904.8479
  1704.097    5.2742    0.0000    6.4523         nan    3.1492    20639453904.8479
  1762.214    5.3512    0.0000    6.4937         nan    3.0512    21824149736.7056
  1820.331    5.4240    0.0000    6.5328         nan    2.9520    22979122303.3932
  1878.449    5.4928    0.0000    6.5698         nan    2.8517    24103086254.0963
  1936.566    5.5578    0.0000    6.6049         nan    2.7503    25194829707.0320
  1994.683    5.6192    0.0000    6.6382         nan    2.6478    26253209514.5885
  2052.801    5.6772    0.0000    6.6696         nan    2.5444    27277147265.6204
  2110.918    5.7320    0.0000    6.6994         nan    2.4402    28265625899.9475
  2169.035    5.7836    0.0000    6.7274         nan    2.3350    29217686850.8149
  2227.153    5.8322    0.0000    6.7539         nan    2.2291    30132427643.0947
  2285.270    5.8779    0.0000    6.7788         nan    2.1224    31008999904.4152
  2343.387    5.9208    0.0000    6.8023         nan    2.0151    31846607765.7134
  2401.505    5.9610    0.0000    6.8242         nan    1.9071    32644506648.9766
  2459.622    5.9986    0.0000    6.8448         nan    1.7985    33402002469.6624
  2517.740    6.0336    0.0000    6.8640         nan    1.6894    34118451315.7720
  2575.857    6.0660    0.0000    6.8817         nan    1.5799    34793259722.3278
  2633.974    6.0961    0.0000    6.8982         nan    1.4699    35425885746.3434
  2692.092    6.1237    0.0000    6.9134         nan    1.3597    36015841196.0328
  2750.209    6.1489    0.0000    6.9272         nan    1.2492    36562695623.9506
  2808.326    6.1719    0.0000    6.9399         nan    1.1387    37066083171.6270
  2866.444    6.1925    0.0000    6.9512         nan    1.0282    37525714273.5967
  2924.561    6.2109    0.0000    6.9613         nan    0.9181    37941396115.0702
  2982.678    6.2271    0.0000    6.9702         nan    0.8088    38313069865.8661
  3040.796    6.2411    0.0000    6.9779         nan    0.7011    38640882484.0996
  3098.913    6.2529    0.0000    6.9844         nan    0.5967    38925336390.3340
  3157.031    6.2625    0.0000    6.9897         nan    0.4995    39167635729.3650
  3215.148    6.2700    0.0000    6.9938         nan    0.4210    39370611155.3376
  3273.265    6.2753    0.0000    6.9968         nan    0.4074    39541767381.0124
  3331.383    6.2785    0.0000    6.9985         nan    0.8336    39707435935.4087
  3389.500    6.2795    0.0000    6.9991         nan    0.0000    40046493008.0904
