# Depth[km]  Vp[km/s]  Vs[km/s] Rho[g/cm3]    T[K]     g[m/s2]         P[Pa]        
     0.000    3.7588    2.2375    1.7090    273.1500    3.7291              0.0000
    12.940    3.7588    2.2375    1.7090    324.3335    3.7391       82468163.3454
    12.940    4.3406    2.5839    1.9735    324.3335    3.7391       82468163.3454
    25.266    4.3406    2.5839    1.9735    373.0880    3.7461      173419251.3870
    25.266    5.9820    3.5609    2.7198    373.0880    3.7461      173419251.3870
    45.136    5.9820    3.5609    2.7198    451.6879    3.7451      375869557.0500
    45.136    7.9599    4.5358    3.5037    451.6879    3.7451      375869557.0500
    55.118    7.9524    4.5263    3.5035    491.1710    3.7382      506840456.0559
    65.099    7.9446    4.5167    3.5033    530.6541    3.7312      637560169.9828
    75.081    7.9361    4.5066    3.5030    570.1372    3.7243      768027285.1808
    85.062    7.9277    4.4967    3.5026    609.6203    3.7174      898241356.3305
    95.044    7.9185    4.4864    3.5021    649.1034    3.7106     1028199521.8433
   105.025    7.9096    4.4763    3.5017    688.5865    3.7038     1157901327.9283
   115.007    7.9009    4.4664    3.5013    728.0696    3.6970     1287349668.2071
   124.989    7.8912    4.4560    3.5007    767.5527    3.6902     1416542350.1316
   134.970    7.8824    4.4461    3.5003    807.0358    3.6835     1545479652.2018
   144.952    7.8727    4.4359    3.4996    846.5189    3.6768     1674161657.3080
   154.933    7.8627    4.4255    3.4989    886.0020    3.6701     1802584789.5798
   164.915    7.8537    4.4156    3.4984    925.4851    3.6635     1930752560.5996
   174.896    7.8439    4.4055    3.4976    964.9682    3.6569     2058665908.8121
   184.878    7.8343    4.3954    3.4970   1004.4513    3.6504     2186323340.0378
   194.859    7.8242    4.3853    3.4961   1043.9344    3.6439     2313724587.4286
   204.841    7.8143    4.3751    3.4954   1083.4175    3.6374     2440869423.8841
   214.822    7.8042    4.3648    3.4946   1122.9006    3.6309     2567759733.7820
   224.804    7.7942    4.3546    3.4938   1162.3837    3.6245     2694396260.3713
   234.785    7.7845    4.3446    3.4929   1201.8668    3.6182     2820780022.8435
   244.767    7.7741    4.3344    3.4920   1241.3498    3.6118     2946909457.8728
   254.748    7.7637    4.3239    3.4910   1280.8329    3.6056     3072784001.9308
   264.730    7.7547    4.3144    3.4902   1320.3160    3.5993     3198408444.9892
   274.711    7.7453    4.3046    3.4893   1359.7991    3.5931     3323784378.6804
   284.693    7.7353    4.2946    3.4883   1399.2822    3.5870     3448909813.2591
   294.674    7.7258    4.2847    3.4874   1438.7653    3.5808     3573786339.8210
   304.656    7.7162    4.2748    3.4865   1478.2484    3.5748     3698417088.3708
   314.638    7.7060    4.2647    3.4854   1517.7315    3.5687     3822800845.1656
   324.619    7.6967    4.2550    3.4845   1557.2146    3.5627     3946938628.5086
   334.601    7.6861    4.2448    3.4834   1596.6977    3.5568     4070831815.9363
   344.582    7.6767    4.2350    3.4825   1636.1808    3.5509     4194482852.3881
   354.564    7.6662    4.2248    3.4813   1675.6639    3.5451     4317893005.9724
   364.545    7.6567    4.2149    3.4804   1715.1470    3.5392     4441063764.6676
   374.527    7.6463    4.2048    3.4793   1754.6301    3.5335     4563996642.6489
   384.508    7.6362    4.1947    3.4783   1794.1132    3.5278     4686691407.6615
   394.490    7.6259    4.1845    3.4772   1833.5963    3.5221     4809151013.5821
   404.471    7.6157    4.1743    3.4761   1873.0794    3.5165     4931377254.0554
   414.453    7.6054    4.1642    3.4750   1912.5625    3.5110     5053371391.7815
   424.434    7.5944    4.1535    3.4739   1952.0456    3.5055     5175133284.5281
   434.416    7.5834    4.1431    3.4727   1991.5287    3.5000     5296663579.3468
   444.397    7.5737    4.1333    3.4717   2031.0117    3.4946     5417966190.2051
   467.178    7.6054    4.1426    3.4804   2035.9320    3.4824     5694683641.2013
   489.958    7.6352    4.1514    3.4888   2040.6542    3.4702     5971111372.0755
   512.738    7.6651    4.1603    3.4972   2045.3502    3.4581     6247239101.9982
   535.518    7.6933    4.1685    3.5054   2049.8299    3.4461     6523057781.7442
   558.298    7.7210    4.1767    3.5135   2054.2688    3.4342     6798556371.5742
   581.078    7.7483    4.1847    3.5214   2058.5221    3.4224     7073728981.9961
   603.858    7.7749    4.1926    3.5293   2062.7745    3.4107     7348572181.2414
   626.638    7.8019    4.2007    3.5371   2066.9657    3.3991     7623085141.1181
   649.419    7.8272    4.2079    3.5448   2070.9493    3.3876     7897265953.3254
   672.199    7.8535    4.2159    3.5526   2074.9617    3.3763     8171118918.1129
   694.979    7.8786    4.2233    3.5602   2078.9109    3.3651     8444648975.0849
   717.759    7.9039    4.2308    3.5679   2082.7422    3.3540     8717857540.2509
   740.539    7.9290    4.2383    3.5754   2086.4112    3.3431     8990750108.6461
   763.319    7.9535    4.2455    3.5830   2090.0775    3.3324     9263331589.0343
   786.099    7.9785    4.2531    3.5906   2093.8261    3.3218     9535613507.8972
   808.879    8.0036    4.2609    3.5982   2097.3729    3.3115     9807608839.8815
   831.660    8.0280    4.2684    3.6057   2100.8603    3.3013    10079325612.3490
   854.440    8.0531    4.2763    3.6135   2104.2724    3.2913    10350781784.0050
   877.220    8.0792    4.2847    3.6215   2107.7847    3.2815    10622005685.1577
   900.000    8.1047    4.2930    3.6294   2111.1107    3.2719    10893019214.8477
   916.882    8.1243    4.2996    3.6355   2113.6016    3.2650    11093666247.9489
   933.764    8.1425    4.3054    3.6412   2116.0290    3.2581    11294210533.8294
   950.646    8.1641    4.3132    3.6479   2118.4523    3.2514    11494676750.1430
   967.529    8.1851    4.3206    3.6545   2120.9296    3.2449    11695096715.1462
   984.411    8.2068    4.3286    3.6613   2123.3423    3.2384    11895479807.3976
  1001.293    8.2294    4.3372    3.6685   2125.7872    3.2321    12095846165.1440
  1018.175    8.2534    4.3466    3.6761   2128.2674    3.2259    12296223877.1686
  1035.057    8.2786    4.3567    3.6842   2130.8236    3.2199    12496646198.5437
  1051.939    8.2984    4.3638    3.6906   2133.2568    3.2140    12697086904.9982
  1068.821    8.3160    4.3695    3.6965   2135.4225    3.2082    12897493523.0609
  1085.704    8.3328    4.3749    3.7021   2137.6090    3.2026    13097853591.8649
  1102.586    8.3495    4.3802    3.7077   2139.8420    3.1973    13298168853.1738
  1119.468    8.3666    4.3859    3.7136   2142.0108    3.1921    13498456922.8202
  1136.350    8.4735    4.4515    3.7429   2153.0061    3.1869    13699367387.6846
  1153.232    8.6468    4.5617    3.7885   2170.1549    3.1815    13901967457.4403
  1170.114    8.8407    4.6857    3.8380   2185.7644    3.1756    14106777201.2764
  1186.996    8.8559    4.6905    3.8431   2188.1652    3.1697    14312676778.0373
  1203.879    8.8710    4.6952    3.8483   2190.5121    3.1640    14518467209.0249
  1220.761    8.8873    4.6996    3.8548   2193.4155    3.1585    14724197871.1472
  1237.643    8.9026    4.7042    3.8603   2195.8991    3.1532    14929888955.6541
  1254.525    8.9177    4.7088    3.8657   2198.3596    3.1481    15135524366.0548
  1271.407    8.9324    4.7134    3.8709   2200.7984    3.1433    15341112625.5351
  1288.289    8.9462    4.7181    3.8756   2203.0631    3.1387    15546648207.1803
  1305.172    8.9615    4.7228    3.8810   2205.4159    3.1344    15752152161.3508
  1322.054    8.9756    4.7274    3.8858   2207.6791    3.1304    15957645273.0545
  1338.936    8.9909    4.7318    3.8920   2210.6088    3.1266    16163164059.7998
  1355.818    9.0045    4.7363    3.8968   2212.9443    3.1231    16368725056.4757
  1372.700    9.0189    4.7411    3.9021   2215.3899    3.1200    16574322520.3392
  1389.582    9.0329    4.7456    3.9069   2217.6434    3.1171    16779978370.0405
  1406.464    9.0461    4.7502    3.9114   2219.8329    3.1146    16985692973.8929
  1423.347    9.0657    4.7582    3.9179   2223.1693    3.1124    17191528542.2674
  1440.229    9.1062    4.7802    3.9274   2228.8449    3.1105    17397638752.2837
  1457.111    9.1440    4.8005    3.9366   2234.6480    3.1089    17604117804.9174
  1473.993    9.1847    4.8232    3.9467   2240.5490    3.1077    17810997613.1963
  1490.875    9.2238    4.8436    3.9582   2246.2514    3.1067    18018358856.3755
  1507.757    9.2634    4.8653    3.9697   2250.8882    3.1061    18226260508.5223
  1524.639    9.3020    4.8863    3.9816   2255.2371    3.1058    18434732171.9194
  1541.522    9.3351    4.9041    3.9921   2259.6120    3.1058    18643769994.0390
  1558.404    9.3483    4.9089    3.9966   2261.5221    3.1063    18853205059.0369
  1558.404    5.1186    0.0000    4.1081         nan    3.1063    18853205059.0369
  1574.958    5.1330    0.0000    4.1136         nan    3.1056    19064595343.5682
  1591.513    5.1475    0.0000    4.1191         nan    3.1054    19276222267.7368
  1608.067    5.1619    0.0000    4.1246         nan    3.1056    19488115239.3496
  1624.621    5.1762    0.0000    4.1300         nan    3.1063    19700303738.4723
  1641.176    5.1899    0.0000    4.1352         nan    3.1075    19912813186.4783
  1657.730    5.2037    0.0000    4.1404         nan    3.1091    20125671818.5608
  1674.285    5.2174    0.0000    4.1457         nan    3.1114    20338914950.1692
  1690.839    5.2309    0.0000    4.1508         nan    3.1142    20552577087.8960
  1707.394    5.2439    0.0000    4.1558         nan    3.1175    20766690384.8396
  1707.394    5.2809    0.0000    6.3928         nan    3.1175    20766690384.8396
  1765.397    5.3311    0.0000    6.4333         nan    3.0209    21926350907.1356
  1823.401    5.3788    0.0000    6.4721         nan    2.9231    23057020448.4515
  1881.405    5.4243    0.0000    6.5091         nan    2.8243    24157521672.7346
  1939.408    5.4675    0.0000    6.5445         nan    2.7243    25226728147.6272
  1997.412    5.5085    0.0000    6.5783         nan    2.6234    26263563236.3707
  2055.416    5.5475    0.0000    6.6104         nan    2.5215    27266999227.3623
  2113.419    5.5845    0.0000    6.6410         nan    2.4187    28236056686.9216
  2171.423    5.6194    0.0000    6.6701         nan    2.3151    29169804033.0087
  2229.427    5.6525    0.0000    6.6977         nan    2.2107    30067357351.7171
  2287.430    5.6837    0.0000    6.7237         nan    2.1056    30927880478.6641
  2345.434    5.7131    0.0000    6.7484         nan    1.9998    31750585397.8727
  2403.438    5.7408    0.0000    6.7716         nan    1.8935    32534733043.4849
  2461.441    5.7666    0.0000    6.7934         nan    1.7865    33279634630.1664
  2519.445    5.7908    0.0000    6.8138         nan    1.6791    33984653716.8732
  2577.449    5.8133    0.0000    6.8328         nan    1.5714    34649209322.8764
  2635.452    5.8341    0.0000    6.8504         nan    1.4633    35272780609.2484
  2693.456    5.8533    0.0000    6.8667         nan    1.3551    35854913971.4293
  2751.460    5.8709    0.0000    6.8816         nan    1.2470    36395233977.7233
  2809.463    5.8869    0.0000    6.8953         nan    1.1391    36893460681.0099
  2867.467    5.9013    0.0000    6.9076         nan    1.0318    37349437949.3917
  2925.471    5.9141    0.0000    6.9185         nan    0.9258    37763181806.9961
  2983.474    5.9254    0.0000    6.9282         nan    0.8220    38134967283.4446
  3041.478    5.9352    0.0000    6.9366         nan    0.7222    38465494784.8808
  3099.482    5.9435    0.0000    6.9436         nan    0.6304    38756235771.1813
  3157.485    5.9502    0.0000    6.9494         nan    0.5555    39010231300.2967
  3215.489    5.9555    0.0000    6.9539         nan    0.5241    39234223515.7589
  3273.493    5.9592    0.0000    6.9571         nan    0.6435    39445678370.7149
  3331.496    5.9615    0.0000    6.9590         nan    1.7842    39705397191.2922
  3389.500    5.9622    0.0000    6.9597         nan    0.0000    40425632926.8535
