# Depth[km]  Vp[km/s]  Vs[km/s] Rho[g/cm3]    T[K]     g[m/s2]         P[Pa]        
     0.000    3.3726    2.0204    1.5676    273.1500    3.7291              0.0000
    10.592    3.3726    2.0204    1.5676    312.7840    3.7385       61917833.6400
    10.592    5.0558    3.0288    2.3499    312.7840    3.7385       61917833.6400
    27.981    5.0558    3.0288    2.3499    377.8556    3.7429      214684419.9059
    27.981    6.5666    3.9338    3.0521    377.8556    3.7429      214684419.9059
    43.632    6.5666    3.9338    3.0521    436.4230    3.7377      393473708.7041
    43.632    7.8421    4.4854    3.4771    436.4230    3.7377      393473708.7041
    53.642    7.8379    4.4786    3.4775    473.8814    3.7309      523573836.4841
    63.652    7.8334    4.4716    3.4778    511.3399    3.7241      653450414.5046
    73.662    7.8286    4.4644    3.4781    548.7983    3.7173      783101784.6610
    83.672    7.8232    4.4568    3.4783    586.2568    3.7106      912525424.5718
    93.682    7.8178    4.4493    3.4784    623.7152    3.7039     1041720323.7866
   103.692    7.8113    4.4413    3.4783    661.1736    3.6972     1170682658.8325
   113.701    7.8057    4.4336    3.4784    698.6321    3.6905     1299410820.2471
   123.711    7.7997    4.4258    3.4784    736.0905    3.6839     1427907849.4045
   133.721    7.7939    4.4180    3.4784    773.5490    3.6773     1556173966.0790
   143.731    7.7869    4.4097    3.4781    811.0074    3.6707     1684204410.8101
   153.741    7.7810    4.4019    3.4780    848.4659    3.6642     1811999091.3893
   163.751    7.7740    4.3936    3.4777    885.9243    3.6576     1939558574.9363
   173.761    7.7681    4.3857    3.4775    923.3828    3.6512     2066882460.3613
   183.771    7.7610    4.3774    3.4771    960.8412    3.6447     2193970330.1955
   193.781    7.7543    4.3692    3.4767    998.2997    3.6383     2320819661.8551
   203.791    7.7484    4.3613    3.4765   1035.7581    3.6319     2447434655.3896
   213.801    7.7413    4.3529    3.4759   1073.2166    3.6256     2573812183.4992
   223.811    7.7346    4.3447    3.4754   1110.6750    3.6193     2699949976.4000
   233.821    7.7277    4.3364    3.4750   1148.1335    3.6130     2825851404.7992
   243.830    7.7205    4.3279    3.4745   1185.5919    3.6068     2951517652.1739
   253.840    7.7138    4.3198    3.4740   1223.0504    3.6006     3076950010.2128
   263.850    7.7071    4.3116    3.4735   1260.5088    3.5944     3202149072.4084
   273.860    7.7001    4.3033    3.4730   1297.9673    3.5883     3327115860.7943
   283.870    7.6928    4.2949    3.4725   1335.4257    3.5822     3451850949.0778
   293.880    7.6844    4.2860    3.4719   1372.8842    3.5762     3576354665.5756
   303.890    7.6758    4.2769    3.4713   1410.3426    3.5702     3700627314.5556
   313.900    7.6676    4.2681    3.4708   1447.8010    3.5642     3824671762.6241
   323.910    7.6597    4.2594    3.4703   1485.2595    3.5583     3948491744.8227
   333.920    7.6509    4.2503    3.4697   1522.7179    3.5524     4072086134.6018
   343.930    7.6427    4.2414    3.4692   1560.1764    3.5466     4195456084.1197
   353.940    7.6335    4.2321    3.4685   1597.6348    3.5408     4318602154.3980
   363.950    7.6242    4.2227    3.4678   1635.0933    3.5350     4441522886.0438
   373.959    7.6157    4.2138    3.4671   1672.5517    3.5293     4564220635.4681
   383.969    7.6066    4.2045    3.4666   1710.0102    3.5237     4686698691.0702
   393.979    7.5909    4.1927    3.4647   1747.4686    3.5181     4808938355.5880
   403.989    7.5900    4.1865    3.4654   1784.9271    3.5125     4930963599.6798
   413.999    7.5797    4.1768    3.4645   1822.3855    3.5070     5052792391.2338
   424.009    7.5668    4.1660    3.4633   1859.8440    3.5015     5174391911.0596
   434.019    7.5585    4.1570    3.4627   1897.3024    3.4961     5295770185.1167
   444.029    7.5502    4.1480    3.4622   1934.7609    3.4908     5416942343.0602
   466.827    7.5786    4.1554    3.4701   1938.8541    3.4786     5692795230.5003
   489.626    7.6065    4.1626    3.4780   1942.9279    3.4666     5968316979.8229
   512.425    7.6461    4.1745    3.4876   1948.1596    3.4546     6243575992.7569
   535.223    7.6752    4.1824    3.4956   1952.3861    3.4427     6518578396.2194
   558.022    7.7040    4.1902    3.5036   1956.5012    3.4309     6793260295.8516
   580.820    7.7315    4.1975    3.5113   1960.4834    3.4193     7067615436.9793
   603.619    7.7591    4.2051    3.5190   1964.3546    3.4077     7341636218.3974
   626.417    7.7859    4.2122    3.5266   1968.2327    3.3962     7615321990.5359
   649.216    7.8131    4.2197    3.5341   1972.0645    3.3849     7888675081.3412
   672.014    7.8387    4.2265    3.5415   1975.7331    3.3737     8161692778.6379
   694.813    7.8643    4.2334    3.5488   1979.3203    3.3627     8434372165.5595
   717.612    7.8895    4.2401    3.5561   1982.9000    3.3518     8706717275.4669
   740.410    7.9146    4.2468    3.5632   1986.3714    3.3411     8978732721.0310
   763.209    7.9394    4.2534    3.5704   1989.8066    3.3306     9250423997.3997
   786.007    7.9640    4.2600    3.5775   1993.2483    3.3202     9521799643.5281
   808.806    7.9879    4.2664    3.5844   1996.5215    3.3100     9792864021.8344
   831.604    8.0122    4.2729    3.5915   1999.8596    3.3001    10063626726.6805
   854.403    8.0358    4.2793    3.5984   2003.0274    3.2904    10334099358.8472
   877.201    8.0599    4.2858    3.6054   2006.2626    3.2808    10604295282.0780
   900.000    8.0845    4.2928    3.6125   2009.5211    3.2716    10874237107.2038
   916.827    8.1025    4.2979    3.6177   2011.8826    3.2649    11073249042.4493
   933.654    8.1200    4.3027    3.6228   2014.1270    3.2583    11272138584.6361
   950.481    8.1375    4.3076    3.6280   2016.3750    3.2519    11470911113.5039
   967.308    8.1546    4.3123    3.6330   2018.5675    3.2457    11669571980.5918
   984.135    8.1738    4.3183    3.6387   2020.8902    3.2396    11868142260.2162
  1000.962    8.1917    4.3235    3.6440   2023.0868    3.2336    12066637765.0583
  1017.789    8.2074    4.3275    3.6486   2025.2458    3.2278    12265040371.1006
  1034.616    8.2254    4.3328    3.6541   2027.3293    3.2222    12463362881.1222
  1051.443    8.2414    4.3371    3.6588   2029.3970    3.2168    12661615941.3399
  1068.269    8.2575    4.3414    3.6636   2031.4553    3.2116    12859793144.4226
  1085.096    8.3609    4.4055    3.6910   2041.0088    3.2064    13058519192.8341
  1101.923    8.4798    4.4803    3.7225   2053.4908    3.2010    13258512630.6871
  1118.750    8.5966    4.5533    3.7531   2064.4769    3.1955    13459844436.6187
  1135.577    8.6115    4.5568    3.7577   2068.2315    3.1900    13661774562.6194
  1152.404    8.6279    4.5613    3.7627   2070.7874    3.1847    13863614299.2990
  1169.231    8.6436    4.5654    3.7675   2073.0101    3.1796    14065381418.8982
  1186.058    8.6591    4.5694    3.7724   2075.2285    3.1747    14267083838.8709
  1202.885    8.6747    4.5734    3.7772   2077.4108    3.1701    14468736502.6441
  1219.712    8.6885    4.5763    3.7817   2083.8327    3.1657    14670343345.7564
  1236.539    8.7290    4.6070    3.7875   2088.6744    3.1615    14871943976.3069
  1253.366    8.7708    4.6402    3.7930   2094.2085    3.1576    15073580744.6720
  1270.193    8.8127    4.6724    3.7993   2096.6782    3.1540    15275283292.0540
  1287.020    8.8415    4.6849    3.8067   2100.7449    3.1506    15477116028.7282
  1303.847    8.8802    4.7031    3.8161   2105.9703    3.1474    15679174772.4451
  1320.674    8.9194    4.7216    3.8260   2111.2177    3.1444    15881540291.8451
  1337.501    8.9576    4.7398    3.8357   2116.5013    3.1417    16084232947.8581
  1354.328    8.9968    4.7585    3.8462   2121.7839    3.1392    16287282928.0370
  1371.155    9.0381    4.7777    3.8579   2127.6862    3.1369    16490759476.2782
  1387.982    9.0676    4.7916    3.8659   2131.6866    3.1349    16694609723.7973
  1404.808    9.0856    4.7943    3.8741   2133.4795    3.1332    16898757988.7651
  1421.635    9.1019    4.7980    3.8807   2135.5784    3.1319    17103185607.3508
  1438.462    9.1188    4.8014    3.8879   2137.5887    3.1308    17307886885.1973
  1455.289    9.1366    4.8048    3.8959   2139.6393    3.1301    17512920880.2782
  1472.116    9.1543    4.8079    3.9042   2141.6454    3.1298    17718337610.0230
  1488.943    9.2261    4.8439    3.9351   2154.4662    3.1296    17924765513.8815
  1505.770    9.2556    4.8591    3.9450   2160.2105    3.1297    18132259710.0643
  1522.597    9.2810    4.8714    3.9538   2165.6625    3.1301    18340249385.6069
  1539.424    9.3066    4.8842    3.9624   2170.7107    3.1310    18548725909.1093
  1556.251    9.3327    4.8979    3.9711   2175.8074    3.1322    18757713389.7581
  1556.251    5.0100    0.0000    4.0251         nan    3.1322    18757713389.7581
  1571.116    5.0228    0.0000    4.0301         nan    3.1330    18945242778.1331
  1585.982    5.0356    0.0000    4.0350         nan    3.1342    19133049814.3419
  1600.847    5.0484    0.0000    4.0400         nan    3.1357    19321157013.8511
  1615.712    5.0611    0.0000    4.0449         nan    3.1377    19509587784.7573
  1630.577    5.0734    0.0000    4.0497         nan    3.1400    19698362369.0349
  1645.443    5.0856    0.0000    4.0544         nan    3.1429    19887500651.2861
  1660.308    5.0977    0.0000    4.0591         nan    3.1461    20077027706.7518
  1675.173    5.1098    0.0000    4.0638         nan    3.1498    20266971073.3767
  1690.038    5.1217    0.0000    4.0684         nan    3.1540    20457356773.7008
  1690.038    5.2417    0.0000    6.3996         nan    3.1540    20457356773.7008
  1748.641    5.3051    0.0000    6.4415         nan    3.0564    21644085272.3084
  1807.243    5.3652    0.0000    6.4815         nan    2.9575    22801406718.1009
  1865.845    5.4222    0.0000    6.5196         nan    2.8574    23928038142.4176
  1924.447    5.4763    0.0000    6.5558         nan    2.7562    25022759927.8167
  1983.049    5.5276    0.0000    6.5902         nan    2.6539    26084413018.4643
  2041.651    5.5762    0.0000    6.6228         nan    2.5507    27111896546.3773
  2100.253    5.6222    0.0000    6.6538         nan    2.4465    28104165817.1114
  2158.855    5.6656    0.0000    6.6832         nan    2.3414    29060230619.5676
  2217.458    5.7067    0.0000    6.7109         nan    2.2355    29979153828.0693
  2276.060    5.7453    0.0000    6.7371         nan    2.1289    30860050285.8701
  2334.662    5.7817    0.0000    6.7618         nan    2.0215    31702085971.9947
  2393.264    5.8158    0.0000    6.7850         nan    1.9134    32504477470.3527
  2451.866    5.8477    0.0000    6.8067         nan    1.8047    33266491787.3171
  2510.468    5.8775    0.0000    6.8270         nan    1.6955    33987446598.9321
  2569.070    5.9052    0.0000    6.8459         nan    1.5858    34666711066.2071
  2627.672    5.9308    0.0000    6.8634         nan    1.4756    35303707449.5796
  2686.275    5.9544    0.0000    6.8795         nan    1.3651    35897913906.9112
  2744.877    5.9760    0.0000    6.8943         nan    1.2544    36448869138.0361
  2803.479    5.9956    0.0000    6.9078         nan    1.1436    36956180047.1479
  2862.081    6.0133    0.0000    6.9199         nan    1.0329    37419534581.7221
  2920.683    6.0291    0.0000    6.9307         nan    0.9226    37838723931.0188
  2979.285    6.0430    0.0000    6.9403         nan    0.8131    38213682695.1739
  3037.887    6.0550    0.0000    6.9485         nan    0.7053    38544566121.8535
  3096.489    6.0651    0.0000    6.9554         nan    0.6011    38831910874.0446
  3155.092    6.0734    0.0000    6.9611         nan    0.5045    39077006719.2061
  3213.694    6.0798    0.0000    6.9655         nan    0.4279    39282888973.0312
  3272.296    6.0844    0.0000    6.9687         nan    0.4207    39457608721.5874
  3330.898    6.0871    0.0000    6.9706         nan    0.8833    39629419285.4469
  3389.500    6.0880    0.0000    6.9712         nan    0.0000    39990259846.5475
