# Depth[km]  Vp[km/s]  Vs[km/s] Rho[g/cm3]    T[K]     g[m/s2]         P[Pa]        
     0.000    3.6563    2.1885    1.7018    273.1500    3.7291              0.0000
    11.744    3.6563    2.1885    1.7018    317.1503    3.7382       74524603.6059
    11.744    4.8877    2.9255    2.2749    317.1503    3.7382       74524603.6059
    28.503    4.8877    2.9255    2.2749    379.9504    3.7435      217052672.5087
    28.503    6.4646    3.8694    3.0089    379.9504    3.7435      217052672.5087
    42.616    6.4646    3.8694    3.0089    432.8296    3.7393      376006918.9979
    42.616    7.8423    4.4860    3.4770    432.8296    3.7393      376006918.9979
    52.708    7.8381    4.4791    3.4774    470.6479    3.7325      507238214.1517
    62.801    7.8335    4.4720    3.4778    508.4662    3.7256      638242532.7447
    72.894    7.8286    4.4648    3.4780    546.2845    3.7188      769017861.1990
    82.987    7.8233    4.4572    3.4782    584.1027    3.7120      899561783.3647
    93.079    7.8178    4.4496    3.4784    621.9210    3.7052     1029873471.6941
   103.172    7.8112    4.4415    3.4782    659.7393    3.6985     1159948820.0336
   113.265    7.8055    4.4338    3.4783    697.5576    3.6918     1289786291.5168
   123.358    7.7996    4.4259    3.4783    735.3759    3.6851     1419388893.9669
   133.451    7.7936    4.4180    3.4783    773.1942    3.6785     1548756734.2573
   143.543    7.7866    4.4096    3.4780    811.0125    3.6718     1677885095.9105
   153.636    7.7805    4.4017    3.4779    848.8308    3.6652     1806773886.7623
   163.729    7.7735    4.3933    3.4776    886.6491    3.6587     1935423559.5864
   173.822    7.7675    4.3853    3.4774    924.4673    3.6522     2063833804.8641
   183.914    7.7603    4.3769    3.4770    962.2856    3.6457     2192004147.9546
   194.007    7.7536    4.3687    3.4766   1000.1039    3.6392     2319931564.7604
   204.100    7.7477    4.3608    3.4763   1037.9222    3.6328     2447621000.3638
   214.193    7.7403    4.3522    3.4758   1075.7405    3.6264     2575069824.9165
   224.286    7.7336    4.3439    3.4753   1113.5588    3.6200     2702274503.8714
   234.378    7.7265    4.3355    3.4748   1151.3771    3.6137     2829239107.8526
   244.471    7.7195    4.3271    3.4743   1189.1954    3.6075     2955964885.7598
   254.564    7.7125    4.3187    3.4738   1227.0137    3.6012     3082452444.7199
   264.657    7.7056    4.3104    3.4733   1264.8320    3.5950     3208703094.6944
   274.749    7.6988    4.3022    3.4728   1302.6502    3.5889     3334717852.6864
   284.842    7.6908    4.2934    3.4722   1340.4685    3.5827     3460496145.1497
   294.935    7.6820    4.2843    3.4715   1378.2868    3.5767     3586037460.0032
   305.028    7.6739    4.2754    3.4710   1416.1051    3.5706     3711345750.8330
   315.120    7.6657    4.2665    3.4706   1453.9234    3.5646     3836425057.2140
   325.213    7.6568    4.2573    3.4699   1491.7417    3.5587     3961274011.0841
   335.306    7.6487    4.2484    3.4694   1529.5600    3.5528     4085893971.5707
   345.399    7.6405    4.2395    3.4689   1567.3783    3.5469     4210288395.7456
   355.492    7.6304    4.2298    3.4681   1605.1966    3.5411     4334453051.5407
   365.584    7.6220    4.2208    3.4675   1643.0148    3.5353     4458389357.6258
   375.677    7.6128    4.2114    3.4668   1680.8331    3.5296     4582101376.9884
   385.770    7.6044    4.2024    3.4662   1718.6514    3.5239     4705590451.5914
   395.863    7.5880    4.1903    3.4644   1756.4697    3.5183     4828837833.6795
   405.955    7.5854    4.1834    3.4648   1794.2880    3.5127     4951862555.6955
   416.048    7.5765    4.1741    3.4642   1832.1063    3.5071     5074687746.0067
   426.141    7.5635    4.1632    3.4629   1869.9246    3.5017     5197285613.4715
   436.234    7.5552    4.1542    3.4623   1907.7429    3.4962     5319659494.3387
   446.327    7.5471    4.1452    3.4618   1945.5612    3.4908     5441823762.5657
   469.010    7.5749    4.1523    3.4697   1949.7218    3.4788     5716258597.1481
   491.694    7.6026    4.1595    3.4775   1953.7624    3.4669     5990370309.2506
   514.378    7.6420    4.1714    3.4870   1958.9406    3.4550     6264221707.4577
   537.061    7.6707    4.1791    3.4950   1963.1367    3.4433     6537819774.0027
   559.745    7.7001    4.1872    3.5030   1967.3538    3.4316     6811110061.2121
   582.429    7.7277    4.1946    3.5107   1971.3395    3.4200     7084086486.4143
   605.112    7.7547    4.2018    3.5183   1975.2468    3.4085     7356737366.2192
   627.796    7.7813    4.2090    3.5258   1978.9786    3.3972     7629056879.5459
   650.480    7.8086    4.2165    3.5334   1982.9372    3.3860     7901052218.3340
   673.163    7.8342    4.2232    3.5408   1986.6211    3.3749     8172725745.1121
   695.847    7.8597    4.2301    3.5480   1990.2207    3.3640     8444069788.4259
   718.531    7.8847    4.2366    3.5553   1993.8039    3.3532     8715088981.5814
   741.214    7.9098    4.2435    3.5624   1997.3078    3.3426     8985787809.5194
   763.898    7.9343    4.2499    3.5695   2000.7688    3.3322     9256172259.9106
   786.582    7.9590    4.2567    3.5766   2004.1811    3.3220     9526249825.7182
   809.265    7.9826    4.2627    3.5835   2007.4903    3.3119     9796024870.7263
   831.949    8.0070    4.2695    3.5905   2010.7970    3.3021    10065507296.5459
   854.633    8.0306    4.2759    3.5974   2013.9801    3.2925    10334708358.5670
   877.316    8.0545    4.2823    3.6044   2017.2184    3.2831    10603642024.9536
   900.000    8.0780    4.2888    3.6112   2020.3248    3.2739    10872322598.9371
   916.687    8.0969    4.2943    3.6167   2022.8625    3.2673    11069763137.6278
   933.375    8.1142    4.2990    3.6217   2025.1133    3.2609    11267092600.7850
   950.062    8.1315    4.3038    3.6269   2027.3444    3.2546    11464310182.5159
   966.750    8.1489    4.3089    3.6319   2029.5113    3.2484    11661422851.3456
   983.437    8.1664    4.3138    3.6371   2031.7524    3.2424    11858440660.1769
  1000.125    8.1855    4.3198    3.6427   2034.0694    3.2365    12055387077.3757
  1016.812    8.2011    4.3238    3.6474   2036.2236    3.2308    12252254961.7252
  1033.500    8.2190    4.3290    3.6527   2038.3078    3.2253    12449045209.2152
  1050.187    8.2349    4.3332    3.6575   2040.3925    3.2200    12645771802.1499
  1066.874    8.2508    4.3374    3.6623   2042.4595    3.2148    12842429229.6683
  1083.562    8.3279    4.3836    3.6829   2050.7563    3.2097    13039452587.4227
  1100.249    8.4419    4.4550    3.7130   2061.6020    3.2046    13237523857.2566
  1116.937    8.5766    4.5405    3.7482   2075.1419    3.1992    13437021901.8549
  1133.624    8.6047    4.5529    3.7561   2079.2100    3.1938    13637336211.4860
  1150.312    8.6208    4.5572    3.7611   2081.7558    3.1886    13837656846.3258
  1166.999    8.6363    4.5611    3.7659   2083.9941    3.1836    14037910740.4957
  1183.687    8.6519    4.5653    3.7707   2086.1723    3.1788    14238103705.8099
  1200.374    8.6673    4.5694    3.7754   2088.3321    3.1742    14438248132.8682
  1217.062    8.6829    4.5735    3.7802   2090.4978    3.1699    14638359160.0959
  1233.749    8.6985    4.5778    3.7851   2092.6554    3.1658    14838454498.5486
  1250.436    8.7129    4.5818    3.7893   2099.0062    3.1620    15038531920.0811
  1267.124    8.7587    4.6182    3.7957   2103.0063    3.1584    15238646012.3799
  1283.811    8.7994    4.6497    3.8016   2107.2879    3.1551    15438857210.1900
  1300.499    8.8600    4.6912    3.8118   2115.1925    3.1520    15639281716.3866
  1317.186    8.8980    4.7090    3.8212   2120.4519    3.1491    15840023999.5061
  1333.874    8.9369    4.7275    3.8311   2125.6538    3.1464    16041090332.4916
  1350.561    8.9765    4.7462    3.8416   2131.0922    3.1440    16242523186.5061
  1367.249    9.0170    4.7654    3.8527   2136.5333    3.1418    16444366140.9698
  1383.936    9.0517    4.7823    3.8619   2141.9301    3.1399    16646601754.4610
  1400.623    9.0763    4.7897    3.8713   2144.4592    3.1382    16849200901.8408
  1417.311    9.0927    4.7932    3.8780   2146.4879    3.1369    17052113492.4523
  1433.998    9.1093    4.7965    3.8851   2148.5067    3.1359    17255299397.0565
  1450.686    9.1264    4.8000    3.8925   2150.5640    3.1352    17458798704.0115
  1467.373    9.1444    4.8030    3.9010   2152.5444    3.1348    17662669796.0637
  1484.061    9.2100    4.8337    3.9304   2162.8942    3.1347    17867510426.1283
  1500.748    9.2358    4.8461    3.9393   2168.5380    3.1348    18073343613.5227
  1517.436    9.2609    4.8584    3.9478   2173.9571    3.1352    18279636290.1389
  1534.123    9.2873    4.8713    3.9570   2179.5802    3.1361    18486421119.3656
  1550.810    9.3138    4.8850    3.9659   2184.7515    3.1373    18693733887.0116
  1550.810    4.9914    0.0000    4.0374         nan    3.1373    18693733887.0116
  1564.502    5.0011    0.0000    4.0421         nan    3.1378    18867253361.6531
  1578.193    5.0107    0.0000    4.0467         nan    3.1386    19041000436.9309
  1591.884    5.0204    0.0000    4.0513         nan    3.1398    19214992358.1384
  1605.575    5.0300    0.0000    4.0560         nan    3.1412    19389247000.8340
  1619.266    5.0395    0.0000    4.0605         nan    3.1430    19563781276.4527
  1632.957    5.0487    0.0000    4.0650         nan    3.1452    19738610028.9203
  1646.649    5.0579    0.0000    4.0694         nan    3.1478    19913750487.5337
  1660.340    5.0672    0.0000    4.0739         nan    3.1507    20089223425.8523
  1674.031    5.0764    0.0000    4.0783         nan    3.1540    20265050382.5110
  1674.031    5.4062    0.0000    6.3531         nan    3.1540    20265050382.5110
  1733.185    5.4760    0.0000    6.3926         nan    3.0557    21454046320.6573
  1792.339    5.5421    0.0000    6.4302         nan    2.9562    22612949506.8698
  1851.493    5.6048    0.0000    6.4658         nan    2.8556    23740524391.4984
  1910.647    5.6642    0.0000    6.4997         nan    2.7540    24835600711.8994
  1969.801    5.7204    0.0000    6.5318         nan    2.6513    25897070051.0818
  2028.955    5.7736    0.0000    6.5623         nan    2.5477    26923882910.7565
  2088.110    5.8238    0.0000    6.5911         nan    2.4432    27915046219.9037
  2147.264    5.8713    0.0000    6.6184         nan    2.3379    28869621221.3672
  2206.418    5.9161    0.0000    6.6442         nan    2.2318    29786721706.1672
  2265.572    5.9583    0.0000    6.6685         nan    2.1250    30665512566.9578
  2324.726    5.9979    0.0000    6.6914         nan    2.0175    31505208667.0478
  2383.880    6.0351    0.0000    6.7129         nan    1.9094    32305074037.7290
  2443.034    6.0699    0.0000    6.7330         nan    1.8007    33064421439.9476
  2502.188    6.1023    0.0000    6.7517         nan    1.6915    33782612366.9043
  2561.342    6.1324    0.0000    6.7692         nan    1.5818    34459057615.7000
  2620.497    6.1603    0.0000    6.7853         nan    1.4718    35093218644.3924
  2679.651    6.1859    0.0000    6.8002         nan    1.3614    35684610081.7352
  2738.805    6.2094    0.0000    6.8139         nan    1.2508    36232804021.8752
  2797.959    6.2307    0.0000    6.8263         nan    1.1402    36737437222.4669
  2857.113    6.2499    0.0000    6.8374         nan    1.0296    37198223270.4171
  2916.267    6.2671    0.0000    6.8474         nan    0.9195    37614973716.9464
  2975.421    6.2821    0.0000    6.8561         nan    0.8101    37987636420.2265
  3034.575    6.2951    0.0000    6.8637         nan    0.7024    38316369366.6827
  3093.729    6.3061    0.0000    6.8701         nan    0.5981    38601694430.7285
  3152.884    6.3151    0.0000    6.8753         nan    0.5012    38844852965.3122
  3212.038    6.3220    0.0000    6.8794         nan    0.4234    39048755371.1140
  3271.192    6.3270    0.0000    6.8823         nan    0.4122    39221110172.9010
  3330.346    6.3300    0.0000    6.8840         nan    0.8521    39388955202.1823
  3389.500    6.3310    0.0000    6.8846         nan    0.0000    39735950539.5866
