# Depth[km]  Vp[km/s]  Vs[km/s] Rho[g/cm3]    T[K]     g[m/s2]         P[Pa]        
     0.000    3.5538    2.1358    1.6089    273.1500    3.7291              0.0000
    10.108    3.5538    2.1358    1.6089    312.6972    3.7377       60644926.6561
    10.108    4.6294    2.7822    2.0958    312.6972    3.7377       60644926.6561
    30.158    4.6294    2.7822    2.0958    391.1481    3.7470      217708565.7044
    30.158    6.1703    3.7083    2.7934    391.1481    3.7470      217708565.7044
    48.254    6.1703    3.7083    2.7934    461.9557    3.7451      407124278.9585
    48.254    7.9583    4.5335    3.5037    461.9557    3.7451      407124278.9585
    57.954    7.9511    4.5243    3.5036    499.9080    3.7384      534397303.8920
    67.654    7.9437    4.5150    3.5034    537.8602    3.7316      661434978.9062
    77.353    7.9357    4.5054    3.5031    575.8125    3.7249      788236013.9190
    87.053    7.9272    4.4957    3.5027    613.7648    3.7183      914797461.8772
    96.752    7.9190    4.4861    3.5024    651.7170    3.7116     1041119287.3380
   106.452    7.9105    4.4764    3.5020    689.6693    3.7050     1167203276.4555
   116.151    7.9023    4.4669    3.5017    727.6215    3.6984     1293050170.3448
   125.851    7.8931    4.4570    3.5012    765.5738    3.6919     1418657634.5688
   135.550    7.8847    4.4474    3.5008    803.5261    3.6854     1544025638.4139
   145.250    7.8755    4.4377    3.5002    841.4783    3.6789     1669154835.0251
   154.949    7.8666    4.4280    3.4996    879.4306    3.6724     1794043526.2552
   164.649    7.8575    4.4182    3.4991    917.3828    3.6660     1918692922.2544
   174.349    7.8482    4.4086    3.4984    955.3351    3.6596     2043101948.9358
   184.048    7.8390    4.3988    3.4978    993.2874    3.6532     2167270726.5479
   193.748    7.8298    4.3892    3.4971   1031.2396    3.6469     2291200773.3648
   203.447    7.8210    4.3797    3.4964   1069.1919    3.6406     2414892945.3904
   213.147    7.8108    4.3696    3.4956   1107.1442    3.6343     2538345560.9075
   222.846    7.8019    4.3601    3.4950   1145.0964    3.6281     2661560108.9718
   232.546    7.7921    4.3503    3.4941   1183.0487    3.6219     2784537551.0564
   242.245    7.7828    4.3407    3.4934   1221.0009    3.6158     2907277239.4786
   251.945    7.7733    4.3310    3.4926   1258.9532    3.6097     3029781142.8505
   261.644    7.7640    4.3213    3.4918   1296.9055    3.6036     3152049962.6099
   271.344    7.7554    4.3122    3.4910   1334.8577    3.5976     3274085476.5555
   281.043    7.7464    4.3027    3.4902   1372.8100    3.5916     3395888121.1151
   290.743    7.7369    4.2932    3.4892   1410.7622    3.5856     3517456508.7998
   300.443    7.7277    4.2837    3.4884   1448.7145    3.5797     3638791770.5126
   310.142    7.7186    4.2742    3.4875   1486.6668    3.5738     3759897382.8460
   319.842    7.7099    4.2649    3.4867   1524.6190    3.5680     3880774554.8877
   329.541    7.7000    4.2551    3.4856   1562.5713    3.5622     4001421600.2877
   339.241    7.6910    4.2457    3.4848   1600.5235    3.5564     4121840827.3943
   348.940    7.6812    4.2360    3.4838   1638.4758    3.5507     4242033324.7408
   358.640    7.6722    4.2266    3.4829   1676.4281    3.5450     4362000342.2554
   368.339    7.6627    4.2170    3.4820   1714.3803    3.5394     4481745210.9513
   378.039    7.6524    4.2070    3.4809   1752.3326    3.5338     4601265836.2428
   387.738    7.6433    4.1976    3.4801   1790.2848    3.5283     4720565368.2764
   397.438    7.6334    4.1878    3.4790   1828.2371    3.5228     4839645512.1553
   407.138    7.6236    4.1780    3.4780   1866.1894    3.5174     4958505226.8176
   416.837    7.6140    4.1684    3.4770   1904.1416    3.5120     5077147850.7509
   426.537    7.6043    4.1586    3.4761   1942.0939    3.5067     5195576041.7663
   436.236    7.5938    4.1484    3.4750   1980.0461    3.5014     5313789896.2473
   459.424    7.6258    4.1581    3.4838   1984.8066    3.4888     5596283384.4865
   482.613    7.6566    4.1672    3.4924   1989.5737    3.4763     5878465909.1988
   505.801    7.6860    4.1759    3.5008   1994.1029    3.4639     6160324036.5810
   528.989    7.7149    4.1845    3.5091   1998.4822    3.4515     6441844168.5217
   552.177    7.7429    4.1927    3.5173   2002.8783    3.4393     6723019992.6722
   575.365    7.7702    4.2007    3.5253   2007.1081    3.4272     7003845041.1417
   598.554    7.7975    4.2088    3.5333   2011.2920    3.4151     7284317376.6730
   621.742    7.8238    4.2165    3.5412   2015.2959    3.4032     7564434412.0388
   644.930    7.8503    4.2244    3.5491   2019.3711    3.3914     7844195828.7349
   668.118    7.8758    4.2318    3.5568   2023.2213    3.3798     8123602244.3383
   691.306    7.9017    4.2396    3.5645   2027.0897    3.3683     8402654615.3926
   714.494    7.9270    4.2471    3.5722   2030.8013    3.3569     8681358176.6528
   737.683    7.9522    4.2547    3.5799   2034.4686    3.3457     8959719417.8273
   760.871    7.9775    4.2622    3.5876   2038.1732    3.3347     9237750568.7359
   784.059    8.0027    4.2699    3.5952   2041.7326    3.3239     9515459055.6878
   807.247    8.0278    4.2776    3.6029   2045.2402    3.3132     9792854860.7981
   830.435    8.0528    4.2855    3.6106   2048.5864    3.3027    10069950125.3639
   853.624    8.0779    4.2931    3.6184   2052.1376    3.2925    10346762694.6053
   876.812    8.1040    4.3017    3.6264   2055.4393    3.2824    10623320730.6301
   900.000    8.1301    4.3102    3.6345   2058.7305    3.2726    10899646955.0983
   916.911    8.1494    4.3166    3.6405   2061.1015    3.2656    11100957331.6277
   933.822    8.1706    4.3243    3.6471   2063.4536    3.2587    11302183603.9377
   950.733    8.1897    4.3306    3.6531   2065.8562    3.2519    11503330966.5963
   967.644    8.2106    4.3381    3.6597   2068.2133    3.2452    11704406733.6567
   984.555    8.2308    4.3453    3.6661   2070.5269    3.2387    11905427882.7562
  1001.466    8.2558    4.3552    3.6740   2072.9645    3.2323    12106437488.5774
  1018.377    8.2801    4.3648    3.6818   2075.4383    3.2260    12307478426.8402
  1035.288    8.3054    4.3751    3.6899   2077.9642    3.2199    12508562740.3436
  1052.199    8.3226    4.3806    3.6956   2080.0942    3.2139    12709641037.3232
  1069.110    8.3394    4.3859    3.7012   2082.2154    3.2081    12910652891.7612
  1086.021    8.3568    4.3916    3.7072   2084.3101    3.2024    13111613423.9163
  1102.932    8.3733    4.3969    3.7127   2086.4480    3.1970    13312530022.4444
  1119.843    8.4614    4.4499    3.7373   2095.6566    3.1916    13513917874.2212
  1136.754    8.6246    4.5534    3.7808   2110.6491    3.1859    13716803817.2930
  1153.665    8.8271    4.6835    3.8328   2129.2738    3.1799    13921905843.5275
  1170.576    8.8650    4.7031    3.8436   2131.6672    3.1737    14128307818.5774
  1187.487    8.8801    4.7078    3.8487   2133.9486    3.1677    14334734912.4200
  1204.399    8.8964    4.7122    3.8552   2136.7465    3.1618    14541080702.2077
  1221.310    8.9118    4.7168    3.8608   2139.2022    3.1562    14747368515.7908
  1238.221    8.9270    4.7213    3.8663   2141.6218    3.1508    14953584095.6461
  1255.132    8.9421    4.7259    3.8717   2144.0372    3.1456    15159737258.3140
  1272.043    8.9569    4.7304    3.8771   2146.4467    3.1407    15365837647.5179
  1288.954    8.9716    4.7351    3.8822   2148.7321    3.1360    15571892854.3328
  1305.865    8.9862    4.7397    3.8876   2151.1671    3.1315    15777920302.8913
  1322.776    9.0006    4.7444    3.8927   2153.4195    3.1273    15983932586.4614
  1339.687    9.0146    4.7488    3.8978   2155.8823    3.1235    16189939735.0025
  1356.598    9.0277    4.7533    3.9023   2158.0140    3.1199    16395944005.0991
  1373.509    9.0423    4.7581    3.9076   2160.3177    3.1166    16601968046.8123
  1390.420    9.0565    4.7627    3.9125   2162.5205    3.1136    16808045344.4277
  1407.331    9.0942    4.7828    3.9214   2167.6499    3.1109    17014290789.4939
  1424.242    9.1362    4.8051    3.9325   2174.1041    3.1085    17220882911.6413
  1441.153    9.1742    4.8257    3.9418   2179.8947    3.1064    17427850068.3725
  1458.064    9.2157    4.8491    3.9521   2185.5721    3.1045    17635189651.2723
  1474.975    9.2560    4.8709    3.9629   2191.5802    3.1030    17842961431.8817
  1491.886    9.2969    4.8940    3.9735   2197.6263    3.1018    18051193174.9125
  1508.797    9.3379    4.9176    3.9845   2204.2184    3.1008    18259908241.3947
  1525.708    9.3699    4.9351    3.9936   2209.0199    3.1003    18469087681.8831
  1542.619    9.3819    4.9391    3.9977   2211.0304    3.1001    18678574555.3457
  1559.530    9.3946    4.9436    4.0022   2213.1135    3.1004    18888277790.2822
  1559.530    4.6477    0.0000    4.0054         nan    3.1004    18888277790.2822
  1574.184    4.6618    0.0000    4.0110         nan    3.1010    19070378786.6506
  1588.837    4.6758    0.0000    4.0166         nan    3.1020    19252769628.0805
  1603.490    4.6898    0.0000    4.0222         nan    3.1033    19435470886.9879
  1618.144    4.7039    0.0000    4.0279         nan    3.1049    19618503964.1071
  1632.797    4.7174    0.0000    4.0333         nan    3.1070    19801886665.3156
  1647.451    4.7307    0.0000    4.0386         nan    3.1095    19985635789.5746
  1662.104    4.7440    0.0000    4.0439         nan    3.1124    20169773627.4983
  1676.758    4.7574    0.0000    4.0492         nan    3.1157    20354325448.2135
  1691.411    4.7704    0.0000    4.0545         nan    3.1195    20539315161.0275
  1691.411    5.1300    0.0000    6.3330         nan    3.1195    20539315161.0275
  1749.966    5.2127    0.0000    6.3758         nan    3.0229    21700007279.3325
  1808.521    5.2906    0.0000    6.4161         nan    2.9251    22832126213.7698
  1867.075    5.3641    0.0000    6.4543         nan    2.8261    23934333612.3300
  1925.630    5.4334    0.0000    6.4903         nan    2.7259    25005372274.1017
  1984.185    5.4988    0.0000    6.5244         nan    2.6248    26044060230.9606
  2042.740    5.5604    0.0000    6.5566         nan    2.5226    27049285813.4970
  2101.295    5.6185    0.0000    6.5870         nan    2.4195    28020003532.6539
  2159.849    5.6732    0.0000    6.6157         nan    2.3155    28955230642.1499
  2218.404    5.7247    0.0000    6.6427         nan    2.2107    29854044290.5762
  2276.959    5.7730    0.0000    6.6681         nan    2.1052    30715579205.5542
  2335.514    5.8183    0.0000    6.6920         nan    1.9990    31539025879.2520
  2394.069    5.8607    0.0000    6.7143         nan    1.8921    32323629255.7322
  2452.623    5.9003    0.0000    6.7352         nan    1.7847    33068687960.5698
  2511.178    5.9372    0.0000    6.7547         nan    1.6768    33773554161.9751
  2569.733    5.9714    0.0000    6.7728         nan    1.5684    34437634230.4101
  2628.288    6.0030    0.0000    6.7895         nan    1.4597    35060390486.6721
  2686.843    6.0320    0.0000    6.8048         nan    1.3507    35641344530.8021
  2745.397    6.0585    0.0000    6.8189         nan    1.2415    36180083004.0308
  2803.952    6.0826    0.0000    6.8317         nan    1.1324    36676267298.1917
  2862.507    6.1043    0.0000    6.8432         nan    1.0236    37129650009.2296
  2921.062    6.1237    0.0000    6.8534         nan    0.9153    37540103556.8135
  2979.616    6.1406    0.0000    6.8624         nan    0.8083    37907672137.1484
  3038.171    6.1553    0.0000    6.8702         nan    0.7037    38232671776.5564
  3096.726    6.1677    0.0000    6.8768         nan    0.6038    38515898755.7345
  3155.281    6.1778    0.0000    6.8821         nan    0.5140    38759111644.3685
  3213.836    6.1856    0.0000    6.8863         nan    0.4505    38966318551.0960
  3272.390    6.1912    0.0000    6.8893         nan    0.4781    39148018969.8468
  3330.945    6.1945    0.0000    6.8910         nan    1.1228    39340902600.1278
  3389.500    6.1957    0.0000    6.8916         nan    0.0000    39793966906.8845
