# Depth[km]  Vp[km/s]  Vs[km/s] Rho[g/cm3]    T[K]     g[m/s2]         P[Pa]        
     0.000    3.4246    2.0540    1.5629    273.1500    3.7291              0.0000
    10.016    3.4246    2.0540    1.5629    310.5420    3.7380       58371723.8073
    10.016    5.0566    3.0328    2.3077    310.5420    3.7380       58371723.8073
    27.638    5.0566    3.0328    2.3077    376.3393    3.7431      210383939.8823
    27.638    6.6853    4.0097    3.0510    376.3393    3.7431      210383939.8823
    44.557    6.6853    4.0097    3.0510    439.5132    3.7375      403604240.9079
    44.557    7.8420    4.4849    3.4772    439.5132    3.7375      403604240.9079
    54.538    7.8379    4.4782    3.4776    476.7782    3.7307      533318628.3194
    64.518    7.8333    4.4711    3.4779    514.0432    3.7239      662811070.6138
    74.499    7.8282    4.4638    3.4781    551.3083    3.7172      792078591.4397
    84.479    7.8232    4.4565    3.4784    588.5733    3.7105      921119898.4238
    94.460    7.8178    4.4490    3.4785    625.8383    3.7038     1049935125.1426
   104.440    7.8114    4.4410    3.4784    663.1034    3.6971     1178519493.1529
   114.421    7.8057    4.4334    3.4785    700.3684    3.6905     1306871482.3656
   124.401    7.8000    4.4256    3.4785    737.6334    3.6839     1434994133.3016
   134.382    7.7941    4.4178    3.4785    774.8985    3.6773     1562887576.0418
   144.362    7.7872    4.4096    3.4782    812.1635    3.6707     1690547085.3708
   154.343    7.7814    4.4018    3.4781    849.4285    3.6642     1817972602.5282
   164.323    7.7745    4.3936    3.4778    886.6936    3.6577     1945164546.8981
   174.304    7.7686    4.3857    3.4777    923.9586    3.6513     2072122651.8069
   184.284    7.7617    4.3775    3.4773    961.2236    3.6448     2198846878.4049
   194.265    7.7550    4.3693    3.4769    998.4887    3.6384     2325334323.4574
   204.245    7.7491    4.3615    3.4767   1035.7537    3.6321     2451588909.6836
   214.226    7.7419    4.3531    3.4761   1073.0187    3.6258     2577607868.2616
   224.206    7.7354    4.3450    3.4756   1110.2838    3.6195     2703388848.0819
   234.187    7.7283    4.3366    3.4752   1147.5488    3.6132     2828935276.3595
   244.167    7.7216    4.3284    3.4747   1184.8138    3.6070     2954248232.1443
   254.148    7.7148    4.3203    3.4742   1222.0788    3.6008     3079328896.2792
   264.128    7.7083    4.3122    3.4738   1259.3439    3.5947     3204178029.2573
   274.109    7.7012    4.3038    3.4733   1296.6089    3.5886     3328796699.3901
   284.089    7.6944    4.2957    3.4728   1333.8739    3.5825     3453185918.6541
   294.070    7.6855    4.2866    3.4722   1371.1390    3.5765     3577345355.8730
   304.050    7.6771    4.2776    3.4716   1408.4040    3.5705     3701275338.1939
   314.031    7.6689    4.2688    3.4711   1445.6690    3.5646     3824978838.3504
   324.011    7.6611    4.2601    3.4706   1482.9341    3.5587     3948459131.7099
   333.992    7.6532    4.2514    3.4701   1520.1991    3.5528     4071717963.8077
   343.972    7.6442    4.2423    3.4695   1557.4641    3.5470     4194753796.0734
   353.953    7.6355    4.2332    3.4689   1594.7292    3.5412     4317566080.1440
   363.933    7.6261    4.2238    3.4681   1631.9942    3.5355     4440154784.1203
   373.914    7.6182    4.2152    3.4676   1669.2592    3.5298     4562522781.3257
   383.894    7.6093    4.2059    3.4671   1706.5243    3.5242     4684675135.7560
   393.875    7.6007    4.1969    3.4664   1743.7893    3.5186     4806610931.8670
   403.855    7.5922    4.1879    3.4658   1781.0543    3.5130     4928331229.5263
   413.836    7.5826    4.1784    3.4651   1818.3194    3.5075     5049836528.2483
   423.816    7.5691    4.1675    3.4637   1855.5844    3.5021     5171114169.6243
   433.797    7.5608    4.1584    3.4632   1892.8494    3.4967     5292170183.1704
   443.777    7.5528    4.1495    3.4626   1930.1145    3.4913     5413021582.0212
   466.588    7.5808    4.1567    3.4706   1934.2340    3.4792     5689109455.8037
   489.399    7.6089    4.1641    3.4785   1938.2657    3.4672     5964865166.6071
   512.211    7.6484    4.1760    3.4881   1943.5228    3.4552     6240356484.4623
   535.022    7.6786    4.1843    3.4962   1947.7954    3.4433     6515596407.9249
   557.833    7.7066    4.1918    3.5040   1951.8154    3.4315     6790515091.4997
   580.644    7.7340    4.1991    3.5118   1955.7786    3.4198     7065099587.8994
   603.455    7.7616    4.2067    3.5194   1959.6234    3.4082     7339348025.6895
   626.266    7.7884    4.2138    3.5270   1963.4950    3.3967     7613260429.7303
   649.077    7.8156    4.2213    3.5346   1967.3547    3.3854     7886839352.8371
   671.889    7.8411    4.2280    3.5420   1970.9801    3.3742     8160082051.8467
   694.700    7.8668    4.2350    3.5493   1974.5736    3.3632     8432985599.7011
   717.511    7.8920    4.2417    3.5565   1978.1178    3.3523     8705553727.8913
   740.322    7.9171    4.2484    3.5637   1981.6036    3.3415     8977791123.3166
   763.133    7.9418    4.2549    3.5708   1985.0612    3.3310     9249704020.2080
   785.944    7.9665    4.2616    3.5780   1988.4793    3.3206     9521300855.6932
   808.755    7.9904    4.2680    3.5849   1991.7249    3.3105     9792585210.7989
   831.567    8.0147    4.2745    3.5919   1995.0371    3.3005    10063566602.3090
   854.378    8.0389    4.2811    3.5989   1998.2928    3.2908    10334261674.9446
   877.189    8.0624    4.2874    3.6058   2001.4225    3.2812    10604679077.1099
   900.000    8.0869    4.2944    3.6129   2004.6657    3.2720    10874836073.0916
   916.864    8.1049    4.2994    3.6182   2007.0422    3.2653    11074333984.7932
   933.728    8.1223    4.3041    3.6233   2009.2926    3.2587    11273709659.9452
   950.592    8.1400    4.3093    3.6284   2011.5103    3.2523    11472967101.7469
   967.456    8.1571    4.3139    3.6335   2013.7230    3.2460    11672111901.7580
   984.319    8.1764    4.3199    3.6391   2016.0308    3.2399    11871165675.9723
  1001.183    8.1941    4.3250    3.6445   2018.2341    3.2339    12070143439.4752
  1018.047    8.2109    4.3295    3.6495   2020.3251    3.2281    12269037640.1022
  1034.911    8.2281    4.3344    3.6546   2022.4752    3.2225    12467851626.9111
  1051.775    8.2440    4.3387    3.6593   2024.5266    3.2171    12666586589.7244
  1068.639    8.2680    4.3484    3.6662   2027.5717    3.2118    12865300269.0065
  1085.503    8.3739    4.4142    3.6943   2037.1916    3.2066    13064636658.5382
  1102.367    8.4947    4.4902    3.7263   2049.7922    3.2012    13265273654.1604
  1119.231    8.5992    4.5549    3.7537   2059.8377    3.1956    13467174766.8771
  1136.095    8.6142    4.5586    3.7583   2063.3943    3.1901    13669587260.3508
  1152.958    8.6306    4.5628    3.7633   2065.8915    3.1848    13871910024.3096
  1169.822    8.6462    4.5670    3.7682   2068.1566    3.1797    14074160925.6645
  1186.686    8.6618    4.5710    3.7730   2070.3529    3.1748    14276347321.1101
  1203.550    8.6763    4.5742    3.7776   2075.3795    3.1702    14478477618.3625
  1220.414    8.7136    4.6016    3.7832   2081.5646    3.1658    14680584538.1768
  1237.278    8.7584    4.6371    3.7891   2086.4846    3.1616    14882718201.8087
  1254.142    8.8003    4.6701    3.7949   2089.5191    3.1577    15084898905.1329
  1271.006    8.8155    4.6742    3.8001   2091.8349    3.1540    15287120596.0748
  1287.870    8.8498    4.6900    3.8084   2096.6082    3.1506    15489465770.6302
  1304.733    8.8884    4.7080    3.8179   2101.6659    3.1474    15692063546.1240
  1321.597    8.9266    4.7260    3.8275   2107.0730    3.1445    15894964202.2611
  1338.461    8.9644    4.7441    3.8371   2112.2152    3.1417    16098183105.9785
  1355.325    9.0040    4.7630    3.8477   2117.5734    3.1392    16301759492.6694
  1372.189    9.0462    4.7829    3.8597   2123.3955    3.1370    16505771919.9431
  1389.053    9.0708    4.7935    3.8668   2126.7788    3.1350    16710142868.2469
  1405.917    9.0891    4.7964    3.8751   2128.5967    3.1333    16914792275.4183
  1422.781    9.1055    4.8000    3.8817   2130.7011    3.1319    17119725698.9454
  1439.645    9.1224    4.8033    3.8890   2132.6797    3.1309    17324937258.9660
  1456.509    9.1400    4.8065    3.8970   2134.7052    3.1302    17530486209.9932
  1473.372    9.1653    4.8139    3.9087   2138.8897    3.1299    17736509545.7763
  1490.236    9.2337    4.8491    3.9373   2150.3346    3.1297    17943573685.0447
  1507.100    9.2621    4.8635    3.9469   2155.8622    3.1298    18151637573.7464
  1523.964    9.2882    4.8765    3.9557   2161.4674    3.1303    18360191876.3322
  1540.828    9.3129    4.8884    3.9643   2166.8924    3.1311    18569232959.0025
  1557.692    9.3386    4.9017    3.9729   2171.8653    3.1324    18778783182.2873
  1557.692    5.0468    0.0000    4.0326         nan    3.1324    18778783182.2873
  1572.419    5.0590    0.0000    4.0375         nan    3.1331    18964926115.9069
  1587.147    5.0711    0.0000    4.0423         nan    3.1342    19151335973.1352
  1601.874    5.0833    0.0000    4.0472         nan    3.1357    19338034705.0644
  1616.601    5.0955    0.0000    4.0520         nan    3.1376    19525045123.9123
  1631.328    5.1072    0.0000    4.0567         nan    3.1398    19712387222.0180
  1646.056    5.1188    0.0000    4.0613         nan    3.1425    19900080467.0379
  1660.783    5.1304    0.0000    4.0659         nan    3.1457    20088149096.5720
  1675.510    5.1419    0.0000    4.0705         nan    3.1493    20276619900.8047
  1690.238    5.1533    0.0000    4.0750         nan    3.1534    20465518597.4546
  1690.238    5.3043    0.0000    6.4018         nan    3.1534    20465518597.4546
  1748.833    5.3669    0.0000    6.4428         nan    3.0556    21652180805.5165
  1807.428    5.4263    0.0000    6.4818         nan    2.9567    22809219637.7188
  1866.023    5.4826    0.0000    6.5190         nan    2.8566    23935388443.2229
  1924.619    5.5361    0.0000    6.5543         nan    2.7554    25029502551.4278
  1983.214    5.5868    0.0000    6.5880         nan    2.6532    26090436786.5970
  2041.809    5.6348    0.0000    6.6199         nan    2.5501    27117123403.2718
  2100.404    5.6803    0.0000    6.6502         nan    2.4461    28108550403.0017
  2159.000    5.7233    0.0000    6.6789         nan    2.3412    29063760214.5210
  2217.595    5.7639    0.0000    6.7060         nan    2.2355    29981848728.3106
  2276.190    5.8022    0.0000    6.7317         nan    2.1292    30861964708.2294
  2334.785    5.8382    0.0000    6.7558         nan    2.0221    31703309621.4437
  2393.381    5.8720    0.0000    6.7785         nan    1.9145    32505137967.6833
  2451.976    5.9036    0.0000    6.7998         nan    1.8064    33266758243.0039
  2510.571    5.9331    0.0000    6.8196         nan    1.6978    33987534752.0187
  2569.166    5.9605    0.0000    6.8381         nan    1.5889    34666890612.0174
  2627.762    5.9859    0.0000    6.8553         nan    1.4797    35304312505.3078
  2686.357    6.0092    0.0000    6.8711         nan    1.3704    35899358100.6041
  2744.952    6.0306    0.0000    6.8855         nan    1.2612    36451667706.5586
  2803.547    6.0501    0.0000    6.8987         nan    1.1523    36960982916.1137
  2862.143    6.0676    0.0000    6.9106         nan    1.0442    37427177313.4609
  2920.738    6.0833    0.0000    6.9212         nan    0.9374    37850309062.9429
  2979.333    6.0970    0.0000    6.9305         nan    0.8330    38230715584.2366
  3037.928    6.1089    0.0000    6.9386         nan    0.7331    38569195109.5753
  3096.524    6.1189    0.0000    6.9454         nan    0.6417    38867384115.1169
  3155.119    6.1271    0.0000    6.9510         nan    0.5687    39128629432.4442
  3213.714    6.1335    0.0000    6.9553         nan    0.5427    39360316330.4985
  3272.309    6.1380    0.0000    6.9584         nan    0.6797    39581539235.4723
  3330.905    6.1407    0.0000    6.9602         nan    1.9209    39858722767.2468
  3389.500    6.1417    0.0000    6.9608         nan    0.0000    40642172571.0536
