# Depth[km]  Vp[km/s]  Vs[km/s] Rho[g/cm3]    T[K]     g[m/s2]         P[Pa]        
     0.000    4.3628    2.5822    1.9541    273.1500    3.7291              0.0000
    11.069    4.3628    2.5822    1.9541    317.3250    3.7354       80660071.9063
    11.069    4.9805    2.9478    2.2307    317.3250    3.7354       80660071.9063
    32.005    4.9805    2.9478    2.2307    400.8824    3.7427      255108809.5380
    32.005    6.0067    3.5552    2.6904    400.8824    3.7427      255108809.5380
    48.410    6.0067    3.5552    2.6904    466.3560    3.7423      420290587.9848
    48.410    7.9561    4.5320    3.5033    466.3560    3.7423      420290587.9848
    57.967    7.9486    4.5227    3.5031    504.5011    3.7357      545589650.0722
    67.525    7.9407    4.5132    3.5028    542.6462    3.7290      670656986.8326
    77.082    7.9325    4.5035    3.5025    580.7913    3.7224      795491248.0469
    86.640    7.9236    4.4936    3.5020    618.9364    3.7158      920089482.6147
    96.197    7.9151    4.4839    3.5016    657.0815    3.7093     1044451936.5584
   105.755    7.9064    4.4741    3.5012    695.2266    3.7028     1168580631.9765
   115.312    7.8978    4.4645    3.5007    733.3717    3.6963     1292475631.9364
   124.870    7.8885    4.4545    3.5001    771.5168    3.6898     1416134931.1325
   134.427    7.8795    4.4448    3.4996    809.6619    3.6834     1539557932.4026
   143.985    7.8701    4.4348    3.4990    847.8070    3.6769     1662745367.3133
   153.542    7.8604    4.4248    3.4983    885.9521    3.6706     1785694766.4921
   163.100    7.8516    4.4153    3.4977    924.0972    3.6642     1908408761.3110
   172.657    7.8419    4.4054    3.4970    962.2423    3.6579     2030887970.2439
   182.215    7.8326    4.3956    3.4963   1000.3874    3.6516     2153130997.3392
   191.772    7.8226    4.3856    3.4954   1038.5325    3.6454     2275137458.3503
   201.330    7.8129    4.3758    3.4946   1076.6776    3.6392     2396906980.0555
   210.887    7.8031    4.3660    3.4938   1114.8227    3.6330     2518440989.2570
   220.444    7.7933    4.3560    3.4931   1152.9678    3.6269     2639740992.9792
   230.002    7.7839    4.3463    3.4922   1191.1129    3.6207     2760807932.4245
   239.559    7.7743    4.3366    3.4914   1229.2580    3.6147     2881641968.2700
   249.117    7.7631    4.3261    3.4903   1267.4031    3.6086     3002240199.6264
   258.674    7.7544    4.3169    3.4895   1305.5482    3.6027     3122605112.4723
   268.232    7.7453    4.3074    3.4886   1343.6933    3.5967     3242741564.1714
   277.789    7.7358    4.2977    3.4877   1381.8384    3.5908     3362648059.9021
   287.347    7.7260    4.2880    3.4866   1419.9835    3.5849     3482323049.1372
   296.904    7.7169    4.2786    3.4858   1458.1286    3.5791     3601769208.0274
   306.462    7.7073    4.2690    3.4847   1496.2737    3.5733     3720988590.4664
   316.019    7.6974    4.2592    3.4837   1534.4188    3.5675     3839979760.0677
   325.577    7.6877    4.2495    3.4827   1572.5639    3.5618     3958743901.6184
   335.134    7.6780    4.2398    3.4817   1610.7090    3.5561     4077283596.4684
   344.692    7.6682    4.2300    3.4807   1648.8541    3.5505     4195600547.2234
   354.249    7.6585    4.2204    3.4797   1686.9992    3.5449     4313695411.8443
   363.807    7.6484    4.2104    3.4786   1725.1443    3.5393     4431569439.4373
   373.364    7.6383    4.2007    3.4775   1763.2894    3.5338     4549221792.5152
   382.922    7.6287    4.1909    3.4766   1801.4345    3.5284     4666656284.5290
   392.479    7.6180    4.1808    3.4754   1839.5796    3.5230     4783874566.1150
   402.037    7.6083    4.1712    3.4744   1877.7247    3.5176     4900876427.4330
   411.594    7.5976    4.1609    3.4732   1915.8698    3.5123     5017662647.2391
   421.151    7.5872    4.1509    3.4721   1954.0149    3.5070     5134233674.3171
   430.709    7.5770    4.1409    3.4710   1992.1600    3.5018     5250593465.2465
   454.174    7.6099    4.1509    3.4800   1997.1060    3.4890     5536166832.4531
   477.638    7.6418    4.1603    3.4888   2002.0152    3.4764     5821429422.0361
   501.103    7.6712    4.1689    3.4973   2006.6135    3.4638     6106361523.9541
   524.567    7.7011    4.1778    3.5058   2011.2222    3.4513     6390951404.7818
   548.032    7.7300    4.1864    3.5141   2015.7560    3.4389     6675197016.4271
   571.496    7.7577    4.1944    3.5223   2020.0514    3.4266     6959085639.8257
   594.961    7.7848    4.2024    3.5303   2024.2629    3.4144     7242609022.1334
   618.425    7.8122    4.2105    3.5384   2028.4855    3.4023     7525769017.6534
   641.890    7.8392    4.2185    3.5464   2032.6378    3.3903     7808568945.3651
   665.354    7.8650    4.2261    3.5543   2036.6982    3.3785     8091006385.6583
   688.819    7.8917    4.2341    3.5622   2040.6209    3.3668     8373084622.0018
   712.284    7.9173    4.2416    3.5699   2044.3770    3.3553     8654806501.8000
   735.748    7.9426    4.2492    3.5777   2048.1690    3.3440     8936174956.5912
   759.213    7.9686    4.2571    3.5855   2051.9352    3.3328     9217203867.1001
   782.677    7.9940    4.2647    3.5933   2055.5962    3.3218     9497901972.1802
   806.142    8.0190    4.2724    3.6010   2059.1221    3.3109     9778275346.7354
   829.606    8.0446    4.2803    3.6089   2062.6365    3.3003    10058341517.9714
   853.071    8.0705    4.2884    3.6168   2066.2053    3.2899    10338119965.0777
   876.535    8.0966    4.2968    3.6249   2069.5827    3.2797    10617631964.6516
   900.000    8.1232    4.3056    3.6331   2072.9193    3.2697    10896906549.1720
   917.082    8.1422    4.3117    3.6391   2075.3852    3.2626    11099993413.7007
   934.164    8.1625    4.3188    3.6454   2077.7717    3.2556    11302979233.7199
   951.246    8.1835    4.3261    3.6519   2080.1703    3.2487    11505885675.3592
   968.328    8.2043    4.3336    3.6586   2082.6393    3.2420    11708730657.7890
   985.409    8.2249    4.3409    3.6650   2085.0078    3.2354    11911519263.8191
  1002.491    8.2498    4.3507    3.6729   2087.4680    3.2289    12114291069.6145
  1019.573    8.2731    4.3597    3.6803   2089.9561    3.2226    12317077770.5037
  1036.655    8.3006    4.3712    3.6891   2092.5406    3.2164    12519912480.1558
  1053.737    8.3176    4.3765    3.6948   2094.7562    3.2103    12722754583.1798
  1070.819    8.3348    4.3820    3.7006   2096.8943    3.2044    12925528786.4225
  1087.901    8.3518    4.3875    3.7063   2099.0896    3.1987    13128246004.6314
  1104.983    8.3688    4.3930    3.7120   2101.2485    3.1932    13330914244.9488
  1122.064    8.4427    4.4364    3.7329   2109.2262    3.1877    13533958322.3325
  1139.146    8.6095    4.5422    3.7774   2124.6087    3.1821    13738437052.7191
  1156.228    8.8058    4.6677    3.8281   2144.2985    3.1761    13945141008.5068
  1173.310    8.8610    4.6992    3.8429   2146.7952    3.1699    14153230485.7515
  1190.392    8.8765    4.7041    3.8483   2149.1025    3.1638    14361458542.9109
  1207.474    8.8928    4.7084    3.8547   2151.9482    3.1579    14569603204.6548
  1224.556    8.9083    4.7130    3.8603   2154.4550    3.1522    14777686045.2509
  1241.638    8.9236    4.7177    3.8658   2156.9055    3.1468    14985694538.8281
  1258.719    8.9389    4.7223    3.8713   2159.3561    3.1416    15193638274.9075
  1275.801    8.9528    4.7270    3.8760   2161.6368    3.1366    15401512078.5628
  1292.883    8.9686    4.7316    3.8819   2164.1607    3.1319    15609342143.4766
  1309.965    8.9837    4.7364    3.8875   2166.6551    3.1274    15817166734.3374
  1327.047    8.9977    4.7410    3.8923   2168.8810    3.1233    16024973314.8332
  1344.129    9.0124    4.7457    3.8978   2171.4034    3.1194    16232776769.0816
  1361.211    9.0266    4.7502    3.9029   2173.8056    3.1158    16440604403.7681
  1378.293    9.0397    4.7548    3.9074   2175.9797    3.1125    16648448427.7625
  1395.375    9.0540    4.7593    3.9123   2178.1880    3.1096    16856324270.9146
  1412.456    9.0893    4.7779    3.9209   2183.1349    3.1069    17064362297.7778
  1429.538    9.1304    4.7994    3.9318   2189.6490    3.1046    17272741169.6080
  1446.620    9.1703    4.8213    3.9414   2195.1758    3.1025    17481506999.9298
  1463.702    9.2104    4.8437    3.9514   2201.1653    3.1008    17690654620.3846
  1480.784    9.2527    4.8667    3.9628   2207.2857    3.0993    17900249126.9371
  1497.866    9.2934    4.8897    3.9734   2213.5251    3.0982    18110327663.7807
  1514.948    9.3337    4.9128    3.9841   2220.4310    3.0974    18320894542.1925
  1532.030    9.3675    4.9314    3.9938   2225.2513    3.0969    18531945049.2983
  1549.111    9.3804    4.9361    3.9983   2226.9971    3.0969    18743338694.5472
  1566.193    9.3929    4.9404    4.0025   2229.1624    3.0973    18954961830.1695
  1566.193    5.3757    0.0000    3.9987         nan    3.0973    18954961830.1695
  1582.799    5.3874    0.0000    4.0034         nan    3.0983    19160744320.8904
  1599.404    5.3991    0.0000    4.0081         nan    3.0997    19366832190.6844
  1616.009    5.4107    0.0000    4.0128         nan    3.1017    19573257561.6499
  1632.615    5.4222    0.0000    4.0174         nan    3.1041    19780052821.2250
  1649.220    5.4334    0.0000    4.0219         nan    3.1071    19987247667.1382
  1665.825    5.4445    0.0000    4.0264         nan    3.1107    20194874550.8647
  1682.431    5.4556    0.0000    4.0309         nan    3.1149    20402971779.5783
  1699.036    5.4665    0.0000    4.0353         nan    3.1196    20611577136.7863
  1715.641    5.4771    0.0000    4.0396         nan    3.1250    20820727240.2447
  1715.641    5.0742    0.0000    6.4356         nan    3.1250    20820727240.2447
  1773.361    5.1580    0.0000    6.4794         nan    3.0283    21985498734.0890
  1831.080    5.2369    0.0000    6.5208         nan    2.9303    23121668847.3258
  1888.799    5.3112    0.0000    6.5598         nan    2.8311    24227876454.4754
  1946.518    5.3812    0.0000    6.5968         nan    2.7308    25302843826.9407
  2004.238    5.4473    0.0000    6.6317         nan    2.6294    26345370272.9056
  2061.957    5.5095    0.0000    6.6646         nan    2.5270    27354326823.2377
  2119.676    5.5682    0.0000    6.6957         nan    2.4236    28328651773.8071
  2177.395    5.6234    0.0000    6.7250         nan    2.3193    29267346930.0076
  2235.115    5.6753    0.0000    6.7526         nan    2.2143    30169474443.2974
  2292.834    5.7240    0.0000    6.7786         nan    2.1084    31034154163.2259
  2350.553    5.7697    0.0000    6.8029         nan    2.0018    31860561451.8768
  2408.273    5.8125    0.0000    6.8257         nan    1.8946    32647925434.8483
  2465.992    5.8524    0.0000    6.8471         nan    1.7868    33395527683.8797
  2523.711    5.8896    0.0000    6.8669         nan    1.6784    34102701367.2121
  2581.430    5.9240    0.0000    6.8854         nan    1.5695    34768830946.9243
  2639.150    5.9558    0.0000    6.9024         nan    1.4602    35393352572.6654
  2696.869    5.9851    0.0000    6.9181         nan    1.3505    35975755442.0116
  2754.588    6.0118    0.0000    6.9324         nan    1.2406    36515584601.9256
  2812.307    6.0361    0.0000    6.9455         nan    1.1305    37012446041.2859
  2870.027    6.0579    0.0000    6.9572         nan    1.0203    37466015652.4222
  2927.746    6.0774    0.0000    6.9676         nan    0.9104    37876055128.3773
  2985.465    6.0945    0.0000    6.9768         nan    0.8011    38242441116.7585
  3043.184    6.1092    0.0000    6.9848         nan    0.6930    38565221655.7696
  3100.904    6.1217    0.0000    6.9915         nan    0.5874    38844734027.9071
  3158.623    6.1319    0.0000    6.9969         nan    0.4876    39081877625.3031
  3216.342    6.1397    0.0000    7.0012         nan    0.4025    39278842940.5711
  3274.061    6.1454    0.0000    7.0042         nan    0.3688    39441514151.0602
  3331.781    6.1487    0.0000    7.0060         nan    0.6839    39590626991.6192
  3389.500    6.1499    0.0000    7.0066         nan    0.0000    39867190887.6114
