# Depth[km]  Vp[km/s]  Vs[km/s] Rho[g/cm3]    T[K]     g[m/s2]         P[Pa]        
     0.000    3.4423    2.0517    1.6203    273.1500    3.7291              0.0000
    10.006    3.4423    2.0517    1.6203    310.6357    3.7376       60457758.5033
    10.006    4.9223    2.9337    2.3169    310.6357    3.7376       60457758.5033
    28.524    4.9223    2.9337    2.3169    380.0191    3.7427      220819252.0979
    28.524    6.5591    3.9093    3.0874    380.0191    3.7427      220819252.0979
    43.580    6.5591    3.9093    3.0874    436.4286    3.7373      394786359.3771
    43.580    7.8419    4.4853    3.4771    436.4286    3.7373      394786359.3771
    53.519    7.8378    4.4786    3.4775    473.6702    3.7305      523957116.6180
    63.459    7.8332    4.4716    3.4778    510.9119    3.7237      652907243.2953
    73.399    7.8284    4.4644    3.4781    548.1535    3.7170      781635113.7583
    83.338    7.8232    4.4570    3.4782    585.3952    3.7103      910138197.6408
    93.278    7.8177    4.4495    3.4784    622.6368    3.7037     1038415472.0905
   103.218    7.8113    4.4415    3.4783    659.8784    3.6970     1166463126.5282
   113.157    7.8055    4.4338    3.4783    697.1201    3.6904     1294279673.2094
   123.097    7.7998    4.4261    3.4783    734.3617    3.6838     1421868071.0900
   133.037    7.7940    4.4183    3.4783    771.6034    3.6772     1549228433.3338
   142.976    7.7870    4.4101    3.4780    808.8450    3.6707     1676356160.9018
   152.916    7.7810    4.4023    3.4779    846.0867    3.6642     1803251208.3084
   162.856    7.7741    4.3940    3.4776    883.3283    3.6577     1929914002.6905
   172.795    7.7681    4.3862    3.4774    920.5700    3.6513     2056344041.5554
   182.735    7.7610    4.3779    3.4770    957.8116    3.6449     2182541399.8715
   192.675    7.7545    4.3698    3.4766    995.0533    3.6385     2308503259.7304
   202.614    7.7485    4.3619    3.4764   1032.2949    3.6322     2434233377.8268
   212.554    7.7415    4.3536    3.4758   1069.5366    3.6259     2559729083.5298
   222.494    7.7347    4.3454    3.4753   1106.7782    3.6196     2684987998.2487
   232.433    7.7277    4.3370    3.4749   1144.0199    3.6133     2810013508.4459
   242.373    7.7208    4.3287    3.4744   1181.2615    3.6072     2934806753.5757
   252.313    7.7140    4.3205    3.4739   1218.5032    3.6010     3059368930.9074
   262.252    7.7072    4.3124    3.4734   1255.7448    3.5949     3183700714.5746
   272.192    7.7002    4.3041    3.4729   1292.9864    3.5888     3307803052.8008
   282.132    7.6934    4.2960    3.4724   1330.2281    3.5827     3431677023.4836
   292.071    7.6846    4.2869    3.4718   1367.4697    3.5767     3555322197.8767
   302.011    7.6763    4.2780    3.4712   1404.7114    3.5708     3678738718.5333
   311.951    7.6681    4.2692    3.4707   1441.9530    3.5648     3801929838.7637
   321.891    7.6601    4.2604    3.4702   1479.1947    3.5589     3924898886.6062
   331.830    7.6513    4.2514    3.4696   1516.4363    3.5531     4047645010.9911
   341.770    7.6433    4.2427    3.4690   1553.6780    3.5473     4170169259.3911
   351.710    7.6341    4.2334    3.4684   1590.9196    3.5415     4292472183.0850
   361.649    7.6151    4.2204    3.4660   1628.1613    3.5358     4414523048.9272
   371.589    7.6167    4.2153    3.4671   1665.4029    3.5302     4536355844.3331
   381.529    7.6082    4.2063    3.4666   1702.6446    3.5245     4658003386.3684
   391.468    7.5916    4.1942    3.4646   1739.8862    3.5190     4779413295.7824
   401.408    7.5836    4.1854    3.4642   1777.1279    3.5134     4900588832.1747
   411.348    7.5813    4.1787    3.4645   1814.3695    3.5079     5021572283.4909
   421.287    7.5676    4.1677    3.4632   1851.6111    3.5025     5142349328.9317
   431.227    7.5595    4.1587    3.4626   1888.8528    3.4971     5262905669.6221
   441.167    7.5514    4.1498    3.4621   1926.0944    3.4918     5383258035.0106
   464.108    7.5796    4.1571    3.4701   1930.2564    3.4795     5660917602.1448
   487.050    7.6080    4.1646    3.4780   1934.2816    3.4674     5938239630.6583
   509.992    7.6475    4.1763    3.4877   1939.5496    3.4553     6215292062.1787
   532.933    7.6778    4.1847    3.4959   1943.8578    3.4433     6492087670.4913
   555.875    7.7062    4.1924    3.5037   1947.8743    3.4314     6768555554.5405
   578.817    7.7338    4.1998    3.5115   1951.8542    3.4196     7044682783.1964
   601.758    7.7614    4.2073    3.5192   1955.7605    3.4079     7320468405.5880
   624.700    7.7886    4.2146    3.5269   1959.6052    3.3963     7595911559.4302
   647.642    7.8156    4.2219    3.5345   1963.4796    3.3849     7871014721.8248
   670.583    7.8414    4.2287    3.5419   1967.1381    3.3736     8145775069.8628
   693.525    7.8676    4.2358    3.5494   1970.8391    3.3625     8420193482.9163
   716.467    7.8927    4.2426    3.5565   1974.2945    3.3515     8694269622.0140
   739.408    7.9176    4.2490    3.5638   1977.8368    3.3407     8968004462.4132
   762.350    7.9430    4.2561    3.5710   1981.2546    3.3300     9241408962.5634
   785.292    7.9676    4.2627    3.5781   1984.6835    3.3196     9514489040.8741
   808.233    7.9917    4.2690    3.5851   1987.9405    3.3093     9787248559.1184
   831.175    8.0161    4.2756    3.5921   1991.2773    3.2993    10059698619.0910
   854.117    8.0402    4.2820    3.5992   1994.5889    3.2894    10331856932.2457
   877.058    8.0643    4.2887    3.6062   1997.6750    3.2798    10603732716.1539
   900.000    8.0887    4.2955    3.6132   2000.9707    3.2704    10875341472.7081
   916.769    8.1066    4.3005    3.6185   2003.3101    3.2637    11073636778.9377
   933.537    8.1240    4.3053    3.6236   2005.5545    3.2572    11271809466.0577
   950.306    8.1416    4.3105    3.6287   2007.7215    3.2508    11469863710.9842
   967.074    8.1586    4.3151    3.6337   2009.9118    3.2445    11667804422.3314
   983.843    8.1777    4.3209    3.6394   2012.2265    3.2384    11865653704.3436
  1000.612    8.1954    4.3261    3.6446   2014.4156    3.2324    12063426283.4458
  1017.380    8.2121    4.3306    3.6497   2016.4778    3.2266    12261114050.2139
  1034.149    8.2292    4.3355    3.6547   2018.5998    3.2210    12458720146.4922
  1050.917    8.2451    4.3398    3.6594   2020.6623    3.2156    12656244987.7636
  1067.686    8.2713    4.3510    3.6669   2023.7724    3.2103    12853763496.0000
  1084.455    8.3739    4.4146    3.6942   2033.2857    3.2050    13051893341.6033
  1101.223    8.4931    4.4895    3.7258   2045.8416    3.1996    13251281327.1431
  1117.992    8.5999    4.5559    3.7537   2055.8573    3.1940    13451930676.0638
  1134.760    8.6147    4.5594    3.7583   2059.4056    3.1885    13653101611.5140
  1151.529    8.6311    4.5639    3.7633   2061.9065    3.1832    13854179488.5277
  1168.297    8.6467    4.5679    3.7681   2064.1461    3.1781    14055184180.8265
  1185.066    8.6621    4.5717    3.7729   2066.3218    3.1732    14256121806.7298
  1201.835    8.7216    4.6215    3.7797   2069.5720    3.1685    14457056640.4510
  1218.603    8.7460    4.6361    3.7845   2077.1300    3.1640    14658003555.8916
  1235.372    8.7813    4.6620    3.7900   2083.0438    3.1598    14858940771.0945
  1252.140    8.8005    4.6710    3.7949   2085.5031    3.1558    15059883658.6897
  1268.909    8.8156    4.6751    3.7999   2087.7813    3.1521    15260835024.1624
  1285.678    8.8495    4.6906    3.8081   2092.4520    3.1486    15461899783.5730
  1302.446    8.8872    4.7082    3.8174   2097.5562    3.1453    15663204388.3601
  1319.215    8.9265    4.7270    3.8272   2102.7981    3.1423    15864803639.2966
  1335.983    8.9645    4.7452    3.8369   2108.0886    3.1395    16066721569.0569
  1352.752    9.0032    4.7634    3.8473   2113.4100    3.1369    16268987102.2063
  1369.521    9.0438    4.7823    3.8589   2118.9382    3.1346    16471666014.6071
  1386.289    9.0705    4.7944    3.8664   2122.5933    3.1325    16674696248.7377
  1403.058    9.0878    4.7972    3.8739   2124.4783    3.1307    16877987107.5733
  1419.826    9.1044    4.8007    3.8809   2126.4613    3.1293    17081542346.1879
  1436.595    9.1212    4.8040    3.8881   2128.4629    3.1281    17285373188.7578
  1453.364    9.1388    4.8075    3.8959   2130.4881    3.1273    17489524896.9784
  1470.132    9.1568    4.8105    3.9045   2132.4585    3.1269    17694055317.8052
  1486.901    9.2320    4.8492    3.9364   2145.9499    3.1266    17899617783.3742
  1503.669    9.2602    4.8633    3.9461   2151.5976    3.1265    18106253141.5395
  1520.438    9.2867    4.8767    3.9550   2157.0993    3.1268    18313370617.4893
  1537.206    9.3125    4.8895    3.9637   2162.2274    3.1275    18520969490.9541
  1553.975    9.3378    4.9026    3.9721   2167.2243    3.1286    18729062732.8279
  1553.975    5.1731    0.0000    4.0086         nan    3.1286    18729062732.8279
  1570.105    5.1853    0.0000    4.0136         nan    3.1296    18931482295.9693
  1586.236    5.1975    0.0000    4.0186         nan    3.1310    19134216847.9007
  1602.366    5.2097    0.0000    4.0235         nan    3.1329    19337295451.3320
  1618.496    5.2218    0.0000    4.0285         nan    3.1352    19540747972.5212
  1634.627    5.2334    0.0000    4.0333         nan    3.1381    19744600313.8264
  1650.757    5.2450    0.0000    4.0381         nan    3.1415    19948880250.6827
  1666.887    5.2567    0.0000    4.0428         nan    3.1454    20153622327.1369
  1683.018    5.2682    0.0000    4.0476         nan    3.1499    20358861729.3241
  1699.148    5.2793    0.0000    4.0521         nan    3.1550    20564630509.3445
  1699.148    5.1360    0.0000    6.4336         nan    3.1550    20564630509.3445
  1757.436    5.2134    0.0000    6.4772         nan    3.0574    21751778105.4842
  1815.724    5.2866    0.0000    6.5186         nan    2.9585    22909767368.9919
  1874.012    5.3557    0.0000    6.5577         nan    2.8584    24037232681.6033
  1932.300    5.4209    0.0000    6.5948         nan    2.7571    25132886285.2859
  1990.588    5.4826    0.0000    6.6298         nan    2.6547    26195513083.0442
  2048.876    5.5408    0.0000    6.6630         nan    2.5513    27223966239.1509
  2107.164    5.5957    0.0000    6.6944         nan    2.4470    28217163432.5100
  2165.452    5.6475    0.0000    6.7240         nan    2.3417    29174083654.2170
  2223.740    5.6962    0.0000    6.7519         nan    2.2356    30093764465.7736
  2282.028    5.7421    0.0000    6.7782         nan    2.1286    30975299649.8263
  2340.316    5.7851    0.0000    6.8029         nan    2.0210    31817837209.1999
  2398.604    5.8254    0.0000    6.8261         nan    1.9126    32620577680.9642
  2456.892    5.8630    0.0000    6.8478         nan    1.8036    33382772745.9214
  2515.180    5.8980    0.0000    6.8680         nan    1.6940    34103724137.5538
  2573.468    5.9306    0.0000    6.8867         nan    1.5838    34782782871.1374
  2631.756    5.9607    0.0000    6.9041         nan    1.4732    35419348849.7750
  2690.044    5.9883    0.0000    6.9201         nan    1.3621    36012870957.0454
  2748.332    6.0136    0.0000    6.9347         nan    1.2506    36562847835.9359
  2806.620    6.0366    0.0000    6.9480         nan    1.1388    37068829720.1801
  2864.908    6.0573    0.0000    6.9600         nan    1.0268    37530422002.0204
  2923.196    6.0757    0.0000    6.9706         nan    0.9147    37947291872.0714
  2981.484    6.0919    0.0000    6.9800         nan    0.8027    38319180789.3716
  3039.772    6.1059    0.0000    6.9881         nan    0.6910    38645928906.3980
  3098.060    6.1177    0.0000    6.9950         nan    0.5803    38927526360.9747
  3156.348    6.1274    0.0000    7.0005         nan    0.4720    39164232325.5524
  3214.636    6.1349    0.0000    7.0049         nan    0.3700    39356893373.5722
  3272.924    6.1402    0.0000    7.0080         nan    0.2901    39507993092.7570
  3331.212    6.1434    0.0000    7.0098         nan    0.3611    39626527051.0948
  3389.500    6.1445    0.0000    7.0104         nan    0.0000    39774063362.0593
