# Depth[km]  Vp[km/s]  Vs[km/s] Rho[g/cm3]    T[K]     g[m/s2]         P[Pa]        
     0.000    3.2044    1.9171    1.4782    273.1500    3.7291              0.0000
     9.777    3.2044    1.9171    1.4782    309.1538    3.7385       53897086.2159
     9.777    4.9502    2.9616    2.2836    309.1538    3.7385       53897086.2159
    27.354    4.9502    2.9616    2.2836    373.8837    3.7439      203953259.9011
    27.354    6.4813    3.8776    2.9899    373.8837    3.7439      203953259.9011
    42.911    6.4813    3.8776    2.9899    431.1736    3.7396      378089303.3292
    42.911    7.9552    4.5354    3.4847    431.1736    3.7396      378089303.3292
    53.020    7.9503    4.5278    3.4849    468.4021    3.7326      509827076.1682
    63.129    7.9450    4.5200    3.4851    505.6307    3.7257      641328042.1176
    73.238    7.9395    4.5120    3.4852    542.8592    3.7188      772590581.7300
    83.347    7.9336    4.5037    3.4852    580.0877    3.7120      903612934.4781
    93.456    7.9277    4.4956    3.4852    617.3163    3.7051     1034394084.8119
   103.565    7.9208    4.4870    3.4851    654.5448    3.6983     1164931507.2100
   113.674    7.9146    4.4786    3.4850    691.7734    3.6915     1295224493.7392
   123.783    7.9083    4.4703    3.4849    729.0019    3.6848     1425275645.8562
   133.892    7.9019    4.4619    3.4848    766.2304    3.6781     1555084730.9642
   144.001    7.8948    4.4533    3.4845    803.4590    3.6714     1684649109.8747
   154.110    7.8884    4.4450    3.4843    840.6875    3.6647     1813969019.9705
   164.219    7.8810    4.4361    3.4839    877.9161    3.6581     1943043031.8376
   174.328    7.8748    4.4280    3.4837    915.1446    3.6515     2071872111.7799
   184.437    7.8680    4.4195    3.4833    952.3731    3.6450     2200458309.0695
   194.546    7.8609    4.4110    3.4829    989.6017    3.6384     2328799028.2983
   204.655    7.8545    4.4027    3.4825   1026.8302    3.6319     2456896234.5068
   214.764    7.8478    4.3944    3.4821   1064.0588    3.6255     2584751035.4403
   224.873    7.8402    4.3855    3.4815   1101.2873    3.6191     2712359633.3589
   234.982    7.8332    4.3770    3.4810   1138.5158    3.6127     2839722963.8788
   245.091    7.8265    4.3686    3.4806   1175.7444    3.6064     2966845014.3739
   255.200    7.8200    4.3604    3.4801   1212.9729    3.6001     3093726752.1112
   265.309    7.8127    4.3517    3.4795   1250.2015    3.5938     3220366951.1101
   275.418    7.8060    4.3434    3.4790   1287.4300    3.5876     3346766720.7233
   285.527    7.7994    4.3351    3.4785   1324.6585    3.5814     3472929507.0356
   295.636    7.7931    4.3269    3.4779   1361.8871    3.5752     3598855679.9027
   305.745    7.7863    4.3185    3.4774   1399.1156    3.5691     3724545389.7986
   315.854    7.7794    4.3103    3.4767   1436.3442    3.5631     3849997855.4328
   325.963    7.7727    4.3019    3.4761   1473.5727    3.5570     3975214819.7948
   336.072    7.7661    4.2936    3.4756   1510.8013    3.5511     4100199914.2012
   346.181    7.7598    4.2855    3.4750   1548.0298    3.5451     4224954324.0074
   356.290    7.7517    4.2765    3.4741   1585.2583    3.5393     4349475024.5657
   366.399    7.7454    4.2684    3.4736   1622.4869    3.5334     4473763461.1079
   376.508    7.7386    4.2600    3.4729   1659.7154    3.5276     4597825262.8126
   386.617    7.7317    4.2517    3.4722   1696.9440    3.5219     4721658549.0547
   396.726    7.7245    4.2431    3.4715   1734.1725    3.5162     4845263819.4660
   406.835    7.7169    4.2344    3.4706   1771.4010    3.5105     4968642088.0615
   416.944    7.7106    4.2262    3.4700   1808.6296    3.5049     5091796185.7368
   427.053    7.7025    4.2171    3.4692   1845.8581    3.4993     5214727912.6544
   437.162    7.6961    4.2089    3.4685   1883.0867    3.4938     5337437986.5686
   447.271    7.6882    4.1999    3.4677   1920.3152    3.4884     5459927890.8673
   469.907    7.7151    4.2081    3.4756   1924.6183    3.4763     5734063255.9717
   492.544    7.7420    4.2162    3.4835   1928.8901    3.4642     6007868682.2298
   515.180    7.7677    4.2238    3.4913   1933.1172    3.4523     6281340807.3988
   537.817    7.7928    4.2313    3.4990   1937.2541    3.4404     6554475205.9919
   560.453    7.8172    4.2385    3.5065   1941.1536    3.4286     6827262157.0260
   583.089    7.8418    4.2457    3.5140   1945.1804    3.4170     7099701103.7283
   605.726    7.8654    4.2526    3.5214   1948.9547    3.4055     7371791169.7815
   628.362    7.8888    4.2594    3.5288   1952.8345    3.3941     7643529899.3406
   650.999    7.9129    4.2666    3.5362   1956.7249    3.3828     7914929134.1038
   673.635    7.9360    4.2733    3.5435   1960.3869    3.3716     8185990160.3284
   696.272    7.9585    4.2797    3.5507   1964.0134    3.3606     8456709089.0835
   718.908    7.9813    4.2864    3.5578   1967.5659    3.3498     8727089530.3190
   741.545    8.0047    4.2933    3.5651   1971.2456    3.3391     8997144629.9346
   764.181    8.0266    4.2995    3.5721   1974.6781    3.3286     9266881010.3541
   786.818    8.0494    4.3064    3.5793   1978.0915    3.3183     9536303715.7524
   809.454    8.0718    4.3129    3.5864   1981.4902    3.3081     9805427168.9471
   832.091    8.0934    4.3190    3.5933   1984.7738    3.2982    10074254317.7455
   854.727    8.1166    4.3262    3.6007   1988.0669    3.2885    10342806588.6078
   877.364    8.1391    4.3329    3.6079   1991.2874    3.2790    10611107499.4909
   900.000    8.1620    4.3400    3.6151   1994.4879    3.2697    10879167750.5928
   916.930    8.1794    4.3455    3.6207   1996.8630    3.2629    11079435797.2869
   933.860    8.1960    4.3505    3.6260   1999.2040    3.2562    11279587158.7247
   950.789    8.2144    4.3566    3.6318   2001.6166    3.2497    11479638310.4143
   967.719    8.2342    4.3636    3.6381   2004.0226    3.2433    11679622751.0725
   984.649    8.2523    4.3696    3.6439   2006.3687    3.2371    11879546268.8317
  1001.579    8.2717    4.3763    3.6502   2008.6824    3.2310    12079416211.6801
  1018.509    8.2913    4.3832    3.6566   2011.0142    3.2250    12279255120.3840
  1035.438    8.3119    4.3908    3.6632   2013.3480    3.2192    12479082393.6983
  1052.368    8.3275    4.3954    3.6685   2015.5554    3.2136    12678876818.5479
  1069.298    8.3432    4.4000    3.6738   2017.7105    3.2082    12878608518.8434
  1086.228    8.3591    4.4047    3.6791   2019.8163    3.2029    13078289705.1272
  1103.158    8.4650    4.4710    3.7078   2030.6060    3.1977    13278567999.0825
  1120.087    8.6097    4.5636    3.7461   2044.2887    3.1923    13480332803.4463
  1137.017    8.7880    4.6787    3.7918   2061.1437    3.1865    13684024677.5673
  1153.947    8.8227    4.6963    3.8019   2063.8989    3.1806    13888854492.3640
  1170.877    8.8380    4.7005    3.8072   2066.2556    3.1749    14093721340.2864
  1187.807    8.8537    4.7048    3.8128   2068.6325    3.1694    14298514474.0039
  1204.737    8.8693    4.7091    3.8183   2070.9959    3.1641    14503250700.6854
  1221.666    8.8848    4.7134    3.8239   2073.3961    3.1591    14707943235.0372
  1238.596    8.9004    4.7178    3.8295   2075.7417    3.1542    14912607254.3368
  1255.526    8.9160    4.7222    3.8352   2078.1370    3.1496    15117258504.8853
  1272.456    8.9315    4.7266    3.8408   2080.5072    3.1453    15321911907.6596
  1289.386    8.9468    4.7309    3.8464   2082.9262    3.1412    15526580576.5355
  1306.315    8.9623    4.7354    3.8521   2085.2752    3.1373    15731281015.6648
  1323.245    8.9775    4.7397    3.8577   2087.6994    3.1338    15936030420.4852
  1340.175    8.9929    4.7442    3.8634   2090.0818    3.1305    16140848069.4160
  1357.105    9.0181    4.7549    3.8706   2093.7099    3.1275    16345794553.9335
  1374.035    9.0577    4.7748    3.8807   2099.3319    3.1248    16551004157.5118
  1390.964    9.0958    4.7939    3.8908   2104.7644    3.1223    16756566768.0829
  1407.894    9.1351    4.8141    3.9010   2110.5827    3.1201    16962502653.0982
  1424.824    9.1749    4.8350    3.9115   2116.3551    3.1181    17168839095.7540
  1441.754    9.2142    4.8557    3.9222   2122.0836    3.1165    17375605707.3029
  1458.684    9.2535    4.8766    3.9329   2128.2368    3.1151    17582829254.1343
  1475.613    9.2944    4.8990    3.9442   2134.5565    3.1140    17790541656.8396
  1492.543    9.3230    4.9132    3.9529   2138.8062    3.1133    17998707784.9491
  1509.473    9.3371    4.9177    3.9581   2141.0548    3.1129    18207190494.0724
  1526.403    9.3508    4.9220    3.9631   2143.2585    3.1130    18415919277.0435
  1543.333    9.3648    4.9266    3.9682   2145.4587    3.1136    18624921552.5568
  1560.262    9.3783    4.9311    3.9732   2147.6162    3.1146    18834226116.5225
  1560.262    5.1886    0.0000    4.0283         nan    3.1146    18834226116.5225
  1577.653    5.1996    0.0000    4.0337         nan    3.1153    19052554136.0576
  1595.043    5.2106    0.0000    4.0391         nan    3.1165    19271224413.6686
  1612.433    5.2216    0.0000    4.0445         nan    3.1183    19490273208.8538
  1629.823    5.2324    0.0000    4.0498         nan    3.1206    19709736152.7236
  1647.213    5.2429    0.0000    4.0549         nan    3.1235    19929646796.0580
  1664.603    5.2534    0.0000    4.0601         nan    3.1270    20150042949.3686
  1681.994    5.2638    0.0000    4.0653         nan    3.1312    20370968316.4731
  1699.384    5.2740    0.0000    4.0703         nan    3.1360    20592464124.2764
  1716.774    5.2840    0.0000    4.0752         nan    3.1415    20814572271.8707
  1716.774    5.2623    0.0000    6.4905         nan    3.1415    20814572271.8707
  1774.454    5.3424    0.0000    6.5318         nan    3.0435    21994408250.9633
  1832.134    5.4179    0.0000    6.5709         nan    2.9443    23144505913.6416
  1889.815    5.4892    0.0000    6.6078         nan    2.8440    24263578850.9579
  1947.495    5.5566    0.0000    6.6428         nan    2.7426    25350415566.3923
  2005.175    5.6201    0.0000    6.6760         nan    2.6401    26403874093.9705
  2062.855    5.6801    0.0000    6.7073         nan    2.5367    27422877409.7608
  2120.535    5.7367    0.0000    6.7368         nan    2.4323    28406409479.5373
  2178.216    5.7900    0.0000    6.7647         nan    2.3271    29353511821.7800
  2235.896    5.8401    0.0000    6.7910         nan    2.2210    30263280483.0036
  2293.576    5.8873    0.0000    6.8158         nan    2.1142    31134863336.8955
  2351.256    5.9315    0.0000    6.8390         nan    2.0067    31967457635.2500
  2408.936    5.9729    0.0000    6.8608         nan    1.8985    32760307734.0876
  2466.617    6.0116    0.0000    6.8812         nan    1.7896    33512702916.7636
  2524.297    6.0476    0.0000    6.9002         nan    1.6801    34223975223.0089
  2581.977    6.0811    0.0000    6.9178         nan    1.5700    34893497165.1922
  2639.657    6.1119    0.0000    6.9341         nan    1.4593    35520679161.5473
  2697.337    6.1403    0.0000    6.9491         nan    1.3481    36104966425.2808
  2755.018    6.1663    0.0000    6.9628         nan    1.2363    36645834885.5703
  2812.698    6.1899    0.0000    6.9753         nan    1.1239    37142785406.4311
  2870.378    6.2111    0.0000    6.9865         nan    1.0109    37595334967.4570
  2928.058    6.2300    0.0000    6.9965         nan    0.8971    38003002235.8567
  2985.739    6.2467    0.0000    7.0053         nan    0.7824    38365282251.1860
  3043.419    6.2610    0.0000    7.0129         nan    0.6662    38681598532.0534
  3101.099    6.2731    0.0000    7.0194         nan    0.5475    38951204172.2164
  3158.779    6.2830    0.0000    7.0246         nan    0.4237    39172953988.6301
  3216.459    6.2907    0.0000    7.0287         nan    0.2875    39344697000.2177
  3274.140    6.2962    0.0000    7.0316         nan    0.1084    39461275541.5160
  3331.820    6.2994    0.0000    7.0333         nan   -0.3603    39505234633.4237
  3389.500    6.3005    0.0000    7.0339         nan    0.0000    39359044964.8708
