# Depth[km]  Vp[km/s]  Vs[km/s] Rho[g/cm3]    T[K]     g[m/s2]         P[Pa]        
     0.000    3.5355    2.1211    1.6051    273.1500    3.7291              0.0000
    10.829    3.5355    2.1211    1.6051    313.0885    3.7384       64815519.7538
    10.829    5.1399    3.0837    2.3335    313.0885    3.7384       64815519.7538
    28.756    5.1399    3.0837    2.3335    379.2147    3.7431      221204280.9675
    28.756    6.3846    3.8304    2.8985    379.2147    3.7431      221204280.9675
    46.200    6.3846    3.8304    2.8985    443.5551    3.7396      410456105.5495
    46.200    7.9535    4.5329    3.4848    443.5551    3.7396      410456105.5495
    56.139    7.9486    4.5253    3.4850    480.2158    3.7328      539983736.6715
    66.078    7.9433    4.5175    3.4851    516.8764    3.7261      669282165.7465
    76.017    7.9377    4.5096    3.4852    553.5371    3.7193      798349756.9044
    85.956    7.9318    4.5015    3.4852    590.1978    3.7126      927185178.0038
    95.895    7.9252    4.4931    3.4851    626.8584    3.7059     1055785217.4266
   105.834    7.9191    4.4849    3.4850    663.5191    3.6992     1184149717.9941
   115.773    7.9129    4.4767    3.4849    700.1797    3.6926     1312280583.2146
   125.712    7.9066    4.4684    3.4848    736.8404    3.6860     1440177793.9680
   135.651    7.9003    4.4602    3.4847    773.5011    3.6794     1567841152.0784
   145.590    7.8934    4.4517    3.4844    810.1617    3.6728     1695268514.3638
   155.529    7.8870    4.4435    3.4842    846.8224    3.6663     1822460024.0781
   165.468    7.8798    4.4349    3.4838    883.4830    3.6598     1949414276.3968
   175.407    7.8731    4.4266    3.4834    920.1437    3.6533     2076130094.2690
   185.347    7.8668    4.4184    3.4832    956.8044    3.6469     2202611324.9406
   195.286    7.8600    4.4100    3.4827    993.4650    3.6405     2328857575.6920
   205.225    7.8532    4.4017    3.4823   1030.1257    3.6342     2454866915.7184
   215.164    7.8464    4.3934    3.4819   1066.7863    3.6278     2580640481.0598
   225.103    7.8396    4.3850    3.4814   1103.4470    3.6215     2706178479.9416
   235.042    7.8324    4.3764    3.4809   1140.1077    3.6153     2831481387.7827
   244.981    7.8257    4.3682    3.4804   1176.7683    3.6091     2956551034.7779
   254.920    7.8193    4.3601    3.4799   1213.4290    3.6029     3081388466.9630
   264.859    7.8122    4.3516    3.4793   1250.0896    3.5968     3205992671.7222
   274.798    7.8056    4.3434    3.4788   1286.7503    3.5907     3330364921.5602
   284.737    7.7993    4.3353    3.4783   1323.4109    3.5846     3454508123.8323
   294.676    7.7925    4.3270    3.4778   1360.0716    3.5786     3578422892.5391
   304.615    7.7860    4.3188    3.4772   1396.7323    3.5726     3702109583.7716
   314.554    7.7791    4.3105    3.4765   1433.3929    3.5666     3825566935.1237
   324.494    7.7724    4.3024    3.4760   1470.0536    3.5607     3948796740.6034
   334.433    7.7661    4.2943    3.4754   1506.7142    3.5549     4071803069.9485
   344.372    7.7598    4.2863    3.4748   1543.3749    3.5490     4194586590.7798
   354.311    7.7522    4.2777    3.4740   1580.0356    3.5433     4317144386.7233
   364.250    7.7454    4.2693    3.4734   1616.6962    3.5375     4439477986.4926
   374.189    7.7393    4.2614    3.4728   1653.3569    3.5319     4561592623.2331
   384.128    7.7318    4.2528    3.4720   1690.0175    3.5262     4683486364.4118
   394.067    7.7252    4.2445    3.4714   1726.6782    3.5206     4805160409.0651
   404.006    7.7174    4.2358    3.4705   1763.3389    3.5151     4926615408.8036
   413.945    7.7110    4.2277    3.4699   1799.9995    3.5096     5047852894.9038
   423.884    7.7038    4.2192    3.4692   1836.6602    3.5041     5168876348.5813
   433.823    7.6966    4.2106    3.4684   1873.3208    3.4987     5289685837.6941
   443.762    7.6905    4.2025    3.4678   1909.9815    3.4933     5410284658.9458
   466.574    7.7180    4.2109    3.4758   1914.3111    3.4811     5686949126.9041
   489.386    7.7433    4.2183    3.4835   1918.4421    3.4690     5963273661.4196
   512.198    7.7692    4.2260    3.4914   1922.7004    3.4570     6239254065.0173
   535.010    7.7946    4.2335    3.4992   1926.8235    3.4450     6514893634.2671
   557.822    7.8196    4.2410    3.5067   1930.6926    3.4332     6790181534.5053
   580.634    7.8443    4.2483    3.5143   1934.7376    3.4215     7065117858.1884
   603.446    7.8682    4.2553    3.5218   1938.5760    3.4099     7339703963.6518
   626.257    7.8923    4.2624    3.5293   1942.5753    3.3984     7613941307.5509
   649.069    7.9157    4.2691    3.5367   1946.3498    3.3871     7887833946.9868
   671.881    7.9389    4.2759    3.5440   1950.0065    3.3759     8161378016.6350
   694.693    7.9620    4.2826    3.5512   1953.5920    3.3648     8434574798.7905
   717.505    7.9846    4.2890    3.5584   1957.2149    3.3539     8707431339.4822
   740.317    8.0082    4.2962    3.5658   1960.8776    3.3432     8979962023.4868
   763.129    8.0305    4.3026    3.5728   1964.2935    3.3326     9252168327.6041
   785.941    8.0531    4.3091    3.5800   1967.7650    3.3222     9524057840.0911
   808.752    8.0763    4.3162    3.5873   1971.1288    3.3121     9795651169.6221
   831.564    8.0983    4.3224    3.5944   1974.4431    3.3021    10066954963.2521
   854.376    8.1210    4.3293    3.6016   1977.7189    3.2923    10337979502.5253
   877.188    8.1438    4.3362    3.6088   1980.9377    3.2828    10608743827.5078
   900.000    8.1666    4.3431    3.6161   1984.1474    3.2735    10879268353.9877
   916.706    8.1838    4.3486    3.6216   1986.4652    3.2668    11077173180.3938
   933.412    8.2004    4.3536    3.6269   1988.7440    3.2602    11274967600.2418
   950.119    8.2197    4.3602    3.6330   1991.2396    3.2538    11472676393.1961
   966.825    8.2371    4.3659    3.6386   1993.5051    3.2476    11670315451.6281
   983.531    8.2559    4.3724    3.6446   1995.7968    3.2415    11867889054.0230
  1000.237    8.2749    4.3790    3.6507   1998.0747    3.2355    12065417511.7561
  1016.943    8.2945    4.3860    3.6571   2000.3571    3.2296    12262918931.1364
  1033.650    8.3147    4.3935    3.6636   2002.6319    3.2240    12460413026.2287
  1050.356    8.3305    4.3982    3.6689   2004.7658    3.2184    12657877073.8497
  1067.062    8.3458    4.4026    3.6740   2006.8741    3.2131    12855281684.8551
  1083.768    8.3614    4.4073    3.6793   2008.9555    3.2079    13052637359.1028
  1100.474    8.4691    4.4747    3.7085   2019.5543    3.2028    13250602267.8737
  1117.181    8.6086    4.5638    3.7455   2033.2116    3.1974    13450022050.7950
  1133.887    8.7818    4.6758    3.7900   2050.0311    3.1918    13651283770.8660
  1150.593    8.8244    4.6989    3.8019   2052.7380    3.1860    13853695021.0751
  1167.299    8.8396    4.7030    3.8073   2055.0905    3.1804    14056200369.3747
  1184.005    8.8539    4.7069    3.8122   2057.3915    3.1750    14258620910.8135
  1200.712    8.8705    4.7116    3.8183   2059.7355    3.1698    14460988517.9711
  1217.418    8.8859    4.7158    3.8238   2062.0647    3.1648    14663330580.0412
  1234.124    8.9011    4.7200    3.8292   2064.3943    3.1600    14865642693.3858
  1250.830    8.9163    4.7243    3.8347   2066.7040    3.1554    15067936627.6431
  1267.536    8.9316    4.7286    3.8403   2069.0571    3.1511    15270229755.8636
  1284.243    8.9470    4.7330    3.8459   2071.3755    3.1470    15472540595.0027
  1300.949    8.9620    4.7373    3.8514   2073.7411    3.1432    15674883087.2962
  1317.655    8.9771    4.7416    3.8569   2076.0733    3.1397    15877270988.7889
  1334.361    8.9923    4.7459    3.8626   2078.4431    3.1364    16079723599.4150
  1351.067    9.0177    4.7569    3.8700   2081.9751    3.1334    16282307023.1419
  1367.774    9.0564    4.7761    3.8798   2087.5159    3.1307    16485149043.0977
  1384.480    9.0939    4.7950    3.8896   2092.9084    3.1282    16688325344.0713
  1401.186    9.1334    4.8155    3.8998   2098.4847    3.1259    16891861746.9517
  1417.892    9.1714    4.8350    3.9100   2104.1805    3.1239    17095784808.3016
  1434.598    9.2104    4.8556    3.9205   2109.8778    3.1222    17300117087.7226
  1451.305    9.2494    4.8763    3.9312   2115.8306    3.1208    17504892444.2509
  1468.011    9.2896    4.8983    3.9422   2121.9865    3.1197    17710141686.9577
  1484.717    9.3211    4.9145    3.9515   2126.6373    3.1188    17915844322.1670
  1501.423    9.3350    4.9189    3.9566   2128.8181    3.1184    18121867652.9465
  1518.130    9.3488    4.9232    3.9617   2131.0143    3.1183    18328126771.9818
  1534.836    9.3625    4.9277    3.9668   2133.1864    3.1187    18534648370.9498
  1551.542    9.3759    4.9320    3.9718   2135.3481    3.1196    18741457551.6949
  1551.542    5.0292    0.0000    3.9937         nan    3.1196    18741457551.6949
  1566.787    5.0419    0.0000    3.9987         nan    3.1204    18931508757.9754
  1582.032    5.0546    0.0000    4.0036         nan    3.1217    19121849483.5164
  1597.277    5.0674    0.0000    4.0086         nan    3.1234    19312503745.1271
  1612.522    5.0801    0.0000    4.0136         nan    3.1255    19503496531.8059
  1627.768    5.0923    0.0000    4.0183         nan    3.1280    19694849154.8488
  1643.013    5.1045    0.0000    4.0231         nan    3.1310    19886583175.0901
  1658.258    5.1166    0.0000    4.0278         nan    3.1344    20078726036.6081
  1673.503    5.1287    0.0000    4.0325         nan    3.1384    20271307228.2822
  1688.748    5.1404    0.0000    4.0371         nan    3.1429    20464353755.6842
  1688.748    5.1921    0.0000    6.3681         nan    3.1429    20464353755.6842
  1747.395    5.2604    0.0000    6.4106         nan    3.0457    21642024409.4054
  1806.041    5.3251    0.0000    6.4509         nan    2.9473    22790684428.2234
  1864.688    5.3864    0.0000    6.4892         nan    2.8478    23909032401.2910
  1923.335    5.4444    0.0000    6.5255         nan    2.7471    24995835458.8507
  1981.981    5.4994    0.0000    6.5600         nan    2.6454    26049925843.8587
  2040.628    5.5515    0.0000    6.5928         nan    2.5426    27070198044.7088
  2099.274    5.6007    0.0000    6.6238         nan    2.4390    28055606417.6761
  2157.921    5.6471    0.0000    6.6531         nan    2.3345    29005163249.2999
  2216.568    5.6909    0.0000    6.6808         nan    2.2292    29917937235.8821
  2275.214    5.7322    0.0000    6.7069         nan    2.1231    30793052373.0430
  2333.861    5.7710    0.0000    6.7315         nan    2.0164    31629687287.5433
  2392.507    5.8073    0.0000    6.7546         nan    1.9090    32427075061.8215
  2451.154    5.8413    0.0000    6.7763         nan    1.8011    33184503654.9399
  2509.801    5.8730    0.0000    6.7964         nan    1.6926    33901317104.0581
  2568.447    5.9025    0.0000    6.8152         nan    1.5838    34576917791.0751
  2627.094    5.9297    0.0000    6.8326         nan    1.4747    35210770246.3680
  2685.741    5.9548    0.0000    6.8486         nan    1.3655    35802407276.4573
  2744.387    5.9778    0.0000    6.8633         nan    1.2562    36351439754.7799
  2803.034    5.9987    0.0000    6.8766         nan    1.1472    36857572440.6832
  2861.680    6.0175    0.0000    6.8887         nan    1.0387    37320630180.3200
  2920.327    6.0342    0.0000    6.8994         nan    0.9314    37740602918.7044
  2978.974    6.0489    0.0000    6.9088         nan    0.8261    38117726872.1365
  3037.620    6.0617    0.0000    6.9170         nan    0.7246    38452640327.3002
  3096.267    6.0724    0.0000    6.9239         nan    0.6303    38746707662.7731
  3154.914    6.0812    0.0000    6.9295         nan    0.5519    39002768189.9772
  3213.560    6.0880    0.0000    6.9339         nan    0.5140    39227135319.2467
  3272.207    6.0929    0.0000    6.9370         nan    0.6163    39436183714.7189
  3330.853    6.0958    0.0000    6.9388         nan    1.6688    39686938712.2531
  3389.500    6.0967    0.0000    6.9395         nan    0.0000    40366088252.7533
