# Depth[km]  Vp[km/s]  Vs[km/s] Rho[g/cm3]    T[K]     g[m/s2]         P[Pa]        
     0.000    3.7908    2.2644    1.7261    273.1500    3.7291              0.0000
    11.578    3.7908    2.2644    1.7261    316.4499    3.7379       74524682.2032
    11.578    4.9438    2.9532    2.2512    316.4499    3.7379       74524682.2032
    28.646    4.9438    2.9532    2.2512    380.2909    3.7435      218148824.1499
    28.646    6.5358    3.9042    2.9761    380.2909    3.7435      218148824.1499
    45.920    6.5358    3.9042    2.9761    444.8975    3.7390      410591559.3860
    45.920    7.9525    4.5323    3.4845    444.8975    3.7390      410591559.3860
    55.609    7.9475    4.5248    3.4847    481.1397    3.7323      536837981.9146
    65.299    7.9420    4.5171    3.4848    517.3819    3.7257      662864748.0392
    74.989    7.9363    4.5092    3.4848    553.6241    3.7191      788670301.1575
    84.678    7.9304    4.5011    3.4848    589.8663    3.7126      914253275.0333
    94.368    7.9236    4.4927    3.4846    626.1085    3.7060     1039610505.9439
   104.058    7.9174    4.4846    3.4845    662.3507    3.6995     1164741876.8970
   113.748    7.9111    4.4764    3.4843    698.5929    3.6931     1289649287.8649
   123.437    7.9048    4.4683    3.4842    734.8351    3.6866     1414332700.7658
   133.127    7.8977    4.4597    3.4839    771.0773    3.6802     1538789812.9394
   142.817    7.8913    4.4516    3.4837    807.3196    3.6738     1663020525.2341
   152.507    7.8848    4.4434    3.4834    843.5618    3.6674     1787027084.0426
   162.196    7.8775    4.4348    3.4829    879.8040    3.6611     1910806020.1508
   171.886    7.8706    4.4265    3.4826    916.0462    3.6548     2034356208.2522
   181.576    7.8643    4.4184    3.4823    952.2884    3.6485     2157681437.2260
   191.266    7.8572    4.4100    3.4818    988.5306    3.6422     2280781192.6159
   200.955    7.8504    4.4018    3.4813   1024.7728    3.6360     2403653494.7909
   210.645    7.8437    4.3935    3.4808   1061.0150    3.6299     2526299518.3602
   220.335    7.8367    4.3852    3.4803   1097.2572    3.6237     2648719255.5348
   230.025    7.8297    4.3768    3.4798   1133.4994    3.6176     2770913650.2079
   239.714    7.8225    4.3684    3.4793   1169.7416    3.6115     2892884085.1397
   249.404    7.8161    4.3603    3.4788   1205.9838    3.6055     3014631398.4303
   259.094    7.8096    4.3522    3.4782   1242.2261    3.5995     3136156314.6521
   268.784    7.8026    4.3440    3.4775   1278.4683    3.5935     3257457589.7964
   278.473    7.7954    4.3355    3.4770   1314.7105    3.5876     3378537219.1757
   288.163    7.7889    4.3274    3.4764   1350.9527    3.5817     3499397685.2789
   297.853    7.7824    4.3192    3.4758   1387.1949    3.5759     3620039483.1017
   307.543    7.7750    4.3108    3.4751   1423.4371    3.5700     3740461034.2964
   317.232    7.7681    4.3026    3.4745   1459.6793    3.5643     3860663616.1905
   326.922    7.7618    4.2947    3.4738   1495.9215    3.5585     3980650024.4366
   336.612    7.7552    4.2866    3.4732   1532.1637    3.5528     4100420682.9818
   346.302    7.7480    4.2783    3.4724   1568.4059    3.5472     4219975530.7891
   355.991    7.7412    4.2700    3.4718   1604.6481    3.5416     4339316192.2924
   365.681    7.7342    4.2617    3.4710   1640.8903    3.5360     4458444697.5343
   375.371    7.7271    4.2534    3.4702   1677.1325    3.5305     4577359596.0396
   385.060    7.7203    4.2452    3.4696   1713.3748    3.5250     4696063483.5791
   394.750    7.7127    4.2366    3.4687   1749.6170    3.5196     4814556964.6265
   404.440    7.7059    4.2283    3.4680   1785.8592    3.5142     4932840479.3487
   414.130    7.6987    4.2200    3.4671   1822.1014    3.5088     5050916110.3173
   423.819    7.6919    4.2117    3.4664   1858.3436    3.5035     5168785711.5226
   433.509    7.6840    4.2029    3.4655   1894.5858    3.4983     5286449970.6856
   456.834    7.7124    4.2115    3.4738   1898.9864    3.4857     5569559015.6997
   480.158    7.7395    4.2195    3.4819   1903.3828    3.4733     5852319537.9139
   503.483    7.7664    4.2277    3.4900   1907.6719    3.4609     6134725033.9662
   526.807    7.7929    4.2356    3.4979   1911.8507    3.4486     6416768670.9685
   550.132    7.8178    4.2429    3.5056   1915.8302    3.4364     6698440701.0100
   573.456    7.8434    4.2506    3.5134   1919.9220    3.4244     6979740510.6235
   596.781    7.8678    4.2576    3.5211   1923.9118    3.4124     7260670836.4596
   620.106    7.8928    4.2650    3.5288   1927.9753    3.4006     7541232998.2861
   643.430    7.9165    4.2718    3.5363   1931.7331    3.3889     7821426041.7776
   666.755    7.9401    4.2786    3.5438   1935.4605    3.3774     8101247340.0012
   690.079    7.9638    4.2856    3.5512   1939.1107    3.3660     8380701718.1074
   713.404    7.9879    4.2927    3.5587   1942.9083    3.3548     8659800177.9523
   736.728    8.0111    4.2994    3.5660   1946.4780    3.3437     8938549982.6688
   760.053    8.0335    4.3057    3.5732   1950.0466    3.3329     9216946291.5152
   783.377    8.0570    4.3127    3.5806   1953.4637    3.3222     9495005912.8581
   806.702    8.0807    4.3199    3.5881   1956.8695    3.3117     9772752108.0088
   830.026    8.1033    4.3265    3.5952   1960.2123    3.3014    10050185265.4220
   853.351    8.1263    4.3333    3.6026   1963.5464    3.2914    10327317034.1234
   876.675    8.1496    4.3404    3.6100   1966.8171    3.2816    10604172183.1163
   900.000    8.1726    4.3472    3.6173   1970.0880    3.2720    10880765492.8595
   916.693    8.1902    4.3530    3.6229   1972.3712    3.2653    11078496496.7894
   933.386    8.2064    4.3578    3.6282   1974.6400    3.2587    11276117918.9154
   950.080    8.2262    4.3647    3.6344   1977.0851    3.2523    11473652727.9398
   966.773    8.2432    4.3701    3.6399   1979.3381    3.2460    11671114271.9346
   983.466    8.2621    4.3767    3.6459   1981.5793    3.2398    11868505122.8516
  1000.159    8.2811    4.3834    3.6519   1983.8261    3.2338    12065848430.1493
  1016.852    8.3003    4.3901    3.6582   1986.1160    3.2279    12263158164.8956
  1033.546    8.3209    4.3978    3.6649   1988.3509    3.2222    12460459375.0690
  1050.239    8.3364    4.4024    3.6700   1990.4694    3.2166    12657728652.4628
  1066.932    8.3519    4.4070    3.6753   1992.5505    3.2112    12854935298.7991
  1083.625    8.3793    4.4197    3.6836   1995.5719    3.2060    13052174186.0794
  1100.318    8.5000    4.4961    3.7162   2007.6399    3.2008    13250187974.2115
  1117.012    8.6465    4.5898    3.7549   2021.3040    3.1953    13449783211.9362
  1133.705    8.8142    4.6980    3.7979   2035.9139    3.1895    13651213269.7434
  1150.398    8.8307    4.7032    3.8035   2038.2283    3.1836    13853571066.3464
  1167.091    8.8459    4.7076    3.8087   2040.5246    3.1779    14055844489.2148
  1183.784    8.8600    4.7115    3.8136   2042.8222    3.1724    14258025830.3408
  1200.477    8.8767    4.7160    3.8197   2045.1382    3.1672    14460149876.8354
  1217.171    8.8920    4.7203    3.8252   2047.4185    3.1621    14662243491.6648
  1233.864    8.9072    4.7246    3.8307   2049.7395    3.1573    14864302507.9812
  1250.557    8.9225    4.7288    3.8363   2052.0859    3.1526    15066343728.3201
  1267.250    8.9378    4.7331    3.8418   2054.3899    3.1483    15268382393.5859
  1283.943    8.9531    4.7374    3.8474   2056.6862    3.1441    15470431994.6369
  1300.637    8.9683    4.7417    3.8529   2059.0051    3.1402    15672507719.7766
  1317.330    8.9833    4.7460    3.8585   2061.3856    3.1366    15874626451.9513
  1334.023    8.9986    4.7505    3.8641   2063.6754    3.1333    16076805628.9509
  1350.716    9.0341    4.7677    3.8733   2068.6084    3.1302    16279156161.2991
  1367.409    9.0730    4.7873    3.8832   2074.1141    3.1273    16481806555.5708
  1384.103    9.1118    4.8070    3.8933   2079.5727    3.1247    16684793566.0851
  1400.796    9.1494    4.8262    3.9033   2084.9707    3.1223    16888133786.9074
  1417.489    9.1885    4.8466    3.9138   2090.7527    3.1202    17091853746.0001
  1434.182    9.2278    4.8674    3.9244   2096.4155    3.1184    17295985696.5865
  1450.875    9.2664    4.8882    3.9351   2102.2661    3.1168    17500551495.8154
  1467.569    9.3053    4.9092    3.9460   2108.8498    3.1156    17705576695.4462
  1484.262    9.3273    4.9189    3.9530   2111.4379    3.1146    17910983496.8801
  1500.955    9.3411    4.9233    3.9581   2113.6281    3.1141    18116643226.4547
  1517.648    9.3547    4.9275    3.9631   2115.7953    3.1139    18322529416.8959
  1534.341    9.3687    4.9322    3.9683   2117.9429    3.1142    18528669946.6998
  1551.035    9.3821    4.9366    3.9733   2120.0559    3.1149    18735091875.7699
  1551.035    4.9156    0.0000    3.9749         nan    3.1149    18735091875.7699
  1566.862    4.9297    0.0000    3.9803         nan    3.1159    18931189617.5201
  1582.689    4.9437    0.0000    3.9856         nan    3.1174    19127618471.6121
  1598.517    4.9578    0.0000    3.9910         nan    3.1194    19324405210.2559
  1614.344    4.9719    0.0000    3.9963         nan    3.1218    19521577737.6023
  1630.172    4.9852    0.0000    4.0014         nan    3.1246    19719158773.5347
  1645.999    4.9986    0.0000    4.0065         nan    3.1280    19917172332.8231
  1661.827    5.0120    0.0000    4.0116         nan    3.1318    20115650194.3944
  1677.654    5.0253    0.0000    4.0167         nan    3.1362    20314625526.3739
  1693.481    5.0380    0.0000    4.0215         nan    3.1412    20514126813.7713
  1693.481    5.2387    0.0000    6.3865         nan    3.1412    20514126813.7713
  1751.965    5.2857    0.0000    6.4284         nan    3.0439    21691224761.1038
  1810.448    5.3305    0.0000    6.4685         nan    2.9454    22839166198.0074
  1868.932    5.3731    0.0000    6.5069         nan    2.8457    23956714646.4178
  1927.415    5.4136    0.0000    6.5435         nan    2.7449    25042682124.1031
  1985.898    5.4521    0.0000    6.5786         nan    2.6430    26095927999.3556
  2044.382    5.4886    0.0000    6.6120         nan    2.5400    27115357964.4818
  2102.865    5.5232    0.0000    6.6438         nan    2.4361    28099923095.5627
  2161.349    5.5560    0.0000    6.6741         nan    2.3312    29048618961.1409
  2219.832    5.5870    0.0000    6.7028         nan    2.2253    29960484741.5028
  2278.315    5.6163    0.0000    6.7301         nan    2.1187    30834602317.7855
  2336.799    5.6438    0.0000    6.7558         nan    2.0111    31670095272.1346
  2395.282    5.6697    0.0000    6.7800         nan    1.9028    32466127727.4545
  2453.766    5.6939    0.0000    6.8028         nan    1.7937    33221902929.8483
  2512.249    5.7165    0.0000    6.8242         nan    1.6839    33936661420.4538
  2570.732    5.7376    0.0000    6.8441         nan    1.5733    34609678574.0152
  2629.216    5.7571    0.0000    6.8626         nan    1.4620    35240261155.7994
  2687.699    5.7751    0.0000    6.8796         nan    1.3499    35827742324.0860
  2746.183    5.7915    0.0000    6.8953         nan    1.2370    36371474115.2129
  2804.666    5.8065    0.0000    6.9096         nan    1.1232    36870815723.1460
  2863.149    5.8200    0.0000    6.9225         nan    1.0083    37325114475.3009
  2921.633    5.8320    0.0000    6.9340         nan    0.8921    37733673513.7716
  2980.116    5.8426    0.0000    6.9442         nan    0.7738    38095693862.1106
  3038.600    5.8518    0.0000    6.9530         nan    0.6525    38410163569.5213
  3097.083    5.8595    0.0000    6.9604         nan    0.5256    38675627495.6758
  3155.566    5.8658    0.0000    6.9665         nan    0.3871    38889655605.7132
  3214.050    5.8708    0.0000    6.9712         nan    0.2198    39047423847.3039
  3272.533    5.8743    0.0000    6.9746         nan   -0.0471    39137038613.6608
  3331.017    5.8764    0.0000    6.9766         nan   -0.9868    39117825023.8848
  3389.500    5.8771    0.0000    6.9773         nan    0.0000    38715193642.7666
