# Depth[km]  Vp[km/s]  Vs[km/s] Rho[g/cm3]    T[K]     g[m/s2]         P[Pa]        
     0.000    3.3502    2.0056    1.6161    273.1500    3.7291              0.0000
    10.264    3.3502    2.0056    1.6161    312.8941    3.7378       61858236.7305
    10.264    4.8606    2.9098    2.3447    312.8941    3.7378       61858236.7305
    28.239    4.8606    2.9098    2.3447    382.5005    3.7424      219390836.3325
    28.239    6.5130    3.8990    3.1418    382.5005    3.7424      219390836.3325
    43.378    6.5130    3.8990    3.1418    441.1239    3.7362      397387835.2841
    43.378    7.8394    4.4839    3.4766    441.1239    3.7362      397387835.2841
    53.275    7.8347    4.4768    3.4769    479.4489    3.7295      525947316.4792
    63.172    7.8294    4.4695    3.4770    517.7740    3.7228      654283402.3452
    73.069    7.8237    4.4618    3.4771    556.0990    3.7161      782393125.4550
    82.966    7.8179    4.4541    3.4772    594.4241    3.7094      910275241.9589
    92.863    7.8109    4.4458    3.4770    632.7491    3.7028     1037925765.2949
   102.760    7.8049    4.4379    3.4770    671.0741    3.6961     1165343472.8071
   112.657    7.7984    4.4299    3.4769    709.3992    3.6895     1292531519.1431
   122.554    7.7918    4.4217    3.4768    747.7242    3.6830     1419489181.0268
   132.451    7.7845    4.4132    3.4764    786.0493    3.6765     1546212397.8801
   142.348    7.7777    4.4049    3.4761    824.3743    3.6700     1672699752.6270
   152.245    7.7703    4.3964    3.4757    862.6994    3.6635     1798951378.7054
   162.142    7.7637    4.3882    3.4755    901.0244    3.6571     1924968105.8547
   172.039    7.7561    4.3795    3.4750    939.3495    3.6507     2050749540.9783
   181.936    7.7487    4.3710    3.4745    977.6745    3.6443     2176292463.7282
   191.833    7.7422    4.3628    3.4741   1015.9996    3.6380     2301600180.9661
   201.730    7.7341    4.3540    3.4734   1054.3246    3.6317     2426670456.1857
   211.627    7.7268    4.3455    3.4728   1092.6497    3.6254     2551500699.8861
   221.524    7.7197    4.3370    3.4721   1130.9747    3.6192     2676093786.1791
   231.421    7.7118    4.3281    3.4716   1169.2998    3.6130     2800450929.3699
   241.318    7.7044    4.3196    3.4709   1207.6248    3.6068     2924573945.3922
   251.215    7.6971    4.3111    3.4703   1245.9499    3.6007     3048463302.4422
   261.112    7.6888    4.3022    3.4695   1284.2749    3.5946     3172117343.6380
   271.009    7.6804    4.2933    3.4687   1322.6000    3.5886     3295534307.8715
   280.905    7.6720    4.2843    3.4681   1360.9250    3.5826     3418719358.8263
   290.802    7.6626    4.2749    3.4674   1399.2501    3.5766     3541674983.8717
   300.699    7.6541    4.2659    3.4668   1437.5751    3.5707     3664402057.6185
   310.596    7.6447    4.2565    3.4660   1475.9002    3.5649     3786902049.2931
   320.493    7.6360    4.2473    3.4654   1514.2252    3.5590     3909175727.1726
   330.390    7.6256    4.2375    3.4644   1552.5503    3.5532     4031221403.0561
   340.287    7.6066    4.2244    3.4621   1590.8753    3.5475     4153011193.0772
   350.184    7.6068    4.2186    3.4629   1629.2004    3.5418     4274578387.3630
   360.081    7.5970    4.2090    3.4621   1667.5254    3.5361     4395950920.5253
   369.978    7.5813    4.1971    3.4603   1705.8505    3.5305     4517084191.9315
   379.875    7.5730    4.1882    3.4597   1744.1755    3.5250     4637983393.1578
   389.772    7.5681    4.1804    3.4597   1782.5006    3.5195     4758680838.7735
   399.669    7.5578    4.1705    3.4588   1820.8256    3.5140     4879173713.4982
   409.566    7.5466    4.1603    3.4578   1859.1507    3.5086     4999446322.9735
   419.463    7.5378    4.1510    3.4571   1897.4757    3.5032     5119504125.4017
   429.360    7.5289    4.1416    3.4564   1935.8008    3.4979     5239354482.8568
   439.257    7.5200    4.1323    3.4557   1974.1258    3.4926     5358998581.2380
   462.294    7.5488    4.1398    3.4638   1978.4218    3.4804     5637371382.6964
   485.331    7.5774    4.1472    3.4718   1982.6416    3.4683     5915417812.6814
   508.368    7.6052    4.1543    3.4798   1986.8641    3.4563     6193133900.7992
   531.406    7.6450    4.1663    3.4894   1992.2085    3.4444     6470589087.6538
   554.443    7.6737    4.1740    3.4974   1996.4194    3.4325     6747784986.5116
   577.480    7.7036    4.1822    3.5055   2000.7549    3.4208     7024662645.9300
   600.517    7.7313    4.1897    3.5133   2004.8406    3.4092     7301220854.8241
   623.554    7.7586    4.1969    3.5210   2008.8415    3.3977     7577448370.2154
   646.591    7.7850    4.2039    3.5286   2012.7291    3.3863     7853341410.9119
   669.629    7.8130    4.2117    3.5363   2016.7423    3.3751     8128907433.2384
   692.666    7.8387    4.2184    3.5437   2020.5139    3.3640     8404148892.7523
   715.703    7.8645    4.2254    3.5510   2024.1993    3.3531     8679059207.3860
   738.740    7.8899    4.2321    3.5584   2027.8645    3.3423     8953643551.1327
   761.777    7.9154    4.2392    3.5656   2031.4082    3.3318     9227907827.6946
   784.814    7.9401    4.2456    3.5728   2035.0016    3.3214     9501860801.7224
   807.851    7.9650    4.2523    3.5800   2038.4934    3.3112     9775511513.7244
   830.889    7.9892    4.2588    3.5871   2041.8573    3.3012    10048866019.0253
   853.926    8.0137    4.2653    3.5942   2045.2740    3.2915    10321936306.6421
   876.963    8.0376    4.2718    3.6011   2048.5346    3.2820    10594733786.5951
   900.000    8.0619    4.2784    3.6082   2051.8543    3.2727    10867274075.9013
   916.542    8.0792    4.2832    3.6133   2054.1512    3.2662    11062753034.6596
   933.085    8.0980    4.2887    3.6187   2056.7004    3.2598    11258125833.0176
   949.627    8.1155    4.2937    3.6238   2058.9728    3.2536    11453400947.0404
   966.169    8.1326    4.2984    3.6289   2061.1872    3.2475    11648576651.7803
   982.712    8.1501    4.3034    3.6340   2063.4178    3.2416    11843662731.4366
   999.254    8.1686    4.3090    3.6395   2065.7711    3.2358    12038677060.0685
  1015.796    8.1865    4.3143    3.6448   2067.9498    3.2302    12233631101.6448
  1032.338    8.2024    4.3185    3.6495   2070.1147    3.2247    12428515150.6094
  1048.881    8.2183    4.3227    3.6543   2072.1841    3.2194    12623323636.3155
  1065.423    8.2342    4.3270    3.6590   2074.2722    3.2143    12818065594.0804
  1081.965    8.2530    4.3332    3.6646   2076.6446    3.2094    13012771644.7136
  1098.508    8.3566    4.3975    3.6919   2087.9865    3.2045    13208052389.6706
  1115.050    8.4758    4.4724    3.7232   2101.5631    3.1995    13404590357.3622
  1131.592    8.5878    4.5423    3.7524   2111.2977    3.1943    13602420063.5227
  1148.135    8.6033    4.5463    3.7571   2113.6387    3.1891    13800823985.4403
  1164.677    8.6195    4.5508    3.7620   2115.9606    3.1842    13999162594.6151
  1181.219    8.6350    4.5548    3.7668   2118.1869    3.1794    14197449424.2571
  1197.761    8.6503    4.5587    3.7716   2120.3667    3.1749    14395692941.5666
  1214.304    8.6658    4.5628    3.7764   2122.5467    3.1706    14593907153.2198
  1230.846    8.6809    4.5668    3.7812   2124.7570    3.1666    14792103756.6016
  1247.388    8.6965    4.5710    3.7860   2126.9131    3.1628    14990297690.1817
  1263.931    8.7123    4.5754    3.7909   2129.0511    3.1592    15188509571.4640
  1280.473    8.7278    4.5797    3.7958   2131.2387    3.1559    15386755308.3851
  1297.015    8.7437    4.5842    3.8009   2133.4024    3.1529    15585054269.2741
  1313.558    8.7804    4.6020    3.8095   2137.7072    3.1502    15783519840.1008
  1330.100    8.8238    4.6245    3.8194   2143.2353    3.1476    15982293966.7900
  1346.642    8.8607    4.6425    3.8286   2153.2411    3.1453    16181405480.3951
  1363.184    8.9091    4.6685    3.8401   2157.1438    3.1432    16380910366.1022
  1379.727    8.9813    4.7218    3.8525   2162.6460    3.1414    16580906671.1759
  1396.269    9.0015    4.7190    3.8634   2172.3392    3.1398    16781389318.2575
  1412.811    9.0347    4.7373    3.8721   2176.9076    3.1384    16982277343.5065
  1429.354    9.0814    4.7750    3.8797   2178.6337    3.1374    17183502826.1672
  1445.896    9.0858    4.7636    3.8870   2182.8949    3.1367    17385047848.3306
  1462.438    9.1250    4.7918    3.8955   2183.2170    3.1363    17586957149.5189
  1478.981    9.1412    4.7929    3.9040   2186.6705    3.1363    17789285390.5310
  1495.523    9.1962    4.8183    3.9283   2195.7231    3.1365    17992463435.0806
  1512.065    9.2247    4.8328    3.9380   2201.5947    3.1370    18196535291.7971
  1528.607    9.2492    4.8442    3.9465   2206.8890    3.1378    18401110286.4482
  1545.150    9.2755    4.8575    3.9555   2212.2996    3.1390    18606195407.7860
  1545.150    5.0163    0.0000    3.9768         nan    3.1390    18606195407.7860
  1560.033    5.0299    0.0000    3.9816         nan    3.1403    18792104010.6568
  1574.917    5.0436    0.0000    3.9865         nan    3.1418    18978310224.8972
  1589.800    5.0572    0.0000    3.9913         nan    3.1438    19164836661.5947
  1604.684    5.0709    0.0000    3.9962         nan    3.1462    19351706819.3752
  1619.567    5.0840    0.0000    4.0008         nan    3.1490    19538941081.1233
  1634.451    5.0970    0.0000    4.0054         nan    3.1522    19726559329.0726
  1649.334    5.1100    0.0000    4.0100         nan    3.1559    19914586572.2973
  1664.218    5.1229    0.0000    4.0146         nan    3.1601    20103050411.0129
  1679.101    5.1356    0.0000    4.0191         nan    3.1647    20291977114.5400
  1679.101    5.1458    0.0000    6.3673         nan    3.1647    20291977114.5400
  1738.080    5.2046    0.0000    6.4111         nan    3.0674    21484554036.6353
  1797.060    5.2606    0.0000    6.4529         nan    2.9687    22648176155.0042
  1856.039    5.3137    0.0000    6.4928         nan    2.8688    23781508307.5253
  1915.018    5.3641    0.0000    6.5307         nan    2.7677    24883277577.3243
  1973.997    5.4119    0.0000    6.5668         nan    2.6655    25952271023.1831
  2032.977    5.4573    0.0000    6.6011         nan    2.5623    26987333773.2294
  2091.956    5.5002    0.0000    6.6338         nan    2.4580    27987367439.7406
  2150.935    5.5408    0.0000    6.6647         nan    2.3529    28951328821.8343
  2209.914    5.5791    0.0000    6.6940         nan    2.2469    29878228882.2562
  2268.894    5.6152    0.0000    6.7216         nan    2.1400    30767131995.5535
  2327.873    5.6492    0.0000    6.7477         nan    2.0324    31617155480.2277
  2386.852    5.6811    0.0000    6.7722         nan    1.9241    32427469450.6987
  2445.832    5.7110    0.0000    6.7952         nan    1.8151    33197297055.5534
  2504.811    5.7389    0.0000    6.8167         nan    1.7056    33925915210.5076
  2563.790    5.7648    0.0000    6.8368         nan    1.5956    34612656007.1935
  2622.769    5.7888    0.0000    6.8553         nan    1.4851    35256909093.9979
  2681.749    5.8109    0.0000    6.8725         nan    1.3743    35858125521.6741
  2740.728    5.8311    0.0000    6.8882         nan    1.2633    36415823894.9099
  2799.707    5.8495    0.0000    6.9025         nan    1.1523    36929600315.8611
  2858.687    5.8661    0.0000    6.9154         nan    1.0415    37399144855.6511
  2917.666    5.8809    0.0000    6.9269         nan    0.9311    37824269851.5145
  2976.645    5.8939    0.0000    6.9370         nan    0.8220    38204960933.8792
  3035.624    5.9051    0.0000    6.9458         nan    0.7150    38541474961.8637
  3094.604    5.9146    0.0000    6.9532         nan    0.6125    38834543697.0974
  3153.583    5.9224    0.0000    6.9592         nan    0.5198    39085844502.0729
  3212.562    5.9284    0.0000    6.9639         nan    0.4521    39299256942.0270
  3271.541    5.9327    0.0000    6.9673         nan    0.4717    39485003207.4091
  3330.521    5.9353    0.0000    6.9693         nan    1.0826    39678875353.1320
  3389.500    5.9361    0.0000    6.9700         nan    0.0000    40123895892.3591
