# Depth[km]  Vp[km/s]  Vs[km/s] Rho[g/cm3]    T[K]     g[m/s2]         P[Pa]        
     0.000    3.7908    2.2822    1.7319    273.1500    3.7291              0.0000
    11.712    3.7908    2.2822    1.7319    320.5472    3.7379       75641047.3159
    11.712    4.5360    2.7308    2.0723    320.5472    3.7379       75641047.3159
    27.306    4.5360    2.7308    2.0723    383.6583    3.7454      196434736.4235
    27.306    5.8725    3.5354    2.6829    383.6583    3.7454      196434736.4235
    46.414    5.8725    3.5354    2.6829    460.9920    3.7451      388448683.1212
    46.414    7.9566    4.5331    3.5032    460.9920    3.7451      388448683.1212
    55.852    7.9490    4.5238    3.5029    499.1893    3.7386      512270596.7003
    65.290    7.9410    4.5143    3.5026    537.3866    3.7320      635865102.2048
    74.729    7.9326    4.5046    3.5022    575.5839    3.7255      759230724.4029
    84.167    7.9235    4.4945    3.5017    613.7811    3.7190      882364433.3125
    93.605    7.9149    4.4848    3.5013    651.9784    3.7125     1005266673.2191
   103.043    7.9060    4.4748    3.5008    690.1757    3.7061     1127939338.9870
   112.481    7.8972    4.4652    3.5003    728.3730    3.6997     1250382461.2085
   121.919    7.8877    4.4551    3.4996    766.5703    3.6933     1372594013.9303
   131.357    7.8786    4.4453    3.4991    804.7676    3.6869     1494573293.4420
   140.795    7.8691    4.4355    3.4984    842.9648    3.6806     1616321508.7710
   150.233    7.8590    4.4253    3.4976    881.1621    3.6743     1737835926.3738
   159.671    7.8502    4.4157    3.4970    919.3594    3.6681     1859118630.9504
   169.109    7.8402    4.4057    3.4962    957.5567    3.6618     1980170552.5719
   178.547    7.8307    4.3959    3.4955    995.7540    3.6556     2100990312.5852
   187.985    7.8206    4.3859    3.4946   1033.9513    3.6495     2221577629.4015
   197.423    7.8109    4.3760    3.4938   1072.1485    3.6434     2341932609.1138
   206.861    7.8006    4.3659    3.4929   1110.3458    3.6373     2462055911.4587
   216.299    7.7910    4.3562    3.4921   1148.5431    3.6312     2581948885.3447
   225.738    7.7804    4.3459    3.4911   1186.7404    3.6252     2701610744.9704
   235.176    7.7705    4.3361    3.4902   1224.9377    3.6192     2821041302.4168
   244.614    7.7592    4.3256    3.4890   1263.1349    3.6132     2940239967.4327
   254.052    7.7509    4.3165    3.4883   1301.3322    3.6073     3059211264.1926
   263.490    7.7408    4.3067    3.4873   1339.5295    3.6014     3177957549.7160
   272.928    7.7314    4.2970    3.4863   1377.7268    3.5956     3296475818.8225
   282.366    7.7218    4.2875    3.4853   1415.9241    3.5898     3414768555.4994
   291.804    7.7117    4.2776    3.4843   1454.1214    3.5840     3532836023.7738
   301.242    7.7021    4.2680    3.4832   1492.3186    3.5783     3650678538.3476
   310.680    7.6924    4.2583    3.4821   1530.5159    3.5726     3768296943.6176
   320.118    7.6825    4.2485    3.4811   1568.7132    3.5670     3885692856.3565
   329.556    7.6722    4.2386    3.4800   1606.9105    3.5614     4002867414.1498
   338.994    7.6624    4.2289    3.4789   1645.1078    3.5559     4119822336.6938
   348.432    7.6525    4.2192    3.4779   1683.3050    3.5503     4236558755.9109
   357.870    7.6422    4.2091    3.4768   1721.5023    3.5449     4353077439.4520
   367.308    7.6319    4.1993    3.4756   1759.6996    3.5394     4469378003.1709
   376.747    7.6209    4.1890    3.4744   1797.8969    3.5341     4585460953.0017
   386.185    7.6112    4.1793    3.4734   1836.0942    3.5287     4701331149.9075
   395.623    7.6006    4.1692    3.4722   1874.2915    3.5234     4816989232.4575
   405.061    7.5904    4.1593    3.4710   1912.4887    3.5182     4932434900.6866
   414.499    7.5792    4.1489    3.4698   1950.6860    3.5130     5047669348.2516
   423.937    7.5688    4.1389    3.4687   1988.8833    3.5078     5162693789.7528
   447.740    7.6025    4.1491    3.4778   1993.8937    3.4949     5452697118.7297
   471.543    7.6344    4.1585    3.4867   1998.8837    3.4821     5742384116.7100
   495.346    7.6655    4.1676    3.4955   2003.7398    3.4693     6031741774.5180
   519.149    7.6954    4.1765    3.5040   2008.3158    3.4566     6320755010.8826
   542.953    7.7243    4.1849    3.5124   2012.8624    3.4441     6609409675.1173
   566.756    7.7529    4.1934    3.5208   2017.3319    3.4316     6897702228.7044
   590.559    7.7809    4.2016    3.5291   2021.6499    3.4192     7185629945.8133
   614.362    7.8087    4.2099    3.5373   2025.9257    3.4070     7473190160.3034
   638.165    7.8362    4.2180    3.5454   2030.1388    3.3949     7760384758.7293
   661.968    7.8625    4.2258    3.5533   2034.1288    3.3829     8047208209.4741
   685.772    7.8895    4.2338    3.5614   2038.2544    3.3711     8333664129.1192
   709.575    7.9155    4.2415    3.5692   2042.0560    3.3595     8619757061.4582
   733.378    7.9409    4.2490    3.5771   2045.8993    3.3480     8905487321.1436
   757.181    7.9672    4.2570    3.5850   2049.7376    3.3366     9190868069.5609
   780.984    7.9931    4.2648    3.5929   2053.4181    3.3255     9475912638.9475
   804.787    8.0185    4.2726    3.6007   2057.0041    3.3146     9760628924.8580
   828.591    8.0445    4.2806    3.6087   2060.5731    3.3038    10045032229.3008
   852.394    8.0707    4.2889    3.6168   2064.2017    3.2933    10329144683.5978
   876.197    8.0972    4.2973    3.6249   2067.6290    3.2830    10612988236.4100
   900.000    8.1241    4.3062    3.6333   2071.0128    3.2730    10896589611.1299
   917.143    8.1435    4.3126    3.6394   2073.4675    3.2659    11100613884.7388
   934.285    8.1649    4.3202    3.6460   2075.9155    3.2589    11304552611.3951
   951.428    8.1846    4.3268    3.6521   2078.2434    3.2520    11508410362.9319
   968.571    8.2058    4.3345    3.6589   2080.7396    3.2453    11712197512.9809
   985.713    8.2260    4.3416    3.6653   2083.1058    3.2387    11915930691.7732
  1002.856    8.2512    4.3516    3.6732   2085.5562    3.2323    12119650368.8821
  1019.999    8.2742    4.3605    3.6805   2088.0468    3.2260    12323387826.4212
  1037.141    8.3017    4.3718    3.6894   2090.6524    3.2198    12527174249.9449
  1054.284    8.3188    4.3772    3.6951   2092.8639    3.2138    12730971438.6619
  1071.427    8.3361    4.3828    3.7009   2095.0165    3.2079    12934703627.4795
  1088.569    8.3535    4.3885    3.7067   2097.1888    3.2023    13138385675.7269
  1105.712    8.3704    4.3939    3.7124   2099.3768    3.1968    13342024513.9654
  1122.855    8.4555    4.4449    3.7362   2108.0313    3.1914    13546121610.9902
  1139.997    8.6212    4.5497    3.7804   2123.4476    3.1857    13751732162.8646
  1157.140    8.8317    4.6849    3.8344   2142.4470    3.1797    13959663270.6708
  1174.283    8.8627    4.7001    3.8434   2144.9256    3.1735    14168916934.2050
  1191.425    8.8780    4.7049    3.8487   2147.2379    3.1674    14378147928.2326
  1208.568    8.8944    4.7092    3.8552   2150.1206    3.1616    14587299609.6259
  1225.711    8.9100    4.7139    3.8608   2152.6170    3.1560    14796395008.1789
  1242.853    8.9252    4.7185    3.8662   2155.0510    3.1506    15005418118.5359
  1259.996    8.9405    4.7232    3.8718   2157.5209    3.1454    15214380798.1570
  1277.139    8.9559    4.7280    3.8774   2159.9898    3.1405    15423303036.8802
  1294.281    8.9707    4.7327    3.8826   2162.3088    3.1359    15632190220.3672
  1311.424    8.9855    4.7373    3.8880   2164.8152    3.1315    15841053507.2822
  1328.567    8.9996    4.7419    3.8929   2167.1437    3.1274    16049903958.6804
  1345.709    9.0142    4.7466    3.8983   2169.5695    3.1236    16258756951.5587
  1362.852    9.0286    4.7512    3.9035   2171.9765    3.1201    16467638883.7775
  1379.995    9.0416    4.7557    3.9079   2174.1511    3.1170    16676544714.7325
  1397.137    9.0559    4.7603    3.9129   2176.3620    3.1141    16885488495.5501
  1414.280    9.0942    4.7806    3.9220   2182.4731    3.1116    17094618677.6054
  1431.423    9.1375    4.8037    3.9333   2188.2692    3.1094    17304125474.9071
  1448.565    9.1757    4.8246    3.9427   2194.0410    3.1074    17514032740.2299
  1465.708    9.2165    4.8473    3.9528   2199.9709    3.1058    17724326444.4393
  1482.851    9.2575    4.8695    3.9640   2206.3007    3.1044    17935075728.7601
  1499.993    9.3010    4.8944    3.9753   2212.4753    3.1034    18146333035.6709
  1517.136    9.3414    4.9176    3.9860   2219.1456    3.1028    18358107957.6872
  1534.279    9.3708    4.9333    3.9945   2223.4019    3.1025    18570348138.4282
  1551.421    9.3835    4.9378    3.9989   2225.4851    3.1026    18782910870.6525
  1568.564    9.3960    4.9422    4.0033   2227.5711    3.1032    18995718415.1340
  1568.564    4.5009    0.0000    4.0503         nan    3.1032    18995718415.1340
  1582.238    4.5141    0.0000    4.0560         nan    3.1035    19167711968.2087
  1595.913    4.5273    0.0000    4.0617         nan    3.1041    19339963656.8055
  1609.587    4.5405    0.0000    4.0673         nan    3.1050    19512490028.5684
  1623.262    4.5536    0.0000    4.0730         nan    3.1062    19685308266.2171
  1636.936    4.5666    0.0000    4.0786         nan    3.1078    19858433717.6216
  1650.611    4.5790    0.0000    4.0840         nan    3.1097    20031878831.8872
  1664.285    4.5915    0.0000    4.0894         nan    3.1119    20205659351.9813
  1677.960    4.6040    0.0000    4.0948         nan    3.1145    20379795435.4081
  1691.634    4.6165    0.0000    4.1002         nan    3.1175    20554308012.7360
  1691.634    5.2404    0.0000    6.3355         nan    3.1175    20554308012.7360
  1750.181    5.3058    0.0000    6.3766         nan    3.0208    21714438491.6820
  1808.728    5.3678    0.0000    6.4157         nan    2.9229    22845656535.1125
  1867.276    5.4266    0.0000    6.4528         nan    2.8238    23946715597.7767
  1925.823    5.4824    0.0000    6.4881         nan    2.7236    25016432206.8187
  1984.370    5.5352    0.0000    6.5216         nan    2.6224    26053682916.2265
  2042.917    5.5852    0.0000    6.5534         nan    2.5202    27057401701.1925
  2101.464    5.6325    0.0000    6.5836         nan    2.4171    28026577727.5981
  2160.011    5.6772    0.0000    6.6122         nan    2.3131    28960253450.6142
  2218.558    5.7194    0.0000    6.6391         nan    2.2083    29857523001.1101
  2277.105    5.7592    0.0000    6.6646         nan    2.1027    30717530840.1515
  2335.652    5.7965    0.0000    6.6886         nan    1.9964    31539470670.2635
  2394.199    5.8316    0.0000    6.7111         nan    1.8895    32322584602.8824
  2452.747    5.8644    0.0000    6.7322         nan    1.7819    33066162604.5522
  2511.294    5.8949    0.0000    6.7519         nan    1.6738    33769542266.7593
  2569.841    5.9234    0.0000    6.7702         nan    1.5652    34432108982.7207
  2628.388    5.9497    0.0000    6.7872         nan    1.4561    35053296669.2743
  2686.935    5.9739    0.0000    6.8029         nan    1.3467    35632589277.5132
  2745.482    5.9961    0.0000    6.8172         nan    1.2369    36169523512.0008
  2804.029    6.0162    0.0000    6.8302         nan    1.1270    36663693500.1890
  2862.576    6.0344    0.0000    6.8420         nan    1.0170    37114758786.2548
  2921.123    6.0506    0.0000    6.8525         nan    0.9071    37522458313.3365
  2979.670    6.0648    0.0000    6.8617         nan    0.7977    37886635881.0216
  3038.217    6.0771    0.0000    6.8697         nan    0.6893    38207289247.9660
  3096.765    6.0875    0.0000    6.8764         nan    0.5831    38484672495.8555
  3155.312    6.0960    0.0000    6.8819         nan    0.4819    38719532852.0352
  3213.859    6.1025    0.0000    6.8862         nan    0.3934    38913743198.1008
  3272.406    6.1072    0.0000    6.8892         nan    0.3497    39072386457.4889
  3330.953    6.1101    0.0000    6.8911         nan    0.6092    39213435455.4045
  3389.500    6.1110    0.0000    6.8917         nan    0.0000    39459209936.0469
