# Depth[km]  Vp[km/s]  Vs[km/s] Rho[g/cm3]    T[K]     g[m/s2]         P[Pa]        
     0.000    3.7119    2.2177    1.6688    273.1500    3.7291              0.0000
    11.046    3.7119    2.2177    1.6688    317.5440    3.7380       68743961.0501
    11.046    4.8938    2.9238    2.2002    317.5440    3.7380       68743961.0501
    30.498    4.8938    2.9238    2.2002    395.7260    3.7453      228723368.1270
    30.498    5.9493    3.5544    2.6748    395.7260    3.7453      228723368.1270
    45.904    5.9493    3.5544    2.6748    457.6472    3.7452      383060832.4709
    45.904    7.9575    4.5340    3.5032    457.6472    3.7452      383060832.4709
    55.513    7.9498    4.5246    3.5030    496.2668    3.7385      509124965.7868
    65.122    7.9418    4.5150    3.5027    534.8865    3.7318      634954365.7924
    74.730    7.9334    4.5052    3.5024    573.5061    3.7252      760547608.8600
    84.339    7.9244    4.4951    3.5018    612.1257    3.7186      885901718.8640
    93.948    7.9158    4.4853    3.5014    650.7454    3.7120     1011016787.4247
   103.556    7.9069    4.4753    3.5010    689.3650    3.7054     1135894846.8307
   113.165    7.8980    4.4655    3.5005    727.9847    3.6989     1260535889.5574
   122.774    7.8885    4.4554    3.4999    766.6043    3.6924     1384937803.7925
   132.382    7.8794    4.4455    3.4993    805.2239    3.6859     1509100038.5483
   141.991    7.8698    4.4355    3.4987    843.8436    3.6795     1633023910.3754
   151.600    7.8599    4.4253    3.4979    882.4632    3.6731     1756706461.9860
   161.209    7.8509    4.4156    3.4973    921.0829    3.6667     1880149778.8778
   170.817    7.8410    4.4055    3.4966    959.7025    3.6604     2003355071.1175
   180.426    7.8314    4.3956    3.4958    998.3221    3.6541     2126320865.0726
   190.035    7.8212    4.3855    3.4950   1036.9418    3.6478     2249046793.3293
   199.643    7.8114    4.3755    3.4942   1075.5614    3.6415     2371532507.4598
   209.252    7.8013    4.3655    3.4933   1114.1810    3.6353     2493779302.4624
   218.861    7.7914    4.3554    3.4925   1152.8007    3.6292     2615788852.9578
   228.469    7.7811    4.3454    3.4915   1191.4203    3.6230     2737560105.1492
   238.078    7.7714    4.3356    3.4906   1230.0400    3.6169     2859093250.5579
   247.687    7.7600    4.3248    3.4895   1268.6596    3.6109     2980387468.4479
   257.295    7.7518    4.3157    3.4888   1307.2792    3.6049     3101447051.5847
   266.904    7.7414    4.3057    3.4877   1345.8989    3.5989     3222273926.8854
   276.513    7.7323    4.2962    3.4868   1384.5185    3.5930     3342866253.3541
   286.121    7.7227    4.2865    3.4858   1423.1381    3.5871     3463227063.6037
   295.730    7.7124    4.2765    3.4847   1461.7578    3.5812     3583353981.9697
   305.339    7.7028    4.2667    3.4838   1500.3774    3.5754     3703249083.8646
   314.947    7.6931    4.2571    3.4827   1538.9971    3.5696     3822914765.4036
   324.556    7.6831    4.2472    3.4817   1577.6167    3.5639     3942350993.6737
   334.165    7.6730    4.2372    3.4806   1616.2363    3.5582     4061559237.8405
   343.773    7.6631    4.2274    3.4795   1654.8560    3.5525     4180540936.8963
   353.382    7.6529    4.2174    3.4785   1693.4756    3.5469     4299297176.7764
   362.991    7.6428    4.2075    3.4774   1732.0952    3.5414     4417829892.9228
   372.599    7.6321    4.1973    3.4762   1770.7149    3.5359     4536138702.4197
   382.208    7.6223    4.1875    3.4752   1809.3345    3.5304     4654225563.2829
   391.817    7.6120    4.1775    3.4741   1847.9542    3.5250     4772093046.2147
   401.425    7.6008    4.1671    3.4729   1886.5738    3.5196     4889740235.2007
   411.034    7.5909    4.1572    3.4718   1925.1934    3.5143     5007169264.5414
   420.643    7.5800    4.1469    3.4705   1963.8131    3.5090     5124381007.0613
   430.251    7.5696    4.1368    3.4694   2002.4327    3.5037     5241376551.2392
   453.739    7.6023    4.1465    3.4784   2007.4318    3.4910     5527257102.4550
   477.226    7.6341    4.1560    3.4872   2012.3519    3.4784     5812832570.2607
   500.714    7.6650    4.1652    3.4959   2017.1303    3.4659     6098090528.5156
   524.201    7.6939    4.1736    3.5043   2021.7343    3.4534     6383014680.4252
   547.689    7.7231    4.1823    3.5126   2026.1904    3.4410     6667592560.7011
   571.176    7.7509    4.1904    3.5208   2030.5793    3.4288     6951820025.9933
   594.663    7.7788    4.1987    3.5290   2034.9354    3.4166     7235695337.2700
   618.151    7.8060    4.2066    3.5371   2039.2099    3.4046     7519217626.8954
   641.638    7.8324    4.2145    3.5450   2043.2361    3.3927     7802378207.5655
   665.126    7.8591    4.2223    3.5530   2047.3539    3.3809     8085179902.6290
   688.613    7.8851    4.2301    3.5608   2051.2993    3.3693     8367629247.3178
   712.101    7.9114    4.2379    3.5687   2055.2404    3.3578     8649731188.1339
   735.588    7.9368    4.2454    3.5765   2059.0442    3.3465     8931492445.1272
   759.075    7.9629    4.2534    3.5844   2062.8489    3.3354     9212919948.7993
   782.563    7.9879    4.2609    3.5921   2066.4799    3.3244     9494020109.9517
   806.050    8.0135    4.2688    3.5999   2070.0859    3.3137     9774801880.0013
   829.538    8.0389    4.2765    3.6077   2073.6565    3.3031    10055282858.6121
   853.025    8.0656    4.2851    3.6158   2077.2414    3.2928    10335488904.9166
   876.513    8.0915    4.2935    3.6237   2080.5695    3.2826    10615435338.5046
   900.000    8.1178    4.3019    3.6320   2084.0871    3.2727    10895145428.5125
   916.874    8.1368    4.3082    3.6380   2086.4621    3.2658    11095886666.2741
   933.748    8.1556    4.3144    3.6438   2088.8504    3.2589    11296525032.1973
   950.623    8.1774    4.3222    3.6506   2091.2779    3.2522    11497090504.1507
   967.497    8.1980    4.3296    3.6572   2093.6981    3.2456    11697607996.5163
   984.371    8.2186    4.3369    3.6636   2096.0503    3.2391    11898075400.1240
  1001.245    8.2425    4.3462    3.6712   2098.4819    3.2328    12098526753.1849
  1018.119    8.2658    4.3552    3.6786   2100.9310    3.2266    12298993057.7168
  1034.993    8.2933    4.3667    3.6874   2103.4787    3.2205    12499515846.3064
  1051.868    8.3109    4.3725    3.6932   2105.7580    3.2145    12700057611.8510
  1068.742    8.3277    4.3778    3.6988   2107.9484    3.2088    12900538819.9394
  1085.616    8.3445    4.3832    3.7045   2110.1195    3.2032    13100965848.6220
  1102.490    8.3614    4.3887    3.7101   2112.2555    3.1977    13301349336.4214
  1119.364    8.3927    4.4038    3.7198   2115.9404    3.1925    13501806985.1865
  1136.239    8.5448    4.4998    3.7607   2131.0797    3.1872    13703298158.5156
  1153.113    8.7276    4.6161    3.8085   2150.0034    3.1815    13906838772.4537
  1169.987    8.8529    4.6945    3.8409   2157.9568    3.1755    14112168409.1539
  1186.861    8.8682    4.6994    3.8460   2160.1294    3.1695    14318114623.2366
  1203.735    8.8834    4.7041    3.8512   2162.4505    3.1637    14523947117.5398
  1220.610    8.8997    4.7084    3.8578   2165.3647    3.1582    14729720831.4541
  1237.484    8.9150    4.7130    3.8633   2167.8384    3.1528    14935456625.4339
  1254.358    8.9301    4.7176    3.8688   2170.3011    3.1477    15141136938.9513
  1271.232    8.9444    4.7222    3.8737   2172.6028    3.1429    15346760135.4567
  1288.106    8.9578    4.7268    3.8782   2174.8328    3.1382    15552315593.7768
  1304.980    8.9737    4.7313    3.8842   2177.3725    3.1339    15757846039.5953
  1321.855    8.9887    4.7361    3.8897   2179.8400    3.1298    15963394876.8161
  1338.729    9.0029    4.7405    3.8949   2182.3206    3.1259    16168958458.3557
  1355.603    9.0163    4.7451    3.8995   2184.5536    3.1224    16374529414.5625
  1372.477    9.0307    4.7498    3.9048   2186.9299    3.1192    16580128278.8860
  1389.351    9.0447    4.7543    3.9097   2189.1317    3.1163    16785781056.9339
  1406.226    9.0610    4.7609    3.9148   2191.6277    3.1137    16991504505.3862
  1423.100    9.1005    4.7813    3.9251   2197.9136    3.1114    17197462802.3765
  1439.974    9.1402    4.8029    3.9346   2203.4824    3.1094    17403789090.1473
  1456.848    9.1811    4.8256    3.9446   2209.3142    3.1077    17610492357.3999
  1473.722    9.2204    4.8476    3.9544   2215.0863    3.1063    17817601675.8627
  1490.597    9.2610    4.8696    3.9655   2221.4203    3.1052    18025166369.3145
  1507.471    9.3021    4.8929    3.9762   2227.6272    3.1044    18233229400.6920
  1524.345    9.3396    4.9135    3.9878   2233.9267    3.1040    18441824497.6432
  1541.219    9.3631    4.9252    3.9950   2235.7661    3.1039    18650882382.4862
  1558.093    9.3758    4.9297    3.9995   2237.8308    3.1043    18860243352.1507
  1558.093    4.6350    0.0000    4.0144         nan    3.1043    18860243352.1507
  1572.728    4.6496    0.0000    4.0200         nan    3.1048    19042743076.4288
  1587.363    4.6643    0.0000    4.0257         nan    3.1056    19225529732.3419
  1601.997    4.6789    0.0000    4.0313         nan    3.1068    19408623708.1678
  1616.632    4.6935    0.0000    4.0370         nan    3.1084    19592046213.7812
  1631.266    4.7076    0.0000    4.0424         nan    3.1104    19775814785.1350
  1645.901    4.7215    0.0000    4.0478         nan    3.1127    19959945828.3903
  1660.536    4.7353    0.0000    4.0532         nan    3.1155    20144461308.6126
  1675.170    4.7492    0.0000    4.0586         nan    3.1187    20329386279.9015
  1689.805    4.7627    0.0000    4.0638         nan    3.1224    20514744478.1338
  1689.805    5.0994    0.0000    6.3283         nan    3.1224    20514744478.1338
  1748.415    5.1751    0.0000    6.3716         nan    3.0260    21676802528.2843
  1807.025    5.2466    0.0000    6.4126         nan    2.9283    22810460360.6425
  1865.635    5.3141    0.0000    6.4515         nan    2.8293    23914375254.0438
  1924.246    5.3779    0.0000    6.4884         nan    2.7293    24987280254.7766
  1982.856    5.4383    0.0000    6.5233         nan    2.6281    26027979361.2857
  2041.466    5.4952    0.0000    6.5563         nan    2.5260    27035343473.8374
  2100.076    5.5490    0.0000    6.5876         nan    2.4229    28008306976.6416
  2158.686    5.5997    0.0000    6.6171         nan    2.3189    28945864854.0549
  2217.296    5.6475    0.0000    6.6449         nan    2.2140    29847070277.7102
  2275.907    5.6924    0.0000    6.6711         nan    2.1084    30711032615.1445
  2334.517    5.7346    0.0000    6.6957         nan    2.0020    31536915836.7593
  2393.127    5.7741    0.0000    6.7188         nan    1.8950    32323937320.4157
  2451.737    5.8110    0.0000    6.7404         nan    1.7873    33071367081.5361
  2510.347    5.8454    0.0000    6.7606         nan    1.6792    33778527492.9667
  2568.958    5.8773    0.0000    6.7793         nan    1.5705    34444793618.0532
  2627.568    5.9068    0.0000    6.7966         nan    1.4614    35069594371.8914
  2686.178    5.9339    0.0000    6.8126         nan    1.3519    35652414876.6675
  2744.788    5.9587    0.0000    6.8272         nan    1.2423    36192800644.7947
  2803.398    5.9813    0.0000    6.8404         nan    1.1325    36690364719.1301
  2862.008    6.0016    0.0000    6.8524         nan    1.0228    37144799855.2676
  2920.619    6.0197    0.0000    6.8630         nan    0.9135    37555899788.9450
  2979.229    6.0356    0.0000    6.8724         nan    0.8050    37923597918.2667
  3037.839    6.0493    0.0000    6.8805         nan    0.6982    38248041874.7234
  3096.449    6.0609    0.0000    6.8873         nan    0.5948    38529748938.9943
  3155.059    6.0704    0.0000    6.8929         nan    0.4990    38769965557.7987
  3213.669    6.0777    0.0000    6.8972         nan    0.4227    38971627498.9624
  3272.280    6.0830    0.0000    6.9003         nan    0.4140    39142523920.9699
  3330.890    6.0861    0.0000    6.9022         nan    0.8645    39309991185.9036
  3389.500    6.0872    0.0000    6.9028         nan    0.0000    39659742417.9063
