# Depth[km]  Vp[km/s]  Vs[km/s] Rho[g/cm3]    T[K]     g[m/s2]         P[Pa]        
     0.000    3.5929    2.1691    1.6509    273.1500    3.7291              0.0000
    10.314    3.5929    2.1691    1.6509    313.0932    3.7376       63495785.9802
    10.314    4.6397    2.8011    2.1319    313.0932    3.7376       63495785.9802
    28.590    4.6397    2.8011    2.1319    383.8818    3.7455      209127041.2486
    28.590    5.9290    3.5795    2.7244    383.8818    3.7455      209127041.2486
    48.797    5.9290    3.5795    2.7244    462.1480    3.7445      415321769.9141
    48.797    7.9591    4.5337    3.5039    462.1480    3.7445      415321769.9141
    58.482    7.9522    4.5247    3.5039    499.6584    3.7377      542384678.6488
    68.166    7.9449    4.5155    3.5037    537.1687    3.7310      669214353.6670
    77.851    7.9371    4.5060    3.5035    574.6790    3.7243      795809307.8782
    87.535    7.9294    4.4967    3.5032    612.1893    3.7176      922168803.6964
    97.220    7.9208    4.4870    3.5028    649.6997    3.7110     1048290606.8856
   106.904    7.9126    4.4774    3.5025    687.2100    3.7044     1174174471.9009
   116.589    7.9046    4.4681    3.5022    724.7203    3.6978     1299823137.3641
   126.273    7.8957    4.4584    3.5017    762.2307    3.6913     1425234323.4448
   135.958    7.8875    4.4490    3.5013    799.7410    3.6848     1550407997.8248
   145.642    7.8786    4.4394    3.5008    837.2513    3.6783     1675344903.2777
   155.327    7.8699    4.4298    3.5003    874.7617    3.6718     1800043400.3945
   165.011    7.8610    4.4203    3.4998    912.2720    3.6654     1924504518.7863
   174.696    7.8522    4.4108    3.4992    949.7823    3.6590     2048728374.4862
   184.381    7.8437    4.4014    3.4987    987.2927    3.6526     2172716581.8372
   194.065    7.8345    4.3918    3.4981   1024.8030    3.6463     2296468900.7073
   203.750    7.8253    4.3822    3.4974   1062.3133    3.6400     2419983042.9466
   213.434    7.8159    4.3725    3.4967   1099.8237    3.6338     2543259601.2670
   223.119    7.8068    4.3630    3.4960   1137.3340    3.6275     2666300192.2903
   232.803    7.7977    4.3534    3.4953   1174.8443    3.6213     2789105974.2332
   242.488    7.7887    4.3441    3.4946   1212.3546    3.6152     2911677757.5268
   252.172    7.7795    4.3345    3.4938   1249.8650    3.6091     3034015626.8877
   261.857    7.7705    4.3251    3.4932   1287.3753    3.6030     3156121373.3164
   271.541    7.7618    4.3158    3.4924   1324.8856    3.5970     3277995927.6367
   281.226    7.7525    4.3064    3.4915   1362.3960    3.5910     3399636560.2172
   290.910    7.7437    4.2971    3.4907   1399.9063    3.5850     3521044272.6499
   300.595    7.7354    4.2881    3.4899   1437.4166    3.5791     3642223328.7539
   310.279    7.7264    4.2787    3.4891   1474.9270    3.5732     3763174680.4632
   319.964    7.7177    4.2695    3.4883   1512.4373    3.5673     3883898744.4914
   329.648    7.7081    4.2598    3.4873   1549.9476    3.5615     4004394899.0983
   339.333    7.6994    4.2507    3.4865   1587.4580    3.5558     4124664606.7576
   349.018    7.6904    4.2413    3.4857   1624.9683    3.5501     4244711951.8677
   358.702    7.6808    4.2318    3.4847   1662.4786    3.5444     4364535854.5407
   368.387    7.6717    4.2223    3.4838   1699.9890    3.5387     4484136195.1549
   378.071    7.6627    4.2129    3.4830   1737.4993    3.5332     4603516632.1472
   387.756    7.6532    4.2035    3.4820   1775.0096    3.5276     4722676807.9561
   397.440    7.6440    4.1939    3.4812   1812.5199    3.5221     4841618880.5421
   407.125    7.6341    4.1842    3.4802   1850.0303    3.5167     4960345012.1333
   416.809    7.6248    4.1747    3.4792   1887.5406    3.5113     5078854505.5454
   426.494    7.6154    4.1652    3.4784   1925.0509    3.5059     5197151108.0446
   436.178    7.6056    4.1553    3.4773   1962.5613    3.5006     5315234643.2260
   459.369    7.6375    4.1650    3.4862   1967.4151    3.4880     5597891837.1176
   482.560    7.6675    4.1738    3.4946   1971.9438    3.4754     5880229713.8026
   505.752    7.6964    4.1823    3.5030   1976.4194    3.4629     6162227489.8939
   528.943    7.7253    4.1908    3.5113   1980.8574    3.4505     6443880428.2168
   552.134    7.7532    4.1991    3.5194   1985.0983    3.4382     6725181685.1497
   575.325    7.7806    4.2072    3.5274   1989.2592    3.4260     7006121969.3038
   598.516    7.8075    4.2151    3.5354   1993.3819    3.4139     7286701446.5134
   621.707    7.8343    4.2231    3.5433   1997.4315    3.4020     7566922376.9418
   644.898    7.8599    4.2306    3.5510   2001.3070    3.3901     7846778645.5639
   668.089    7.8864    4.2385    3.5589   2005.2244    3.3784     8126271672.1385
   691.280    7.9117    4.2460    3.5665   2008.9912    3.3668     8405406089.4904
   714.471    7.9367    4.2533    3.5742   2012.6578    3.3554     8684181628.7687
   737.662    7.9622    4.2610    3.5819   2016.3908    3.3442     8962610336.2216
   760.853    7.9868    4.2683    3.5894   2019.9638    3.3331     9240696914.2446
   784.045    8.0115    4.2758    3.5970   2023.4240    3.3222     9518443283.2825
   807.236    8.0371    4.2838    3.6047   2026.7916    3.3114     9795867933.6505
   830.427    8.0628    4.2919    3.6126   2030.2916    3.3009    10072995500.6506
   853.618    8.0868    4.2992    3.6201   2033.6883    3.2905    10349831562.7238
   876.809    8.1131    4.3077    3.6283   2037.0175    3.2804    10626399999.9710
   900.000    8.1390    4.3162    3.6363   2040.1970    3.2705    10902732301.3230
   916.951    8.1584    4.3227    3.6423   2042.4302    3.2634    11104485628.3828
   933.901    8.1797    4.3303    3.6490   2044.8722    3.2564    11306151788.4767
   950.852    8.1989    4.3368    3.6550   2047.2499    3.2496    11507736722.4761
   967.803    8.2176    4.3431    3.6609   2049.5687    3.2429    11709226487.1133
   984.753    8.2395    4.3512    3.6679   2051.8490    3.2363    11910654769.2182
  1001.704    8.2637    4.3607    3.6755   2054.2930    3.2298    12112074713.3768
  1018.655    8.2908    4.3720    3.6841   2056.8083    3.2235    12313536547.6747
  1035.605    8.3142    4.3811    3.6918   2059.1881    3.2173    12515046987.6708
  1052.556    8.3311    4.3865    3.6974   2061.2855    3.2112    12716529666.9809
  1069.507    8.3479    4.3919    3.7030   2063.4148    3.2053    12917937084.6146
  1086.457    8.3649    4.3973    3.7088   2065.4845    3.1996    13119284425.7230
  1103.408    8.3820    4.4028    3.7146   2067.5988    3.1940    13320586860.2169
  1120.358    8.5133    4.4849    3.7504   2080.4018    3.1885    13522667992.3821
  1137.309    8.6819    4.5919    3.7951   2096.8727    3.1826    13726574506.5552
  1154.260    8.8553    4.7023    3.8398   2110.2854    3.1764    13932517527.7339
  1171.210    8.8738    4.7093    3.8457   2112.5244    3.1701    14139417116.3291
  1188.161    8.8887    4.7139    3.8507   2114.7948    3.1639    14346197857.0575
  1205.112    8.9054    4.7184    3.8575   2117.6321    3.1580    14552896121.6258
  1222.062    8.9208    4.7229    3.8631   2120.0599    3.1523    14759538374.1646
  1239.013    8.9359    4.7275    3.8685   2122.4563    3.1468    14966100945.1345
  1255.964    8.9510    4.7321    3.8740   2124.8548    3.1415    15172594411.0112
  1272.914    8.9660    4.7367    3.8794   2127.2204    3.1365    15379031170.7505
  1289.865    8.9806    4.7412    3.8846   2129.5498    3.1317    15585418288.1066
  1306.816    8.9951    4.7458    3.8900   2131.9464    3.1272    15791770888.8109
  1323.766    9.0089    4.7504    3.8947   2134.1444    3.1229    15998093097.1711
  1340.717    9.0233    4.7550    3.9000   2136.4958    3.1189    16204399042.7717
  1357.668    9.0363    4.7595    3.9044   2138.6081    3.1152    16410697571.5077
  1374.618    9.0508    4.7642    3.9096   2140.8672    3.1119    16617007398.0574
  1391.569    9.0803    4.7783    3.9173   2145.0927    3.1088    16823435154.2293
  1408.520    9.1190    4.7992    3.9265   2151.2966    3.1060    17030104011.3051
  1425.470    9.1619    4.8221    3.9379   2156.8279    3.1034    17237128027.3666
  1442.421    9.2019    4.8442    3.9477   2162.4432    3.1011    17444538683.3499
  1459.371    9.2404    4.8657    3.9574   2168.1927    3.0992    17652310526.8395
  1476.322    9.2826    4.8889    3.9689   2174.4339    3.0975    17860507829.8550
  1493.273    9.3238    4.9123    3.9798   2180.7250    3.0961    18069179470.4581
  1510.223    9.3654    4.9364    3.9910   2186.9954    3.0950    18278336217.7140
  1527.174    9.3784    4.9410    3.9955   2189.0524    3.0943    18487833400.4120
  1544.125    9.3910    4.9454    4.0000   2191.0831    3.0941    18697519863.6407
  1561.075    9.4031    4.9496    4.0042   2193.0770    3.0943    18907416609.5346
  1561.075    4.9342    0.0000    4.0058         nan    3.0943    18907416609.5346
  1577.144    4.9472    0.0000    4.0113         nan    3.0949    19106730053.4994
  1593.213    4.9603    0.0000    4.0167         nan    3.0959    19306353525.7264
  1609.282    4.9733    0.0000    4.0222         nan    3.0974    19506314761.7407
  1625.351    4.9863    0.0000    4.0276         nan    3.0994    19706642217.0941
  1641.420    4.9988    0.0000    4.0328         nan    3.1018    19907359778.0744
  1657.489    5.0112    0.0000    4.0380         nan    3.1047    20108493226.9725
  1673.558    5.0236    0.0000    4.0432         nan    3.1082    20310075655.7999
  1689.626    5.0359    0.0000    4.0483         nan    3.1122    20512140667.5619
  1705.695    5.0477    0.0000    4.0533         nan    3.1167    20714718208.5848
  1705.695    5.2953    0.0000    6.3954         nan    3.1167    20714718208.5848
  1763.758    5.3666    0.0000    6.4356         nan    3.0196    21875693531.5165
  1821.820    5.4341    0.0000    6.4738         nan    2.9213    23007364225.1505
  1879.882    5.4980    0.0000    6.5100         nan    2.8219    24108503670.5510
  1937.944    5.5586    0.0000    6.5443         nan    2.7214    25177951493.2417
  1996.006    5.6158    0.0000    6.5769         nan    2.6200    26214609756.7591
  2054.069    5.6700    0.0000    6.6078         nan    2.5175    27217439709.0097
  2112.131    5.7211    0.0000    6.6370         nan    2.4142    28185458999.4606
  2170.193    5.7694    0.0000    6.6646         nan    2.3101    29117739288.5055
  2228.255    5.8150    0.0000    6.6907         nan    2.2052    30013404202.3210
  2286.318    5.8578    0.0000    6.7152         nan    2.0995    30871627592.9528
  2344.380    5.8981    0.0000    6.7384         nan    1.9931    31691632078.7970
  2402.442    5.9358    0.0000    6.7601         nan    1.8861    32472687854.8599
  2460.504    5.9711    0.0000    6.7804         nan    1.7785    33214111777.2136
  2518.567    6.0040    0.0000    6.7993         nan    1.6704    33915266744.1350
  2576.629    6.0345    0.0000    6.8169         nan    1.5618    34575561428.6285
  2634.691    6.0628    0.0000    6.8332         nan    1.4527    35194450461.2547
  2692.753    6.0888    0.0000    6.8482         nan    1.3432    35771435236.0221
  2750.815    6.1126    0.0000    6.8620         nan    1.2334    36306065645.4823
  2808.878    6.1342    0.0000    6.8745         nan    1.1234    36797943291.6693
  2866.940    6.1537    0.0000    6.8857         nan    1.0133    37246727186.7990
  2925.002    6.1710    0.0000    6.8958         nan    0.9032    37652143913.0747
  2983.064    6.1863    0.0000    6.9046         nan    0.7934    38014006301.6730
  3041.127    6.1994    0.0000    6.9122         nan    0.6843    38332249639.6233
  3099.189    6.2106    0.0000    6.9187         nan    0.5768    38607007328.5687
  3157.251    6.2196    0.0000    6.9239         nan    0.4728    38838786109.0517
  3215.313    6.2267    0.0000    6.9280         nan    0.3784    39028934249.3327
  3273.376    6.2317    0.0000    6.9309         nan    0.3171    39181184652.6881
  3331.438    6.2347    0.0000    6.9327         nan    0.4809    39308821309.8923
  3389.500    6.2357    0.0000    6.9333         nan    0.0000    39502389775.5666
