# Depth[km]  Vp[km/s]  Vs[km/s] Rho[g/cm3]    T[K]     g[m/s2]         P[Pa]        
     0.000    3.3098    1.9796    1.5198    273.1500    3.7291              0.0000
    10.156    3.3098    1.9796    1.5198    310.9199    3.7385       57558699.9073
    10.156    5.0331    3.0104    2.3111    310.9199    3.7385       57558699.9073
    27.752    5.0331    3.0104    2.3111    376.3657    3.7435      209593836.5374
    27.752    6.6089    3.9529    3.0347    376.3657    3.7435      209593836.5374
    44.518    6.6089    3.9529    3.0347    438.7213    3.7382      400056046.5338
    44.518    7.9536    4.5337    3.4846    438.7213    3.7382      400056046.5338
    54.537    7.9486    4.5260    3.4848    475.9860    3.7314      530572563.7697
    64.556    7.9432    4.5181    3.4849    513.2506    3.7245      660854879.5023
    74.576    7.9374    4.5100    3.4850    550.5153    3.7177      790901419.3311
    84.595    7.9313    4.5017    3.4849    587.7799    3.7109      920710343.0746
    94.614    7.9245    4.4932    3.4848    625.0446    3.7041     1050278277.5134
   104.633    7.9182    4.4849    3.4847    662.3092    3.6974     1179605266.5569
   114.653    7.9118    4.4764    3.4846    699.5739    3.6907     1308693182.6032
   124.672    7.9054    4.4681    3.4844    736.8385    3.6840     1437541954.6100
   134.691    7.8982    4.4594    3.4841    774.1032    3.6773     1566149237.9469
   144.710    7.8917    4.4510    3.4839    811.3678    3.6707     1694515032.3806
   154.730    7.8851    4.4426    3.4837    848.6325    3.6641     1822641249.9688
   164.749    7.8776    4.4338    3.4832    885.8971    3.6575     1950524271.5294
   174.768    7.8706    4.4252    3.4829    923.1618    3.6510     2078163345.9938
   184.787    7.8641    4.4169    3.4826    960.4264    3.6445     2205562339.3205
   194.807    7.8571    4.4084    3.4821    997.6910    3.6381     2332720800.5808
   204.826    7.8500    4.3999    3.4816   1034.9557    3.6316     2459637138.5631
   214.845    7.8427    4.3913    3.4810   1072.2203    3.6252     2586309734.8821
   224.865    7.8361    4.3829    3.4806   1109.4850    3.6189     2712741247.8315
   234.884    7.8288    4.3742    3.4801   1146.7496    3.6126     2838935366.4912
   244.903    7.8218    4.3657    3.4796   1184.0143    3.6063     2964890677.8899
   254.922    7.8156    4.3577    3.4791   1221.2789    3.6001     3090607756.9427
   264.942    7.8080    4.3489    3.4784   1258.5436    3.5939     3216086095.8010
   274.961    7.8010    4.3404    3.4779   1295.8082    3.5877     3341326987.3007
   284.980    7.7945    4.3322    3.4773   1333.0729    3.5816     3466333504.9043
   294.999    7.7879    4.3239    3.4768   1370.3375    3.5755     3591106644.5468
   305.019    7.7799    4.3150    3.4759   1407.6022    3.5694     3715642767.0335
   315.038    7.7732    4.3067    3.4754   1444.8668    3.5634     3839943273.4484
   325.057    7.7665    4.2985    3.4748   1482.1315    3.5575     3964013968.4685
   335.076    7.7599    4.2902    3.4742   1519.3961    3.5516     4087855664.0413
   345.096    7.7526    4.2816    3.4734   1556.6608    3.5457     4211466614.4974
   355.115    7.7456    4.2732    3.4727   1593.9254    3.5399     4334846674.3044
   365.134    7.7391    4.2650    3.4720   1631.1901    3.5341     4458000160.8683
   375.153    7.7313    4.2561    3.4712   1668.4547    3.5284     4580926755.2129
   385.173    7.7249    4.2480    3.4706   1705.7193    3.5227     4703627778.4540
   395.192    7.7168    4.2390    3.4697   1742.9840    3.5170     4826103704.9819
   405.211    7.7097    4.2305    3.4690   1780.2486    3.5114     4948355795.0739
   415.230    7.7033    4.2223    3.4683   1817.5133    3.5059     5070389528.7031
   425.250    7.6955    4.2134    3.4674   1854.7779    3.5004     5192202854.5005
   435.269    7.6891    4.2051    3.4667   1892.0426    3.4949     5313797208.6161
   445.288    7.6805    4.1959    3.4658   1929.3072    3.4895     5435173887.4422
   468.024    7.7084    4.2044    3.4738   1933.6748    3.4774     5710457169.8476
   490.759    7.7346    4.2122    3.4817   1937.9999    3.4653     5985411472.0877
   513.495    7.7611    4.2202    3.4896   1942.2249    3.4533     6260030547.8982
   536.231    7.7854    4.2273    3.4972   1946.2721    3.4414     6534305123.9188
   558.966    7.8106    4.2348    3.5049   1950.3893    3.4296     6808232572.1380
   581.702    7.8356    4.2422    3.5125   1954.4533    3.4179     7081818159.8520
   604.437    7.8595    4.2492    3.5199   1958.3026    3.4064     7355056516.9365
   627.173    7.8830    4.2561    3.5273   1962.2064    3.3949     7627943920.3767
   649.909    7.9070    4.2631    3.5347   1966.1066    3.3836     7900487718.2538
   672.644    7.9300    4.2697    3.5421   1969.8861    3.3724     8172692872.1562
   695.380    7.9530    4.2764    3.5493   1973.5202    3.3614     8444558012.4418
   718.115    7.9759    4.2832    3.5565   1977.1136    3.3505     8716085403.1921
   740.851    7.9990    4.2898    3.5638   1980.8288    3.3398     8987286240.2866
   763.586    8.0214    4.2963    3.5709   1984.3184    3.3293     9258167388.9509
   786.322    8.0442    4.3030    3.5782   1987.7764    3.3190     9528738487.0995
   809.058    8.0665    4.3095    3.5852   1991.1762    3.3088     9799008816.6381
   831.793    8.0884    4.3158    3.5923   1994.5382    3.2988    10068981746.9004
   854.529    8.1114    4.3229    3.5995   1997.8103    3.2891    10338676419.3447
   877.264    8.1345    4.3299    3.6068   2001.1259    3.2796    10608118974.0942
   900.000    8.1572    4.3368    3.6141   2004.3341    3.2703    10877326973.1134
   916.878    8.1748    4.3424    3.6197   2006.7479    3.2635    11076964547.3811
   933.756    8.1922    4.3479    3.6253   2009.1014    3.2569    11276496278.5127
   950.634    8.2093    4.3532    3.6308   2011.4530    3.2504    11475928545.4104
   967.512    8.2294    4.3604    3.6371   2013.9648    3.2441    11675288709.5411
   984.390    8.2475    4.3663    3.6429   2016.2483    3.2379    11874590724.6490
  1001.268    8.2670    4.3731    3.6491   2018.6049    3.2318    12073841025.9264
  1018.146    8.2865    4.3801    3.6555   2020.9690    3.2259    12273062855.7620
  1035.024    8.3071    4.3877    3.6621   2023.3141    3.2202    12472274926.7435
  1051.902    8.3229    4.3924    3.6675   2025.5010    3.2146    12671458023.3992
  1068.780    8.3385    4.3970    3.6726   2027.6411    3.2092    12870580415.3892
  1085.658    8.3542    4.4016    3.6780   2029.7863    3.2040    13069651914.4500
  1102.536    8.4368    4.4519    3.7007   2038.5902    3.1988    13269158496.4943
  1119.414    8.5779    4.5420    3.7381   2052.1102    3.1935    13469968036.8328
  1136.292    8.7431    4.6483    3.7808   2069.9675    3.1879    13672603658.5967
  1153.170    8.8174    4.6928    3.8006   2073.9460    3.1822    13876564867.2180
  1170.048    8.8328    4.6971    3.8060   2076.3371    3.1765    14080833129.7773
  1186.926    8.8470    4.7009    3.8108   2078.7325    3.1710    14285012812.0950
  1203.804    8.8638    4.7056    3.8169   2081.0982    3.1658    14489135046.1421
  1220.682    8.8794    4.7100    3.8225   2083.4844    3.1608    14693231470.4217
  1237.560    8.8949    4.7143    3.8281   2085.8996    3.1560    14897302401.9587
  1254.438    8.9105    4.7187    3.8338   2088.2627    3.1514    15101363269.4715
  1271.316    8.9259    4.7230    3.8393   2090.6286    3.1471    15305425986.6788
  1288.194    8.9412    4.7274    3.8449   2093.0395    3.1430    15509504018.1745
  1305.073    8.9566    4.7317    3.8505   2095.4648    3.1392    15713616248.8166
  1321.951    8.9719    4.7361    3.8561   2097.8330    3.1357    15917779567.6217
  1338.829    8.9872    4.7406    3.8618   2100.2395    3.1324    16122011649.4004
  1355.707    9.0026    4.7452    3.8674   2102.6609    3.1295    16326329497.4424
  1372.585    9.0416    4.7646    3.8773   2108.1919    3.1268    16530862643.8767
  1389.463    9.0791    4.7835    3.8870   2113.8072    3.1244    16735736858.8085
  1406.341    9.1194    4.8042    3.8975   2119.4884    3.1222    16940985117.5756
  1423.219    9.1593    4.8250    3.9079   2125.2319    3.1203    17146643329.8905
  1440.097    9.1978    4.8451    3.9183   2130.9778    3.1187    17352724186.9220
  1456.975    9.2373    4.8662    3.9290   2137.0856    3.1174    17559254613.5772
  1473.853    9.2765    4.8872    3.9399   2143.3530    3.1164    17766267552.3557
  1490.731    9.3169    4.9096    3.9512   2149.2102    3.1157    17973796191.2968
  1507.609    9.3306    4.9138    3.9562   2151.4233    3.1153    18181705366.3383
  1524.487    9.3449    4.9185    3.9615   2153.6956    3.1154    18389863770.3524
  1541.365    9.3587    4.9229    3.9666   2155.9326    3.1160    18598303432.0015
  1558.243    9.3722    4.9272    3.9716   2158.1254    3.1170    18807043568.4056
  1558.243    5.1422    0.0000    4.0197         nan    3.1170    18807043568.4056
  1575.818    5.1532    0.0000    4.0252         nan    3.1178    19027400592.6549
  1593.394    5.1642    0.0000    4.0307         nan    3.1191    19248119722.5075
  1610.969    5.1752    0.0000    4.0363         nan    3.1210    19469238350.9637
  1628.545    5.1860    0.0000    4.0417         nan    3.1235    19690793014.9650
  1646.120    5.1965    0.0000    4.0470         nan    3.1266    19912818336.3957
  1663.696    5.2070    0.0000    4.0523         nan    3.1303    20135353584.0672
  1681.271    5.2176    0.0000    4.0576         nan    3.1347    20358443923.8008
  1698.847    5.2277    0.0000    4.0627         nan    3.1397    20582131545.6052
  1716.422    5.2377    0.0000    4.0678         nan    3.1454    20806459795.2449
  1716.422    5.2649    0.0000    6.4929         nan    3.1454    20806459795.2449
  1774.114    5.3443    0.0000    6.5342         nan    3.0476    21988462739.6437
  1831.807    5.4193    0.0000    6.5733         nan    2.9485    23140755501.7302
  1889.499    5.4901    0.0000    6.6103         nan    2.8483    24262058528.7474
  1947.191    5.5569    0.0000    6.6454         nan    2.7470    25351167752.4714
  2004.884    5.6200    0.0000    6.6785         nan    2.6447    26406949527.5219
  2062.576    5.6796    0.0000    6.7099         nan    2.5415    27428336394.6205
  2120.269    5.7358    0.0000    6.7395         nan    2.4373    28414323542.6573
  2177.961    5.7887    0.0000    6.7674         nan    2.3324    29363965866.3287
  2235.653    5.8386    0.0000    6.7938         nan    2.2267    30276375552.5721
  2293.346    5.8854    0.0000    6.8186         nan    2.1203    31150720160.0112
  2351.038    5.9294    0.0000    6.8419         nan    2.0132    31986221182.1163
  2408.730    5.9705    0.0000    6.8637         nan    1.9056    32782153116.9419
  2466.423    6.0089    0.0000    6.8841         nan    1.7974    33537843107.0235
  2524.115    6.0447    0.0000    6.9031         nan    1.6887    34252671274.6695
  2581.807    6.0780    0.0000    6.9208         nan    1.5797    34926071966.0509
  2639.500    6.1087    0.0000    6.9371         nan    1.4703    35557536267.2991
  2697.192    6.1369    0.0000    6.9522         nan    1.3607    36146616400.2515
  2754.884    6.1627    0.0000    6.9659         nan    1.2511    36692933042.8339
  2812.577    6.1862    0.0000    6.9784         nan    1.1416    37196187425.6885
  2870.269    6.2073    0.0000    6.9897         nan    1.0325    37656181618.7608
  2927.961    6.2261    0.0000    6.9997         nan    0.9243    38072853622.3687
  2985.654    6.2426    0.0000    7.0086         nan    0.8176    38446340880.4404
  3043.346    6.2569    0.0000    7.0162         nan    0.7138    38777102415.7785
  3101.038    6.2689    0.0000    7.0226         nan    0.6158    39066173071.2686
  3158.731    6.2787    0.0000    7.0279         nan    0.5302    39315751321.9253
  3216.423    6.2864    0.0000    7.0320         nan    0.4764    39530768802.1581
  3274.115    6.2918    0.0000    7.0349         nan    0.5329    39724062116.4725
  3331.808    6.2951    0.0000    7.0366         nan    1.3374    39940390085.3475
  3389.500    6.2962    0.0000    7.0372         nan    0.0000    40483352175.6872
