# Depth[km]  Vp[km/s]  Vs[km/s] Rho[g/cm3]    T[K]     g[m/s2]         P[Pa]        
     0.000    3.8244    2.2890    1.7939    273.1500    3.7291              0.0000
    12.620    3.8244    2.2890    1.7939    319.6524    3.7379       84420971.5272
    12.620    4.6165    2.7630    2.1654    319.6524    3.7379       84420971.5272
    27.116    4.6165    2.7630    2.1654    373.0719    3.7438      201752817.5817
    27.116    6.4051    3.8336    3.0044    373.0719    3.7438      201752817.5817
    45.601    6.4051    3.8336    3.0044    441.1933    3.7385      409673388.1537
    45.601    7.9539    4.5334    3.4848    441.1933    3.7385      409673388.1537
    55.553    7.9490    4.5258    3.4850    477.8692    3.7317      539334039.9420
    65.506    7.9438    4.5181    3.4852    514.5451    3.7249      668765005.5501
    75.458    7.9382    4.5101    3.4852    551.2209    3.7181      797964580.5814
    85.410    7.9324    4.5021    3.4853    587.8968    3.7113      926930975.4560
    95.363    7.9264    4.4939    3.4853    624.5727    3.7046     1055663432.7903
   105.315    7.9197    4.4855    3.4851    661.2485    3.6979     1184159640.5723
   115.267    7.9135    4.4772    3.4850    697.9244    3.6913     1312418957.3918
   125.219    7.9074    4.4691    3.4849    734.6002    3.6846     1440443647.9258
   135.172    7.9011    4.4609    3.4848    771.2761    3.6780     1568233761.0263
   145.124    7.8941    4.4523    3.4845    807.9520    3.6714     1695786941.7566
   155.076    7.8877    4.4441    3.4843    844.6278    3.6649     1823103157.0489
   165.029    7.8805    4.4355    3.4839    881.3037    3.6584     1950181139.0776
   174.981    7.8743    4.4273    3.4836    917.9795    3.6519     2077021855.1053
   184.933    7.8676    4.4190    3.4833    954.6554    3.6454     2203627207.4107
   194.886    7.8606    4.4106    3.4828    991.3313    3.6390     2329994656.7952
   204.838    7.8543    4.4025    3.4825   1028.0071    3.6326     2456126085.7957
   214.790    7.8472    4.3940    3.4820   1064.6830    3.6263     2582020742.1165
   224.743    7.8401    4.3855    3.4815   1101.3589    3.6200     2707676784.9419
   234.695    7.8332    4.3771    3.4810   1138.0347    3.6137     2833097107.9480
   244.647    7.8265    4.3688    3.4806   1174.7106    3.6075     2958283518.1770
   254.599    7.8202    4.3607    3.4801   1211.3864    3.6013     3083236685.3927
   264.552    7.8131    4.3523    3.4795   1248.0623    3.5951     3207955856.8435
   274.504    7.8063    4.3439    3.4790   1284.7382    3.5890     3332442341.1917
   284.456    7.8002    4.3360    3.4785   1321.4140    3.5829     3456698764.9869
   294.409    7.7933    4.3276    3.4779   1358.0899    3.5769     3580725378.9250
   304.361    7.7869    4.3195    3.4774   1394.7658    3.5708     3704523199.0607
   314.313    7.7796    4.3109    3.4767   1431.4416    3.5649     3828090817.3407
   324.266    7.7731    4.3029    3.4762   1468.1175    3.5590     3951429959.6817
   334.218    7.7668    4.2948    3.4756   1504.7933    3.5531     4074544685.1583
   344.170    7.7605    4.2868    3.4750   1541.4692    3.5472     4197435688.1916
   354.123    7.7533    4.2783    3.4743   1578.1451    3.5414     4320101127.4529
   364.075    7.7463    4.2700    3.4736   1614.8209    3.5357     4442541046.8709
   374.027    7.7399    4.2618    3.4730   1651.4968    3.5300     4564759659.5667
   383.979    7.7324    4.2532    3.4722   1688.1726    3.5243     4686756687.6704
   393.932    7.7262    4.2452    3.4716   1724.8485    3.5187     4808533266.0208
   403.884    7.7183    4.2364    3.4707   1761.5244    3.5131     4930089591.9266
   413.836    7.7117    4.2282    3.4701   1798.2002    3.5076     5051427519.0734
   423.789    7.7049    4.2198    3.4694   1834.8761    3.5021     5172551804.1177
   433.741    7.6976    4.2113    3.4686   1871.5520    3.4967     5293461088.6013
   443.693    7.6915    4.2032    3.4680   1908.2278    3.4913     5414157431.7576
   466.509    7.7185    4.2113    3.4760   1912.5842    3.4790     5690716761.7806
   489.324    7.7441    4.2189    3.4838   1916.6983    3.4669     5966932789.5971
   512.139    7.7701    4.2266    3.4916   1920.9418    3.4548     6242801625.5742
   534.955    7.7955    4.2341    3.4994   1925.0660    3.4428     6518324969.2524
   557.770    7.8203    4.2415    3.5069   1928.9382    3.4310     6793492953.3081
   580.585    7.8448    4.2486    3.5145   1932.9957    3.4192     7068305638.3489
   603.401    7.8691    4.2559    3.5220   1936.7905    3.4075     7342763772.2753
   626.216    7.8934    4.2630    3.5296   1940.8594    3.3960     7616871635.0667
   649.031    7.9167    4.2697    3.5369   1944.5641    3.3846     7890630477.4973
   671.847    7.9399    4.2765    3.5442   1948.2150    3.3734     8164034208.6057
   694.662    7.9627    4.2831    3.5514   1951.8338    3.3623     8437087213.2926
   717.477    7.9856    4.2897    3.5586   1955.4106    3.3513     8709795319.8355
   740.293    8.0092    4.2968    3.5659   1959.0592    3.3405     8982171421.2326
   763.108    8.0312    4.3031    3.5730   1962.5202    3.3299     9254219365.9224
   785.923    8.0540    4.3098    3.5802   1965.9358    3.3195     9525946060.7132
   808.739    8.0772    4.3168    3.5875   1969.2943    3.3093     9797370480.0344
   831.554    8.0991    4.3230    3.5946   1972.6360    3.2992    10068499706.4975
   854.369    8.1220    4.3300    3.6018   1975.8943    3.2894    10339344772.6102
   877.185    8.1447    4.3369    3.6090   1979.0911    3.2798    10609924909.1849
   900.000    8.1675    4.3438    3.6163   1982.2963    3.2704    10880259532.1520
   917.233    8.1851    4.3492    3.6219   1984.7115    3.2635    11084230390.6306
   934.466    8.2021    4.3544    3.6274   1987.0468    3.2567    11288079636.8798
   951.699    8.2223    4.3615    3.6337   1989.5936    3.2501    11491835977.2453
   968.932    8.2410    4.3677    3.6397   1991.9353    3.2436    11695522603.8047
   986.165    8.2592    4.3737    3.6456   1994.2827    3.2372    11899133955.8803
  1003.398    8.2788    4.3805    3.6519   1996.5837    3.2311    12102686414.0260
  1020.631    8.2985    4.3875    3.6583   1998.9609    3.2250    12306203560.0554
  1037.864    8.3193    4.3951    3.6651   2001.3582    3.2191    12509707762.5085
  1055.097    8.3355    4.4000    3.6704   2003.5042    3.2134    12713178353.7921
  1072.330    8.3514    4.4045    3.6758   2005.6748    3.2079    12916585197.1456
  1089.563    8.3915    4.4258    3.6875   2010.1479    3.2026    13120114761.2977
  1106.796    8.5219    4.5087    3.7224   2022.9104    3.1972    13324592041.5158
  1124.028    8.6783    4.6089    3.7635   2038.6687    3.1915    13530817226.1268
  1141.261    8.8162    4.6966    3.7990   2049.3494    3.1855    13738781985.4931
  1158.494    8.8323    4.7014    3.8046   2051.9210    3.1795    13947484922.2792
  1175.727    8.8479    4.7057    3.8101   2054.3219    3.1738    14156098356.2230
  1192.960    8.8641    4.7102    3.8159   2056.7454    3.1682    14364644017.7346
  1210.193    8.8800    4.7146    3.8216   2059.1184    3.1629    14573138605.7678
  1227.426    8.8957    4.7189    3.8272   2061.5378    3.1578    14781590552.8243
  1244.659    8.9117    4.7234    3.8330   2063.9359    3.1529    14990017594.5678
  1261.892    8.9271    4.7277    3.8386   2066.3396    3.1483    15198432195.7801
  1279.125    8.9430    4.7322    3.8443   2068.7663    3.1440    15406849855.6995
  1296.358    8.9585    4.7367    3.8500   2071.1752    3.1399    15615290167.9111
  1313.591    8.9740    4.7410    3.8556   2073.5593    3.1361    15823766247.3265
  1330.824    8.9900    4.7456    3.8616   2076.0151    3.1326    16032303979.5799
  1348.057    9.0124    4.7545    3.8685   2079.2931    3.1294    16240953551.1790
  1365.290    9.0524    4.7745    3.8787   2084.8167    3.1264    16449848931.3463
  1382.523    9.0923    4.7947    3.8890   2090.5632    3.1237    16659101022.5981
  1399.756    9.1322    4.8151    3.8994   2096.3233    3.1213    16868729152.2172
  1416.989    9.1712    4.8353    3.9098   2102.1459    3.1191    17078753127.9813
  1434.222    9.2108    4.8561    3.9205   2108.0199    3.1173    17289199064.7240
  1451.455    9.2526    4.8785    3.9320   2113.9735    3.1157    17500114388.8017
  1468.688    9.2910    4.8991    3.9426   2120.5310    3.1144    17711517252.3340
  1485.921    9.3228    4.9153    3.9520   2124.8008    3.1135    17923372922.7664
  1503.154    9.3372    4.9200    3.9574   2127.0621    3.1130    18135561356.5747
  1520.387    9.3515    4.9245    3.9627   2129.3068    3.1129    18347998779.2282
  1537.619    9.3654    4.9289    3.9678   2131.5433    3.1132    18560708644.6746
  1554.852    9.3792    4.9334    3.9729   2133.7416    3.1140    18773716483.4556
  1572.085    9.3931    4.9380    3.9781   2135.9860    3.1154    18987057034.4588
  1572.085    5.3754    0.0000    4.0650         nan    3.1154    18987057034.4588
  1587.543    5.3879    0.0000    4.0695         nan    3.1159    19182916031.7862
  1603.000    5.4004    0.0000    4.0740         nan    3.1168    19379022760.8202
  1618.457    5.4129    0.0000    4.0785         nan    3.1181    19575403264.8155
  1633.914    5.4255    0.0000    4.0830         nan    3.1199    19772084649.2654
  1649.371    5.4374    0.0000    4.0873         nan    3.1221    19969090402.5588
  1664.828    5.4494    0.0000    4.0916         nan    3.1248    20166444971.6866
  1680.286    5.4613    0.0000    4.0959         nan    3.1281    20364178822.9155
  1695.743    5.4732    0.0000    4.1002         nan    3.1318    20562323966.2119
  1711.200    5.4846    0.0000    4.1043         nan    3.1361    20760909416.7668
  1711.200    5.1356    0.0000    6.4456         nan    3.1361    20760909416.7668
  1769.072    5.2095    0.0000    6.4888         nan    3.0388    21934662267.8268
  1826.945    5.2794    0.0000    6.5298         nan    2.9403    23079417883.1214
  1884.817    5.3455    0.0000    6.5686         nan    2.8406    24193844587.6615
  1942.690    5.4080    0.0000    6.6054         nan    2.7397    25276683397.7236
  2000.562    5.4671    0.0000    6.6403         nan    2.6377    26326743313.3978
  2058.434    5.5229    0.0000    6.6733         nan    2.5347    27342897261.2845
  2116.307    5.5756    0.0000    6.7045         nan    2.4307    28324078555.2597
  2174.179    5.6253    0.0000    6.7340         nan    2.3258    29269277765.4126
  2232.052    5.6722    0.0000    6.7618         nan    2.2200    30177539905.1435
  2289.924    5.7163    0.0000    6.7880         nan    2.1134    31047961854.4881
  2347.797    5.7576    0.0000    6.8127         nan    2.0060    31879689933.5419
  2405.669    5.7964    0.0000    6.8358         nan    1.8978    32671917538.1529
  2463.541    5.8327    0.0000    6.8575         nan    1.7889    33423882735.2073
  2521.414    5.8664    0.0000    6.8776         nan    1.6793    34134865677.6635
  2579.286    5.8978    0.0000    6.8964         nan    1.5690    34804185648.5100
  2637.159    5.9267    0.0000    6.9138         nan    1.4581    35431197443.7082
  2695.031    5.9534    0.0000    6.9297         nan    1.3465    36015286633.7655
  2752.903    5.9778    0.0000    6.9444         nan    1.2342    36555862941.3000
  2810.776    6.0000    0.0000    6.9577         nan    1.1211    37052350402.8865
  2868.648    6.0199    0.0000    6.9696         nan    1.0072    37504171880.5916
  2926.521    6.0377    0.0000    6.9803         nan    0.8921    37910723224.4090
  2984.393    6.0533    0.0000    6.9897         nan    0.7753    38271327429.0322
  3042.266    6.0668    0.0000    6.9978         nan    0.6561    38585147386.9777
  3100.138    6.0782    0.0000    7.0047         nan    0.5325    38851005187.1084
  3158.010    6.0875    0.0000    7.0103         nan    0.3998    39066965271.1564
  3215.883    6.0948    0.0000    7.0146         nan    0.2443    39229222418.4578
  3273.755    6.0999    0.0000    7.0177         nan    0.0106    39328438637.4412
  3331.628    6.1030    0.0000    7.0196         nan   -0.7526    39332733596.3740
  3389.500    6.1040    0.0000    7.0202         nan    0.0000    39026978512.6608
