# Depth[km]  Vp[km/s]  Vs[km/s] Rho[g/cm3]    T[K]     g[m/s2]         P[Pa]        
     0.000    3.7139    2.2221    1.7495    273.1500    3.7291              0.0000
    11.324    3.7139    2.2221    1.7495    314.0891    3.7375       73876643.5250
    11.324    4.3973    2.6310    2.0715    314.0891    3.7375       73876643.5250
    26.506    4.3973    2.6310    2.0715    368.9846    3.7448      191421476.0725
    26.506    6.5908    3.9435    3.1048    368.9846    3.7448      191421476.0725
    44.030    6.5908    3.9435    3.1048    432.3447    3.7382      395164005.9634
    44.030    7.8448    4.4867    3.4777    432.3447    3.7382      395164005.9634
    54.450    7.8412    4.4801    3.4782    470.0215    3.7311      530643670.9306
    64.871    7.8372    4.4732    3.4787    507.6984    3.7241      665886099.5927
    75.291    7.8328    4.4661    3.4791    545.3752    3.7170      800889164.7151
    85.712    7.8279    4.4587    3.4794    583.0520    3.7100      935650270.5369
    96.132    7.8230    4.4513    3.4797    620.7288    3.7030     1070168376.2736
   106.553    7.8169    4.4433    3.4797    658.4057    3.6961     1204439565.6328
   116.973    7.8117    4.4357    3.4799    696.0825    3.6891     1338462227.1625
   127.393    7.8063    4.4280    3.4800    733.7593    3.6822     1472239513.6596
   137.814    7.8010    4.4203    3.4802    771.4362    3.6753     1605771514.3406
   148.234    7.7945    4.4122    3.4800    809.1130    3.6685     1739054029.8976
   158.655    7.7888    4.4043    3.4801    846.7898    3.6617     1872086439.2758
   169.075    7.7834    4.3966    3.4800    884.4667    3.6549     2004872070.0085
   179.496    7.7769    4.3884    3.4798    922.1435    3.6482     2137407511.4189
   189.916    7.7704    4.3802    3.4796    959.8203    3.6415     2269689845.5710
   200.336    7.7650    4.3725    3.4795    997.4972    3.6348     2401722647.1921
   210.757    7.7588    4.3644    3.4792   1035.1740    3.6281     2533506711.4177
   221.177    7.7518    4.3560    3.4788   1072.8508    3.6215     2665036076.1526
   231.598    7.7464    4.3482    3.4786   1110.5276    3.6150     2796313647.4947
   242.018    7.7398    4.3399    3.4782   1148.2045    3.6084     2927343610.0299
   252.439    7.7332    4.3316    3.4779   1185.8813    3.6020     3058124286.3843
   262.859    7.7271    4.3236    3.4776   1223.5581    3.5955     3188657008.4326
   273.279    7.7204    4.3153    3.4772   1261.2350    3.5891     3318942399.1379
   283.700    7.7140    4.3072    3.4768   1298.9118    3.5827     3448981041.1921
   294.120    7.7076    4.2990    3.4764   1336.5886    3.5764     3578775127.9620
   304.541    7.7001    4.2904    3.4761   1374.2655    3.5701     3708326991.7888
   314.961    7.6918    4.2814    3.4756   1411.9423    3.5639     3837635690.9355
   325.381    7.6836    4.2725    3.4751   1449.6191    3.5577     3966700469.7909
   335.802    7.6760    4.2638    3.4747   1487.2960    3.5515     4095525315.6129
   346.222    7.6683    4.2550    3.4744   1524.9728    3.5454     4224113518.8694
   356.643    7.6604    4.2462    3.4740   1562.6496    3.5394     4352466324.4543
   367.063    7.6527    4.2374    3.4736   1600.3264    3.5334     4480585242.0286
   377.484    7.6443    4.2284    3.4730   1638.0033    3.5274     4608469065.1323
   387.904    7.6353    4.2191    3.4725   1675.6801    3.5215     4736116348.7049
   398.324    7.6273    4.2101    3.4720   1713.3569    3.5156     4863531003.7580
   408.745    7.6192    4.2011    3.4716   1751.0338    3.5098     4990717101.1429
   419.165    7.6104    4.1919    3.4710   1788.7106    3.5040     5117673754.0360
   429.586    7.6025    4.1830    3.4706   1826.3874    3.4983     5244402916.9767
   440.006    7.5864    4.1708    3.4689   1864.0643    3.4926     5370885893.0583
   450.427    7.5787    4.1620    3.4685   1901.7411    3.4870     5497125833.5728
   460.847    7.5708    4.1530    3.4681   1939.4179    3.4814     5623148528.4079
   482.805    7.5977    4.1599    3.4757   1943.3562    3.4698     5888551596.9893
   504.762    7.6244    4.1669    3.4832   1947.2149    3.4583     6153643790.1002
   526.720    7.6636    4.1789    3.4925   1952.4350    3.4468     6418494918.7198
   548.678    7.6923    4.1868    3.5004   1956.4743    3.4354     6683117502.3159
   570.635    7.7191    4.1940    3.5078   1960.3172    3.4241     6947441326.8040
   592.593    7.7453    4.2010    3.5153   1964.1191    3.4129     7211455519.0125
   614.551    7.7716    4.2081    3.5226   1967.8333    3.4018     7475158980.4004
   636.508    7.7970    4.2149    3.5298   1971.4653    3.3908     7738547928.2559
   658.466    7.8227    4.2218    3.5371   1975.1721    3.3799     8001625338.9668
   680.423    7.8481    4.2288    3.5442   1978.7492    3.3692     8264396335.8650
   702.381    7.8728    4.2354    3.5512   1982.1905    3.3586     8526857819.7940
   724.339    7.8969    4.2418    3.5582   1985.6365    3.3482     8789010439.4039
   746.296    7.9204    4.2481    3.5650   1988.8687    3.3379     9050854333.0687
   768.254    7.9442    4.2544    3.5719   1992.2193    3.3278     9312395208.6368
   790.212    7.9680    4.2608    3.5787   1995.4862    3.3179     9573644972.3929
   812.169    7.9909    4.2669    3.5854   1998.6579    3.3081     9834606678.7156
   834.127    8.0144    4.2732    3.5922   2001.8536    3.2985    10095290847.8702
   856.085    8.0370    4.2793    3.5988   2004.8982    3.2892    10355706923.7805
   878.042    8.0603    4.2856    3.6056   2008.0194    3.2800    10615865957.1967
   900.000    8.0839    4.2923    3.6124   2011.1653    3.2711    10875789255.5357
   915.984    8.1010    4.2971    3.6174   2013.4132    3.2647    11064787790.1040
   931.967    8.1177    4.3018    3.6222   2015.5550    3.2585    11253675702.8901
   947.951    8.1342    4.3064    3.6271   2017.6600    3.2524    11442456586.8320
   963.934    8.1508    4.3111    3.6320   2019.7645    3.2464    11631137145.7098
   979.918    8.1678    4.3160    3.6370   2021.8688    3.2406    11819727945.1999
   995.902    8.1857    4.3214    3.6423   2024.0910    3.2349    12008247097.1254
  1011.885    8.2012    4.3255    3.6469   2026.1503    3.2293    12196691469.9853
  1027.869    8.2185    4.3307    3.6521   2028.1245    3.2239    12385066559.5264
  1043.852    8.2336    4.3347    3.6566   2030.1169    3.2187    12573375339.8336
  1059.836    8.2488    4.3387    3.6611   2032.0726    3.2136    12761608558.0782
  1075.820    8.2972    4.3655    3.6743   2037.6949    3.2087    12950001412.6156
  1091.803    8.4019    4.4309    3.7021   2047.2112    3.2037    13139154304.4125
  1107.787    8.5226    4.5071    3.7338   2060.1557    3.1985    13329536625.6805
  1123.771    8.6002    4.5538    3.7543   2067.5474    3.1933    13520948952.9929
  1139.754    8.6147    4.5574    3.7587   2070.6496    3.1881    13712682083.6582
  1155.738    8.6303    4.5616    3.7635   2072.9122    3.1831    13904338134.4598
  1171.721    8.6452    4.5655    3.7681   2074.9924    3.1783    14095931899.7618
  1187.705    8.6599    4.5693    3.7727   2077.0725    3.1737    14287469142.5565
  1203.689    8.6747    4.5732    3.7773   2079.1613    3.1693    14478962747.9455
  1219.672    8.6919    4.5800    3.7818   2083.6470    3.1651    14670422793.4387
  1235.656    8.7194    4.5979    3.7867   2089.6320    3.1612    14861868924.5337
  1251.639    8.7611    4.6313    3.7921   2094.4368    3.1574    15053335418.4876
  1267.623    8.8086    4.6703    3.7984   2097.8033    3.1539    15244869254.1165
  1283.607    8.8312    4.6796    3.8044   2101.1803    3.1506    15436500310.6078
  1299.590    8.8677    4.6968    3.8132   2106.0754    3.1475    15628304207.9128
  1315.574    8.9053    4.7147    3.8224   2111.0868    3.1447    15820374528.6668
  1331.557    8.9426    4.7323    3.8320   2116.2074    3.1420    16012743027.1273
  1347.541    8.9800    4.7499    3.8419   2121.0854    3.1395    16205436795.4092
  1363.525    9.0173    4.7675    3.8521   2126.3614    3.1373    16398483772.7331
  1379.508    9.0530    4.7848    3.8619   2131.6500    3.1353    16591893810.3357
  1395.492    9.0754    4.7918    3.8701   2133.9751    3.1335    16785629911.1242
  1411.476    9.0909    4.7953    3.8762   2136.0362    3.1320    16979614606.4524
  1427.459    9.1071    4.7985    3.8832   2137.9031    3.1308    17173835135.9816
  1443.443    9.1230    4.8018    3.8899   2139.8718    3.1299    17368323347.2785
  1459.426    9.1400    4.8048    3.8978   2141.7592    3.1293    17563120736.3684
  1475.410    9.1630    4.8113    3.9084   2144.9540    3.1290    17758345058.7897
  1491.394    9.2292    4.8455    3.9362   2156.7903    3.1289    17954512298.3973
  1507.377    9.2550    4.8580    3.9451   2162.1400    3.1290    18151591288.1415
  1523.361    9.2800    4.8704    3.9536   2167.0628    3.1295    18349111404.7721
  1523.361    5.1090    0.0000    4.0329         nan    3.1295    18349111404.7721
  1542.228    5.1243    0.0000    4.0391         nan    3.1292    18587411096.0135
  1561.095    5.1397    0.0000    4.0452         nan    3.1295    18826054385.4226
  1579.962    5.1550    0.0000    4.0514         nan    3.1303    19065083637.2612
  1598.829    5.1699    0.0000    4.0574         nan    3.1318    19304538359.1016
  1617.696    5.1845    0.0000    4.0633         nan    3.1339    19544456923.2703
  1636.563    5.1991    0.0000    4.0692         nan    3.1367    19784885222.7760
  1655.430    5.2136    0.0000    4.0750         nan    3.1402    20025873732.4929
  1674.297    5.2275    0.0000    4.0806         nan    3.1444    20267468860.2605
  1693.165    5.2413    0.0000    4.0862         nan    3.1494    20509721398.4899
  1693.165    5.5018    0.0000    6.4245         nan    3.1494    20509721398.4899
  1751.659    5.5569    0.0000    6.4627         nan    3.0509    21696789939.0737
  1810.153    5.6093    0.0000    6.4992         nan    2.9512    22853371914.8824
  1868.648    5.6592    0.0000    6.5341         nan    2.8504    23978312710.4306
  1927.142    5.7066    0.0000    6.5673         nan    2.7486    25070509032.1519
  1985.636    5.7516    0.0000    6.5989         nan    2.6458    26128907114.7150
  2044.131    5.7944    0.0000    6.6290         nan    2.5420    27152501127.8412
  2102.625    5.8349    0.0000    6.6577         nan    2.4374    28140331745.3163
  2161.119    5.8733    0.0000    6.6848         nan    2.3320    29091484843.2950
  2219.613    5.9095    0.0000    6.7106         nan    2.2257    30005090295.5648
  2278.108    5.9438    0.0000    6.7349         nan    2.1186    30880320832.4946
  2336.602    5.9760    0.0000    6.7578         nan    2.0109    31716390925.0033
  2395.096    6.0063    0.0000    6.7794         nan    1.9024    32512555652.0520
  2453.591    6.0346    0.0000    6.7997         nan    1.7933    33268109494.2803
  2512.085    6.0611    0.0000    6.8187         nan    1.6836    33982384973.6733
  2570.579    6.0857    0.0000    6.8363         nan    1.5732    34654751024.2298
  2629.074    6.1085    0.0000    6.8527         nan    1.4623    35284610915.5268
  2687.568    6.1296    0.0000    6.8678         nan    1.3507    35871399442.8784
  2746.062    6.1488    0.0000    6.8817         nan    1.2386    36414578903.4267
  2804.557    6.1663    0.0000    6.8943         nan    1.1259    36913633019.6837
  2863.051    6.1821    0.0000    6.9057         nan    1.0125    37368057273.4190
  2921.545    6.1962    0.0000    6.9158         nan    0.8982    37777342679.7156
  2980.040    6.2086    0.0000    6.9248         nan    0.7829    38140946897.0624
  3038.534    6.2193    0.0000    6.9325         nan    0.6659    38458239144.0464
  3097.028    6.2284    0.0000    6.9390         nan    0.5460    38728386009.8127
  3155.523    6.2358    0.0000    6.9444         nan    0.4203    38950087933.5128
  3214.017    6.2415    0.0000    6.9485         nan    0.2802    39120876093.9859
  3272.511    6.2456    0.0000    6.9515         nan    0.0906    39234796150.3414
  3331.006    6.2480    0.0000    6.9533         nan   -0.4334    39271652567.3656
  3389.500    6.2489    0.0000    6.9539         nan    0.0000    39095388833.1185
