# Depth[km]  Vp[km/s]  Vs[km/s] Rho[g/cm3]    T[K]     g[m/s2]         P[Pa]        
     0.000    3.4289    2.0677    1.5649    273.1500    3.7291              0.0000
    11.499    3.4289    2.0677    1.5649    319.8998    3.7394       67106259.3141
    11.499    4.4551    2.6865    2.0333    319.8998    3.7394       67106259.3141
    28.140    4.4551    2.6865    2.0333    387.5570    3.7480      193628775.4101
    28.140    5.1124    3.0829    2.3333    387.5570    3.7480      193628775.4101
    43.591    5.1124    3.0829    2.3333    450.3758    3.7523      328745320.5058
    43.591    7.9991    4.5454    3.5191    450.3758    3.7523      328745320.5058
    53.069    7.9913    4.5357    3.5187    488.9115    3.7456      453892481.7301
    62.547    7.9833    4.5260    3.5183    527.4472    3.7389      578802190.9492
    72.025    7.9746    4.5158    3.5178    565.9829    3.7323      703473441.7194
    81.503    7.9660    4.5058    3.5173    604.5186    3.7256      827905704.9863
    90.981    7.9569    4.4956    3.5167    643.0543    3.7190      952096988.9764
   100.459    7.9480    4.4855    3.5161    681.5900    3.7125     1076047280.5637
   109.937    7.9391    4.4755    3.5155    720.1257    3.7059     1199758657.2495
   119.416    7.9297    4.4654    3.5148    758.6614    3.6994     1323229539.6586
   128.894    7.9208    4.4555    3.5142    797.1971    3.6929     1446459905.5324
   138.372    7.9112    4.4454    3.5134    835.7328    3.6865     1569449866.6945
   147.850    7.9018    4.4353    3.5127    874.2685    3.6801     1692198052.3864
   157.328    7.8927    4.4255    3.5119    912.8042    3.6737     1814706667.6907
   166.806    7.8833    4.4157    3.5111    951.3399    3.6673     1936975567.3556
   176.284    7.8736    4.4056    3.5102    989.8756    3.6610     2059003190.8616
   185.762    7.8642    4.3959    3.5094   1028.4113    3.6547     2180790422.3537
   195.240    7.8550    4.3861    3.5085   1066.9470    3.6484     2302338781.1104
   204.718    7.8451    4.3760    3.5076   1105.4827    3.6422     2423647804.2267
   214.196    7.8360    4.3665    3.5067   1144.0184    3.6360     2544719259.6325
   223.675    7.8264    4.3566    3.5058   1182.5541    3.6299     2665554671.3338
   233.153    7.8168    4.3469    3.5048   1221.0898    3.6238     2786151864.6918
   242.631    7.8074    4.3372    3.5038   1259.6255    3.6177     2906511859.0176
   252.109    7.7978    4.3273    3.5029   1298.1612    3.6116     3026637789.7345
   261.587    7.7889    4.3179    3.5020   1336.6969    3.6056     3146532003.3479
   271.065    7.7797    4.3081    3.5009   1375.2326    3.5997     3266192548.3292
   280.543    7.7708    4.2990    3.4999   1413.7683    3.5937     3385618477.4975
   290.021    7.7619    4.2896    3.4989   1452.3040    3.5879     3504813464.2954
   299.499    7.7528    4.2801    3.4978   1490.8397    3.5820     3623777799.9956
   308.977    7.7432    4.2701    3.4968   1529.3755    3.5762     3742512230.3913
   318.455    7.7339    4.2607    3.4957   1567.9112    3.5704     3861018344.7252
   327.934    7.7247    4.2512    3.4946   1606.4469    3.5647     3979297132.2974
   337.412    7.7153    4.2416    3.4935   1644.9826    3.5590     4097349987.5999
   346.890    7.7059    4.2319    3.4924   1683.5183    3.5534     4215176805.6776
   356.368    7.6959    4.2220    3.4912   1722.0540    3.5478     4332777566.2980
   365.846    7.6872    4.2126    3.4902   1760.5897    3.5422     4450156228.5642
   375.324    7.6773    4.2028    3.4890   1799.1254    3.5367     4567314495.1319
   384.802    7.6678    4.1930    3.4879   1837.6611    3.5312     4684251437.7991
   394.280    7.6579    4.1831    3.4867   1876.1968    3.5258     4800968184.3469
   403.758    7.6485    4.1735    3.4855   1914.7325    3.5204     4917466195.5874
   413.236    7.6385    4.1635    3.4843   1953.2682    3.5151     5033746787.5729
   422.714    7.6287    4.1537    3.4831   1991.8039    3.5098     5149810484.8031
   446.579    7.6598    4.1635    3.4920   1996.8292    3.4966     5441922816.5380
   470.443    7.6891    4.1728    3.5007   2001.6683    3.4834     5733667576.4392
   494.307    7.7173    4.1816    3.5091   2006.2919    3.4703     6025026171.7086
   518.172    7.7451    4.1903    3.5175   2010.8389    3.4574     6315987890.5575
   542.036    7.7726    4.1989    3.5258   2015.4030    3.4445     6606551012.5045
   565.900    7.7995    4.2075    3.5340   2019.6962    3.4317     6896709625.1081
   589.764    7.8247    4.2151    3.5421   2024.0420    3.4190     7186457949.0093
   613.629    7.8509    4.2233    3.5502   2028.2693    3.4065     7475799359.6443
   637.493    7.8767    4.2314    3.5583   2032.4611    3.3940     7764735292.8969
   661.357    7.9017    4.2391    3.5662   2036.4620    3.3818     8053262904.6323
   685.222    7.9273    4.2473    3.5742   2040.5237    3.3696     8341387268.9750
   709.086    7.9520    4.2550    3.5821   2044.3609    3.3576     8629115839.3633
   732.950    7.9770    4.2629    3.5900   2048.1809    3.3458     8916454524.6034
   756.814    8.0022    4.2710    3.5979   2052.0228    3.3341     9203414655.2479
   780.679    8.0269    4.2788    3.6059   2055.7191    3.3227     9490006564.1811
   804.543    8.0518    4.2869    3.6139   2059.3712    3.3114     9776244643.4545
   828.407    8.0768    4.2950    3.6219   2062.9011    3.3003    10062142824.7180
   852.271    8.1030    4.3039    3.6302   2066.5483    3.2894    10347725625.3029
   876.136    8.1289    4.3127    3.6385   2069.9969    3.2787    10633018418.4212
   900.000    8.1551    4.3217    3.6470   2073.4381    3.2683    10918043672.0894
   917.912    8.1760    4.3292    3.6537   2075.9752    3.2606    11131737619.1237
   935.823    8.1971    4.3370    3.6605   2078.5110    3.2530    11345322296.7664
   953.735    8.2190    4.3451    3.6676   2081.0536    3.2456    11558816728.9737
   971.647    8.2422    4.3541    3.6752   2083.6171    3.2383    11772249220.6534
   989.559    8.2626    4.3614    3.6819   2086.0863    3.2311    11985616611.7716
  1007.470    8.2911    4.3736    3.6912   2088.8214    3.2241    12198976875.7936
  1025.382    8.3103    4.3800    3.6981   2091.5682    3.2172    12412339644.9783
  1043.294    8.3303    4.3869    3.7052   2094.3465    3.2105    12625650053.1373
  1061.205    8.3496    4.3936    3.7121   2097.1858    3.2039    12838917430.9787
  1079.117    8.3656    4.3985    3.7178   2099.5641    3.1976    13052111120.1037
  1097.029    8.3815    4.4034    3.7236   2101.9489    3.1914    13265209538.5508
  1114.941    8.4010    4.4107    3.7308   2103.8964    3.1854    13478267847.5863
  1132.852    8.5307    4.4915    3.7665   2119.1319    3.1794    13692150639.1427
  1150.764    8.7047    4.6019    3.8124   2136.7376    3.1731    13907953017.5431
  1168.676    8.8888    4.7194    3.8593   2150.3131    3.1664    14125966875.2616
  1186.587    8.9046    4.7244    3.8648   2151.9896    3.1596    14345007978.8129
  1204.499    8.9196    4.7289    3.8703   2154.2904    3.1531    14563890004.5348
  1222.411    8.9343    4.7334    3.8759   2156.4090    3.1467    14782629565.9878
  1240.323    8.9489    4.7377    3.8813   2158.5936    3.1406    15001238944.8441
  1258.234    8.9631    4.7417    3.8868   2160.4883    3.1348    15219732128.4978
  1276.146    8.9774    4.7460    3.8923   2162.4624    3.1293    15438129673.2690
  1294.058    8.9912    4.7500    3.8977   2164.2651    3.1240    15656445624.0000
  1311.969    9.0048    4.7538    3.9032   2165.8310    3.1190    15874697106.1787
  1329.881    9.0180    4.7575    3.9087   2167.6732    3.1143    16092907465.9882
  1347.793    9.0312    4.7611    3.9143   2169.1962    3.1099    16311097100.3859
  1365.705    9.0451    4.7655    3.9198   2170.6780    3.1058    16529285704.1674
  1383.616    9.0575    4.7686    3.9253   2172.2027    3.1020    16747495116.7646
  1401.528    9.0708    4.7725    3.9310   2173.4493    3.0986    16965755349.4247
  1419.440    9.0832    4.7757    3.9367   2174.9138    3.0956    17184092205.6808
  1437.351    9.1151    4.7914    3.9461   2178.2523    3.0929    17402633125.0497
  1455.263    9.1567    4.8137    3.9577   2183.1517    3.0906    17621567914.2542
  1473.175    9.1972    4.8354    3.9693   2188.0007    3.0885    17840975287.7788
  1491.087    9.2397    4.8586    3.9820   2193.0319    3.0868    18060908495.2066
  1508.998    9.2834    4.8831    3.9950   2198.0763    3.0853    18281430428.1288
  1526.910    9.3245    4.9063    4.0076   2202.5603    3.0843    18502558336.8666
  1544.822    9.3382    4.9114    4.0125   2204.8618    3.0836    18724091661.7683
  1562.733    9.3517    4.9164    4.0173   2207.0528    3.0835    18945847440.8424
  1580.645    9.3650    4.9211    4.0226   2209.3302    3.0839    19167872578.7304
  1598.557    9.3774    4.9256    4.0270   2211.2425    3.0848    19390192782.3337
  1598.557    4.5930    0.0000    4.0374         nan    3.0848    19390192782.3337
  1612.146    4.6047    0.0000    4.0427         nan    3.0858    19559554840.6770
  1625.736    4.6164    0.0000    4.0480         nan    3.0870    19729191564.7127
  1639.325    4.6281    0.0000    4.0533         nan    3.0886    19899120560.1924
  1652.915    4.6398    0.0000    4.0586         nan    3.0906    20069360098.7728
  1666.504    4.6512    0.0000    4.0638         nan    3.0929    20239926719.0764
  1680.094    4.6623    0.0000    4.0688         nan    3.0955    20410834810.5396
  1693.683    4.6734    0.0000    4.0739         nan    3.0985    20582102008.4159
  1707.273    4.6845    0.0000    4.0789         nan    3.1020    20753749669.3706
  1720.863    4.6956    0.0000    4.0840         nan    3.1058    20925799961.7660
  1720.863    5.1955    0.0000    6.4250         nan    3.1058    20925799961.7660
  1778.402    5.2743    0.0000    6.4663         nan    3.0093    22077670227.6204
  1835.941    5.3487    0.0000    6.5054         nan    2.9116    23200718351.8459
  1893.480    5.4189    0.0000    6.5425         nan    2.8128    24293685075.1317
  1951.019    5.4852    0.0000    6.5775         nan    2.7129    25355385699.2359
  2008.559    5.5478    0.0000    6.6107         nan    2.6120    26384705121.8534
  2066.098    5.6069    0.0000    6.6420         nan    2.5102    27380593696.8441
  2123.637    5.6627    0.0000    6.6717         nan    2.4075    28342063797.8732
  2181.176    5.7152    0.0000    6.6996         nan    2.3040    29268186989.6088
  2238.716    5.7646    0.0000    6.7260         nan    2.1997    30158091740.9367
  2296.255    5.8111    0.0000    6.7508         nan    2.0947    31010961656.8598
  2353.794    5.8547    0.0000    6.7741         nan    1.9891    31826034226.4505
  2411.333    5.8955    0.0000    6.7959         nan    1.8830    32602600125.9688
  2468.872    5.9336    0.0000    6.8163         nan    1.7763    33340003164.5999
  2526.412    5.9691    0.0000    6.8354         nan    1.6691    34037641031.3164
  2583.951    6.0021    0.0000    6.8530         nan    1.5617    34694967109.3552
  2641.490    6.0325    0.0000    6.8694         nan    1.4539    35311493802.4183
  2699.029    6.0605    0.0000    6.8844         nan    1.3460    35886798117.7606
  2756.569    6.0862    0.0000    6.8982         nan    1.2382    36420530781.5666
  2814.108    6.1094    0.0000    6.9107         nan    1.1306    36912431141.1995
  2871.647    6.1303    0.0000    6.9219         nan    1.0235    37362352010.4809
  2929.186    6.1490    0.0000    6.9320         nan    0.9176    37770302508.0159
  2986.725    6.1654    0.0000    6.9408         nan    0.8136    38136525459.1940
  3044.265    6.1795    0.0000    6.9484         nan    0.7134    38461646107.3384
  3101.804    6.1915    0.0000    6.9549         nan    0.6202    38746981542.9697
  3159.343    6.2012    0.0000    6.9601         nan    0.5423    38995255975.2553
  3216.882    6.2088    0.0000    6.9642         nan    0.5037    39212510444.3851
  3274.422    6.2142    0.0000    6.9671         nan    0.6011    39414395423.5299
  3331.961    6.2174    0.0000    6.9689         nan    1.6197    39655392666.4219
  3389.500    6.2185    0.0000    6.9694         nan    0.0000    40304907044.3875
