# Depth[km]  Vp[km/s]  Vs[km/s] Rho[g/cm3]    T[K]     g[m/s2]         P[Pa]        
     0.000    3.6249    2.1856    1.6636    273.1500    3.7291              0.0000
    13.044    3.6249    2.1856    1.6636    322.5811    3.7397       80923587.1835
    13.044    4.6008    2.7740    2.1115    322.5811    3.7397       80923587.1835
    26.619    4.6008    2.7740    2.1115    374.0277    3.7458      188116254.4902
    26.619    5.8196    3.5088    2.6708    374.0277    3.7458      188116254.4902
    46.825    5.8196    3.5088    2.6708    450.6031    3.7457      390262130.4983
    46.825    7.9626    4.5369    3.5044    450.6031    3.7457      390262130.4983
    56.718    7.9560    4.5279    3.5044    488.0965    3.7388      520124126.2203
    66.612    7.9492    4.5190    3.5043    525.5899    3.7319      649745719.7336
    76.505    7.9418    4.5097    3.5042    563.0833    3.7251      779126065.0575
    86.398    7.9343    4.5003    3.5040    600.5767    3.7183      908264297.2457
    96.292    7.9261    4.4908    3.5037    638.0702    3.7115     1037157267.5872
   106.185    7.9184    4.4815    3.5035    675.5636    3.7047     1165805517.9256
   116.078    7.9104    4.4720    3.5033    713.0570    3.6980     1294211020.7211
   125.971    7.9026    4.4627    3.5030    750.5504    3.6913     1422373438.1082
   135.865    7.8940    4.4531    3.5026    788.0438    3.6846     1550290991.1484
   145.758    7.8858    4.4438    3.5022    825.5372    3.6780     1677963518.1563
   155.651    7.8773    4.4343    3.5018    863.0307    3.6714     1805392063.0884
   165.545    7.8690    4.4249    3.5014    900.5241    3.6648     1932576167.7745
   175.438    7.8604    4.4154    3.5009    938.0175    3.6582     2059516185.3265
   185.331    7.8516    4.4060    3.5003    975.5109    3.6517     2186210976.3012
   195.224    7.8429    4.3965    3.4998   1013.0043    3.6453     2312660663.8675
   205.118    7.8349    4.3874    3.4994   1050.4977    3.6388     2438869231.2800
   215.011    7.8257    4.3778    3.4987   1087.9912    3.6324     2564835284.1080
   224.904    7.8170    4.3684    3.4982   1125.4846    3.6260     2690557452.1986
   234.798    7.8076    4.3587    3.4975   1162.9780    3.6197     2816037133.4644
   244.691    7.7992    4.3494    3.4969   1200.4714    3.6134     2941275101.0816
   254.584    7.7906    4.3402    3.4963   1237.9648    3.6071     3066273603.2733
   264.478    7.7811    4.3304    3.4956   1275.4582    3.6009     3191031574.3854
   274.371    7.7729    4.3214    3.4949   1312.9517    3.5947     3315549473.8667
   284.264    7.7645    4.3123    3.4942   1350.4451    3.5886     3439829067.7654
   294.157    7.7563    4.3031    3.4936   1387.9385    3.5825     3563871853.6249
   304.051    7.7471    4.2937    3.4927   1425.4319    3.5764     3687676659.8432
   313.944    7.7387    4.2847    3.4920   1462.9253    3.5704     3811243767.1471
   323.837    7.7305    4.2756    3.4913   1500.4187    3.5644     3934577705.8588
   333.731    7.7219    4.2664    3.4905   1537.9122    3.5584     4057679550.1052
   343.624    7.7134    4.2572    3.4898   1575.4056    3.5525     4180549979.3626
   353.517    7.7040    4.2477    3.4889   1612.8990    3.5467     4303188615.3052
   363.410    7.6956    4.2386    3.4882   1650.3924    3.5409     4425597163.9789
   373.304    7.6867    4.2293    3.4874   1687.8858    3.5351     4547778503.6886
   383.197    7.6782    4.2200    3.4867   1725.3792    3.5294     4669733953.4735
   393.090    7.6690    4.2106    3.4858   1762.8727    3.5237     4791462994.3638
   402.984    7.6602    4.2013    3.4850   1800.3661    3.5181     4912967484.1060
   412.877    7.6512    4.1919    3.4842   1837.8595    3.5125     5034250648.0778
   422.770    7.6417    4.1823    3.4833   1875.3529    3.5069     5155310727.8527
   432.663    7.6330    4.1729    3.4826   1912.8463    3.5014     5276151226.1372
   442.557    7.6239    4.1635    3.4818   1950.3397    3.4960     5396776380.2110
   465.429    7.6547    4.1727    3.4903   1954.9534    3.4835     5675525300.5915
   488.301    7.6836    4.1812    3.4985   1959.3067    3.4711     5953946368.1930
   511.173    7.7120    4.1896    3.5067   1963.6351    3.4587     6232025816.3329
   534.045    7.7402    4.1979    3.5148   1967.8807    3.4465     6509759941.5991
   556.918    7.7672    4.2058    3.5228   1972.0521    3.4343     6787142579.0933
   579.790    7.7941    4.2138    3.5307   1976.1123    3.4223     7064169318.7655
   602.662    7.8203    4.2215    3.5384   1980.0055    3.4103     7340835383.0987
   625.534    7.8461    4.2291    3.5462   1983.9923    3.3985     7617138313.3361
   648.406    7.8716    4.2366    3.5538   1987.7408    3.3867     7893080425.1564
   671.278    7.8973    4.2443    3.5615   1991.5305    3.3751     8168664376.4211
   694.151    7.9222    4.2517    3.5690   1995.1899    3.3637     8443891045.1660
   717.023    7.9472    4.2591    3.5766   1998.8247    3.3524     8718764504.0414
   739.895    7.9722    4.2667    3.5842   2002.3733    3.3412     8993294721.2086
   762.767    7.9960    4.2736    3.5915   2005.8780    3.3303     9267483120.3849
   785.639    8.0211    4.2814    3.5992   2009.2811    3.3194     9541340761.8398
   808.511    8.0456    4.2889    3.6066   2012.6023    3.3088     9814882546.4125
   831.384    8.0709    4.2969    3.6144   2016.0009    3.2984    10088125125.0454
   854.256    8.0950    4.3042    3.6220   2019.2780    3.2881    10361083275.7151
   877.128    8.1209    4.3128    3.6299   2022.4996    3.2780    10633773908.9381
   900.000    8.1462    4.3211    3.6377   2025.5483    3.2682    10906220153.2786
   917.143    8.1658    4.3276    3.6439   2027.9522    3.2610    11110199354.6837
   934.286    8.1868    4.3351    3.6505   2030.4019    3.2539    11314083926.2227
   951.428    8.2064    4.3417    3.6566   2032.6835    3.2469    11517879576.1546
   968.571    8.2280    4.3496    3.6634   2035.0247    3.2400    11721598153.8180
   985.714    8.2480    4.3567    3.6698   2037.3410    3.2333    11925252892.1284
  1002.857    8.2741    4.3672    3.6780   2039.7629    3.2267    12128890895.1324
  1020.000    8.3002    4.3778    3.6864   2042.3119    3.2203    12332572627.6569
  1037.142    8.3222    4.3862    3.6936   2044.6089    3.2139    12536275472.6652
  1054.285    8.3394    4.3916    3.6993   2046.7127    3.2077    12739934468.0452
  1071.428    8.3564    4.3970    3.7050   2048.8430    3.2017    12943516714.1351
  1088.571    8.3735    4.4025    3.7109   2050.9145    3.1959    13147034014.6484
  1105.714    8.4224    4.4293    3.7251   2056.4256    3.1902    13350730050.6465
  1122.856    8.5754    4.5259    3.7664   2070.5071    3.1844    13555582016.1260
  1139.999    8.7542    4.6395    3.8134   2089.4764    3.1782    13762469728.4856
  1157.142    8.8650    4.7080    3.8425   2095.8018    3.1717    13971026919.9545
  1174.285    8.8832    4.7150    3.8481   2097.8226    3.1653    14180105409.7545
  1191.428    8.8993    4.7193    3.8545   2100.5978    3.1591    14389086325.2953
  1208.570    8.9152    4.7239    3.8603   2103.0492    3.1530    14597984553.0885
  1225.713    8.9305    4.7286    3.8658   2105.4375    3.1472    14806788865.2940
  1242.856    8.9458    4.7331    3.8713   2107.8451    3.1416    15015505386.9771
  1259.999    8.9611    4.7377    3.8769   2110.2383    3.1362    15224148322.0105
  1277.142    8.9763    4.7425    3.8824   2112.6271    3.1311    15432732935.8788
  1294.284    8.9909    4.7470    3.8877   2114.9886    3.1262    15641266862.5576
  1311.427    9.0055    4.7518    3.8929   2117.2813    3.1216    15849756870.6104
  1328.570    9.0200    4.7563    3.8982   2119.6608    3.1173    16058220496.8361
  1345.713    9.0333    4.7610    3.9027   2121.7674    3.1133    16266656769.6891
  1362.856    9.0479    4.7656    3.9079   2124.0401    3.1095    16475083654.2671
  1379.998    9.0713    4.7766    3.9142   2127.6559    3.1061    16683567055.8463
  1397.141    9.1113    4.7977    3.9238   2132.8385    3.1029    16892243591.5670
  1414.284    9.1542    4.8203    3.9353   2139.1880    3.1000    17101269964.0889
  1431.427    9.1941    4.8423    3.9451   2144.8212    3.0974    17310666742.1573
  1448.570    9.2328    4.8637    3.9548   2150.5483    3.0951    17520403428.2863
  1465.712    9.2748    4.8876    3.9655   2156.4380    3.0930    17730521684.3331
  1482.855    9.3159    4.9100    3.9770   2163.0293    3.0913    17941090531.1664
  1499.998    9.3566    4.9333    3.9880   2169.6655    3.0899    18152136263.1021
  1517.141    9.3768    4.9428    3.9943   2172.0664    3.0888    18363540393.6556
  1534.284    9.3896    4.9473    3.9987   2174.0803    3.0881    18575156181.4334
  1551.426    9.4020    4.9515    4.0031   2176.0720    3.0879    18786959971.0133
  1568.569    9.4146    4.9561    4.0075   2178.0860    3.0882    18998983663.0166
  1568.569    5.1963    0.0000    4.0329         nan    3.0882    18998983663.0166
  1586.114    5.2102    0.0000    4.0383         nan    3.0886    19217645688.6579
  1603.660    5.2240    0.0000    4.0437         nan    3.0896    19436629897.9803
  1621.205    5.2378    0.0000    4.0491         nan    3.0911    19655973178.3619
  1638.750    5.2513    0.0000    4.0544         nan    3.0931    19875711325.0986
  1656.296    5.2645    0.0000    4.0595         nan    3.0957    20095878120.8604
  1673.841    5.2776    0.0000    4.0647         nan    3.0990    20316512200.0721
  1691.386    5.2908    0.0000    4.0698         nan    3.1029    20537658158.7744
  1708.931    5.3034    0.0000    4.0748         nan    3.1075    20759357230.1938
  1726.477    5.3159    0.0000    4.0797         nan    3.1127    20981651931.7211
  1726.477    5.2708    0.0000    6.4630         nan    3.1127    20981651931.7211
  1783.822    5.3233    0.0000    6.5035         nan    3.0160    22138924171.1998
  1841.168    5.3733    0.0000    6.5423         nan    2.9180    23267078433.2503
  1898.513    5.4208    0.0000    6.5794         nan    2.8189    24364936312.8094
  1955.859    5.4660    0.0000    6.6147         nan    2.7188    25431370900.6289
  2013.205    5.5089    0.0000    6.6484         nan    2.6176    26465305215.3302
  2070.550    5.5496    0.0000    6.6805         nan    2.5155    27465710850.6049
  2127.896    5.5882    0.0000    6.7110         nan    2.4125    28431606803.6246
  2185.242    5.6248    0.0000    6.7399         nan    2.3086    29362058458.2875
  2242.587    5.6593    0.0000    6.7674         nan    2.2039    30256176709.0173
  2299.933    5.6919    0.0000    6.7933         nan    2.0984    31113117205.1326
  2357.279    5.7226    0.0000    6.8178         nan    1.9922    31932079705.6274
  2414.624    5.7514    0.0000    6.8409         nan    1.8853    32712307538.8193
  2471.970    5.7785    0.0000    6.8626         nan    1.7778    33453087161.6309
  2529.315    5.8037    0.0000    6.8828         nan    1.6697    34153747824.2327
  2586.661    5.8271    0.0000    6.9017         nan    1.5610    34813661348.6154
  2644.007    5.8489    0.0000    6.9192         nan    1.4518    35432242045.2455
  2701.352    5.8689    0.0000    6.9353         nan    1.3421    36008946812.1106
  2758.698    5.8872    0.0000    6.9502         nan    1.2320    36543275493.4494
  2816.044    5.9039    0.0000    6.9636         nan    1.1215    37034771641.2406
  2873.389    5.9190    0.0000    6.9758         nan    1.0107    37483023944.1541
  2930.735    5.9324    0.0000    6.9867         nan    0.8997    37887668841.8699
  2988.081    5.9442    0.0000    6.9963         nan    0.7886    38248395393.0208
  3045.426    5.9544    0.0000    7.0046         nan    0.6774    38564954768.7003
  3102.772    5.9630    0.0000    7.0116         nan    0.5665    38837180146.4169
  3160.117    5.9700    0.0000    7.0173         nan    0.4563    39065032839.3884
  3217.463    5.9755    0.0000    7.0217         nan    0.3486    39248725608.4165
  3274.809    5.9794    0.0000    7.0249         nan    0.2495    39389129148.4914
  3332.154    5.9818    0.0000    7.0268         nan    0.2096    39489659956.6549
  3389.500    5.9825    0.0000    7.0274         nan    0.0000    39574117513.4640
