# Depth[km]  Vp[km/s]  Vs[km/s] Rho[g/cm3]    T[K]     g[m/s2]         P[Pa]        
     0.000    3.4721    2.0900    1.5756    273.1500    3.7291              0.0000
    12.005    3.4721    2.0900    1.5756    324.0281    3.7397       70538792.4721
    12.005    4.3147    2.5972    1.9580    324.0281    3.7397       70538792.4721
    26.348    4.3147    2.5972    1.9580    384.8166    3.7480      175561312.9758
    26.348    5.4674    3.2910    2.4812    384.8166    3.7480      175561312.9758
    44.122    5.4674    3.2910    2.4812    460.1510    3.7508      340852500.0251
    44.122    7.9949    4.5423    3.5183    460.1510    3.7508      340852500.0251
    53.458    7.9862    4.5321    3.5177    499.7224    3.7442      464049185.8203
    62.795    7.9772    4.5218    3.5172    539.2937    3.7376      587009570.7082
    72.131    7.9679    4.5113    3.5165    578.8651    3.7310      709732610.5390
    81.468    7.9581    4.5006    3.5157    618.4365    3.7245      832215824.7178
    90.804    7.9486    4.4901    3.5150    658.0079    3.7180      954459411.3309
   100.141    7.9389    4.4797    3.5143    697.5793    3.7116     1076465042.0339
   109.477    7.9289    4.4691    3.5135    737.1507    3.7051     1198231162.1656
   118.814    7.9191    4.4587    3.5127    776.7221    3.6987     1319757827.4242
   128.150    7.9089    4.4482    3.5117    816.2934    3.6924     1441044564.6424
   137.486    7.8991    4.4379    3.5109    855.8648    3.6860     1562092059.7291
   146.823    7.8888    4.4274    3.5099    895.4362    3.6797     1682900486.0792
   156.159    7.8786    4.4170    3.5089    935.0076    3.6734     1803468293.1837
   165.496    7.8684    4.4067    3.5079    974.5790    3.6672     1923796432.5613
   174.832    7.8580    4.3962    3.5069   1014.1504    3.6610     2043884765.0763
   184.169    7.8481    4.3862    3.5059   1053.7218    3.6548     2163734264.1356
   193.505    7.8374    4.3758    3.5047   1093.2931    3.6486     2283344278.2192
   202.842    7.8272    4.3657    3.5036   1132.8645    3.6425     2402714867.5912
   212.178    7.8168    4.3553    3.5026   1172.4359    3.6365     2521849288.8849
   221.515    7.8061    4.3449    3.5014   1212.0073    3.6304     2640746539.3755
   230.851    7.7962    4.3349    3.5003   1251.5787    3.6244     2759407481.2896
   240.187    7.7861    4.3248    3.4992   1291.1501    3.6185     2877835554.4358
   249.524    7.7755    4.3144    3.4979   1330.7215    3.6125     2996029443.2299
   258.860    7.7660    4.3048    3.4967   1370.2928    3.6066     3113987535.8044
   268.197    7.7562    4.2947    3.4955   1409.8642    3.6008     3231712725.2820
   277.533    7.7456    4.2845    3.4943   1449.4356    3.5950     3349206482.7713
   286.870    7.7362    4.2748    3.4931   1489.0070    3.5892     3466468966.1634
   296.206    7.7262    4.2649    3.4918   1528.5784    3.5835     3583501945.4688
   305.543    7.7157    4.2546    3.4905   1568.1498    3.5778     3700305204.3403
   314.879    7.7049    4.2443    3.4891   1607.7212    3.5721     3816878407.0490
   324.216    7.6950    4.2343    3.4879   1647.2926    3.5665     3933224741.5867
   333.552    7.6846    4.2242    3.4866   1686.8639    3.5610     4049346291.7370
   342.888    7.6744    4.2140    3.4853   1726.4353    3.5554     4165242821.5891
   352.225    7.6637    4.2037    3.4839   1766.0067    3.5500     4280914850.7658
   361.561    7.6532    4.1935    3.4825   1805.5781    3.5445     4396363041.1993
   370.898    7.6428    4.1833    3.4812   1845.1495    3.5391     4511589162.7882
   380.234    7.6323    4.1730    3.4798   1884.7209    3.5338     4626594509.1137
   389.571    7.6214    4.1626    3.4784   1924.2923    3.5285     4741380467.4257
   398.907    7.6107    4.1522    3.4770   1963.8636    3.5232     4855948086.7670
   408.244    7.6007    4.1422    3.4756   2003.4350    3.5180     4970298834.5005
   417.580    7.5889    4.1313    3.4740   2043.0064    3.5129     5084432310.8017
   441.701    7.6207    4.1414    3.4831   2048.2819    3.4997     5379186489.3367
   465.822    7.6520    4.1513    3.4921   2053.4616    3.4865     5673594495.9131
   489.943    7.6820    4.1608    3.5009   2058.4513    3.4734     5967642730.6733
   514.064    7.7100    4.1695    3.5094   2063.2612    3.4604     6261312649.7923
   538.185    7.7385    4.1785    3.5179   2068.0402    3.4475     6554595216.7628
   562.306    7.7656    4.1869    3.5263   2072.6479    3.4348     6847488184.9042
   586.427    7.7925    4.1953    3.5347   2077.2075    3.4221     7139989731.8373
   610.548    7.8189    4.2035    3.5429   2081.6830    3.4095     7432094633.4028
   634.669    7.8455    4.2120    3.5511   2086.0704    3.3971     7723804040.9046
   658.790    7.8707    4.2197    3.5591   2090.3153    3.3848     8015117361.7015
   682.911    7.8968    4.2280    3.5673   2094.5751    3.3727     8306038163.4940
   707.032    7.9219    4.2357    3.5753   2098.6115    3.3607     8596574929.2567
   731.153    7.9478    4.2440    3.5835   2102.7663    3.3489     8886735860.0508
   755.274    7.9730    4.2520    3.5915   2106.6978    3.3373     9176530038.5001
   779.395    7.9987    4.2602    3.5997   2110.7247    3.3258     9465969420.5266
   803.516    8.0235    4.2681    3.6077   2114.5038    3.3146     9755065416.2469
   827.637    8.0495    4.2767    3.6159   2118.2390    3.3035    10043832771.3121
   851.758    8.0754    4.2853    3.6242   2121.9589    3.2927    10332295407.0653
   875.879    8.1024    4.2946    3.6328   2125.7114    3.2821    10620483599.1723
   900.000    8.1291    4.3038    3.6415   2129.3223    3.2717    10908426360.2169
   917.260    8.1490    4.3108    3.6478   2131.9027    3.2644    11114234936.6115
   934.520    8.1695    4.3182    3.6544   2134.4237    3.2572    11319949722.0060
   951.779    8.1903    4.3259    3.6612   2136.9723    3.2502    11525588422.0265
   969.039    8.2115    4.3338    3.6681   2139.4938    3.2433    11731166310.2407
   986.299    8.2347    4.3429    3.6756   2142.0612    3.2365    11936709561.8677
  1003.559    8.2589    4.3526    3.6835   2144.6529    3.2299    12142255003.1684
  1020.818    8.2778    4.3591    3.6902   2147.4322    3.2233    12347786361.7405
  1038.078    8.2968    4.3655    3.6970   2150.1824    3.2170    12553277531.6704
  1055.338    8.3153    4.3718    3.7037   2152.9191    3.2108    12758736150.8687
  1072.598    8.3340    4.3782    3.7103   2155.5933    3.2047    12964166136.9252
  1089.857    8.3493    4.3829    3.7158   2157.9817    3.1988    13169543300.5928
  1107.117    8.3708    4.3918    3.7237   2159.6303    3.1931    13374914853.9150
  1124.377    8.3946    4.4022    3.7327   2160.9149    3.1876    13580388009.7403
  1141.637    8.4610    4.4408    3.7525   2166.9853    3.1822    13786296638.2942
  1158.896    8.6223    4.5428    3.7956   2182.9285    3.1765    13993580183.4710
  1176.156    8.8259    4.6732    3.8480   2202.9544    3.1705    14203115709.6363
  1193.416    8.8749    4.7006    3.8615   2205.4883    3.1643    14414056843.2148
  1210.676    8.8894    4.7047    3.8670   2207.6726    3.1583    14625102404.3282
  1227.935    8.9037    4.7088    3.8724   2209.7689    3.1524    14836041536.1980
  1245.195    8.9186    4.7134    3.8779   2211.8984    3.1468    15046888429.2132
  1262.455    8.9326    4.7174    3.8834   2213.8695    3.1415    15257659899.4638
  1279.715    8.9465    4.7215    3.8888   2215.7815    3.1364    15468369157.7824
  1296.975    8.9600    4.7254    3.8942   2217.4483    3.1315    15679026666.1861
  1314.234    8.9736    4.7292    3.8998   2219.2556    3.1269    15889654487.0340
  1331.494    8.9866    4.7328    3.9053   2220.8309    3.1226    16100274446.8861
  1348.754    9.0000    4.7365    3.9108   2222.4237    3.1186    16310901077.6885
  1366.014    9.0134    4.7404    3.9165   2223.8749    3.1149    16521559589.0838
  1383.273    9.0259    4.7438    3.9219   2225.2955    3.1115    16732267898.4449
  1400.533    9.0385    4.7472    3.9274   2226.3512    3.1084    16943039782.8665
  1417.793    9.0507    4.7506    3.9328   2227.3561    3.1057    17153894366.9885
  1435.053    9.0628    4.7539    3.9382   2228.5708    3.1033    17364852651.8733
  1452.312    9.0751    4.7567    3.9447   2229.5787    3.1013    17575967614.0561
  1469.572    9.1130    4.7764    3.9557   2233.5544    3.0996    17787412842.7379
  1486.832    9.1529    4.7978    3.9671   2238.1485    3.0982    17999342612.5804
  1504.092    9.1943    4.8202    3.9796   2242.5624    3.0972    18211816336.5392
  1521.351    9.2350    4.8424    3.9925   2247.0964    3.0964    18424897002.8035
  1538.611    9.2758    4.8651    4.0054   2251.4735    3.0960    18638616025.2785
  1555.871    9.2885    4.8696    4.0103   2253.6155    3.0960    18852780975.9006
  1573.131    9.3008    4.8739    4.0148   2255.7766    3.0965    19067196646.0274
  1573.131    4.5773    0.0000    3.9588         nan    3.0965    19067196646.0274
  1586.002    4.5876    0.0000    3.9638         nan    3.0978    19225076449.5979
  1598.873    4.5979    0.0000    3.9687         nan    3.0994    19383218771.3473
  1611.744    4.6081    0.0000    3.9736         nan    3.1012    19541638221.7732
  1624.615    4.6184    0.0000    3.9786         nan    3.1034    19700349925.3430
  1637.487    4.6286    0.0000    3.9835         nan    3.1059    19859368925.9284
  1650.358    4.6384    0.0000    3.9882         nan    3.1087    20018706852.3034
  1663.229    4.6481    0.0000    3.9929         nan    3.1118    20178376573.7085
  1676.100    4.6579    0.0000    3.9976         nan    3.1153    20338395581.4154
  1688.971    4.6677    0.0000    4.0023         nan    3.1191    20498781984.7540
  1688.971    5.0220    0.0000    6.3126         nan    3.1191    20498781984.7540
  1747.610    5.1073    0.0000    6.3570         nan    3.0230    21657419373.3143
  1806.249    5.1876    0.0000    6.3990         nan    2.9257    22788035595.2967
  1864.888    5.2631    0.0000    6.4386         nan    2.8271    23889233085.4923
  1923.527    5.3343    0.0000    6.4760         nan    2.7273    24959701701.4160
  1982.166    5.4014    0.0000    6.5113         nan    2.6265    25998212058.6569
  2040.805    5.4647    0.0000    6.5447         nan    2.5246    27003610037.6298
  2099.444    5.5242    0.0000    6.5762         nan    2.4218    27974812257.9556
  2158.083    5.5802    0.0000    6.6058         nan    2.3181    28910802366.0345
  2216.722    5.6329    0.0000    6.6338         nan    2.2136    29810628035.5477
  2275.361    5.6824    0.0000    6.6600         nan    2.1083    30673398623.3522
  2333.999    5.7287    0.0000    6.6847         nan    2.0023    31498283459.5969
  2392.638    5.7721    0.0000    6.7077         nan    1.8957    32284510800.1185
  2451.277    5.8125    0.0000    6.7293         nan    1.7886    33031367524.1952
  2509.916    5.8502    0.0000    6.7494         nan    1.6810    33738199738.3322
  2568.555    5.8851    0.0000    6.7680         nan    1.5730    34404414568.7472
  2627.194    5.9173    0.0000    6.7852         nan    1.4647    35029483618.5926
  2685.833    5.9470    0.0000    6.8011         nan    1.3563    35612948891.4368
  2744.472    5.9741    0.0000    6.8156         nan    1.2479    36154432558.9566
  2803.111    5.9987    0.0000    6.8287         nan    1.1398    36653653012.4685
  2861.750    6.0208    0.0000    6.8406         nan    1.0323    37110451696.8815
  2920.389    6.0405    0.0000    6.8511         nan    0.9259    37524839444.6812
  2979.028    6.0578    0.0000    6.8604         nan    0.8217    37897080256.1395
  3037.666    6.0728    0.0000    6.8684         nan    0.7215    38227852323.9508
  3096.305    6.0854    0.0000    6.8752         nan    0.6289    38518583141.3234
  3154.944    6.0957    0.0000    6.8807         nan    0.5528    38772224189.2208
  3213.583    6.1037    0.0000    6.8850         nan    0.5188    38995319342.0174
  3272.222    6.1094    0.0000    6.8880         nan    0.6310    39204820431.0301
  3330.861    6.1128    0.0000    6.8899         nan    1.7336    39459737688.4473
  3389.500    6.1139    0.0000    6.8905         nan    0.0000    40160177031.3179
