# Depth[km]  Vp[km/s]  Vs[km/s] Rho[g/cm3]    T[K]     g[m/s2]         P[Pa]        
     0.000    3.5008    2.0710    1.5727    273.1500    3.7291              0.0000
    10.570    3.5008    2.0710    1.5727    312.1536    3.7385       61986607.4774
    10.570    4.5967    2.7193    2.0650    312.1536    3.7385       61986607.4774
    25.403    4.5967    2.7193    2.0650    366.8975    3.7457      176501194.7421
    25.403    6.5820    3.8938    2.9568    366.8975    3.7457      176501194.7421
    43.585    6.5820    3.8938    2.9568    433.9974    3.7412      377870418.4297
    43.585    7.9549    4.5348    3.4847    433.9974    3.7412      377870418.4297
    53.446    7.9501    4.5274    3.4850    470.3908    3.7344      506436585.1425
    63.307    7.9449    4.5197    3.4851    506.7843    3.7277      634777479.5493
    73.169    7.9395    4.5119    3.4852    543.1778    3.7210      762891566.6204
    83.030    7.9337    4.5039    3.4852    579.5712    3.7143      890777242.8778
    92.891    7.9278    4.4958    3.4852    615.9647    3.7076     1018433354.6031
   102.752    7.9211    4.4874    3.4851    652.3582    3.7010     1145857554.8149
   112.614    7.9150    4.4793    3.4850    688.7516    3.6944     1273049435.8561
   122.475    7.9088    4.4711    3.4849    725.1451    3.6878     1400011343.5985
   132.336    7.9026    4.4630    3.4847    761.5385    3.6813     1526742950.1785
   142.198    7.8956    4.4545    3.4845    797.9320    3.6748     1653241697.9988
   152.059    7.8893    4.4464    3.4843    834.3255    3.6683     1779508447.8039
   161.920    7.8825    4.4380    3.4839    870.7189    3.6618     1905542796.3797
   171.781    7.8758    4.4296    3.4836    907.1124    3.6554     2031343498.2908
   181.643    7.8691    4.4214    3.4833    943.5058    3.6490     2156911521.0067
   191.504    7.8624    4.4130    3.4829    979.8993    3.6427     2282246562.5038
   201.365    7.8560    4.4049    3.4825   1016.2928    3.6363     2407350031.0655
   211.227    7.8492    4.3966    3.4821   1052.6862    3.6300     2532222266.5558
   221.088    7.8420    4.3882    3.4815   1089.0797    3.6238     2656860210.6129
   230.949    7.8352    4.3799    3.4811   1125.4732    3.6176     2781264888.9047
   240.810    7.8287    4.3716    3.4807   1161.8666    3.6114     2905441096.8903
   250.672    7.8222    4.3635    3.4802   1198.2601    3.6052     3029389702.7440
   260.533    7.8159    4.3555    3.4797   1234.6535    3.5991     3153109810.3145
   270.394    7.8089    4.3471    3.4791   1271.0470    3.5930     3276600205.7299
   280.256    7.8019    4.3388    3.4786   1307.4405    3.5870     3399862617.6883
   290.117    7.7958    4.3308    3.4781   1343.8339    3.5810     3522899614.8631
   299.978    7.7894    4.3227    3.4775   1380.2274    3.5751     3645712287.0171
   309.839    7.7823    4.3144    3.4768   1416.6208    3.5691     3768298874.6659
   319.701    7.7752    4.3060    3.4762   1453.0143    3.5633     3890658681.4676
   329.562    7.7690    4.2981    3.4757   1489.4078    3.5574     4012796446.7144
   339.423    7.7625    4.2899    3.4751   1525.8012    3.5516     4134714637.5695
   349.285    7.7553    4.2816    3.4743   1562.1947    3.5459     4256410823.5635
   359.146    7.7489    4.2735    3.4737   1598.5882    3.5402     4377886419.9810
   369.007    7.7424    4.2654    3.4731   1634.9816    3.5345     4499145280.1460
   378.868    7.7346    4.2567    3.4723   1671.3751    3.5289     4620184866.9520
   388.730    7.7285    4.2488    3.4717   1707.7685    3.5233     4741006889.8037
   398.591    7.7218    4.2405    3.4711   1744.1620    3.5177     4861616321.5644
   408.452    7.7141    4.2319    3.4702   1780.5555    3.5123     4982011379.8400
   418.313    7.7080    4.2239    3.4696   1816.9489    3.5068     5102193600.1561
   428.175    7.7005    4.2153    3.4688   1853.3424    3.5014     5222163996.6939
   438.036    7.6938    4.2071    3.4681   1889.7358    3.4961     5341922988.8628
   461.134    7.7211    4.2152    3.4762   1894.1140    3.4837     5622307731.4435
   484.232    7.7482    4.2233    3.4843   1898.4334    3.4713     5902348348.6292
   507.331    7.7738    4.2309    3.4920   1902.4488    3.4590     6182029981.6613
   530.429    7.7998    4.2387    3.4999   1906.6121    3.4469     6461347931.9068
   553.527    7.8254    4.2463    3.5077   1910.6804    3.4348     6740308699.2952
   576.625    7.8497    4.2533    3.5152   1914.5219    3.4229     7018902484.9047
   599.723    7.8740    4.2604    3.5228   1918.5023    3.4111     7297125839.0524
   622.822    7.8986    4.2677    3.5304   1922.4226    3.3994     7574986469.4970
   645.920    7.9222    4.2746    3.5378   1926.1314    3.3878     7852481127.5102
   669.018    7.9456    4.2813    3.5452   1929.8009    3.3764     8129609453.4901
   692.116    7.9687    4.2880    3.5525   1933.4238    3.3651     8406377325.6603
   715.214    7.9927    4.2952    3.5600   1937.1227    3.3540     8682795377.1084
   738.313    8.0159    4.3020    3.5672   1940.6153    3.3431     8958870270.0301
   761.411    8.0382    4.3082    3.5744   1944.0944    3.3323     9234603128.8494
   784.509    8.0612    4.3151    3.5817   1947.5455    3.3217     9510004802.0470
   807.607    8.0844    4.3220    3.5890   1950.9046    3.3113     9785092217.9164
   830.705    8.1070    4.3286    3.5961   1954.1787    3.3012    10059872655.4401
   853.804    8.1297    4.3354    3.6034   1957.4681    3.2912    10334356087.5922
   876.902    8.1526    4.3422    3.6107   1960.7139    3.2815    10608565791.8409
   900.000    8.1756    4.3493    3.6180   1963.8963    3.2720    10882517466.7801
   916.805    8.1932    4.3549    3.6236   1966.1921    3.2652    11081603451.5347
   933.609    8.2105    4.3603    3.6291   1968.6222    3.2586    11280582632.7268
   950.414    8.2294    4.3668    3.6350   1970.8970    3.2521    11479472401.2958
   967.219    8.2476    4.3729    3.6409   1973.2012    3.2458    11678289964.1205
   984.024    8.2654    4.3788    3.6466   1975.4342    3.2395    11877034845.0812
  1000.828    8.2844    4.3854    3.6528   1977.6931    3.2335    12075722123.6729
  1017.633    8.3037    4.3922    3.6590   1979.9635    3.2276    12274375267.0674
  1034.438    8.3244    4.3998    3.6658   1982.2187    3.2218    12473018380.3560
  1051.243    8.3400    4.4045    3.6710   1984.3399    3.2162    12671630303.9026
  1068.047    8.3556    4.4091    3.6762   1986.3941    3.2108    12870177870.3544
  1084.852    8.3972    4.4315    3.6882   1991.3344    3.2055    13068855780.4351
  1101.657    8.5244    4.5123    3.7225   2003.3019    3.2002    13268454758.3882
  1118.461    8.6717    4.6065    3.7613   2019.1512    3.1946    13469685686.7575
  1135.266    8.8181    4.7002    3.7989   2029.8764    3.1887    13672614901.0475
  1152.071    8.8353    4.7061    3.8046   2032.1973    3.1828    13876331249.9496
  1168.876    8.8501    4.7100    3.8099   2034.3607    3.1771    14079963536.2645
  1185.680    8.8643    4.7141    3.8147   2036.7180    3.1716    14283501147.3164
  1202.485    8.8811    4.7185    3.8209   2038.9737    3.1663    14486980934.3146
  1219.290    8.8965    4.7229    3.8265   2041.2906    3.1612    14690433271.5403
  1236.095    8.9120    4.7271    3.8321   2043.6276    3.1563    14893855886.5081
  1252.899    8.9273    4.7314    3.8376   2045.9371    3.1517    15097261219.0923
  1269.704    8.9427    4.7358    3.8433   2048.2603    3.1473    15300663615.6609
  1286.509    8.9581    4.7401    3.8489   2050.5831    3.1432    15504080205.1136
  1303.313    8.9733    4.7444    3.8544   2052.9112    3.1393    15707523648.2993
  1320.118    8.9886    4.7488    3.8601   2055.2571    3.1357    15911013301.2428
  1336.923    9.0102    4.7572    3.8668   2058.3691    3.1323    16114593614.2997
  1353.728    9.0489    4.7765    3.8766   2063.7371    3.1292    16318388947.3792
  1370.532    9.0864    4.7952    3.8864   2069.0473    3.1264    16522498324.0882
  1387.337    9.1260    4.8154    3.8967   2074.6591    3.1238    16726951321.1668
  1404.142    9.1651    4.8356    3.9071   2080.2175    3.1214    16931778173.0548
  1420.947    9.2034    4.8555    3.9174   2085.8551    3.1193    17136993153.9709
  1437.751    9.2436    4.8770    3.9284   2091.6448    3.1175    17342628046.7782
  1454.556    9.2822    4.8977    3.9391   2097.7343    3.1159    17548710078.6601
  1471.361    9.3186    4.9173    3.9493   2102.9410    3.1147    17755238940.5671
  1488.166    9.3329    4.9218    3.9547   2105.2798    3.1138    17962094999.1328
  1504.970    9.3469    4.9262    3.9598   2107.4293    3.1133    18169166399.2352
  1521.775    9.3606    4.9306    3.9650   2109.6051    3.1132    18376472839.8446
  1538.580    9.3745    4.9351    3.9701   2111.7575    3.1136    18584043356.9371
  1555.384    9.3881    4.9396    3.9751   2113.9098    3.1144    18791903080.4935
  1555.384    4.9488    0.0000    4.0052         nan    3.1144    18791903080.4935
  1571.148    4.9609    0.0000    4.0105         nan    3.1152    18988669548.9210
  1586.912    4.9730    0.0000    4.0158         nan    3.1164    19185747248.0275
  1602.676    4.9851    0.0000    4.0212         nan    3.1180    19383162597.4536
  1618.440    4.9972    0.0000    4.0265         nan    3.1201    19580943133.6650
  1634.204    5.0088    0.0000    4.0316         nan    3.1226    19779111664.3708
  1649.968    5.0203    0.0000    4.0367         nan    3.1257    19977692233.6903
  1665.732    5.0318    0.0000    4.0418         nan    3.1292    20176716155.0317
  1681.496    5.0434    0.0000    4.0469         nan    3.1333    20376216150.4025
  1697.260    5.0544    0.0000    4.0517         nan    3.1379    20576220683.0596
  1697.260    5.1596    0.0000    6.3933         nan    3.1379    20576220683.0596
  1755.613    5.2343    0.0000    6.4361         nan    3.0407    21750777351.1571
  1813.966    5.3049    0.0000    6.4767         nan    2.9423    22896363151.2600
  1872.319    5.3717    0.0000    6.5151         nan    2.8427    24011651602.5576
  1930.672    5.4348    0.0000    6.5516         nan    2.7419    25095390094.9328
  1989.026    5.4945    0.0000    6.5861         nan    2.6401    26146395278.3012
  2047.379    5.5509    0.0000    6.6188         nan    2.5373    27163549158.4624
  2105.732    5.6041    0.0000    6.6497         nan    2.4335    28145795776.4283
  2164.085    5.6543    0.0000    6.6789         nan    2.3288    29092138380.0478
  2222.438    5.7016    0.0000    6.7064         nan    2.2233    30001637019.4571
  2280.791    5.7461    0.0000    6.7324         nan    2.1171    30873406516.9828
  2339.144    5.7878    0.0000    6.7568         nan    2.0101    31706614781.6161
  2397.497    5.8270    0.0000    6.7797         nan    1.9024    32500481451.0743
  2455.850    5.8635    0.0000    6.8011         nan    1.7941    33254276867.0854
  2514.203    5.8976    0.0000    6.8211         nan    1.6852    33967321414.8790
  2572.557    5.9293    0.0000    6.8396         nan    1.5758    34638985294.0010
  2630.910    5.9585    0.0000    6.8568         nan    1.4659    35268688845.0548
  2689.263    5.9854    0.0000    6.8726         nan    1.3557    35855903650.6220
  2747.616    6.0100    0.0000    6.8871         nan    1.2451    36400154793.8975
  2805.969    6.0324    0.0000    6.9002         nan    1.1343    36901024961.8170
  2864.322    6.0525    0.0000    6.9121         nan    1.0235    37358161665.6683
  2922.675    6.0705    0.0000    6.9226         nan    0.9127    37771290051.0121
  2981.028    6.0862    0.0000    6.9319         nan    0.8023    38140236392.8876
  3039.381    6.0999    0.0000    6.9400         nan    0.6929    38464973582.0082
  3097.734    6.1114    0.0000    6.9467         nan    0.5855    38745716117.4113
  3156.088    6.1208    0.0000    6.9523         nan    0.4826    38983140048.2935
  3214.441    6.1280    0.0000    6.9566         nan    0.3915    39178970581.2581
  3272.794    6.1332    0.0000    6.9596         nan    0.3416    39337918705.6839
  3331.147    6.1364    0.0000    6.9615         nan    0.5716    39476675110.3900
  3389.500    6.1374    0.0000    6.9621         nan    0.0000    39708886756.9678
