# Depth[km]  Vp[km/s]  Vs[km/s] Rho[g/cm3]    T[K]     g[m/s2]         P[Pa]        
     0.000    4.0199    2.3970    1.8168    273.1500    3.7291              0.0000
    12.805    4.0199    2.3970    1.8168    326.8605    3.7378       86751683.6240
    12.805    4.2994    2.5636    1.9431    326.8605    3.7378       86751683.6240
    29.344    4.2994    2.5636    1.9431    396.2424    3.7476      206878285.0061
    29.344    5.2604    3.1367    2.3774    396.2424    3.7476      206878285.0061
    44.639    5.2604    3.1367    2.3774    460.4053    3.7513      343155620.6388
    44.639    7.9953    4.5424    3.5184    460.4053    3.7513      343155620.6388
    53.728    7.9871    4.5326    3.5180    498.5319    3.7449      463107217.5328
    62.817    7.9786    4.5227    3.5174    536.6585    3.7385      582836264.0487
    71.905    7.9697    4.5126    3.5168    574.7850    3.7322      702341660.1894
    80.994    7.9605    4.5024    3.5161    612.9116    3.7258      821621538.7240
    90.083    7.9514    4.4923    3.5155    651.0381    3.7195      940675897.7669
    99.171    7.9422    4.4822    3.5148    689.1647    3.7132     1059506113.1663
   108.260    7.9331    4.4723    3.5141    727.2912    3.7069     1178112365.9982
   117.349    7.9233    4.4620    3.5133    765.4178    3.7007     1296493200.0980
   126.437    7.9140    4.4521    3.5125    803.5443    3.6945     1414648076.9760
   135.526    7.9044    4.4421    3.5117    841.6709    3.6883     1532577634.6452
   144.615    7.8944    4.4320    3.5108    879.7974    3.6822     1650280843.3405
   153.703    7.8849    4.4221    3.5099    917.9240    3.6760     1767758231.3573
   162.792    7.8751    4.4122    3.5090    956.0506    3.6699     1885009971.0436
   171.881    7.8651    4.4022    3.5080    994.1771    3.6639     2002035170.8068
   180.969    7.8556    4.3924    3.5071   1032.3037    3.6579     2118835050.6655
   190.058    7.8462    4.3827    3.5061   1070.4302    3.6519     2235411843.1305
   199.147    7.8358    4.3725    3.5051   1108.5568    3.6459     2351764550.6145
   208.235    7.8263    4.3629    3.5041   1146.6833    3.6400     2467893345.4842
   217.324    7.8167    4.3531    3.5031   1184.8099    3.6341     2583800534.2090
   226.413    7.8066    4.3432    3.5019   1222.9364    3.6282     2699484539.2705
   235.501    7.7967    4.3334    3.5009   1261.0630    3.6224     2814946653.9573
   244.590    7.7871    4.3236    3.4999   1299.1896    3.6166     2930189836.9926
   253.679    7.7775    4.3141    3.4987   1337.3161    3.6108     3045211607.2381
   262.767    7.7686    4.3048    3.4976   1375.4427    3.6051     3160012850.6901
   271.856    7.7586    4.2949    3.4965   1413.5692    3.5994     3274595654.7722
   280.945    7.7492    4.2853    3.4954   1451.6958    3.5938     3388960853.2318
   290.033    7.7401    4.2760    3.4942   1489.8223    3.5882     3503109687.3914
   299.122    7.7305    4.2664    3.4930   1527.9489    3.5826     3617042483.6959
   308.211    7.7203    4.2564    3.4918   1566.0754    3.5771     3730759310.2447
   317.299    7.7109    4.2469    3.4906   1604.2020    3.5716     3844261530.1417
   326.388    7.7008    4.2371    3.4894   1642.3285    3.5661     3957550292.6502
   335.477    7.6911    4.2274    3.4882   1680.4551    3.5607     4070626356.8897
   344.565    7.6820    4.2180    3.4870   1718.5817    3.5553     4183492607.2956
   353.654    7.6714    4.2079    3.4857   1756.7082    3.5500     4296148553.0709
   362.743    7.6613    4.1980    3.4844   1794.8348    3.5447     4408593135.7124
   371.831    7.6519    4.1884    3.4832   1832.9613    3.5394     4520829304.9888
   380.920    7.6419    4.1786    3.4819   1871.0879    3.5342     4632858464.5348
   390.009    7.6315    4.1686    3.4806   1909.2144    3.5291     4744680675.9232
   399.097    7.6216    4.1588    3.4793   1947.3410    3.5239     4856297949.4175
   408.186    7.6112    4.1488    3.4780   1985.4675    3.5189     4967711459.8589
   432.777    7.6434    4.1589    3.4872   1990.6081    3.5052     5269061819.1057
   457.367    7.6747    4.1688    3.4962   1995.6909    3.4916     5570029251.1632
   481.958    7.7037    4.1779    3.5049   2000.4840    3.4781     5870594312.5279
   506.549    7.7332    4.1872    3.5137   2005.2890    3.4647     6170745438.9608
   531.140    7.7613    4.1959    3.5223   2009.9145    3.4514     6470478887.3058
   555.730    7.7895    4.2049    3.5308   2014.4266    3.4382     6769784224.4168
   580.321    7.8161    4.2131    3.5393   2018.9320    3.4251     7068660980.2375
   604.912    7.8428    4.2214    3.5476   2023.3483    3.4121     7367106832.6870
   629.502    7.8696    4.2298    3.5559   2027.6665    3.3993     7665119417.1575
   654.093    7.8954    4.2378    3.5640   2031.8366    3.3866     7962699212.5879
   678.684    7.9218    4.2461    3.5723   2036.0016    3.3741     8259851877.7753
   703.274    7.9472    4.2541    3.5804   2040.0284    3.3617     8556583789.0983
   727.865    7.9728    4.2621    3.5885   2043.9555    3.3495     8852897924.0371
   752.456    7.9991    4.2706    3.5968   2047.8920    3.3374     9148809541.2130
   777.047    8.0246    4.2787    3.6049   2051.7007    3.3256     9444331644.1077
   801.637    8.0500    4.2868    3.6131   2055.4363    3.3140     9739474283.0295
   826.228    8.0758    4.2952    3.6214   2059.1145    3.3025    10034253733.5002
   850.819    8.1025    4.3042    3.6299   2062.8262    3.2913    10328696497.0896
   875.409    8.1294    4.3134    3.6385   2066.4094    3.2803    10622833079.8108
   900.000    8.1567    4.3229    3.6473   2069.9437    3.2696    10916689967.7407
   917.795    8.1771    4.3301    3.6539   2072.5022    3.2619    11129085392.5703
   935.589    8.1984    4.3379    3.6607   2074.9757    3.2544    11341375167.4975
   953.384    8.2201    4.3460    3.6678   2077.5210    3.2471    11553579756.1169
   971.179    8.2429    4.3549    3.6752   2080.0375    3.2398    11765722528.2008
   988.973    8.2614    4.3614    3.6813   2082.5754    3.2327    11977780394.9939
  1006.768    8.2920    4.3746    3.6913   2085.1940    3.2258    12189836680.7696
  1024.562    8.3111    4.3809    3.6982   2087.9182    3.2189    12401920115.2082
  1042.357    8.3311    4.3879    3.7053   2090.7109    3.2123    12613953687.7924
  1060.152    8.3502    4.3945    3.7121   2093.5009    3.2058    12825945688.8671
  1077.946    8.3660    4.3993    3.7177   2095.8765    3.1994    13037863101.2093
  1095.741    8.3819    4.4041    3.7235   2098.2476    3.1933    13249686505.6522
  1113.536    8.4000    4.4106    3.7302   2100.3278    3.1874    13461458390.3947
  1131.330    8.5296    4.4913    3.7659   2115.0033    3.1814    13674039159.7084
  1149.125    8.6994    4.5991    3.8107   2132.3412    3.1752    13888501066.2515
  1166.919    8.8898    4.7207    3.8591   2147.1410    3.1685    14105176693.6243
  1184.714    8.9053    4.7255    3.8647   2148.4823    3.1618    14322921289.2307
  1202.509    8.9200    4.7299    3.8700   2150.6256    3.1552    14540508056.7884
  1220.303    8.9349    4.7345    3.8755   2152.8897    3.1490    14757951153.2835
  1238.098    8.9490    4.7384    3.8810   2154.8972    3.1429    14975268362.8799
  1255.893    8.9632    4.7426    3.8864   2156.8100    3.1371    15192472585.1657
  1273.687    8.9770    4.7465    3.8918   2158.7702    3.1315    15409576412.8789
  1291.482    8.9911    4.7507    3.8973   2160.6255    3.1263    15626600083.1409
  1309.277    9.0045    4.7546    3.9026   2162.4321    3.1213    15843560311.3147
  1327.071    9.0184    4.7587    3.9082   2164.1531    3.1166    16060476719.2140
  1344.866    9.0313    4.7622    3.9137   2165.6639    3.1122    16277372793.0346
  1362.660    9.0447    4.7660    3.9193   2167.2314    3.1081    16494268452.0073
  1380.455    9.0575    4.7696    3.9246   2168.7055    3.1044    16711182727.7936
  1398.250    9.0708    4.7735    3.9304   2169.9679    3.1009    16928141774.7344
  1416.044    9.0833    4.7769    3.9358   2171.3816    3.0979    17145170251.5731
  1433.839    9.1124    4.7910    3.9447   2174.5378    3.0952    17362379058.8535
  1451.634    9.1526    4.8120    3.9562   2179.5334    3.0928    17579958950.7426
  1469.428    9.1941    4.8346    3.9677   2184.1222    3.0907    17798004469.3784
  1487.223    9.2372    4.8583    3.9804   2188.8638    3.0889    18016567633.6103
  1505.017    9.2806    4.8826    3.9932   2193.9620    3.0875    18235706245.9449
  1522.812    9.3236    4.9069    4.0065   2199.2504    3.0863    18455459715.6371
  1540.607    9.3380    4.9124    4.0118   2201.2541    3.0856    18675642774.2860
  1558.401    9.3515    4.9174    4.0167   2203.3593    3.0854    18896054179.2682
  1576.196    9.3651    4.9222    4.0217   2205.7763    3.0857    19116720385.0607
  1593.991    9.3771    4.9265    4.0263   2207.6139    3.0865    19337669800.2902
  1593.991    4.3788    0.0000    4.0053         nan    3.0865    19337669800.2902
  1606.606    4.3912    0.0000    4.0107         nan    3.0876    19493727087.2165
  1619.221    4.4035    0.0000    4.0160         nan    3.0890    19650049592.0094
  1631.836    4.4159    0.0000    4.0214         nan    3.0907    19806651174.4050
  1644.451    4.4282    0.0000    4.0267         nan    3.0926    19963546185.7439
  1657.066    4.4405    0.0000    4.0321         nan    3.0949    20120748996.2322
  1669.681    4.4521    0.0000    4.0371         nan    3.0975    20278269665.6115
  1682.296    4.4638    0.0000    4.0422         nan    3.1004    20436119354.8930
  1694.911    4.4755    0.0000    4.0473         nan    3.1036    20594314701.6575
  1707.527    4.4872    0.0000    4.0524         nan    3.1071    20752872933.9369
  1707.527    5.3185    0.0000    6.3862         nan    3.1071    20752872933.9369
  1765.526    5.3913    0.0000    6.4258         nan    3.0101    21907301894.5060
  1823.525    5.4603    0.0000    6.4634         nan    2.9120    23032438105.1622
  1881.524    5.5255    0.0000    6.4991         nan    2.8127    24127072911.2430
  1939.523    5.5872    0.0000    6.5329         nan    2.7125    25190063919.4620
  1997.522    5.6456    0.0000    6.5649         nan    2.6112    26220331021.6886
  2055.521    5.7008    0.0000    6.5952         nan    2.5090    27216852994.6629
  2113.520    5.7529    0.0000    6.6240         nan    2.4059    28178664578.2065
  2171.519    5.8021    0.0000    6.6511         nan    2.3020    29104853958.4526
  2229.518    5.8485    0.0000    6.6767         nan    2.1973    29994560597.7141
  2287.517    5.8921    0.0000    6.7008         nan    2.0918    30846973365.6251
  2345.516    5.9331    0.0000    6.7235         nan    1.9857    31661328939.2829
  2403.516    5.9715    0.0000    6.7448         nan    1.8790    32436910451.6739
  2461.515    6.0074    0.0000    6.7647         nan    1.7717    33173046377.7490
  2519.514    6.0409    0.0000    6.7833         nan    1.6638    33869109664.5427
  2577.513    6.0720    0.0000    6.8006         nan    1.5554    34524517127.9946
  2635.512    6.1007    0.0000    6.8166         nan    1.4466    35138729169.2231
  2693.511    6.1271    0.0000    6.8313         nan    1.3373    35711249908.1004
  2751.510    6.1513    0.0000    6.8448         nan    1.2277    36241627912.4076
  2809.509    6.1733    0.0000    6.8570         nan    1.1178    36729457846.2275
  2867.508    6.1931    0.0000    6.8681         nan    1.0078    37174383640.3683
  2925.507    6.2107    0.0000    6.8779         nan    0.8976    37576104361.3030
  2983.506    6.2262    0.0000    6.8866         nan    0.7875    37934385206.7248
  3041.505    6.2396    0.0000    6.8940         nan    0.6777    38249079018.3613
  3099.505    6.2509    0.0000    6.9003         nan    0.5688    38520171435.6591
  3157.504    6.2602    0.0000    6.9055         nan    0.4620    38747885675.9793
  3215.503    6.2673    0.0000    6.9095         nan    0.3608    38932962719.8890
  3273.502    6.2724    0.0000    6.9124         nan    0.2795    39077585023.0097
  3331.501    6.2755    0.0000    6.9141         nan    0.3334    39189666703.9304
  3389.500    6.2765    0.0000    6.9146         nan    0.0000    39323388907.3923
