# Depth[km]  Vp[km/s]  Vs[km/s] Rho[g/cm3]    T[K]     g[m/s2]         P[Pa]        
     0.000    3.5313    2.1066    1.6212    273.1500    3.7291              0.0000
    10.347    3.5313    2.1066    1.6212    311.6541    3.7378       62556188.6216
    10.347    5.0291    3.0001    2.3089    311.6541    3.7378       62556188.6216
    28.655    5.0291    3.0001    2.3089    379.7878    3.7430      220555447.9525
    28.655    6.7628    4.0344    3.1049    379.7878    3.7430      220555447.9525
    45.846    6.7628    4.0344    3.1049    443.7656    3.7366      420342651.4315
    45.846    7.8417    4.4842    3.4773    443.7656    3.7366      420342651.4315
    55.838    7.8376    4.4774    3.4777    480.9518    3.7298      550179838.6930
    65.830    7.8331    4.4704    3.4780    518.1381    3.7230      679794813.2107
    75.822    7.8280    4.4631    3.4783    555.3243    3.7163      809184622.9718
    85.814    7.8230    4.4558    3.4785    592.5105    3.7096      938347992.4992
    95.806    7.8178    4.4484    3.4786    629.6968    3.7029     1067284984.7330
   105.798    7.8112    4.4403    3.4785    666.8830    3.6962     1195990198.9527
   115.790    7.8057    4.4327    3.4786    704.0693    3.6896     1324463093.8552
   125.782    7.8000    4.4250    3.4787    741.2555    3.6829     1452707279.4554
   135.774    7.7942    4.4173    3.4787    778.4417    3.6764     1580722007.3688
   145.766    7.7874    4.4091    3.4784    815.6280    3.6698     1708502629.0731
   155.758    7.7814    4.4012    3.4783    852.8142    3.6633     1836048735.2645
   165.750    7.7747    4.3931    3.4780    890.0005    3.6568     1963361277.5799
   175.742    7.7689    4.3853    3.4779    927.1867    3.6503     2090440353.6064
   185.734    7.7619    4.3771    3.4775    964.3729    3.6439     2217285013.5935
   195.726    7.7553    4.3689    3.4771   1001.5592    3.6375     2343892337.7716
   205.718    7.7495    4.3611    3.4769   1038.7454    3.6311     2470267186.2221
   215.711    7.7424    4.3528    3.4763   1075.9317    3.6248     2596406888.1102
   225.703    7.7359    4.3447    3.4759   1113.1179    3.6185     2722307900.1807
   235.695    7.7290    4.3364    3.4754   1150.3041    3.6122     2847974297.5244
   245.687    7.7223    4.3282    3.4750   1187.4904    3.6060     2973407857.1893
   255.679    7.7154    4.3200    3.4745   1224.6766    3.5998     3098609179.4816
   265.671    7.7089    4.3119    3.4741   1261.8629    3.5937     3223578963.5152
   275.663    7.7020    4.3037    3.4736   1299.0491    3.5876     3348318267.1784
   285.655    7.6952    4.2955    3.4731   1336.2353    3.5815     3472828117.9746
   295.647    7.6865    4.2865    3.4725   1373.4216    3.5755     3597108201.5163
   305.639    7.6786    4.2777    3.4720   1410.6078    3.5695     3721160637.5309
   315.631    7.6701    4.2688    3.4714   1447.7941    3.5636     3844986553.7061
   325.623    7.6623    4.2602    3.4710   1484.9803    3.5577     3968587418.0847
   335.615    7.6543    4.2514    3.4705   1522.1666    3.5518     4091966924.9098
   345.607    7.6456    4.2423    3.4699   1559.3528    3.5460     4215123635.1714
   355.599    7.6375    4.2335    3.4694   1596.5390    3.5402     4338058608.4035
   365.591    7.6280    4.2241    3.4687   1633.7253    3.5345     4460771985.3821
   375.583    7.6194    4.2151    3.4681   1670.9115    3.5288     4583263217.6001
   385.575    7.6107    4.2060    3.4675   1708.0978    3.5231     4705536833.7914
   395.567    7.6028    4.1973    3.4670   1745.2840    3.5175     4827595895.3286
   405.559    7.5937    4.1881    3.4663   1782.4702    3.5120     4949439457.3538
   415.551    7.5843    4.1787    3.4656   1819.6565    3.5065     5071065930.8508
   425.543    7.5708    4.1677    3.4642   1856.8427    3.5010     5192464743.4516
   435.535    7.5625    4.1587    3.4637   1894.0290    3.4956     5313641777.7422
   445.527    7.5545    4.1499    3.4632   1931.2152    3.4903     5434614270.5688
   468.251    7.5824    4.1570    3.4711   1935.3163    3.4782     5709599297.5524
   490.975    7.6104    4.1643    3.4789   1939.3303    3.4662     5984254356.6498
   513.698    7.6498    4.1762    3.4885   1944.5662    3.4543     6258647465.6919
   536.422    7.6798    4.1845    3.4966   1948.8230    3.4424     6532791146.7296
   559.146    7.7077    4.1919    3.5044   1952.8312    3.4307     6806615470.9885
   581.869    7.7351    4.1993    3.5121   1956.7737    3.4190     7080108055.8594
   604.593    7.7625    4.2068    3.5197   1960.6071    3.4075     7353267387.1694
   627.316    7.7892    4.2139    3.5273   1964.4660    3.3961     7626093640.6066
   650.040    7.8159    4.2211    3.5348   1968.3119    3.3848     7898589656.0885
   672.764    7.8417    4.2280    3.5422   1971.9238    3.3736     8170751904.9466
   695.487    7.8673    4.2349    3.5494   1975.5022    3.3626     8442577229.0127
   718.211    7.8924    4.2416    3.5566   1979.0356    3.3518     8714069876.0447
   740.935    7.9173    4.2483    3.5638   1982.5072    3.3411     8985234543.1047
   763.658    7.9419    4.2548    3.5709   1985.9528    3.3306     9256077703.6779
   786.382    7.9665    4.2615    3.5780   1989.3589    3.3203     9526607145.8200
   809.105    7.9903    4.2678    3.5849   1992.5955    3.3102     9796826384.4534
   831.829    8.0145    4.2743    3.5919   1995.8968    3.3003    10066745155.4831
   854.553    8.0382    4.2807    3.5988   1999.0337    3.2905    10336376219.4836
   877.276    8.0621    4.2872    3.6058   2002.2590    3.2811    10605731979.0619
   900.000    8.0865    4.2941    3.6128   2005.4942    3.2718    10874833286.7999
   916.844    8.1045    4.2991    3.6181   2007.8694    3.2651    11074079844.5814
   933.687    8.1219    4.3039    3.6232   2010.1183    3.2586    11273204434.8656
   950.531    8.1396    4.3090    3.6284   2012.3347    3.2521    11472211038.4759
   967.375    8.1566    4.3136    3.6334   2014.5437    3.2459    11671105180.0273
   984.219    8.1759    4.3197    3.6390   2016.8384    3.2398    11869908238.5406
  1001.062    8.1936    4.3247    3.6443   2019.0543    3.2338    12068635466.2959
  1017.906    8.2104    4.3292    3.6494   2021.1443    3.2280    12267279487.8528
  1034.750    8.2275    4.3341    3.6545   2023.2770    3.2224    12465843234.4094
  1051.594    8.2435    4.3384    3.6592   2025.3431    3.2170    12664328023.9707
  1068.437    8.2673    4.3480    3.6660   2028.1479    3.2117    12862790771.6280
  1085.281    8.3709    4.4123    3.6935   2037.7835    3.2065    13061857180.0389
  1102.125    8.4917    4.4883    3.7256   2050.5511    3.2011    13262206997.2921
  1118.969    8.5986    4.5546    3.7536   2060.6292    3.1955    13463837998.0475
  1135.812    8.6136    4.5582    3.7582   2064.1869    3.1900    13665996545.8402
  1152.656    8.6300    4.5626    3.7632   2066.6911    3.1847    13868064941.6159
  1169.500    8.6455    4.5666    3.7680   2068.9656    3.1796    14070061365.9570
  1186.344    8.6611    4.5706    3.7728   2071.1628    3.1748    14271993525.4281
  1203.187    8.6778    4.5760    3.7776   2074.8782    3.1701    14473873436.8686
  1220.031    8.7469    4.6362    3.7848   2077.7374    3.1657    14675778008.8035
  1236.875    8.7824    4.6622    3.7903   2083.4231    3.1615    14877739644.5928
  1253.719    8.7997    4.6698    3.7947   2090.1813    3.1576    15079698290.0797
  1270.562    8.8147    4.6739    3.7998   2092.6211    3.1539    15281659036.2723
  1287.406    8.8472    4.6884    3.8079   2097.1217    3.1505    15483733691.0325
  1304.250    8.8867    4.7071    3.8175   2102.4390    3.1473    15686057541.8335
  1321.094    8.9249    4.7251    3.8271   2107.5817    3.1443    15888685201.9617
  1337.937    8.9630    4.7433    3.8368   2112.9042    3.1416    16091631906.0164
  1354.781    9.0024    4.7622    3.8473   2118.1492    3.1391    16294938068.3639
  1371.625    9.0439    4.7815    3.8592   2123.9398    3.1368    16498674122.4010
  1388.469    9.0700    4.7931    3.8666   2127.5355    3.1348    16702770750.1972
  1405.312    9.0879    4.7958    3.8746   2129.3908    3.1331    16907145955.6671
  1422.156    9.1043    4.7996    3.8812   2131.4727    3.1317    17111796571.5528
  1439.000    9.1216    4.8029    3.8888   2133.4808    3.1307    17316730559.6910
  1455.844    9.1389    4.8064    3.8964   2135.5045    3.1300    17521997267.0339
  1472.687    9.1589    4.8104    3.9059   2138.2784    3.1297    17727669805.1467
  1489.531    9.2316    4.8480    3.9365   2150.8429    3.1295    17934376856.1848
  1506.375    9.2600    4.8623    3.9463   2156.5244    3.1296    18142137707.5400
  1523.219    9.2870    4.8759    3.9554   2162.0679    3.1300    18350399758.4181
  1540.062    9.3121    4.8881    3.9640   2167.1135    3.1308    18559157722.1849
  1556.906    9.3366    4.9005    3.9722   2172.4478    3.1321    18768414557.6783
  1556.906    5.0158    0.0000    4.0269         nan    3.1321    18768414557.6783
  1571.740    5.0282    0.0000    4.0319         nan    3.1328    18955618141.0745
  1586.573    5.0406    0.0000    4.0368         nan    3.1340    19143097430.4060
  1601.407    5.0531    0.0000    4.0417         nan    3.1355    19330874820.1508
  1616.240    5.0655    0.0000    4.0466         nan    3.1375    19518973590.7334
  1631.074    5.0774    0.0000    4.0514         nan    3.1398    19707413959.9742
  1645.907    5.0892    0.0000    4.0561         nan    3.1426    19896215762.0707
  1660.741    5.1010    0.0000    4.0608         nan    3.1459    20085403901.9369
  1675.574    5.1128    0.0000    4.0655         nan    3.1496    20275005756.4292
  1690.408    5.1243    0.0000    4.0700         nan    3.1537    20465047297.7886
  1690.408    5.2591    0.0000    6.4026         nan    3.1537    20465047297.7886
  1748.997    5.3206    0.0000    6.4443         nan    3.0560    21651943076.4195
  1807.587    5.3789    0.0000    6.4841         nan    2.9570    22809343459.8736
  1866.176    5.4343    0.0000    6.5220         nan    2.8568    23935975677.7886
  1924.766    5.4869    0.0000    6.5580         nan    2.7555    25030628062.1809
  1983.355    5.5367    0.0000    6.5923         nan    2.6532    26092147452.9710
  2041.944    5.5840    0.0000    6.6249         nan    2.5498    27119436964.6843
  2100.534    5.6287    0.0000    6.6558         nan    2.4455    28111454058.0595
  2159.123    5.6710    0.0000    6.6851         nan    2.3404    29067208876.5691
  2217.712    5.7109    0.0000    6.7128         nan    2.2343    29985762815.5758
  2276.302    5.7485    0.0000    6.7389         nan    2.1275    30866227296.6879
  2334.891    5.7839    0.0000    6.7636         nan    2.0199    31707762735.6851
  2393.481    5.8172    0.0000    6.7868         nan    1.9116    32509577694.1828
  2452.070    5.8483    0.0000    6.8085         nan    1.8027    33270928215.3920
  2510.659    5.8773    0.0000    6.8288         nan    1.6932    33991117362.3628
  2569.249    5.9043    0.0000    6.8477         nan    1.5831    34669494990.3392
  2627.838    5.9292    0.0000    6.8652         nan    1.4725    35305457817.9499
  2686.427    5.9522    0.0000    6.8814         nan    1.3615    35898449909.2392
  2745.017    5.9733    0.0000    6.8962         nan    1.2501    36447963763.3404
  2803.606    5.9924    0.0000    6.9096         nan    1.1383    36953542366.6039
  2862.196    6.0097    0.0000    6.9218         nan    1.0264    37414782864.7021
  2920.785    6.0251    0.0000    6.9326         nan    0.9143    37831343131.5535
  2979.374    6.0386    0.0000    6.9421         nan    0.8022    38202953868.9288
  3037.964    6.0503    0.0000    6.9504         nan    0.6905    38529442081.5433
  3096.553    6.0602    0.0000    6.9574         nan    0.5798    38810780151.5106
  3155.142    6.0683    0.0000    6.9631         nan    0.4712    39047199514.0552
  3213.732    6.0745    0.0000    6.9675         nan    0.3687    39239494412.8927
  3272.321    6.0790    0.0000    6.9706         nan    0.2873    39390023071.2527
  3330.911    6.0817    0.0000    6.9725         nan    0.3497    39507357321.8064
  3389.500    6.0826    0.0000    6.9732         nan    0.0000    39650213486.7922
