# Depth[km]  Vp[km/s]  Vs[km/s] Rho[g/cm3]    T[K]     g[m/s2]         P[Pa]        
     0.000    4.0095    2.3907    1.8481    273.1500    3.7291              0.0000
    12.584    4.0095    2.3907    1.8481    319.1738    3.7373       86730161.5231
    12.584    4.6343    2.7632    2.1361    319.1738    3.7373       86730161.5231
    26.959    4.6343    2.7632    2.1361    371.7483    3.7435      201488073.1195
    26.959    6.2158    3.7062    2.8651    371.7483    3.7435      201488073.1195
    45.356    6.2158    3.7062    2.8651    439.0366    3.7404      398811805.0320
    45.356    7.8435    4.4854    3.4776    439.0366    3.7404      398811805.0320
    55.021    7.8399    4.4791    3.4780    474.3856    3.7338      524533196.4981
    64.686    7.8359    4.4725    3.4784    509.7346    3.7273      650049721.8239
    74.350    7.8316    4.4658    3.4788    545.0836    3.7207      775359644.1588
    84.015    7.8268    4.4588    3.4790    580.4326    3.7142      900460702.3642
    93.680    7.8222    4.4519    3.4792    615.7816    3.7078     1025351933.7337
   103.345    7.8163    4.4444    3.4792    651.1306    3.7013     1150029849.7836
   113.010    7.8112    4.4372    3.4793    686.4796    3.6949     1274493039.8683
   122.674    7.8062    4.4300    3.4795    721.8286    3.6885     1398745049.1956
   132.339    7.8008    4.4227    3.4796    757.1776    3.6822     1522785926.4320
   142.004    7.7957    4.4154    3.4796    792.5266    3.6758     1646614985.0272
   151.669    7.7893    4.4077    3.4794    827.8756    3.6695     1770227747.3130
   161.334    7.7839    4.4003    3.4794    863.2246    3.6632     1893623555.5634
   170.998    7.7778    4.3926    3.4791    898.5736    3.6570     2016803734.5580
   180.663    7.7723    4.3852    3.4791    933.9226    3.6507     2139768462.0167
   190.328    7.7660    4.3775    3.4788    969.2716    3.6445     2262516948.7089
   199.993    7.7607    4.3700    3.4786   1004.6206    3.6384     2385049136.6716
   209.657    7.7546    4.3624    3.4783   1039.9696    3.6323     2507365977.5798
   219.322    7.7481    4.3545    3.4778   1075.3186    3.6262     2629462620.4243
   228.987    7.7419    4.3468    3.4774   1110.6676    3.6201     2751339102.2092
   238.652    7.7364    4.3393    3.4772   1146.0166    3.6141     2873001660.2569
   248.317    7.7301    4.3315    3.4768   1181.3656    3.6081     2994451160.5678
   257.981    7.7240    4.3238    3.4765   1216.7146    3.6021     3115685878.1805
   267.646    7.7177    4.3161    3.4761   1252.0636    3.5962     3236707068.6268
   277.311    7.7115    4.3084    3.4757   1287.4127    3.5903     3357514921.5839
   286.976    7.7053    4.3007    3.4752   1322.7617    3.5844     3478110172.0573
   296.640    7.6983    4.2927    3.4749   1358.1107    3.5786     3598495337.0386
   306.305    7.6903    4.2841    3.4744   1393.4597    3.5728     3718669999.9776
   315.970    7.6829    4.2759    3.4740   1428.8087    3.5671     3838634832.3528
   325.635    7.6756    4.2677    3.4736   1464.1577    3.5614     3958393561.4626
   335.300    7.6675    4.2591    3.4731   1499.5067    3.5557     4077944959.3156
   344.964    7.6604    4.2510    3.4727   1534.8557    3.5501     4197290016.5520
   354.629    7.6527    4.2426    3.4723   1570.2047    3.5445     4316432212.7904
   364.294    7.6455    4.2344    3.4718   1605.5537    3.5389     4435372559.3710
   373.959    7.6359    4.2252    3.4711   1640.9027    3.5334     4554106596.5544
   383.624    7.6284    4.2169    3.4707   1676.2517    3.5279     4672635937.2318
   393.288    7.6207    4.2085    3.4702   1711.6007    3.5225     4790966944.9459
   402.953    7.6130    4.2000    3.4697   1746.9497    3.5171     4909100238.7191
   412.618    7.6053    4.1916    3.4693   1782.2987    3.5118     5027037389.4069
   422.283    7.5969    4.1829    3.4687   1817.6477    3.5065     5144777465.2035
   431.947    7.5875    4.1737    3.4680   1852.9967    3.5012     5262318204.0004
   455.350    7.6206    4.1829    3.4768   1857.4333    3.4886     5546839704.1493
   478.753    7.6518    4.1914    3.4852   1861.6852    3.4761     5831038155.9787
   502.155    7.6823    4.1998    3.4935   1865.9077    3.4636     6114895786.2255
   525.558    7.7122    4.2080    3.5017   1869.8966    3.4512     6398402808.7568
   548.961    7.7405    4.2156    3.5097   1873.8292    3.4389     6681549780.3641
   572.363    7.7688    4.2233    3.5176   1877.6335    3.4268     6964327731.4387
   595.766    7.7975    4.2311    3.5255   1881.6153    3.4147     7246740887.2829
   619.168    7.8246    4.2385    3.5332   1885.2721    3.4028     7528785232.0871
   642.571    7.8512    4.2457    3.5407   1888.8565    3.3910     7810449837.1024
   665.974    7.8774    4.2526    3.5483   1892.4312    3.3794     8091736551.9071
   689.376    7.9034    4.2596    3.5557   1895.9363    3.3679     8372648484.3542
   712.779    7.9291    4.2665    3.5631   1899.3823    3.3565     8653188950.8765
   736.182    7.9546    4.2733    3.5704   1902.7791    3.3454     8933363188.1580
   759.584    7.9794    4.2799    3.5776   1906.0512    3.3344     9213173393.8782
   782.987    8.0044    4.2866    3.5848   1909.3648    3.3236     9492627531.0411
   806.389    8.0287    4.2931    3.5919   1912.5145    3.3131     9771734542.0294
   829.792    8.0536    4.2999    3.5991   1915.7184    3.3027    10050506094.6179
   853.195    8.0786    4.3070    3.6062   1918.9678    3.2926    10328960193.1321
   876.597    8.1033    4.3138    3.6134   1922.0946    3.2827    10607110851.2225
   900.000    8.1273    4.3204    3.6204   1925.0881    3.2730    10884970069.1942
   916.790    8.1445    4.3251    3.6254   1927.2130    3.2662    11084068201.4081
   933.581    8.1618    4.3299    3.6305   1929.3223    3.2596    11283032666.6050
   950.371    8.1800    4.3354    3.6358   1931.5391    3.2531    11481877954.8438
   967.162    8.1966    4.3398    3.6407   1933.6034    3.2468    11680606255.8119
   983.952    8.2154    4.3457    3.6463   1935.7011    3.2406    11879233159.5217
  1000.743    8.2333    4.3509    3.6517   1937.7882    3.2346    12077780123.3418
  1017.533    8.2495    4.3554    3.6565   1939.7934    3.2287    12276233830.6098
  1034.323    8.2655    4.3596    3.6613   1941.7385    3.2230    12474586579.2724
  1051.114    8.3541    4.4229    3.6789   1949.2740    3.2174    12673196339.7624
  1067.904    8.5103    4.5404    3.7094   1963.9283    3.2117    12872761288.0151
  1084.695    8.6190    4.6092    3.7380   1980.0436    3.2058    13073564407.6979
  1101.485    8.7028    4.6596    3.7606   1987.2517    3.1999    13275377141.0318
  1118.275    8.7177    4.6641    3.7650   1989.8032    3.1940    13477540845.4534
  1135.066    8.7333    4.6686    3.7700   1992.1646    3.1883    13679585577.8062
  1151.856    8.7486    4.6730    3.7748   1994.5724    3.1828    13881531479.0358
  1168.647    8.7637    4.6774    3.7795   1996.8920    3.1775    14083382590.9904
  1185.437    8.7785    4.6816    3.7842   1999.2352    3.1724    14285149638.8386
  1202.228    8.7934    4.6859    3.7889   2001.5924    3.1676    14486845596.2269
  1219.018    8.8085    4.6902    3.7937   2003.9093    3.1630    14688488008.9654
  1235.808    8.8279    4.6971    3.7993   2006.7396    3.1586    14890112109.7935
  1252.599    8.8655    4.7151    3.8079   2011.6518    3.1545    15091831939.5027
  1269.389    8.9028    4.7326    3.8170   2016.6209    3.1505    15293755985.2789
  1286.180    8.9408    4.7509    3.8262   2021.5382    3.1468    15495912891.8086
  1302.970    8.9776    4.7681    3.8358   2026.4965    3.1432    15698325873.1508
  1319.760    9.0162    4.7866    3.8459   2031.5633    3.1399    15901030024.7482
  1336.551    9.0533    4.8041    3.8561   2036.6285    3.1368    16104054442.0105
  1353.341    9.0778    4.8136    3.8636   2039.7286    3.1339    16307345082.3669
  1370.132    9.0935    4.8174    3.8695   2041.6815    3.1314    16510803727.8099
  1386.922    9.1090    4.8209    3.8754   2043.6552    3.1291    16714404829.5205
  1403.713    9.1249    4.8244    3.8818   2045.5774    3.1272    16918182338.6742
  1420.503    9.1412    4.8277    3.8886   2047.4332    3.1255    17122180738.5425
  1437.293    9.1576    4.8313    3.8954   2049.3824    3.1242    17326431099.0617
  1454.084    9.2276    4.8655    3.9258   2065.1160    3.1231    17531572427.4315
  1470.874    9.2852    4.8965    3.9480   2070.8328    3.1221    17738018111.7177
  1487.665    9.3122    4.9100    3.9571   2076.4740    3.1213    17945216994.5489
  1504.455    9.3389    4.9237    3.9659   2081.6456    3.1209    18152835209.6633
  1521.245    9.3652    4.9372    3.9747   2086.7936    3.1208    18360884980.8783
  1538.036    9.3893    4.9493    3.9827   2091.8078    3.1212    18569369845.9197
  1554.826    9.4133    4.9617    3.9905   2096.8107    3.1219    18778290504.3437
  1554.826    4.7081    0.0000    3.9390         nan    3.1219    18778290504.3437
  1568.283    4.7191    0.0000    3.9438         nan    3.1234    18943867456.8051
  1581.739    4.7301    0.0000    3.9487         nan    3.1252    19109728244.0445
  1595.196    4.7411    0.0000    3.9536         nan    3.1273    19275889564.3923
  1608.652    4.7522    0.0000    3.9584         nan    3.1298    19442368718.8066
  1622.109    4.7630    0.0000    3.9632         nan    3.1325    19609182193.5909
  1635.565    4.7735    0.0000    3.9679         nan    3.1357    19776343755.2797
  1649.022    4.7840    0.0000    3.9725         nan    3.1392    19943869344.1972
  1662.479    4.7945    0.0000    3.9772         nan    3.1431    20111779033.9384
  1675.935    4.8049    0.0000    3.9818         nan    3.1474    20280093627.4143
  1675.935    5.0891    0.0000    6.3217         nan    3.1474    20280093627.4143
  1735.023    5.1625    0.0000    6.3658         nan    3.0505    21459875372.8394
  1794.112    5.2318    0.0000    6.4078         nan    2.9522    22611087668.5049
  1853.200    5.2974    0.0000    6.4475         nan    2.8528    23732347864.4697
  1912.289    5.3594    0.0000    6.4852         nan    2.7521    24822349028.9897
  1971.377    5.4181    0.0000    6.5209         nan    2.6503    25879855449.0711
  2030.466    5.4735    0.0000    6.5547         nan    2.5475    26903698838.9985
  2089.554    5.5259    0.0000    6.5868         nan    2.4437    27892775137.3581
  2148.643    5.5753    0.0000    6.6170         nan    2.3389    28846041810.3063
  2207.731    5.6218    0.0000    6.6456         nan    2.2333    29762515601.0408
  2266.820    5.6656    0.0000    6.6725         nan    2.1269    30641270685.0269
  2325.908    5.7067    0.0000    6.6978         nan    2.0198    31481437213.0500
  2384.996    5.7452    0.0000    6.7215         nan    1.9119    32282200246.2759
  2444.085    5.7812    0.0000    6.7437         nan    1.8034    33042799117.7034
  2503.173    5.8148    0.0000    6.7644         nan    1.6944    33762527292.9165
  2562.262    5.8459    0.0000    6.7837         nan    1.5848    34440732865.8410
  2621.350    5.8748    0.0000    6.8015         nan    1.4748    35076819917.9845
  2680.439    5.9013    0.0000    6.8179         nan    1.3645    35670251133.3323
  2739.527    5.9255    0.0000    6.8329         nan    1.2539    36220552346.2989
  2798.616    5.9476    0.0000    6.8466         nan    1.1432    36727320224.7875
  2857.704    5.9674    0.0000    6.8589         nan    1.0326    37190235307.6067
  2916.792    5.9851    0.0000    6.8699         nan    0.9225    37609084699.9017
  2975.881    6.0006    0.0000    6.8795         nan    0.8132    37983803290.0585
  3034.969    6.0141    0.0000    6.8879         nan    0.7056    38314553145.3604
  3094.058    6.0254    0.0000    6.8949         nan    0.6017    38601888921.4510
  3153.146    6.0346    0.0000    6.9007         nan    0.5058    38847140433.0049
  3212.235    6.0418    0.0000    6.9051         nan    0.4303    39053434309.8419
  3271.323    6.0469    0.0000    6.9083         nan    0.4263    39229060656.9794
  3330.412    6.0500    0.0000    6.9102         nan    0.9063    39403107583.4693
  3389.500    6.0510    0.0000    6.9109         nan    0.0000    39773178529.9366
