# Depth[km]  Vp[km/s]  Vs[km/s] Rho[g/cm3]    T[K]     g[m/s2]         P[Pa]        
     0.000    3.6082    2.1195    1.6169    273.1500    3.7291              0.0000
    10.947    3.6082    2.1195    1.6169    314.2410    3.7384       66006968.8126
    10.947    5.1014    2.9967    2.2861    314.2410    3.7384       66006968.8126
    42.669    5.1014    2.9967    2.2861    433.3213    3.7482      337109492.4780
    42.669    6.1585    3.6177    2.7598    433.3213    3.7482      337109492.4780
    59.444    6.1585    3.6177    2.7598    496.2903    3.7470      510626220.4576
    59.444    7.9945    4.5354    3.5200    496.2903    3.7470      510626220.4576
    68.808    7.9880    4.5266    3.5199    531.4434    3.7405      634138636.2364
    78.173    7.9811    4.5178    3.5198    566.5964    3.7339      757430057.3108
    87.537    7.9742    4.5089    3.5195    601.7494    3.7274      880499656.5875
    96.902    7.9666    4.4998    3.5192    636.9025    3.7209     1003345370.3801
   106.266    7.9595    4.4910    3.5190    672.0555    3.7145     1125967703.7738
   115.631    7.9523    4.4821    3.5187    707.2085    3.7080     1248368099.9246
   124.995    7.9450    4.4733    3.5184    742.3615    3.7016     1370546394.7427
   134.360    7.9373    4.4644    3.5180    777.5146    3.6952     1492501745.4041
   143.724    7.9302    4.4557    3.5177    812.6676    3.6889     1614234787.9634
   153.089    7.9223    4.4468    3.5173    847.8206    3.6825     1735745632.4431
   162.453    7.9148    4.4380    3.5169    882.9737    3.6762     1857033133.7408
   171.818    7.9072    4.4293    3.5164    918.1267    3.6700     1978098028.3033
   181.182    7.9000    4.4208    3.5160    953.2797    3.6637     2098942171.4400
   190.547    7.8922    4.4118    3.5155    988.4327    3.6575     2219565450.5854
   199.911    7.8844    4.4032    3.5150   1023.5858    3.6513     2339966744.3212
   209.276    7.8774    4.3949    3.5146   1058.7388    3.6452     2460148346.0172
   218.640    7.8694    4.3861    3.5140   1093.8918    3.6391     2580109479.4068
   228.005    7.8618    4.3775    3.5134   1129.0448    3.6330     2699849729.4953
   237.369    7.8536    4.3687    3.5128   1164.1979    3.6269     2819370381.3540
   246.734    7.8465    4.3604    3.5123   1199.3509    3.6209     2938672866.1103
   256.098    7.8389    4.3519    3.5118   1234.5039    3.6149     3057758824.8783
   265.463    7.8308    4.3430    3.5112   1269.6570    3.6089     3176627918.7782
   274.827    7.8236    4.3347    3.5106   1304.8100    3.6030     3295281203.5811
   284.192    7.8161    4.3262    3.5100   1339.9630    3.5971     3413720068.0038
   293.556    7.8097    4.3184    3.5094   1375.1160    3.5913     3531945315.5231
   302.921    7.8013    4.3094    3.5086   1410.2691    3.5855     3649955418.5860
   312.285    7.7948    4.3016    3.5081   1445.4221    3.5797     3767752371.2741
   321.650    7.7877    4.2934    3.5075   1480.5751    3.5739     3885339253.2145
   331.014    7.7799    4.2847    3.5067   1515.7282    3.5682     4002714490.8700
   340.379    7.7726    4.2765    3.5062   1550.8812    3.5625     4119880640.4523
   349.743    7.7651    4.2680    3.5053   1586.0342    3.5569     4236837496.3524
   359.108    7.7579    4.2598    3.5048   1621.1872    3.5513     4353585857.1899
   368.472    7.7504    4.2514    3.5041   1656.3403    3.5457     4470129108.4809
   377.837    7.7432    4.2432    3.5034   1691.4933    3.5402     4586467726.8104
   387.201    7.7355    4.2346    3.5027   1726.6463    3.5347     4702601942.1029
   396.566    7.7281    4.2263    3.5020   1761.7994    3.5293     4818532240.9560
   405.930    7.7198    4.2174    3.5012   1796.9524    3.5239     4934259546.3497
   415.295    7.7130    4.2093    3.5005   1832.1054    3.5186     5049786158.4033
   424.659    7.7048    4.2006    3.4998   1867.2584    3.5132     5165114529.4670
   434.024    7.6982    4.1925    3.4991   1902.4115    3.5080     5280245857.3250
   457.323    7.7258    4.2012    3.5074   1906.7661    3.4949     5566573296.6967
   480.621    7.7528    4.2096    3.5156   1911.0521    3.4820     5852506286.1092
   503.920    7.7797    4.2181    3.5237   1915.2251    3.4691     6138038588.9245
   527.219    7.8060    4.2263    3.5317   1919.3962    3.4563     6423166781.0383
   550.518    7.8317    4.2343    3.5397   1923.4659    3.4436     6707887714.7277
   573.817    7.8574    4.2423    3.5476   1927.4386    3.4310     6992199049.0721
   597.116    7.8820    4.2500    3.5553   1931.2309    3.4185     7276095754.5045
   620.414    7.9071    4.2578    3.5632   1935.1627    3.4061     7559579754.4925
   643.713    7.9315    4.2655    3.5708   1938.8301    3.3939     7842651805.4449
   667.012    7.9556    4.2729    3.5784   1942.4429    3.3818     8125309240.9768
   690.311    7.9802    4.2808    3.5861   1946.1238    3.3698     8407562004.8797
   713.610    8.0042    4.2883    3.5938   1949.6470    3.3580     8689418565.8144
   736.908    8.0281    4.2958    3.6014   1953.0988    3.3463     8970881768.1622
   760.207    8.0521    4.3035    3.6090   1956.5217    3.3348     9251959941.0551
   783.506    8.0765    4.3114    3.6168   1959.9800    3.3235     9532670033.0751
   806.805    8.1006    4.3192    3.6245   1963.2906    3.3123     9813025347.5146
   830.104    8.1246    4.3271    3.6323   1966.5408    3.3013    10093037094.5938
   853.402    8.1483    4.3348    3.6399   1969.7938    3.2906    10372713839.6322
   876.701    8.1747    4.3441    3.6483   1972.8974    3.2800    10652093931.1249
   900.000    8.1991    4.3522    3.6563   1976.0216    3.2696    10931203166.5916
   916.705    8.2197    4.3600    3.6629   1978.2554    3.2624    11131089928.0578
   933.410    8.2392    4.3671    3.6692   1980.4824    3.2552    11330883675.7290
   950.116    8.2598    4.3750    3.6759   1982.6880    3.2481    11530590525.6472
   966.821    8.2812    4.3832    3.6830   1984.9267    3.2411    11730235882.7007
   983.526    8.3051    4.3930    3.6907   1987.2859    3.2343    11929853493.4589
  1000.231    8.3289    4.4029    3.6985   1989.5793    3.2275    12129468787.4405
  1016.936    8.3503    4.4110    3.7059   1992.0082    3.2209    12329079208.4048
  1033.641    8.3688    4.4175    3.7125   1994.4451    3.2144    12528657251.8671
  1050.347    8.3842    4.4223    3.7181   1996.6537    3.2081    12728158725.5602
  1067.052    8.3991    4.4268    3.7235   1998.7439    3.2019    12927559212.3870
  1083.757    8.4139    4.4313    3.7288   2000.8381    3.1959    13126861480.3462
  1100.462    8.5194    4.4965    3.7581   2011.6769    3.1898    13326714728.7274
  1117.167    8.6578    4.5837    3.7954   2024.9518    3.1836    13527967411.3468
  1133.872    8.8253    4.6902    3.8391   2043.8507    3.1771    13730978734.0586
  1150.578    8.9209    4.7489    3.8639   2048.2125    3.1703    13935390586.0279
  1167.283    8.9364    4.7541    3.8693   2050.5165    3.1635    14140167054.1846
  1183.988    8.9507    4.7585    3.8744   2052.7230    3.1570    14344783148.2739
  1200.693    8.9651    4.7631    3.8796   2054.9154    3.1506    14549245144.7247
  1217.398    8.9790    4.7675    3.8844   2057.0979    3.1445    14753560263.8014
  1234.103    8.9930    4.7718    3.8894   2059.2949    3.1385    14957733923.4531
  1250.809    9.0069    4.7764    3.8943   2061.4159    3.1328    15161780437.2810
  1267.514    9.0204    4.7807    3.8991   2063.6014    3.1273    15365709462.5249
  1284.219    9.0340    4.7852    3.9040   2065.7390    3.1220    15569532478.4542
  1300.924    9.0473    4.7895    3.9087   2067.8707    3.1170    15773260261.7239
  1317.629    9.0607    4.7940    3.9135   2069.9913    3.1122    15976906558.6652
  1334.334    9.0741    4.7986    3.9183   2072.0799    3.1077    16180490200.0691
  1351.040    9.0873    4.8030    3.9230   2074.1773    3.1034    16384025538.1584
  1367.745    9.1003    4.8075    3.9276   2076.2715    3.0995    16587526569.7877
  1384.450    9.1327    4.8240    3.9364   2081.0615    3.0958    16791116113.7466
  1401.155    9.1717    4.8450    3.9462   2086.2623    3.0923    16994942416.0813
  1417.860    9.2101    4.8659    3.9563   2090.7253    3.0891    17199054305.8797
  1434.566    9.2497    4.8877    3.9669   2095.5654    3.0862    17403489596.8012
  1451.271    9.2874    4.9085    3.9773   2100.3798    3.0835    17608271438.6788
  1467.976    9.3296    4.9325    3.9891   2105.2462    3.0810    17813445610.0374
  1484.681    9.3671    4.9535    4.0008   2109.7947    3.0788    18019061251.7424
  1501.386    9.4004    4.9718    4.0113   2114.2014    3.0769    18225100914.3563
  1518.091    9.4134    4.9768    4.0156   2115.9625    3.0754    18431392562.9275
  1534.797    9.4254    4.9811    4.0202   2117.9355    3.0742    18637809830.1370
  1551.502    9.4386    4.9864    4.0244   2120.0581    3.0735    18844377074.7093
  1551.502    4.8443    0.0000    4.0449         nan    3.0735    18844377074.7093
  1569.105    4.8624    0.0000    4.0513         nan    3.0728    19063395181.5282
  1586.709    4.8806    0.0000    4.0576         nan    3.0727    19282711801.8354
  1604.312    4.8987    0.0000    4.0639         nan    3.0731    19502360668.4749
  1621.916    4.9164    0.0000    4.0702         nan    3.0739    19722373606.8633
  1639.519    4.9336    0.0000    4.0762         nan    3.0753    19942778903.7955
  1657.123    4.9508    0.0000    4.0822         nan    3.0773    20163610362.5098
  1674.726    4.9679    0.0000    4.0882         nan    3.0799    20384909112.6037
  1692.330    4.9843    0.0000    4.0939         nan    3.0831    20606711538.9903
  1709.933    5.0006    0.0000    4.0996         nan    3.0869    20829054548.9377
  1709.933    5.2071    0.0000    6.3375         nan    3.0869    20829054548.9377
  1767.849    5.2631    0.0000    6.3783         nan    2.9913    21965736261.2865
  1825.765    5.3164    0.0000    6.4173         nan    2.8946    23074133519.6972
  1883.682    5.3670    0.0000    6.4544         nan    2.7967    24153060180.1655
  1941.598    5.4151    0.0000    6.4898         nan    2.6978    25201385447.5892
  1999.514    5.4608    0.0000    6.5235         nan    2.5979    26218032137.8895
  2057.430    5.5041    0.0000    6.5555         nan    2.4971    27201975260.0024
  2115.346    5.5451    0.0000    6.5860         nan    2.3953    28152240895.3232
  2173.262    5.5839    0.0000    6.6149         nan    2.2928    29067905362.7153
  2231.178    5.6206    0.0000    6.6422         nan    2.1894    29948094681.4588
  2289.094    5.6552    0.0000    6.6681         nan    2.0854    30791984353.1922
  2347.010    5.6877    0.0000    6.6925         nan    1.9806    31598799516.3850
  2404.926    5.7183    0.0000    6.7154         nan    1.8753    32367815557.7618
  2462.842    5.7469    0.0000    6.7369         nan    1.7695    33098359314.9971
  2520.759    5.7736    0.0000    6.7570         nan    1.6632    33789811088.0103
  2578.675    5.7985    0.0000    6.7758         nan    1.5566    34441607798.6478
  2636.591    5.8215    0.0000    6.7932         nan    1.4497    35053247848.9086
  2694.507    5.8427    0.0000    6.8092         nan    1.3428    35624298583.8423
  2752.423    5.8621    0.0000    6.8239         nan    1.2359    36154407900.2240
  2810.339    5.8797    0.0000    6.8373         nan    1.1293    36643322713.9172
  2868.255    5.8957    0.0000    6.8494         nan    1.0235    37090919275.5995
  2926.171    5.9099    0.0000    6.8601         nan    0.9191    37497254991.7794
  2984.087    5.9223    0.0000    6.8696         nan    0.8170    37862661620.7023
  3042.003    5.9331    0.0000    6.8778         nan    0.7194    38187923896.2052
  3099.920    5.9422    0.0000    6.8848         nan    0.6304    38474650761.7452
  3157.836    5.9497    0.0000    6.8904         nan    0.5599    38726133057.3819
  3215.752    5.9555    0.0000    6.8948         nan    0.5365    38949632985.1463
  3273.668    5.9596    0.0000    6.8980         nan    0.6768    39163927462.0496
  3331.584    5.9621    0.0000    6.8998         nan    1.9252    39434337512.0232
  3389.500    5.9629    0.0000    6.9005         nan    0.0000    40203688703.4501
