# Depth[km]  Vp[km/s]  Vs[km/s] Rho[g/cm3]    T[K]     g[m/s2]         P[Pa]        
     0.000    3.8262    2.3139    1.7477    273.1500    3.7291              0.0000
    13.401    3.8262    2.3139    1.7477    327.1890    3.7390       87340928.1084
    13.401    4.4400    2.6851    2.0280    327.1890    3.7390       87340928.1084
    28.639    4.4400    2.6851    2.0280    388.6377    3.7470      202886587.4734
    28.639    6.1988    3.7488    2.8314    388.6377    3.7470      202886587.4734
    47.926    6.1988    3.7488    2.8314    466.4139    3.7443      407502412.8984
    47.926    7.9557    4.5319    3.5032    466.4139    3.7443      407502412.8984
    57.300    7.9482    4.5226    3.5030    504.2174    3.7378      530460979.6534
    66.675    7.9402    4.5132    3.5026    542.0208    3.7313      653195500.1778
    76.049    7.9320    4.5035    3.5023    579.8242    3.7248      775704645.1161
    85.423    7.9231    4.4937    3.5017    617.6277    3.7183      897985783.0342
    94.798    7.9145    4.4840    3.5013    655.4311    3.7119     1020039034.7392
   104.172    7.9057    4.4742    3.5009    693.2345    3.7055     1141866175.6820
   113.546    7.8971    4.4646    3.5004    731.0379    3.6992     1263467280.0931
   122.921    7.8877    4.4547    3.4998    768.8414    3.6928     1384840325.5773
   132.295    7.8787    4.4450    3.4992    806.6448    3.6865     1505984792.9981
   141.669    7.8693    4.4352    3.4986    844.4482    3.6802     1626901999.9960
   151.044    7.8595    4.4253    3.4978    882.2517    3.6740     1747589068.3643
   160.418    7.8506    4.4157    3.4972    920.0551    3.6678     1868047873.6318
   169.792    7.8409    4.4058    3.4964    957.8585    3.6616     1988279520.5786
   179.167    7.8315    4.3961    3.4957    995.6620    3.6554     2108282682.3367
   188.541    7.8216    4.3862    3.4949   1033.4654    3.6493     2228056999.4181
   197.915    7.8119    4.3765    3.4941   1071.2688    3.6432     2347602646.7912
   207.290    7.8018    4.3665    3.4932   1109.0722    3.6372     2466920600.1756
   216.664    7.7923    4.3569    3.4924   1146.8757    3.6312     2586011811.9014
   226.038    7.7824    4.3470    3.4915   1184.6791    3.6252     2704877097.7245
   235.413    7.7722    4.3371    3.4906   1222.4825    3.6192     2823515017.3198
   244.787    7.7618    4.3270    3.4895   1260.2860    3.6133     2941924718.8384
   254.161    7.7527    4.3176    3.4887   1298.0894    3.6074     3060109981.5648
   263.536    7.7433    4.3081    3.4878   1335.8928    3.6016     3178073507.1233
   272.910    7.7336    4.2984    3.4867   1373.6962    3.5958     3295812505.2336
   282.285    7.7242    4.2889    3.4857   1411.4997    3.5900     3413327605.8018
   291.659    7.7147    4.2794    3.4849   1449.3031    3.5843     3530623143.2165
   301.033    7.7049    4.2698    3.4837   1487.1065    3.5786     3647697435.1305
   310.408    7.6955    4.2602    3.4828   1524.9100    3.5730     3764550743.4240
   319.782    7.6855    4.2505    3.4816   1562.7134    3.5674     3881185142.9569
   329.156    7.6759    4.2409    3.4807   1600.5168    3.5618     3997601722.3504
   338.531    7.6655    4.2310    3.4795   1638.3202    3.5563     4113801318.3686
   347.905    7.6563    4.2216    3.4786   1676.1237    3.5508     4229785411.2264
   357.279    7.6460    4.2117    3.4774   1713.9271    3.5454     4345555417.8060
   366.654    7.6363    4.2021    3.4763   1751.7305    3.5400     4461110290.7841
   376.028    7.6256    4.1920    3.4753   1789.5340    3.5346     4576453657.3468
   385.402    7.6153    4.1821    3.4741   1827.3374    3.5293     4691586052.6281
   394.777    7.6051    4.1722    3.4730   1865.1408    3.5240     4806508493.6190
   404.151    7.5945    4.1623    3.4718   1902.9442    3.5188     4921221550.7198
   413.525    7.5845    4.1524    3.4707   1940.7477    3.5136     5035726204.0359
   422.900    7.5743    4.1426    3.4696   1978.5511    3.5085     5150025871.1474
   446.755    7.6078    4.1525    3.4788   1983.6730    3.4955     5440799394.2285
   470.610    7.6397    4.1620    3.4877   1988.5269    3.4826     5731253670.1731
   494.465    7.6701    4.1709    3.4964   1993.2417    3.4698     6021367089.3005
   518.320    7.7009    4.1801    3.5051   1997.9860    3.4571     6311132042.1366
   542.175    7.7298    4.1886    3.5135   2002.5203    3.4445     6600540898.5095
   566.030    7.7584    4.1970    3.5218   2006.8683    3.4319     6889579955.0409
   589.885    7.7858    4.2050    3.5300   2011.1346    3.4195     7178242044.0204
   613.740    7.8135    4.2132    3.5382   2015.3342    3.4072     7466527470.9757
   637.595    7.8409    4.2213    3.5463   2019.5657    3.3951     7754440879.1810
   661.450    7.8678    4.2293    3.5543   2023.6110    3.3831     8041981238.9596
   685.305    7.8944    4.2372    3.5623   2027.5943    3.3712     8329148222.7902
   709.160    7.9204    4.2449    3.5702   2031.4274    3.3595     8615944060.9766
   733.015    7.9461    4.2526    3.5781   2035.2260    3.3479     8902374403.7613
   756.870    7.9723    4.2605    3.5860   2039.0910    3.3366     9188451742.7249
   780.725    7.9982    4.2683    3.5939   2042.7235    3.3254     9474188352.7520
   804.580    8.0240    4.2762    3.6018   2046.3742    3.3144     9759595034.0543
   828.435    8.0497    4.2842    3.6097   2049.8150    3.3036    10044683024.6167
   852.290    8.0758    4.2923    3.6178   2053.4488    3.2930    10329471861.8782
   876.145    8.1023    4.3008    3.6260   2056.8376    3.2827    10613987296.9846
   900.000    8.1291    4.3096    3.6343   2060.2721    3.2726    10898254729.3317
   916.607    8.1481    4.3159    3.6402   2062.5967    3.2657    11095924057.4287
   933.213    8.1689    4.3234    3.6467   2064.9422    3.2589    11293512588.2379
   949.820    8.1879    4.3299    3.6525   2067.2032    3.2522    11491023629.3682
   966.427    8.2065    4.3360    3.6585   2069.5336    3.2457    11688450677.7239
   983.033    8.2286    4.3443    3.6655   2071.8790    3.2393    11885832155.1815
   999.640    8.2521    4.3535    3.6730   2074.2455    3.2330    12083212551.3447
  1016.246    8.2762    4.3631    3.6806   2076.6568    3.2268    12280614121.6489
  1032.853    8.3022    4.3738    3.6890   2079.2028    3.2208    12478067947.5195
  1049.460    8.3189    4.3792    3.6945   2081.3074    3.2149    12675522951.7863
  1066.066    8.3354    4.3843    3.7000   2083.4130    3.2091    12872910471.4859
  1082.673    8.3523    4.3898    3.7057   2085.4720    3.2035    13070244653.7530
  1099.280    8.3688    4.3951    3.7113   2087.5830    3.1981    13267536311.0754
  1115.886    8.4234    4.4259    3.7270   2093.3262    3.1928    13465061369.2856
  1132.493    8.5725    4.5200    3.7672   2107.7805    3.1874    13663740909.7479
  1149.099    8.7505    4.6334    3.8136   2127.4956    3.1817    13864375445.0792
  1165.706    8.8589    4.7004    3.8420   2132.8109    3.1757    14066623525.4827
  1182.313    8.8745    4.7058    3.8469   2134.8672    3.1697    14269365726.8603
  1198.919    8.8908    4.7102    3.8533   2137.5951    3.1639    14472025758.3325
  1215.526    8.9060    4.7147    3.8588   2139.9862    3.1583    14674629522.7561
  1232.133    8.9211    4.7194    3.8643   2142.3482    3.1529    14877160994.0646
  1248.739    8.9359    4.7238    3.8696   2144.7197    3.1477    15079629134.8845
  1265.346    8.9506    4.7283    3.8749   2147.1212    3.1428    15282044077.4725
  1281.952    8.9648    4.7327    3.8800   2149.4334    3.1381    15484412167.5690
  1298.559    8.9793    4.7372    3.8853   2151.8237    3.1336    15686746317.3488
  1315.166    8.9935    4.7417    3.8903   2154.0911    3.1294    15889060582.6259
  1331.772    9.0081    4.7465    3.8957   2156.4769    3.1254    16091374117.2312
  1348.379    9.0209    4.7508    3.9001   2158.6147    3.1218    16293686758.7879
  1364.986    9.0348    4.7552    3.9051   2160.9121    3.1184    16496005176.5212
  1381.592    9.0475    4.7596    3.9094   2163.0032    3.1153    16698345538.1069
  1398.199    9.0706    4.7697    3.9160   2166.4079    3.1125    16900767907.8125
  1414.805    9.1130    4.7923    3.9268   2172.5594    3.1100    17103459203.6216
  1431.412    9.1511    4.8128    3.9362   2177.9742    3.1078    17306508545.4148
  1448.019    9.1895    4.8341    3.9457   2183.6793    3.1058    17509898659.7580
  1464.625    9.2286    4.8559    3.9553   2189.1993    3.1041    17713653977.8789
  1481.232    9.2689    4.8778    3.9664   2195.5680    3.1027    17917832534.9686
  1497.839    9.3092    4.9007    3.9769   2201.4554    3.1017    18122476820.8873
  1514.445    9.3500    4.9242    3.9878   2208.0448    3.1009    18327602405.9781
  1531.052    9.3729    4.9357    3.9947   2211.3616    3.1005    18533132538.4311
  1547.658    9.3852    4.9401    3.9990   2213.3643    3.1004    18738920844.4795
  1547.658    4.8573    0.0000    4.0692         nan    3.1004    18738920844.4795
  1564.335    4.8694    0.0000    4.0753         nan    3.0999    18949470758.0892
  1581.011    4.8814    0.0000    4.0814         nan    3.0997    19160296874.6390
  1597.687    4.8935    0.0000    4.0875         nan    3.1000    19371428101.3454
  1614.363    4.9054    0.0000    4.0935         nan    3.1008    19582893336.3567
  1631.040    4.9169    0.0000    4.0993         nan    3.1021    19794717254.9837
  1647.716    4.9283    0.0000    4.1051         nan    3.1038    20006927445.6040
  1664.392    4.9398    0.0000    4.1109         nan    3.1061    20219558760.5091
  1681.068    4.9510    0.0000    4.1166         nan    3.1089    20432645059.4135
  1697.745    4.9620    0.0000    4.1222         nan    3.1123    20646217740.8900
  1697.745    5.0584    0.0000    6.3341         nan    3.1123    20646217740.8900
  1756.081    5.1313    0.0000    6.3779         nan    3.0164    21800231868.8272
  1814.417    5.2002    0.0000    6.4194         nan    2.9192    22926170920.5671
  1872.754    5.2654    0.0000    6.4587         nan    2.8207    24022698091.9257
  1931.090    5.3271    0.0000    6.4960         nan    2.7211    25088550400.8242
  1989.426    5.3854    0.0000    6.5313         nan    2.6205    26122534306.3543
  2047.763    5.4406    0.0000    6.5648         nan    2.5188    27123522028.9111
  2106.099    5.4926    0.0000    6.5965         nan    2.4161    28090448458.8231
  2164.436    5.5417    0.0000    6.6264         nan    2.3126    29022308578.4281
  2222.772    5.5879    0.0000    6.6546         nan    2.2082    29918155341.0252
  2281.108    5.6315    0.0000    6.6812         nan    2.1030    30777097973.6528
  2339.445    5.6723    0.0000    6.7063         nan    1.9971    31598300701.0492
  2397.781    5.7106    0.0000    6.7297         nan    1.8906    32380981906.6106
  2456.118    5.7464    0.0000    6.7517         nan    1.7834    33124413786.1753
  2514.454    5.7797    0.0000    6.7722         nan    1.6758    33827922604.2867
  2572.790    5.8107    0.0000    6.7912         nan    1.5676    34490889734.2815
  2631.127    5.8393    0.0000    6.8088         nan    1.4591    35112753793.6342
  2689.463    5.8657    0.0000    6.8251         nan    1.3503    35693014397.7652
  2747.800    5.8898    0.0000    6.8399         nan    1.2414    36231238428.6344
  2806.136    5.9117    0.0000    6.8534         nan    1.1325    36727070409.6549
  2864.472    5.9314    0.0000    6.8656         nan    1.0239    37180249918.6433
  2922.809    5.9490    0.0000    6.8764         nan    0.9159    37590641721.0454
  2981.145    5.9644    0.0000    6.8860         nan    0.8092    37958290322.6132
  3039.482    5.9778    0.0000    6.8942         nan    0.7049    38283524885.5197
  3097.818    5.9890    0.0000    6.9012         nan    0.6056    38567177636.8570
  3156.154    5.9982    0.0000    6.9069         nan    0.5170    38811088846.0350
  3214.491    6.0054    0.0000    6.9113         nan    0.4558    39019455183.8648
  3272.827    6.0104    0.0000    6.9144         nan    0.4901    39203272758.9166
  3331.164    6.0135    0.0000    6.9163         nan    1.1707    39400970004.2636
  3389.500    6.0145    0.0000    6.9169         nan    0.0000    39873349814.3644
