# Depth[km]  Vp[km/s]  Vs[km/s] Rho[g/cm3]    T[K]     g[m/s2]         P[Pa]        
     0.000    3.4655    2.0787    1.5970    273.1500    3.7291              0.0000
    10.769    3.4655    2.0787    1.5970    312.7779    3.7384       64133672.5115
    10.769    4.9839    2.9894    2.2967    312.7779    3.7384       64133672.5115
    28.450    4.9839    2.9894    2.2967    377.8480    3.7436      215948045.9303
    28.450    6.2792    3.7664    2.8937    377.8480    3.7436      215948045.9303
    44.909    6.2792    3.7664    2.8937    438.4188    3.7404      394241795.9279
    44.909    7.9543    4.5340    3.4848    438.4188    3.7404      394241795.9279
    55.061    7.9493    4.5262    3.4850    475.7783    3.7335      526566713.2703
    65.213    7.9440    4.5184    3.4851    513.1378    3.7265      658653147.5998
    75.364    7.9384    4.5103    3.4852    550.4973    3.7196      790499455.1308
    85.516    7.9324    4.5021    3.4853    587.8568    3.7128      922103760.3216
    95.667    7.9257    4.4935    3.4851    625.2163    3.7059     1053462709.8775
   105.819    7.9195    4.4852    3.4851    662.5758    3.6991     1184576396.7627
   115.971    7.9133    4.4768    3.4850    699.9353    3.6923     1315446678.0626
   126.122    7.9070    4.4685    3.4849    737.2948    3.6856     1446073428.9287
   136.274    7.8999    4.4598    3.4846    774.6543    3.6788     1576454456.1077
   146.426    7.8935    4.4514    3.4845    812.0138    3.6721     1706589654.5019
   156.577    7.8871    4.4431    3.4843    849.3733    3.6655     1836480882.3407
   166.729    7.8798    4.4344    3.4839    886.7328    3.6588     1966125112.5456
   176.881    7.8728    4.4257    3.4835    924.0923    3.6522     2095521057.3752
   187.032    7.8665    4.4175    3.4833    961.4518    3.6457     2224672159.7891
   197.184    7.8595    4.4090    3.4829    998.8113    3.6392     2353578988.7516
   207.335    7.8526    4.4005    3.4824   1036.1708    3.6327     2482239377.8324
   217.487    7.8460    4.3921    3.4820   1073.5303    3.6262     2610653773.9697
   227.639    7.8389    4.3835    3.4815   1110.8898    3.6198     2738822902.2759
   237.790    7.8319    4.3750    3.4810   1148.2493    3.6134     2866748080.7493
   247.942    7.8250    4.3665    3.4805   1185.6088    3.6071     2994430257.4928
   258.094    7.8186    4.3583    3.4800   1222.9683    3.6008     3121870050.5042
   268.245    7.8115    4.3497    3.4794   1260.3278    3.5945     3249067006.8510
   278.397    7.8044    4.3412    3.4789   1297.6873    3.5883     3376022459.0136
   288.549    7.7980    4.3330    3.4784   1335.0468    3.5821     3502739960.8371
   298.700    7.7914    4.3247    3.4779   1372.4063    3.5760     3629220137.1333
   308.852    7.7849    4.3164    3.4773   1409.7658    3.5699     3755463490.5154
   319.004    7.7776    4.3078    3.4766   1447.1254    3.5638     3881468402.4905
   329.155    7.7705    4.2993    3.4760   1484.4849    3.5578     4007236259.4823
   339.307    7.7642    4.2912    3.4754   1521.8444    3.5518     4132770456.9454
   349.458    7.7570    4.2827    3.4747   1559.2039    3.5459     4258069449.4320
   359.610    7.7501    4.2742    3.4741   1596.5634    3.5400     4383135267.7202
   369.762    7.7438    4.2660    3.4735   1633.9229    3.5342     4507971780.3626
   379.913    7.7361    4.2572    3.4727   1671.2824    3.5284     4632577544.4175
   390.065    7.7295    4.2489    3.4720   1708.6419    3.5226     4756953322.7160
   400.217    7.7231    4.2407    3.4714   1746.0014    3.5169     4881103245.2962
   410.368    7.7150    4.2317    3.4706   1783.3609    3.5113     5005026883.7970
   420.520    7.7085    4.2234    3.4699   1820.7204    3.5057     5128725893.5569
   430.672    7.7009    4.2146    3.4691   1858.0799    3.5002     5252201291.5198
   440.823    7.6941    4.2062    3.4684   1895.4394    3.4947     5375453626.5830
   450.975    7.6859    4.1971    3.4675   1932.7989    3.4892     5498484765.5573
   473.426    7.7132    4.2054    3.4754   1937.0752    3.4773     5770431311.4200
   495.877    7.7394    4.2132    3.4833   1941.3663    3.4654     6042061640.8471
   518.329    7.7652    4.2210    3.4909   1945.5185    3.4537     6313370113.6712
   540.780    7.7902    4.2284    3.4986   1949.6916    3.4420     6584353237.1098
   563.231    7.8142    4.2354    3.5060   1953.5692    3.4304     6855003001.7441
   585.682    7.8386    4.2427    3.5135   1957.5771    3.4190     7125316455.5150
   608.134    7.8621    4.2495    3.5208   1961.3832    3.4076     7395294953.1134
   630.585    7.8854    4.2563    3.5282   1965.2315    3.3964     7664936675.1213
   653.036    7.9092    4.2633    3.5355   1969.0885    3.3853     7934250593.8342
   675.487    7.9318    4.2698    3.5428   1972.8169    3.3743     8203240179.1342
   697.939    7.9544    4.2764    3.5499   1976.4239    3.3635     8471902822.4150
   720.390    7.9770    4.2830    3.5570   1979.9614    3.3529     8740241605.9565
   742.841    7.9997    4.2895    3.5642   1983.6420    3.3424     9008268492.1351
   765.292    8.0222    4.2962    3.5713   1987.0978    3.3321     9275993235.6935
   787.744    8.0446    4.3027    3.5784   1990.5044    3.3219     9543421917.8208
   810.195    8.0665    4.3091    3.5854   1993.8658    3.3120     9810562462.5648
   832.646    8.0880    4.3152    3.5923   1997.1996    3.3022    10077419656.6163
   855.097    8.1108    4.3222    3.5994   2000.4277    3.2927    10344012001.9390
   877.549    8.1336    4.3292    3.6067   2003.6827    3.2833    10610366695.9761
   900.000    8.1564    4.3363    3.6139   2006.8516    3.2742    10876499678.4185
   916.872    8.1737    4.3416    3.6194   2009.2654    3.2675    11076292346.6664
   933.744    8.1911    4.3472    3.6250   2011.6155    3.2610    11275981509.8636
   950.616    8.2084    4.3527    3.6305   2013.9392    3.2545    11475574530.3503
   967.487    8.2281    4.3594    3.6369   2016.5193    3.2483    11675101144.9455
   984.359    8.2463    4.3655    3.6426   2018.8123    3.2421    11874575044.4659
  1001.231    8.2659    4.3724    3.6489   2021.1541    3.2361    12074001033.7279
  1018.103    8.2853    4.3793    3.6552   2023.5130    3.2303    12273402733.3555
  1034.975    8.3060    4.3869    3.6619   2025.8611    3.2246    12472799655.4182
  1051.847    8.3217    4.3915    3.6672   2028.0785    3.2191    12672172492.1399
  1068.718    8.3373    4.3961    3.6724   2030.2215    3.2138    12871489185.1246
  1085.590    8.3531    4.4008    3.6777   2032.3595    3.2086    13070760033.3041
  1102.462    8.4292    4.4467    3.6988   2040.6177    3.2036    13270425775.7134
  1119.334    8.5711    4.5374    3.7364   2054.1507    3.1984    13471361820.4595
  1136.206    8.7359    4.6435    3.7790   2071.8891    3.1929    13674136693.5317
  1153.078    8.8162    4.6920    3.8003   2076.5372    3.1872    13878284237.8777
  1169.950    8.8316    4.6962    3.8057   2078.9444    3.1816    14082786019.1247
  1186.821    8.8458    4.7000    3.8106   2081.3430    3.1762    14287204804.3411
  1203.693    8.8629    4.7048    3.8168   2083.7248    3.1711    14491576238.7101
  1220.565    8.8782    4.7091    3.8222   2086.0910    3.1661    14695927285.6814
  1237.437    8.8936    4.7134    3.8278   2088.4717    3.1614    14900252196.4840
  1254.309    8.9092    4.7178    3.8334   2090.8817    3.1569    15104571794.6545
  1271.181    8.9246    4.7222    3.8390   2093.2529    3.1527    15308901804.8878
  1288.052    8.9400    4.7265    3.8446   2095.6668    3.1487    15513255354.1412
  1304.924    8.9554    4.7309    3.8502   2098.0672    3.1450    15717648856.0863
  1321.796    8.9706    4.7353    3.8559   2100.4829    3.1416    15922100322.4367
  1338.668    8.9858    4.7397    3.8614   2102.8539    3.1384    16126624723.7678
  1355.540    9.0010    4.7441    3.8670   2105.2581    3.1356    16331239481.1639
  1372.412    9.0381    4.7623    3.8766   2110.5035    3.1330    16536069577.9064
  1389.284    9.0773    4.7822    3.8865   2116.1225    3.1307    16741247683.0363
  1406.155    9.1149    4.8013    3.8964   2121.7560    3.1287    16946798036.4532
  1423.027    9.1559    4.8228    3.9072   2127.4897    3.1269    17152759194.4722
  1439.899    9.1939    4.8426    3.9174   2133.3451    3.1254    17359156518.4688
  1456.771    9.2340    4.8639    3.9283   2139.4787    3.1242    17566011309.3078
  1473.643    9.2728    4.8849    3.9390   2145.6636    3.1233    17773358450.3562
  1490.515    9.3144    4.9079    3.9506   2151.8734    3.1227    17981234960.6340
  1507.386    9.3293    4.9130    3.9559   2154.1321    3.1225    18189516820.0005
  1524.258    9.3435    4.9176    3.9611   2156.3502    3.1228    18398061472.3041
  1541.130    9.3573    4.9219    3.9662   2158.6168    3.1234    18606892659.2293
  1558.002    9.3709    4.9264    3.9712   2160.8297    3.1246    18816035611.2292
  1558.002    4.7519    0.0000    4.0254         nan    3.1246    18816035611.2292
  1571.520    4.7623    0.0000    4.0304         nan    3.1252    18986159565.1618
  1585.037    4.7728    0.0000    4.0354         nan    3.1261    19156529664.1511
  1598.555    4.7833    0.0000    4.0404         nan    3.1274    19327162388.3153
  1612.072    4.7938    0.0000    4.0454         nan    3.1289    19498074823.3359
  1625.590    4.8041    0.0000    4.0504         nan    3.1308    19669283094.4892
  1639.107    4.8141    0.0000    4.0552         nan    3.1331    19840800741.7687
  1652.625    4.8240    0.0000    4.0600         nan    3.1357    20012643637.5177
  1666.142    4.8340    0.0000    4.0647         nan    3.1386    20184831664.9776
  1679.660    4.8440    0.0000    4.0695         nan    3.1420    20357385441.4442
  1679.660    5.2036    0.0000    6.3371         nan    3.1420    20357385441.4442
  1738.620    5.2858    0.0000    6.3792         nan    3.0446    21535238249.8168
  1797.580    5.3634    0.0000    6.4191         nan    2.9460    22683954399.6767
  1856.540    5.4366    0.0000    6.4567         nan    2.8462    23802198431.1049
  1915.500    5.5056    0.0000    6.4924         nan    2.7453    24888715319.7829
  1974.460    5.5707    0.0000    6.5260         nan    2.6434    25942324798.6418
  2033.420    5.6322    0.0000    6.5579         nan    2.5405    26961916628.9923
  2092.380    5.6901    0.0000    6.5879         nan    2.4366    27946446667.3550
  2151.340    5.7446    0.0000    6.6163         nan    2.3320    28894933606.1966
  2210.300    5.7960    0.0000    6.6430         nan    2.2265    29806456305.7741
  2269.260    5.8442    0.0000    6.6681         nan    2.1203    30680151677.4305
  2328.220    5.8894    0.0000    6.6917         nan    2.0134    31515213096.7632
  2387.180    5.9317    0.0000    6.7138         nan    1.9059    32310889369.1766
  2446.140    5.9713    0.0000    6.7345         nan    1.7978    33066484314.9406
  2505.100    6.0081    0.0000    6.7538         nan    1.6893    33781357102.2778
  2564.060    6.0422    0.0000    6.7717         nan    1.5803    34454923557.6984
  2623.020    6.0738    0.0000    6.7882         nan    1.4711    35086658835.7650
  2681.980    6.1028    0.0000    6.8034         nan    1.3617    35676102097.1550
  2740.940    6.1293    0.0000    6.8173         nan    1.2522    36222864309.0731
  2799.900    6.1533    0.0000    6.8300         nan    1.1428    36726641141.6884
  2858.860    6.1750    0.0000    6.8414         nan    1.0339    37187234601.0206
  2917.820    6.1943    0.0000    6.8515         nan    0.9259    37604590451.9448
  2976.780    6.2113    0.0000    6.8604         nan    0.8196    37978865955.0427
  3035.740    6.2259    0.0000    6.8681         nan    0.7164    38310560125.3563
  3094.700    6.2383    0.0000    6.8746         nan    0.6193    38600784884.4249
  3153.660    6.2484    0.0000    6.8800         nan    0.5354    38851891970.8636
  3212.620    6.2562    0.0000    6.8841         nan    0.4855    39069146864.0957
  3271.580    6.2618    0.0000    6.8870         nan    0.5532    39266244591.9745
  3330.540    6.2651    0.0000    6.8888         nan    1.4182    39490924438.5719
  3389.500    6.2663    0.0000    6.8894         nan    0.0000    40066981259.8788
