# Depth[km]  Vp[km/s]  Vs[km/s] Rho[g/cm3]    T[K]     g[m/s2]         P[Pa]        
     0.000    3.4982    2.0618    1.6187    273.1500    3.7291              0.0000
    10.862    3.4982    2.0618    1.6187    315.2862    3.7383       65563741.7477
    10.862    5.0145    2.9555    2.3202    315.2862    3.7383       65563741.7477
    25.317    5.0145    2.9555    2.3202    371.3675    3.7422      190946194.5294
    25.317    6.3936    3.7683    2.9584    371.3675    3.7422      190946194.5294
    42.416    6.3936    3.7683    2.9584    437.7029    3.7379      380243195.2922
    42.416    7.9516    4.5332    3.4840    437.7029    3.7379      380243195.2922
    52.331    7.9458    4.5251    3.4840    476.1697    3.7311      509366537.7796
    62.246    7.9396    4.5168    3.4840    514.6364    3.7243      638254777.8798
    72.161    7.9331    4.5083    3.4839    553.1032    3.7176      766906003.6671
    82.076    7.9262    4.4995    3.4837    591.5700    3.7108      895318365.6669
    91.991    7.9186    4.4905    3.4833    630.0367    3.7041     1023488578.1633
   101.907    7.9116    4.4818    3.4831    668.5035    3.6975     1151416639.3248
   111.822    7.9045    4.4730    3.4828    706.9703    3.6908     1279104473.8104
   121.737    7.8971    4.4640    3.4825    745.4370    3.6842     1406551430.6196
   131.652    7.8893    4.4550    3.4820    783.9038    3.6776     1533755296.7539
   141.567    7.8818    4.4460    3.4816    822.3705    3.6710     1660715895.0944
   151.482    7.8740    4.4371    3.4811    860.8373    3.6645     1787433939.8898
   161.397    7.8658    4.4279    3.4805    899.3041    3.6580     1913906734.1202
   171.312    7.8587    4.4192    3.4801    937.7708    3.6516     2040136293.5710
   181.227    7.8508    4.4101    3.4794    976.2376    3.6452     2166123576.3611
   191.143    7.8429    4.4011    3.4788   1014.7044    3.6388     2291867037.6809
   201.058    7.8348    4.3920    3.4781   1053.1711    3.6324     2417365398.2579
   210.973    7.8272    4.3832    3.4774   1091.6379    3.6261     2542618819.2163
   220.888    7.8192    4.3741    3.4767   1130.1046    3.6198     2667630479.8014
   230.803    7.8113    4.3651    3.4760   1168.5714    3.6136     2792401340.8083
   240.718    7.8040    4.3563    3.4754   1207.0382    3.6074     2916932435.9862
   250.633    7.7963    4.3475    3.4745   1245.5049    3.6012     3041222386.7894
   260.548    7.7885    4.3385    3.4739   1283.9717    3.5951     3165273339.2069
   270.464    7.7808    4.3297    3.4731   1322.4385    3.5890     3289088338.6551
   280.379    7.7724    4.3205    3.4722   1360.9052    3.5830     3412663714.8828
   290.294    7.7650    4.3117    3.4714   1399.3720    3.5770     3536000380.9783
   300.209    7.7577    4.3030    3.4706   1437.8387    3.5710     3659103441.6546
   310.124    7.7500    4.2942    3.4698   1476.3055    3.5651     3781973215.6047
   320.039    7.7418    4.2851    3.4689   1514.7723    3.5592     3904607857.9472
   329.954    7.7341    4.2763    3.4680   1553.2390    3.5534     4027008809.9402
   339.869    7.7264    4.2674    3.4671   1591.7058    3.5476     4149178730.2358
   349.784    7.7183    4.2584    3.4662   1630.1725    3.5419     4271117273.9459
   359.700    7.7107    4.2495    3.4653   1668.6393    3.5362     4392826613.5237
   369.615    7.7028    4.2406    3.4643   1707.1061    3.5305     4514308323.8401
   379.530    7.6950    4.2316    3.4634   1745.5728    3.5249     4635562975.8293
   389.445    7.6862    4.2222    3.4623   1784.0396    3.5194     4756590233.4064
   399.360    7.6788    4.2134    3.4615   1822.5064    3.5138     4877393058.6447
   409.275    7.6705    4.2043    3.4604   1860.9731    3.5084     4997973855.8582
   419.190    7.6617    4.1948    3.4593   1899.4399    3.5030     5118329325.4000
   429.105    7.6531    4.1854    3.4585   1937.9066    3.4976     5238464996.1590
   439.020    7.6432    4.1754    3.4574   1976.3734    3.4923     5358383583.9682
   462.069    7.6733    4.1848    3.4657   1981.0654    3.4801     5637020185.9148
   485.118    7.7010    4.1931    3.4738   1985.5627    3.4679     5915339923.0735
   508.167    7.7286    4.2016    3.4818   1989.9776    3.4559     6193330208.4143
   531.216    7.7541    4.2091    3.4896   1994.2120    3.4439     6470980489.7018
   554.265    7.7797    4.2167    3.4974   1998.5307    3.4320     6748287475.0584
   577.314    7.8052    4.2243    3.5052   2002.8889    3.4203     7025258641.7077
   600.363    7.8295    4.2314    3.5128   2006.9394    3.4086     7301887346.9713
   623.412    7.8543    4.2388    3.5204   2011.0709    3.3971     7578171866.3127
   646.461    7.8779    4.2456    3.5279   2015.0341    3.3858     7854117457.8577
   669.510    7.9013    4.2523    3.5354   2019.0382    3.3745     8129722537.6476
   692.559    7.9256    4.2595    3.5429   2023.0408    3.3635     8404996240.7801
   715.608    7.9489    4.2663    3.5502   2026.7989    3.3525     8679942583.6071
   738.657    7.9716    4.2727    3.5576   2030.5740    3.3418     8954562466.2411
   761.706    7.9948    4.2796    3.5649   2034.2220    3.3312     9228864653.8197
   784.755    8.0183    4.2864    3.5723   2038.0609    3.3208     9502865484.4664
   807.804    8.0414    4.2933    3.5796   2041.6383    3.3107     9776576663.8404
   830.853    8.0639    4.2998    3.5869   2045.1611    3.3007    10050002776.4819
   853.902    8.0872    4.3069    3.5942   2048.6321    3.2909    10323160281.0351
   876.951    8.1101    4.3137    3.6015   2052.0681    3.2814    10596065857.8780
   900.000    8.1332    4.3207    3.6089   2055.4653    3.2721    10868737228.8123
   916.592    8.1504    4.3261    3.6144   2057.8813    3.2655    11064817478.5465
   933.184    8.1677    4.3316    3.6199   2060.2989    3.2591    11260803888.0371
   949.776    8.1853    4.3373    3.6255   2062.7105    3.2528    11456706014.7738
   966.369    8.2032    4.3431    3.6313   2065.0518    3.2467    11652536559.2060
   982.961    8.2201    4.3484    3.6368   2067.4445    3.2407    11848300095.8231
   999.553    8.2416    4.3564    3.6435   2070.0350    3.2348    12044031827.1884
  1016.145    8.2604    4.3630    3.6496   2072.4030    3.2291    12239754914.7388
  1032.737    8.2818    4.3710    3.6565   2074.8390    3.2236    12435479608.2086
  1049.329    8.2977    4.3758    3.6619   2077.1482    3.2182    12631194455.3040
  1065.921    8.3131    4.3804    3.6670   2079.2614    3.2129    12826860201.0290
  1082.514    8.3288    4.3851    3.6723   2081.4449    3.2079    13022484644.5448
  1099.106    8.3440    4.3896    3.6773   2083.6081    3.2030    13218077628.3393
  1115.698    8.4157    4.4327    3.6970   2091.5757    3.1982    13414031507.1480
  1132.290    8.5622    4.5262    3.7358   2105.7222    3.1933    13611245777.6800
  1148.882    8.7276    4.6328    3.7783   2124.6258    3.1881    13810311219.9438
  1165.474    8.8050    4.6790    3.7989   2128.5192    3.1828    14010720679.4680
  1182.066    8.8193    4.6830    3.8038   2130.9393    3.1775    14211466007.3693
  1198.658    8.8356    4.6874    3.8097   2133.3738    3.1724    14412162906.9125
  1215.251    8.8508    4.6918    3.8151   2135.7841    3.1676    14612835715.6435
  1231.843    8.8662    4.6960    3.8206   2138.2364    3.1629    14813488499.5218
  1248.435    8.8814    4.7003    3.8260   2140.6363    3.1585    15014135034.1030
  1265.027    8.8966    4.7046    3.8315   2143.0311    3.1543    15214785760.2211
  1281.619    8.9117    4.7090    3.8370   2145.4489    3.1504    15415458244.4637
  1298.211    8.9270    4.7133    3.8425   2147.8761    3.1467    15616169997.0709
  1314.803    8.9419    4.7176    3.8479   2150.3205    3.1433    15816934218.1732
  1331.396    8.9570    4.7219    3.8535   2152.7348    3.1402    16017766299.2053
  1347.988    8.9717    4.7262    3.8589   2155.1896    3.1374    16218682512.0529
  1364.580    8.9869    4.7307    3.8645   2157.6373    3.1348    16419703078.4140
  1381.172    9.0019    4.7351    3.8701   2160.0647    3.1326    16620851684.1997
  1397.764    9.0350    4.7511    3.8788   2165.0093    3.1306    16822227403.3550
  1414.356    9.0730    4.7703    3.8885   2170.7366    3.1289    17023956791.8037
  1430.948    9.1122    4.7906    3.8986   2176.3414    3.1275    17226092342.2777
  1447.541    9.1507    4.8106    3.9088   2182.3400    3.1264    17428663493.8802
  1464.133    9.1895    4.8313    3.9190   2188.1674    3.1256    17631691630.7589
  1480.725    9.2290    4.8524    3.9298   2194.1907    3.1251    17835210654.6398
  1497.317    9.2691    4.8743    3.9407   2200.5082    3.1249    18039259900.2013
  1513.909    9.3084    4.8959    3.9517   2207.2206    3.1250    18243862752.7057
  1530.501    9.3270    4.9037    3.9579   2209.8751    3.1255    18448918393.0370
  1547.093    9.3409    4.9082    3.9630   2212.1129    3.1264    18654301233.3690
  1547.093    5.2560    0.0000    4.0002         nan    3.1264    18654301233.3690
  1564.417    5.2676    0.0000    4.0054         nan    3.1273    18871098959.4483
  1581.741    5.2793    0.0000    4.0106         nan    3.1288    19088241916.5401
  1599.065    5.2910    0.0000    4.0158         nan    3.1307    19305765755.5549
  1616.389    5.3025    0.0000    4.0209         nan    3.1333    19523705720.3901
  1633.712    5.3137    0.0000    4.0259         nan    3.1363    19742094718.6162
  1651.036    5.3248    0.0000    4.0308         nan    3.1401    19960969574.7983
  1668.360    5.3360    0.0000    4.0358         nan    3.1444    20180373134.2373
  1685.684    5.3468    0.0000    4.0406         nan    3.1494    20400346246.0679
  1703.008    5.3574    0.0000    4.0454         nan    3.1551    20620929891.4041
  1703.008    5.1995    0.0000    6.4477         nan    3.1551    20620929891.4041
  1761.162    5.2677    0.0000    6.4903         nan    3.0575    21807884318.2928
  1819.317    5.3323    0.0000    6.5309         nan    2.9587    22965530969.3098
  1877.472    5.3936    0.0000    6.5693         nan    2.8588    24092569314.7831
  1935.627    5.4516    0.0000    6.6059         nan    2.7577    25187767718.9148
  1993.782    5.5065    0.0000    6.6406         nan    2.6556    26249960056.7898
  2051.937    5.5585    0.0000    6.6734         nan    2.5525    27278042902.4987
  2110.092    5.6076    0.0000    6.7046         nan    2.4485    28270973224.3181
  2168.247    5.6540    0.0000    6.7341         nan    2.3437    29227766543.6946
  2226.402    5.6978    0.0000    6.7619         nan    2.2380    30147495539.5040
  2284.557    5.7390    0.0000    6.7882         nan    2.1317    31029289110.0139
  2342.712    5.7777    0.0000    6.8129         nan    2.0246    31872331926.9566
  2400.867    5.8140    0.0000    6.8361         nan    1.9170    32675864562.6728
  2459.021    5.8480    0.0000    6.8578         nan    1.8088    33439184332.7259
  2517.176    5.8796    0.0000    6.8781         nan    1.7002    34161647078.8695
  2575.331    5.9091    0.0000    6.8970         nan    1.5913    34842670261.0869
  2633.486    5.9363    0.0000    6.9144         nan    1.4821    35481737956.5187
  2691.641    5.9614    0.0000    6.9305         nan    1.3729    36078408756.4233
  2749.796    5.9843    0.0000    6.9453         nan    1.2637    36632328249.1606
  2807.951    6.0051    0.0000    6.9587         nan    1.1550    37143249065.6269
  2866.106    6.0239    0.0000    6.9707         nan    1.0471    37611063966.1072
  2924.261    6.0406    0.0000    6.9815         nan    0.9406    38035862572.1566
  2982.416    6.0553    0.0000    6.9910         nan    0.8368    38418033566.5928
  3040.571    6.0681    0.0000    6.9992         nan    0.7378    38758460747.2458
  3098.725    6.0788    0.0000    7.0061         nan    0.6480    39058930660.7548
  3156.880    6.0876    0.0000    7.0118         nan    0.5781    39323074568.7059
  3215.035    6.0944    0.0000    7.0162         nan    0.5589    39558883079.7642
  3273.190    6.0992    0.0000    7.0193         nan    0.7156    39786991609.4716
  3331.345    6.1021    0.0000    7.0212         nan    2.0636    40079156222.4072
  3389.500    6.1031    0.0000    7.0218         nan    0.0000    40921777065.0059
