# Depth[km]  Vp[km/s]  Vs[km/s] Rho[g/cm3]    T[K]     g[m/s2]         P[Pa]        
     0.000    3.3773    2.0028    1.5665    273.1500    3.7291              0.0000
    10.145    3.3773    2.0028    1.5665    311.0819    3.7381       59264155.9626
    10.145    5.0097    2.9708    2.3236    311.0819    3.7381       59264155.9626
    27.077    5.0097    2.9708    2.3236    374.3924    3.7427      206330123.1260
    27.077    6.2864    3.7279    2.9158    374.3924    3.7427      206330123.1260
    42.530    6.2864    3.7279    2.9158    432.1732    3.7394      374964430.6618
    42.530    7.9542    4.5349    3.4845    432.1732    3.7394      374964430.6618
    52.738    7.9490    4.5271    3.4847    470.3445    3.7324      507982672.5287
    62.947    7.9433    4.5189    3.4848    508.5159    3.7254      640757168.6946
    73.155    7.9375    4.5107    3.4848    546.6873    3.7184      773286146.3881
    83.364    7.9312    4.5022    3.4848    584.8587    3.7115      905567745.6902
    93.572    7.9241    4.4934    3.4846    623.0301    3.7046     1037598484.0123
   103.781    7.9176    4.4848    3.4845    661.2015    3.6977     1169378440.5409
   113.989    7.9110    4.4762    3.4843    699.3729    3.6909     1300909409.0006
   124.198    7.9044    4.4676    3.4842    737.5443    3.6841     1432191302.4259
   134.406    7.8970    4.4587    3.4839    775.7156    3.6773     1563221773.8375
   144.615    7.8902    4.4501    3.4836    813.8870    3.6706     1694000833.8757
   154.824    7.8828    4.4412    3.4832    852.0584    3.6638     1824528162.5528
   165.032    7.8756    4.4324    3.4829    890.2298    3.6572     1954802163.2448
   175.241    7.8685    4.4237    3.4825    928.4012    3.6505     2084824630.3744
   185.449    7.8618    4.4152    3.4821    966.5726    3.6439     2214597338.2403
   195.658    7.8546    4.4065    3.4817   1004.7440    3.6373     2344119572.1747
   205.866    7.8472    4.3977    3.4811   1042.9154    3.6308     2473389362.1322
   216.075    7.8395    4.3888    3.4805   1081.0867    3.6243     2602405026.5057
   226.283    7.8322    4.3800    3.4800   1119.2581    3.6178     2731168140.1223
   236.492    7.8245    4.3710    3.4794   1157.4295    3.6114     2859682043.8976
   246.700    7.8178    4.3625    3.4789   1195.6009    3.6050     2987947848.0360
   256.909    7.8109    4.3540    3.4783   1233.7723    3.5987     3115966683.7786
   267.117    7.8035    4.3452    3.4777   1271.9437    3.5924     3243737409.5243
   277.326    7.7965    4.3366    3.4771   1310.1151    3.5861     3371261341.5508
   287.534    7.7896    4.3281    3.4765   1348.2865    3.5799     3498541528.5650
   297.743    7.7827    4.3195    3.4759   1386.4578    3.5737     3625578653.7031
   307.951    7.7750    4.3106    3.4751   1424.6292    3.5675     3752370776.3790
   318.160    7.7675    4.3019    3.4744   1462.8006    3.5614     3878918348.6594
   328.368    7.7610    4.2937    3.4738   1500.9720    3.5554     4005225811.0827
   338.577    7.7532    4.2847    3.4730   1539.1434    3.5494     4131292631.6838
   348.785    7.7467    4.2764    3.4723   1577.3148    3.5434     4257119736.2150
   358.994    7.7390    4.2675    3.4716   1615.4862    3.5375     4382710060.8941
   369.202    7.7316    4.2588    3.4707   1653.6576    3.5316     4508062152.5713
   379.411    7.7244    4.2501    3.4700   1691.8289    3.5258     4633179049.9061
   389.619    7.7174    4.2415    3.4693   1730.0003    3.5201     4758065010.6882
   399.828    7.7096    4.2325    3.4684   1768.1717    3.5143     4882717026.4447
   410.036    7.7028    4.2240    3.4677   1806.3431    3.5087     5007136972.6875
   420.245    7.6944    4.2148    3.4668   1844.5145    3.5030     5131327573.2962
   430.453    7.6873    4.2061    3.4660   1882.6859    3.4975     5255288834.9364
   440.662    7.6791    4.1969    3.4651   1920.8573    3.4920     5379022217.2314
   450.870    7.6713    4.1878    3.4644   1959.0287    3.4865     5502531324.7352
   473.327    7.6987    4.1961    3.4723   1963.3747    3.4746     5774080675.8426
   495.783    7.7257    4.2044    3.4801   1967.6856    3.4627     6045314653.8202
   518.240    7.7506    4.2118    3.4877   1971.7737    3.4510     6316223078.9966
   540.696    7.7757    4.2192    3.4954   1975.9988    3.4393     6586803101.3655
   563.153    7.8007    4.2267    3.5030   1980.2007    3.4277     6857060361.6768
   585.609    7.8245    4.2337    3.5103   1984.0594    3.4163     7126985397.3276
   608.066    7.8487    4.2408    3.5178   1988.1235    3.4050     7396577351.7160
   630.522    7.8722    4.2477    3.5251   1991.9429    3.3937     7665841220.1127
   652.979    7.8950    4.2542    3.5324   1995.8445    3.3827     7934775198.5739
   675.435    7.9186    4.2612    3.5398   1999.7199    3.3717     8203386832.4669
   697.892    7.9412    4.2677    3.5469   2003.4158    3.3609     8471678629.2023
   720.348    7.9639    4.2743    3.5541   2007.0209    3.3503     8739650000.0422
   742.805    7.9858    4.2806    3.5611   2010.6152    3.3398     9007305214.8029
   765.261    8.0093    4.2876    3.5684   2014.3127    3.3295     9274662217.9897
   787.718    8.0309    4.2937    3.5754   2017.7764    3.3193     9541726815.6191
   810.174    8.0536    4.3005    3.5825   2021.1991    3.3094     9808504461.0492
   832.631    8.0756    4.3068    3.5896   2024.6380    3.2996    10075013294.8522
   855.087    8.0980    4.3136    3.5967   2027.9226    3.2901    10341260943.2833
   877.544    8.1209    4.3206    3.6039   2031.2532    3.2808    10607266843.6954
   900.000    8.1435    4.3276    3.6112   2034.4710    3.2717    10873052176.1865
   916.685    8.1605    4.3328    3.6166   2036.8698    3.2650    11070326511.5329
   933.370    8.1779    4.3383    3.6222   2039.2973    3.2586    11267501394.5685
   950.055    8.1951    4.3438    3.6277   2041.6679    3.2522    11464587146.1250
   966.740    8.2132    4.3497    3.6335   2044.0185    3.2460    11661597464.4492
   983.425    8.2327    4.3565    3.6397   2046.5737    3.2399    11858556999.7130
  1000.111    8.2523    4.3635    3.6459   2048.9118    3.2340    12055482644.4556
  1016.796    8.2715    4.3702    3.6522   2051.3012    3.2282    12252384158.1716
  1033.481    8.2922    4.3779    3.6588   2053.6738    3.2226    12449280849.9940
  1050.166    8.3079    4.3826    3.6641   2055.8919    3.2171    12646154285.6204
  1066.851    8.3236    4.3873    3.6693   2058.0253    3.2118    12842974763.9107
  1083.536    8.3392    4.3919    3.6746   2060.2138    3.2067    13039753195.9850
  1100.221    8.3552    4.3969    3.6799   2062.4338    3.2018    13236503288.2497
  1116.906    8.4744    4.4725    3.7118   2074.8827    3.1969    13433944481.6101
  1133.591    8.6310    4.5727    3.7530   2090.3137    3.1917    13633030597.9508
  1150.276    8.8008    4.6821    3.7963   2104.4943    3.1863    13834046268.2181
  1166.961    8.8162    4.6864    3.8018   2107.0669    3.1807    14036014165.3555
  1183.646    8.8304    4.6903    3.8066   2109.4596    3.1754    14237903914.2334
  1200.332    8.8470    4.6948    3.8126   2111.8695    3.1702    14439742435.7949
  1217.017    8.8622    4.6991    3.8180   2114.2648    3.1653    14641556497.3716
  1233.702    8.8775    4.7034    3.8235   2116.6405    3.1606    14843343506.5440
  1250.387    8.8929    4.7077    3.8291   2119.0725    3.1562    15045122358.2948
  1267.072    8.9083    4.7121    3.8346   2121.4644    3.1519    15246909967.7164
  1283.757    8.9234    4.7164    3.8401   2123.8398    3.1479    15448716621.7690
  1300.442    8.9386    4.7207    3.8456   2126.2686    3.1442    15650556058.9094
  1317.127    8.9540    4.7251    3.8513   2128.7102    3.1408    15852450560.1360
  1333.812    8.9688    4.7294    3.8567   2131.1348    3.1376    16054413841.6826
  1350.497    8.9841    4.7339    3.8623   2133.5038    3.1347    16256461756.0676
  1367.182    8.9987    4.7381    3.8677   2135.9337    3.1321    16458610761.5232
  1383.868    9.0286    4.7520    3.8759   2140.4512    3.1298    16660946851.7247
  1400.553    9.0680    4.7720    3.8859   2146.0251    3.1278    16863609107.3161
  1417.238    9.1061    4.7915    3.8958   2151.7826    3.1260    17066659598.8608
  1433.923    9.1457    4.8121    3.9062   2157.6221    3.1245    17270124885.7881
  1450.608    9.1840    4.8321    3.9164   2163.4013    3.1233    17474030785.8296
  1467.293    9.2235    4.8531    3.9271   2169.4155    3.1224    17678403942.4663
  1483.978    9.2638    4.8752    3.9381   2175.5563    3.1218    17883282249.1473
  1500.663    9.3008    4.8952    3.9484   2182.1558    3.1215    18088677458.2590
  1517.348    9.3254    4.9069    3.9560   2185.2897    3.1216    18294521634.5247
  1534.033    9.3394    4.9114    3.9612   2187.5568    3.1221    18500703813.7438
  1550.718    9.3532    4.9159    3.9663   2189.8232    3.1231    18707187731.8786
  1550.718    5.1847    0.0000    4.0046         nan    3.1231    18707187731.8786
  1567.375    5.1971    0.0000    4.0098         nan    3.1239    18915634487.3338
  1584.031    5.2095    0.0000    4.0149         nan    3.1253    19124405909.9673
  1600.687    5.2219    0.0000    4.0200         nan    3.1271    19333533630.1199
  1617.343    5.2342    0.0000    4.0251         nan    3.1294    19543049509.0223
  1633.999    5.2460    0.0000    4.0300         nan    3.1323    19752982039.2670
  1650.655    5.2579    0.0000    4.0349         nan    3.1357    19963362493.8232
  1667.311    5.2697    0.0000    4.0398         nan    3.1397    20174228671.6711
  1683.967    5.2813    0.0000    4.0446         nan    3.1443    20385617794.1131
  1700.624    5.2926    0.0000    4.0493         nan    3.1495    20597565287.7927
  1700.624    5.2692    0.0000    6.4411         nan    3.1495    20597565287.7927
  1758.861    5.3487    0.0000    6.4824         nan    3.0515    21782776841.4257
  1817.098    5.4238    0.0000    6.5216         nan    2.9522    22938251195.1845
  1875.335    5.4947    0.0000    6.5587         nan    2.8518    24062689089.1443
  1933.572    5.5616    0.0000    6.5938         nan    2.7503    25154866740.0971
  1991.809    5.6249    0.0000    6.6270         nan    2.6477    26213630613.6100
  2050.046    5.6845    0.0000    6.6584         nan    2.5442    27237892989.2815
  2108.283    5.7408    0.0000    6.6881         nan    2.4397    28226628179.5991
  2166.520    5.7938    0.0000    6.7161         nan    2.3344    29178869287.1372
  2224.758    5.8438    0.0000    6.7425         nan    2.2283    30093705406.9872
  2282.995    5.8907    0.0000    6.7673         nan    2.1214    30970279213.1390
  2341.232    5.9347    0.0000    6.7906         nan    2.0138    31807784872.3175
  2399.469    5.9760    0.0000    6.8125         nan    1.9056    32605466245.6471
  2457.706    6.0145    0.0000    6.8330         nan    1.7967    33362615352.6495
  2515.943    6.0504    0.0000    6.8520         nan    1.6872    34078571077.6098
  2574.180    6.0837    0.0000    6.8697         nan    1.5772    34752718117.1392
  2632.417    6.1144    0.0000    6.8861         nan    1.4668    35384486184.2973
  2690.655    6.1427    0.0000    6.9012         nan    1.3559    35973349510.1102
  2748.892    6.1686    0.0000    6.9150         nan    1.2446    36518826728.3027
  2807.129    6.1921    0.0000    6.9275         nan    1.1329    37020481307.5564
  2865.366    6.2132    0.0000    6.9388         nan    1.0210    37477922845.4056
  2923.603    6.2321    0.0000    6.9489         nan    0.9089    37890809843.9302
  2981.840    6.2486    0.0000    6.9577         nan    0.7967    38258855252.3249
  3040.077    6.2629    0.0000    6.9654         nan    0.6845    38581837636.5547
  3098.314    6.2750    0.0000    6.9718         nan    0.5727    38859624945.4226
  3156.552    6.2849    0.0000    6.9771         nan    0.4619    39092229988.5867
  3214.789    6.2925    0.0000    6.9812         nan    0.3540    39279959134.6634
  3273.026    6.2980    0.0000    6.9841         nan    0.2564    39423902928.9930
  3331.263    6.3012    0.0000    6.9858         nan    0.2297    39528215265.6316
  3389.500    6.3023    0.0000    6.9864         nan    0.0000    39621648761.7165
