# Depth[km]  Vp[km/s]  Vs[km/s] Rho[g/cm3]    T[K]     g[m/s2]         P[Pa]        
     0.000    3.8719    2.3178    1.7526    273.1500    3.7291              0.0000
    13.868    3.8719    2.3178    1.7526    330.7491    3.7393       90636600.0319
    13.868    4.9443    2.9597    2.2380    330.7491    3.7393       90636600.0319
    35.136    4.9443    2.9597    2.2380    419.0861    3.7467      268615333.2986
    35.136    5.5320    3.3116    2.5041    419.0861    3.7467      268615333.2986
    46.782    5.5320    3.3116    2.5041    467.4628    3.7483      377885317.7334
    46.782    7.9939    4.5406    3.5184    467.4628    3.7483      377885317.7334
    56.306    7.9854    4.5305    3.5179    507.0188    3.7416      503469146.6958
    65.829    7.9767    4.5202    3.5174    546.5749    3.7349      628809788.9854
    75.352    7.9676    4.5098    3.5168    586.1309    3.7282      753906085.1164
    84.875    7.9580    4.4992    3.5161    625.6870    3.7216      878755823.9939
    94.399    7.9487    4.4888    3.5155    665.2431    3.7149     1003359447.1301
   103.922    7.9393    4.4784    3.5148    704.7991    3.7083     1127718366.1666
   113.445    7.9295    4.4679    3.5140    744.3552    3.7018     1251830672.3364
   122.968    7.9199    4.4576    3.5133    783.9113    3.6952     1375696488.2329
   132.492    7.9101    4.4472    3.5124    823.4673    3.6888     1499316028.5923
   142.015    7.9005    4.4370    3.5117    863.0234    3.6823     1622689993.6075
   151.538    7.8904    4.4266    3.5108    902.5794    3.6758     1745818550.0066
   161.061    7.8805    4.4163    3.5098    942.1355    3.6694     1868699969.0798
   170.584    7.8703    4.4061    3.5089    981.6916    3.6631     1991334266.7629
   180.108    7.8603    4.3958    3.5079   1021.2476    3.6567     2113722260.7143
   189.631    7.8507    4.3858    3.5070   1060.8037    3.6504     2235865633.7695
   199.154    7.8407    4.3757    3.5060   1100.3598    3.6442     2357764402.3178
   208.677    7.8303    4.3653    3.5049   1139.9158    3.6379     2479418103.9296
   218.201    7.8202    4.3552    3.5039   1179.4719    3.6318     2600828126.8114
   227.724    7.8102    4.3451    3.5028   1219.0279    3.6256     2721995123.6534
   237.247    7.8003    4.3351    3.5017   1258.5840    3.6195     2842919457.9088
   246.770    7.7901    4.3248    3.5007   1298.1401    3.6134     2963603442.8414
   256.294    7.7812    4.3153    3.4997   1337.6961    3.6074     3084049102.5138
   265.817    7.7711    4.3052    3.4984   1377.2522    3.6014     3204254593.7252
   275.340    7.7614    4.2954    3.4973   1416.8083    3.5954     3324220033.8571
   284.863    7.7518    4.2854    3.4962   1456.3643    3.5895     3443948584.1463
   294.387    7.7421    4.2756    3.4950   1495.9204    3.5836     3563440436.6528
   303.910    7.7321    4.2655    3.4938   1535.4764    3.5777     3682695499.5054
   313.433    7.7217    4.2554    3.4926   1575.0325    3.5719     3801715024.4641
   322.956    7.7123    4.2457    3.4915   1614.5886    3.5662     3920501401.6735
   332.480    7.7024    4.2357    3.4902   1654.1446    3.5605     4039056038.2483
   342.003    7.6922    4.2256    3.4890   1693.7007    3.5548     4157378863.3537
   351.526    7.6822    4.2155    3.4878   1733.2568    3.5492     4275471661.2996
   361.049    7.6724    4.2056    3.4866   1772.8128    3.5436     4393336266.7064
   370.573    7.6625    4.1956    3.4853   1812.3689    3.5380     4510973582.3991
   380.096    7.6518    4.1852    3.4840   1851.9250    3.5325     4628384172.6831
   389.619    7.6416    4.1750    3.4827   1891.4810    3.5271     4745568240.0808
   399.142    7.6314    4.1649    3.4814   1931.0371    3.5217     4862527520.3698
   408.666    7.6210    4.1547    3.4801   1970.5931    3.5163     4979264064.0096
   418.189    7.6109    4.1445    3.4788   2010.1492    3.5110     5095779214.9631
   427.712    7.6001    4.1341    3.4773   2049.7053    3.5058     5212071339.1440
   451.326    7.6309    4.1438    3.4861   2054.8532    3.4928     5500310528.5298
   474.941    7.6601    4.1530    3.4948   2059.8199    3.4800     5788209096.9903
   498.555    7.6890    4.1620    3.5033   2064.6894    3.4672     6075752771.8372
   522.170    7.7174    4.1711    3.5118   2069.4924    3.4545     6362938698.5789
   545.784    7.7447    4.1797    3.5201   2074.0581    3.4419     6649755378.8692
   569.398    7.7710    4.1878    3.5282   2078.6063    3.4294     6936191524.2769
   593.013    7.7973    4.1960    3.5364   2083.0546    3.4170     7222248209.0414
   616.627    7.8232    4.2041    3.5444   2087.4307    3.4047     7507923987.8983
   640.242    7.8491    4.2122    3.5525   2091.7175    3.3926     7793220356.3013
   663.856    7.8738    4.2198    3.5603   2095.8613    3.3806     8078136134.1487
   687.470    7.8992    4.2278    3.5683   2100.0195    3.3687     8362676921.8773
   711.085    7.9241    4.2357    3.5762   2103.9829    3.3570     8646849886.1269
   734.699    7.9489    4.2434    3.5841   2108.0794    3.3454     8930659765.7698
   758.314    7.9738    4.2514    3.5920   2111.9379    3.3341     9214117751.8402
   781.928    7.9990    4.2594    3.6000   2115.8738    3.3229     9497238441.5717
   805.542    8.0237    4.2675    3.6079   2119.5548    3.3118     9780032212.0917
   829.157    8.0489    4.2757    3.6160   2123.2636    3.3010    10062512348.7769
   852.771    8.0739    4.2839    3.6240   2126.8970    3.2904    10344695894.5584
   876.386    8.1006    4.2931    3.6325   2130.5994    3.2800    10626613052.5982
   900.000    8.1269    4.3022    3.6410   2134.1441    3.2698    10908296207.2381
   917.489    8.1472    4.3093    3.6475   2136.7550    3.2624    11116697535.5000
   934.979    8.1679    4.3169    3.6542   2139.3413    3.2551    11325002424.4262
   952.468    8.1892    4.3248    3.6611   2141.9188    3.2479    11533229109.9290
   969.957    8.2102    4.3325    3.6679   2144.4883    3.2409    11741388847.5881
   987.447    8.2352    4.3427    3.6759   2147.1154    3.2340    11949519457.2669
  1004.936    8.2580    4.3515    3.6835   2149.7443    3.2273    12157648949.0546
  1022.425    8.2773    4.3580    3.6904   2152.5809    3.2207    12365750469.2041
  1039.915    8.2964    4.3645    3.6972   2155.3603    3.2142    12573810093.9233
  1057.404    8.3156    4.3711    3.7040   2158.1249    3.2079    12781836136.3175
  1074.894    8.3338    4.3773    3.7105   2160.8322    3.2018    12989828667.6080
  1092.383    8.3495    4.3821    3.7162   2163.2590    3.1958    13197763641.8332
  1109.872    8.3734    4.3925    3.7251   2164.6408    3.1900    13405719328.5867
  1127.362    8.3975    4.4029    3.7342   2165.9499    3.1844    13613802796.9953
  1144.851    8.4795    4.4520    3.7579   2173.4032    3.1789    13822434134.9870
  1162.340    8.6474    4.5582    3.8027   2190.5566    3.1731    14032604625.1622
  1179.830    8.8599    4.6946    3.8568   2208.0752    3.1669    14245138046.6632
  1197.319    8.8755    4.6995    3.8624   2210.5787    3.1606    14458909332.7173
  1214.808    8.8902    4.7037    3.8678   2212.8288    3.1545    14672557711.0655
  1232.298    8.9047    4.7079    3.8735   2214.8022    3.1486    14886100470.0105
  1249.787    8.9196    4.7123    3.8791   2216.9283    3.1429    15099555701.8946
  1267.276    8.9338    4.7165    3.8846   2218.9563    3.1375    15312932351.1392
  1284.766    8.9477    4.7205    3.8900   2220.6937    3.1324    15526241523.0857
  1302.255    8.9614    4.7242    3.8956   2222.5939    3.1275    15739503440.8865
  1319.744    8.9753    4.7283    3.9013   2224.3051    3.1229    15952743715.0922
  1337.234    8.9885    4.7320    3.9067   2225.6764    3.1186    16165975163.4687
  1354.723    9.0019    4.7356    3.9125   2227.3987    3.1146    16379217188.2193
  1372.213    9.0153    4.7396    3.9181   2228.8128    3.1109    16592494848.5829
  1389.702    9.0280    4.7429    3.9238   2230.2192    3.1076    16805828210.0902
  1407.191    9.0411    4.7465    3.9297   2231.5205    3.1045    17019246935.1136
  1424.681    9.0529    4.7496    3.9348   2232.2075    3.1019    17232755391.3103
  1442.170    9.0660    4.7532    3.9411   2233.4080    3.0995    17446387429.7395
  1459.659    9.0825    4.7590    3.9478   2235.0224    3.0976    17660212891.5656
  1477.149    9.1231    4.7803    3.9599   2239.6510    3.0960    17874411975.3343
  1494.638    9.1654    4.8032    3.9721   2244.0719    3.0947    18089157412.5582
  1512.127    9.2068    4.8257    3.9846   2248.5710    3.0937    18304482255.3173
  1529.617    9.2500    4.8498    3.9981   2253.2698    3.0931    18520442916.1016
  1547.106    9.2775    4.8636    4.0076   2256.7832    3.0928    18736979957.6090
  1564.595    9.2902    4.8682    4.0122   2258.7772    3.0930    18953876852.8094
  1582.085    9.3034    4.8731    4.0169   2260.9266    3.0937    19171038287.2115
  1582.085    4.7691    0.0000    4.0599         nan    3.0937    19171038287.2115
  1595.512    4.7797    0.0000    4.0649         nan    3.0940    19339787918.3630
  1608.940    4.7903    0.0000    4.0698         nan    3.0947    19508764800.4822
  1622.367    4.8009    0.0000    4.0748         nan    3.0957    19677985330.1330
  1635.794    4.8114    0.0000    4.0797         nan    3.0970    19847466509.4574
  1649.222    4.8218    0.0000    4.0846         nan    3.0987    20017224273.3230
  1662.649    4.8319    0.0000    4.0893         nan    3.1007    20187272194.4571
  1676.076    4.8419    0.0000    4.0941         nan    3.1030    20357626285.8062
  1689.504    4.8520    0.0000    4.0988         nan    3.1057    20528306348.8729
  1702.931    4.8621    0.0000    4.1035         nan    3.1088    20699332920.1589
  1702.931    4.9752    0.0000    6.3462         nan    3.1088    20699332920.1589
  1761.089    5.0590    0.0000    6.3913         nan    3.0130    21850816675.6114
  1819.246    5.1379    0.0000    6.4338         nan    2.9158    22974468716.3639
  1877.404    5.2123    0.0000    6.4739         nan    2.8173    24068883615.6960
  1935.561    5.2823    0.0000    6.5119         nan    2.7177    25132741485.6508
  1993.719    5.3483    0.0000    6.5478         nan    2.6169    26164801250.9807
  2051.876    5.4106    0.0000    6.5816         nan    2.5151    27163895000.3881
  2110.034    5.4692    0.0000    6.6135         nan    2.4122    28128923201.2375
  2168.192    5.5243    0.0000    6.6437         nan    2.3085    29058850608.4657
  2226.349    5.5762    0.0000    6.6720         nan    2.2038    29952702732.2433
  2284.507    5.6249    0.0000    6.6987         nan    2.0984    30809562761.8234
  2342.664    5.6706    0.0000    6.7237         nan    1.9921    31628568859.0073
  2400.822    5.7133    0.0000    6.7472         nan    1.8851    32408911746.9576
  2458.979    5.7532    0.0000    6.7691         nan    1.7775    33149832524.2767
  2517.137    5.7903    0.0000    6.7895         nan    1.6691    33850620638.1312
  2575.294    5.8247    0.0000    6.8084         nan    1.5602    34510611942.8718
  2633.452    5.8565    0.0000    6.8259         nan    1.4507    35129186751.9350
  2691.609    5.8857    0.0000    6.8420         nan    1.3407    35705767753.9128
  2749.767    5.9124    0.0000    6.8567         nan    1.2301    36239817596.0056
  2807.925    5.9366    0.0000    6.8701         nan    1.1191    36730835804.7579
  2866.082    5.9585    0.0000    6.8822         nan    1.0075    37178354455.3462
  2924.240    5.9779    0.0000    6.8929         nan    0.8954    37581931463.3089
  2982.397    5.9950    0.0000    6.9023         nan    0.7828    37941139197.3561
  3040.555    6.0097    0.0000    6.9105         nan    0.6693    38255543323.6490
  3098.712    6.0221    0.0000    6.9174         nan    0.5546    38524659511.7313
  3156.870    6.0323    0.0000    6.9230         nan    0.4376    38747854103.1658
  3215.027    6.0402    0.0000    6.9273         nan    0.3150    38924079699.7405
  3273.185    6.0458    0.0000    6.9304         nan    0.1736    39051004807.5018
  3331.342    6.0491    0.0000    6.9323         nan   -0.0946    39120973173.7311
  3389.500    6.0503    0.0000    6.9329         nan    0.0000    39082829132.7016
