# Depth[km]  Vp[km/s]  Vs[km/s] Rho[g/cm3]    T[K]     g[m/s2]         P[Pa]        
     0.000    3.8866    2.3425    1.7587    273.1500    3.7291              0.0000
    12.879    3.8866    2.3425    1.7587    326.5636    3.7385       84462833.9395
    12.879    4.5319    2.7313    2.0506    326.5636    3.7385       84462833.9395
    27.745    4.5319    2.7313    2.0506    388.2242    3.7460      198431633.8647
    27.745    5.6227    3.3888    2.5442    388.2242    3.7460      198431633.8647
    45.971    5.6227    3.3888    2.5442    463.8234    3.7478      372142586.5962
    45.971    7.9954    4.5418    3.5186    463.8234    3.7478      372142586.5962
    55.250    7.9872    4.5319    3.5182    502.3085    3.7412      494492926.5039
    64.529    7.9787    4.5220    3.5177    540.7937    3.7347      616612336.7455
    73.807    7.9699    4.5119    3.5171    579.2789    3.7282      738499854.4537
    83.086    7.9605    4.5015    3.5164    617.7640    3.7217      860153147.7410
    92.364    7.9516    4.4914    3.5158    656.2492    3.7152      981572351.1459
   101.643    7.9425    4.4813    3.5152    694.7343    3.7088     1102759145.1717
   110.922    7.9334    4.4713    3.5145    733.2195    3.7024     1223713537.7679
   120.200    7.9238    4.4611    3.5137    771.7046    3.6960     1344434278.6897
   129.479    7.9139    4.4508    3.5129    810.1898    3.6897     1464919336.6324
   138.757    7.9047    4.4409    3.5122    848.6749    3.6833     1585170577.1478
   148.036    7.8950    4.4308    3.5113    887.1601    3.6770     1705188568.4051
   157.315    7.8855    4.4209    3.5105    925.6452    3.6708     1824972376.8147
   166.593    7.8757    4.4109    3.5096    964.1304    3.6646     1944522242.5636
   175.872    7.8661    4.4010    3.5087   1002.6155    3.6584     2063838483.0720
   185.150    7.8563    4.3911    3.5077   1041.1007    3.6522     2182921225.0998
   194.429    7.8466    4.3812    3.5067   1079.5858    3.6461     2301770372.3949
   203.707    7.8367    4.3712    3.5057   1118.0710    3.6400     2420387083.1004
   212.986    7.8270    4.3613    3.5048   1156.5561    3.6339     2538772889.6953
   222.265    7.8178    4.3517    3.5038   1195.0413    3.6279     2656929216.0516
   231.543    7.8077    4.3418    3.5027   1233.5264    3.6219     2774854517.0974
   240.822    7.7976    4.3319    3.5017   1272.0116    3.6159     2892549789.8952
   250.100    7.7882    4.3221    3.5007   1310.4967    3.6100     3010017948.2797
   259.379    7.7790    4.3127    3.4996   1348.9819    3.6041     3127257557.8109
   268.658    7.7695    4.3028    3.4985   1387.4671    3.5983     3244268884.6609
   277.936    7.7606    4.2935    3.4974   1425.9522    3.5925     3361054827.3345
   287.215    7.7511    4.2838    3.4963   1464.4374    3.5867     3477616092.8123
   296.493    7.7415    4.2742    3.4952   1502.9225    3.5810     3593952168.1403
   305.772    7.7319    4.2644    3.4940   1541.4077    3.5753     3710063856.4430
   315.051    7.7220    4.2547    3.4928   1579.8928    3.5696     3825952240.9489
   324.329    7.7124    4.2451    3.4917   1618.3780    3.5640     3941618868.5160
   333.608    7.7030    4.2354    3.4905   1656.8631    3.5584     4057065781.9193
   342.886    7.6929    4.2255    3.4893   1695.3483    3.5529     4172292490.1132
   352.165    7.6834    4.2159    3.4881   1733.8334    3.5474     4287300413.1152
   361.443    7.6740    4.2062    3.4870   1772.3186    3.5419     4402092322.8666
   370.722    7.6637    4.1962    3.4857   1810.8037    3.5365     4516667815.7511
   380.001    7.6537    4.1863    3.4844   1849.2889    3.5312     4631027020.2956
   389.279    7.6439    4.1765    3.4832   1887.7740    3.5258     4745171263.2318
   398.558    7.6335    4.1664    3.4819   1926.2592    3.5206     4859102012.8000
   407.836    7.6237    4.1565    3.4806   1964.7443    3.5153     4972820582.9325
   417.115    7.6142    4.1468    3.4793   2003.2295    3.5102     5086328537.6089
   441.259    7.6448    4.1564    3.4883   2008.3217    3.4968     5381581447.3276
   465.403    7.6755    4.1661    3.4972   2013.3373    3.4834     5676461340.0418
   489.548    7.7040    4.1750    3.5058   2018.0652    3.4702     5970952508.0740
   513.692    7.7328    4.1841    3.5144   2022.8437    3.4570     6265043132.0632
   537.836    7.7604    4.1928    3.5227   2027.3991    3.4439     6558727332.1738
   561.980    7.7877    4.2014    3.5311   2031.8785    3.4310     6851994517.4591
   586.125    7.8140    4.2094    3.5394   2036.3204    3.4181     7144847093.2253
   610.269    7.8404    4.2177    3.5476   2040.6790    3.4054     7437283953.0681
   634.413    7.8660    4.2257    3.5556   2044.8444    3.3928     7729298489.3369
   658.557    7.8922    4.2339    3.5638   2049.0460    3.3803     8020896052.0122
   682.702    7.9174    4.2418    3.5718   2053.0707    3.3680     8312080468.1320
   706.846    7.9430    4.2498    3.5799   2057.1261    3.3558     8602857021.0809
   730.990    7.9684    4.2579    3.5879   2061.0355    3.3438     8893236121.2492
   755.134    7.9938    4.2659    3.5960   2065.0121    3.3320     9183226873.0140
   779.279    8.0188    4.2739    3.6040   2068.7436    3.3203     9472838922.6607
   803.423    8.0439    4.2820    3.6120   2072.4573    3.3089     9762081541.3175
   827.567    8.0697    4.2905    3.6203   2076.0950    3.2976    10050976191.1527
   851.711    8.0959    4.2992    3.6286   2079.8399    3.2866    10339548287.5598
   875.856    8.1218    4.3080    3.6369   2083.3641    3.2757    10627815709.5950
   900.000    8.1489    4.3174    3.6457   2086.8573    3.2651    10915808338.0392
   917.344    8.1689    4.3246    3.6521   2089.3590    3.2576    11122440649.4269
   934.687    8.1895    4.3321    3.6587   2091.8270    3.2503    11328967901.7151
   952.031    8.2106    4.3399    3.6656   2094.3026    3.2431    11535409747.9605
   969.374    8.2330    4.3486    3.6729   2096.7993    3.2360    11741790195.6545
   986.718    8.2516    4.3551    3.6790   2099.2765    3.2290    11948094458.0827
  1004.061    8.2799    4.3673    3.6882   2101.8231    3.2221    12154383379.3924
  1021.405    8.2989    4.3737    3.6949   2104.4842    3.2154    12360677853.5860
  1038.748    8.3162    4.3793    3.7011   2106.9871    3.2088    12566900749.3616
  1056.092    8.3376    4.3870    3.7088   2109.9388    3.2024    12773088664.4427
  1073.435    8.3543    4.3926    3.7147   2112.5274    3.1962    12979241453.8894
  1090.779    8.3699    4.3973    3.7203   2114.8237    3.1901    13185311156.9203
  1108.122    8.3870    4.4032    3.7265   2116.9005    3.1842    13391316997.3046
  1125.466    8.4417    4.4342    3.7433   2121.8880    3.1784    13597576937.7891
  1142.809    8.5858    4.5248    3.7823   2137.5795    3.1725    13804999781.5565
  1160.153    8.7811    4.6497    3.8328   2153.1318    3.1663    14014502215.1808
  1177.496    8.8882    4.7157    3.8607   2163.7356    3.1597    14225745417.0106
  1194.840    8.9029    4.7202    3.8661   2165.6571    3.1532    14437462326.9966
  1212.183    8.9174    4.7245    3.8714   2167.8870    3.1469    14649035471.8874
  1229.527    8.9317    4.7287    3.8768   2169.9822    3.1409    14860480455.7260
  1246.870    8.9457    4.7329    3.8821   2171.9882    3.1350    15071809013.1927
  1264.214    8.9596    4.7369    3.8875   2173.7191    3.1294    15283034180.9878
  1281.557    8.9728    4.7406    3.8927   2175.6299    3.1241    15494170693.9134
  1298.901    8.9870    4.7448    3.8983   2177.4798    3.1190    15705240058.9456
  1316.244    8.9997    4.7484    3.9035   2179.1473    3.1142    15916256109.0138
  1333.588    9.0127    4.7520    3.9087   2180.8038    3.1096    16127227401.9930
  1350.931    9.0258    4.7558    3.9143   2182.3202    3.1054    16338182028.1760
  1368.275    9.0386    4.7593    3.9198   2183.6592    3.1014    16549145137.1560
  1385.618    9.0511    4.7629    3.9250   2184.9664    3.0978    16760128710.5456
  1402.962    9.0639    4.7664    3.9307   2186.3990    3.0945    16971159399.7361
  1420.305    9.0764    4.7699    3.9363   2187.6844    3.0915    17182268551.2505
  1437.649    9.0956    4.7778    3.9430   2189.5450    3.0889    17393503771.6547
  1454.992    9.1351    4.7986    3.9541   2194.2727    3.0866    17605035289.5741
  1472.336    9.1760    4.8205    3.9658   2199.0147    3.0845    17817017811.3612
  1489.679    9.2181    4.8437    3.9780   2203.6060    3.0828    18029499430.1720
  1507.023    9.2604    4.8672    3.9906   2208.4714    3.0814    18242526827.5029
  1524.366    9.3020    4.8905    4.0036   2213.4999    3.0803    18456140762.3824
  1541.710    9.3221    4.9000    4.0103   2215.9811    3.0795    18670201590.6215
  1559.053    9.3348    4.9044    4.0149   2218.0379    3.0792    18884512663.8975
  1576.397    9.3478    4.9093    4.0197   2220.1304    3.0794    19099054930.5791
  1576.397    4.8388    0.0000    4.0209         nan    3.0794    19099054930.5791
  1596.128    4.8516    0.0000    4.0279         nan    3.0802    19343579685.2303
  1615.859    4.8645    0.0000    4.0348         nan    3.0817    19588591640.0492
  1635.591    4.8774    0.0000    4.0418         nan    3.0838    19834143221.7626
  1655.322    4.8897    0.0000    4.0485         nan    3.0867    20080282169.0045
  1675.053    4.9020    0.0000    4.0552         nan    3.0903    20327057846.1971
  1694.784    4.9143    0.0000    4.0619         nan    3.0948    20574530521.1482
  1714.515    4.9261    0.0000    4.0684         nan    3.1000    20822759520.9620
  1734.246    4.9378    0.0000    4.0747         nan    3.1062    21071804853.7409
  1753.978    4.9495    0.0000    4.0811         nan    3.1133    21321736360.3558
  1753.978    5.1330    0.0000    6.5693         nan    3.1133    21321736360.3558
  1810.375    5.2103    0.0000    6.6118         nan    3.0166    22478912099.4752
  1866.772    5.2833    0.0000    6.6521         nan    2.9188    23607207604.3269
  1923.170    5.3523    0.0000    6.6903         nan    2.8197    24705351145.7338
  1979.567    5.4174    0.0000    6.7264         nan    2.7197    25772145700.4147
  2035.964    5.4789    0.0000    6.7605         nan    2.6186    26806464043.2292
  2092.362    5.5369    0.0000    6.7928         nan    2.5165    27807244652.2932
  2148.759    5.5917    0.0000    6.8234         nan    2.4136    28773488303.9139
  2205.156    5.6433    0.0000    6.8522         nan    2.3099    29704255265.9604
  2261.554    5.6919    0.0000    6.8793         nan    2.2054    30598663026.2954
  2317.951    5.7376    0.0000    6.9049         nan    2.1002    31455884530.1244
  2374.348    5.7804    0.0000    6.9289         nan    1.9943    32275146925.4648
  2430.745    5.8206    0.0000    6.9515         nan    1.8878    33055730853.4062
  2487.143    5.8580    0.0000    6.9725         nan    1.7809    33796970368.9624
  2543.540    5.8929    0.0000    6.9921         nan    1.6735    34498253646.1348
  2599.937    5.9253    0.0000    7.0104         nan    1.5657    35159024726.1026
  2656.335    5.9553    0.0000    7.0272         nan    1.4576    35778786743.8552
  2712.732    5.9828    0.0000    7.0428         nan    1.3494    36357107358.5256
  2769.129    6.0080    0.0000    7.0570         nan    1.2412    36893627631.0041
  2825.527    6.0309    0.0000    7.0699         nan    1.1332    37388076549.7516
  2881.924    6.0515    0.0000    7.0815         nan    1.0258    37840295258.6449
  2938.321    6.0698    0.0000    7.0918         nan    0.9194    38250278840.6881
  2994.719    6.0859    0.0000    7.1010         nan    0.8150    38618251824.5814
  3051.116    6.0999    0.0000    7.1088         nan    0.7141    38944813263.3618
  3107.513    6.1116    0.0000    7.1155         nan    0.6201    39231238615.5782
  3163.911    6.1212    0.0000    7.1209         nan    0.5410    39480177578.4798
  3220.308    6.1287    0.0000    7.1251         nan    0.5001    39697517252.2387
  3276.705    6.1340    0.0000    7.1281         nan    0.5915    39898521374.7047
  3333.103    6.1371    0.0000    7.1299         nan    1.5792    40136339966.5993
  3389.500    6.1382    0.0000    7.1305         nan    0.0000    40771372165.6793
