# Depth[km]  Vp[km/s]  Vs[km/s] Rho[g/cm3]    T[K]     g[m/s2]         P[Pa]        
     0.000    3.4496    2.0239    1.5202    273.1500    3.7291              0.0000
    10.147    3.4496    2.0239    1.5202    313.3390    3.7385       57521608.1178
    10.147    5.1549    3.0244    2.2718    313.3390    3.7385       57521608.1178
    30.143    5.1549    3.0244    2.2718    392.5471    3.7448      227349177.0653
    30.143    5.7063    3.3479    2.5148    392.5471    3.7448      227349177.0653
    43.787    5.7063    3.3479    2.5148    446.5946    3.7466      355841870.2389
    43.787    7.9603    4.5369    3.5035    446.5946    3.7466      355841870.2389
    53.490    7.9530    4.5276    3.5034    485.0302    3.7398      483201464.5198
    63.193    7.9453    4.5182    3.5031    523.4658    3.7330      610324276.7195
    72.896    7.9374    4.5086    3.5029    561.9014    3.7263      737209017.0184
    82.599    7.9291    4.4988    3.5025    600.3370    3.7196      863854425.4482
    92.302    7.9201    4.4888    3.5021    638.7726    3.7130      990257615.4140
   102.004    7.9116    4.4791    3.5017    677.2082    3.7063     1116419070.7654
   111.707    7.9030    4.4693    3.5013    715.6438    3.6997     1242340956.8800
   121.410    7.8938    4.4593    3.5007    754.0794    3.6932     1368020584.9845
   131.113    7.8849    4.4495    3.5002    792.5150    3.6866     1493458332.8686
   140.816    7.8755    4.4396    3.4996    830.9506    3.6801     1618654151.4157
   150.519    7.8667    4.4300    3.4991    869.3862    3.6736     1743609127.8345
   160.222    7.8570    4.4199    3.4984    907.8218    3.6672     1868322969.5100
   169.925    7.8477    4.4101    3.4977    946.2574    3.6608     1992793235.2217
   179.628    7.8379    4.4001    3.4970    984.6930    3.6544     2117020763.9641
   189.331    7.8285    4.3903    3.4963   1023.1286    3.6480     2241006182.3086
   199.034    7.8192    4.3805    3.4956   1061.5642    3.6417     2364751784.6287
   208.737    7.8094    4.3705    3.4948   1099.9998    3.6354     2488256945.1020
   218.440    7.7992    4.3604    3.4939   1138.4354    3.6292     2611519470.7366
   228.143    7.7896    4.3506    3.4932   1176.8710    3.6230     2734541210.5900
   237.846    7.7801    4.3409    3.4923   1215.3066    3.6168     2857324518.5784
   247.549    7.7704    4.3311    3.4915   1253.7422    3.6107     2979869349.6125
   257.252    7.7605    4.3210    3.4906   1292.1778    3.6046     3102175781.7372
   266.955    7.7515    4.3117    3.4897   1330.6134    3.5985     3224245232.1065
   276.658    7.7419    4.3020    3.4888   1369.0490    3.5925     3346078035.5930
   286.361    7.7327    4.2924    3.4879   1407.4846    3.5865     3467675447.0584
   296.064    7.7233    4.2827    3.4870   1445.9202    3.5806     3589039245.1049
   305.767    7.7133    4.2729    3.4860   1484.3558    3.5747     3710168356.7941
   315.470    7.7040    4.2633    3.4850   1522.7914    3.5689     3831063304.0191
   325.173    7.6941    4.2534    3.4840   1561.2270    3.5631     3951726176.8156
   334.876    7.6843    4.2437    3.4830   1599.6626    3.5573     4072159055.3372
   344.579    7.6753    4.2342    3.4821   1638.0982    3.5516     4192364771.1730
   354.282    7.6649    4.2243    3.4810   1676.5338    3.5459     4312342326.1665
   363.985    7.6555    4.2146    3.4800   1714.9694    3.5402     4432092137.7124
   373.688    7.6455    4.2047    3.4790   1753.4050    3.5347     4551616491.7597
   383.391    7.6356    4.1949    3.4780   1791.8406    3.5291     4670916754.6556
   393.094    7.6253    4.1848    3.4769   1830.2762    3.5236     4789994643.7802
   402.797    7.6156    4.1750    3.4759   1868.7118    3.5182     4908851936.8372
   412.500    7.6053    4.1651    3.4748   1907.1474    3.5128     5027489071.7584
   422.203    7.5951    4.1550    3.4738   1945.5830    3.5074     5145906754.0895
   431.906    7.5843    4.1447    3.4726   1984.0186    3.5021     5264106060.0272
   455.310    7.6167    4.1544    3.4815   1988.9229    3.4894     5549102265.0208
   478.715    7.6478    4.1637    3.4902   1993.7128    3.4767     5833784273.0349
   502.120    7.6779    4.1726    3.4988   1998.4414    3.4642     6118138426.3685
   525.524    7.7073    4.1812    3.5072   2002.9196    3.4517     6402153046.0429
   548.929    7.7358    4.1896    3.5154   2007.3574    3.4393     6685818404.3557
   572.334    7.7641    4.1981    3.5237   2011.7213    3.4271     6969130155.9415
   595.739    7.7907    4.2058    3.5317   2015.8569    3.4149     7252080694.4665
   619.143    7.8178    4.2137    3.5397   2020.0084    3.4028     7534666208.2992
   642.548    7.8445    4.2217    3.5476   2024.0965    3.3909     7816888950.8742
   665.953    7.8708    4.2295    3.5554   2028.0655    3.3791     8098748583.7099
   689.357    7.8969    4.2373    3.5633   2031.9745    3.3675     8380250489.5059
   712.762    7.9225    4.2449    3.5710   2035.7329    3.3560     8661396853.5035
   736.167    7.9477    4.2523    3.5788   2039.4410    3.3447     8942190130.3071
   759.572    7.9734    4.2601    3.5865   2043.2208    3.3335     9222642822.8714
   782.976    7.9989    4.2679    3.5943   2046.8140    3.3225     9502766032.9157
   806.381    8.0243    4.2756    3.6021   2050.3882    3.3117     9782569906.1322
   829.786    8.0493    4.2834    3.6098   2053.8071    3.3011    10062065947.0099
   853.191    8.0750    4.2914    3.6177   2057.3758    3.2907    10341272570.2723
   876.595    8.1011    4.2998    3.6258   2060.7082    3.2806    10620215960.5790
   900.000    8.1274    4.3084    3.6340   2064.0348    3.2706    10898921070.3192
   916.854    8.1466    4.3148    3.6400   2066.4508    3.2636    11099400590.6273
   933.708    8.1678    4.3224    3.6465   2068.8117    3.2567    11299794397.9574
   950.562    8.1872    4.3291    3.6525   2071.1455    3.2499    11500107876.0524
   967.416    8.2058    4.3352    3.6585   2073.4851    3.2433    11700332834.7932
   984.269    8.2281    4.3435    3.6656   2075.8803    3.2367    11900506308.5248
  1001.123    8.2523    4.3530    3.6732   2078.3247    3.2303    12100678599.0966
  1017.977    8.2769    4.3628    3.6810   2080.7849    3.2241    12300875724.7574
  1034.831    8.3025    4.3732    3.6893   2083.3261    3.2179    12501120387.6560
  1051.685    8.3197    4.3787    3.6950   2085.4555    3.2119    12701360948.6044
  1068.539    8.3365    4.3841    3.7006   2087.5800    3.2061    12901533859.5614
  1085.393    8.3536    4.3897    3.7063   2089.6865    3.2004    13101650119.0834
  1102.247    8.3703    4.3950    3.7120   2091.8239    3.1950    13301721580.9005
  1119.100    8.4408    4.4363    3.7319   2099.1915    3.1896    13502140187.6560
  1135.954    8.5992    4.5365    3.7744   2114.3106    3.1840    13703896455.6149
  1152.808    8.7883    4.6572    3.8234   2134.6379    3.1781    13907755900.5247
  1169.662    8.8615    4.7012    3.8426   2137.0832    3.1719    14113063442.3313
  1186.516    8.8765    4.7057    3.8478   2139.3793    3.1658    14318623334.8722
  1203.370    8.8932    4.7103    3.8544   2142.1502    3.1600    14524104437.1402
  1220.224    8.9085    4.7148    3.8599   2144.5932    3.1543    14729529092.1415
  1237.078    8.9237    4.7194    3.8654   2147.0069    3.1489    14934878472.9495
  1253.932    8.9388    4.7240    3.8708   2149.4141    3.1437    15140162880.9746
  1270.785    8.9533    4.7285    3.8760   2151.8167    3.1387    15345389554.3510
  1287.639    8.9682    4.7331    3.8814   2154.1639    3.1340    15550570268.8105
  1304.493    8.9827    4.7377    3.8867   2156.5775    3.1295    15755722135.0768
  1321.347    8.9971    4.7423    3.8917   2158.8547    3.1253    15960854495.3068
  1338.201    9.0112    4.7467    3.8969   2161.2981    3.1214    16165980578.5288
  1355.055    9.0245    4.7513    3.9014   2163.4454    3.1177    16371103373.9708
  1371.909    9.0388    4.7560    3.9066   2165.7712    3.1144    16576242667.4925
  1388.763    9.0528    4.7605    3.9115   2167.9412    3.1113    16781426975.9652
  1405.616    9.0850    4.7771    3.9194   2172.4820    3.1086    16986747229.7665
  1422.470    9.1249    4.7979    3.9300   2178.7074    3.1061    17192371497.0253
  1439.324    9.1650    4.8199    3.9397   2184.2957    3.1040    17398364477.0707
  1456.178    9.2035    4.8412    3.9493   2190.0691    3.1021    17604716667.7568
  1473.032    9.2439    4.8639    3.9594   2195.7919    3.1005    17811456154.9155
  1489.886    9.2853    4.8865    3.9708   2202.2424    3.0992    18018652954.8565
  1506.740    9.3262    4.9099    3.9816   2208.7843    3.0982    18226345070.7146
  1523.594    9.3659    4.9328    3.9924   2214.5022    3.0976    18434534654.5838
  1540.448    9.3783    4.9371    3.9968   2216.6004    3.0973    18643075564.0725
  1557.301    9.3909    4.9415    4.0011   2218.6243    3.0975    18851826933.5663
  1557.301    5.0580    0.0000    4.0126         nan    3.0975    18851826933.5663
  1574.159    5.0728    0.0000    4.0180         nan    3.0980    19061494252.9380
  1591.017    5.0875    0.0000    4.0235         nan    3.0990    19271479982.7681
  1607.875    5.1023    0.0000    4.0289         nan    3.1004    19481816166.9858
  1624.733    5.1169    0.0000    4.0343         nan    3.1024    19692534572.9432
  1641.591    5.1309    0.0000    4.0395         nan    3.1049    19903663402.6115
  1658.448    5.1449    0.0000    4.0447         nan    3.1080    20115234284.8669
  1675.306    5.1589    0.0000    4.0499         nan    3.1116    20327285717.7880
  1692.164    5.1726    0.0000    4.0550         nan    3.1158    20539854629.5906
  1709.022    5.1859    0.0000    4.0599         nan    3.1207    20752976569.6662
  1709.022    5.2346    0.0000    6.4089         nan    3.1207    20752976569.6662
  1766.969    5.2945    0.0000    6.4502         nan    3.0238    21915678047.2838
  1824.917    5.3513    0.0000    6.4895         nan    2.9257    23049347419.9036
  1882.864    5.4053    0.0000    6.5270         nan    2.8265    24152753138.6183
  1940.812    5.4565    0.0000    6.5627         nan    2.7261    25224721932.1718
  1998.760    5.5051    0.0000    6.5967         nan    2.6248    26264136377.2464
  2056.707    5.5512    0.0000    6.6289         nan    2.5224    27269932788.8507
  2114.655    5.5948    0.0000    6.6595         nan    2.4191    28241099379.4425
  2172.602    5.6360    0.0000    6.6886         nan    2.3149    29176674645.2313
  2230.550    5.6750    0.0000    6.7160         nan    2.2099    30075745944.4503
  2288.497    5.7117    0.0000    6.7420         nan    2.1041    30937448238.8309
  2346.445    5.7463    0.0000    6.7664         nan    1.9975    31760962970.1514
  2404.392    5.7787    0.0000    6.7894         nan    1.8903    32545517051.7077
  2462.340    5.8091    0.0000    6.8110         nan    1.7823    33290381952.4191
  2520.287    5.8374    0.0000    6.8311         nan    1.6738    33994872851.3588
  2578.235    5.8637    0.0000    6.8499         nan    1.5647    34658347838.9779
  2636.182    5.8881    0.0000    6.8673         nan    1.4550    35280207135.3795
  2694.130    5.9106    0.0000    6.8833         nan    1.3449    35859892284.5480
  2752.077    5.9311    0.0000    6.8980         nan    1.2342    36396885262.3767
  2810.025    5.9498    0.0000    6.9113         nan    1.1232    36890707395.9130
  2867.972    5.9667    0.0000    6.9234         nan    1.0117    37340917910.2324
  2925.920    5.9817    0.0000    6.9342         nan    0.8998    37747111754.4658
  2983.867    5.9949    0.0000    6.9436         nan    0.7875    38108915995.0730
  3041.815    6.0064    0.0000    6.9518         nan    0.6749    38425983204.0364
  3099.762    6.0160    0.0000    6.9587         nan    0.5616    38697978020.7347
  3157.710    6.0239    0.0000    6.9644         nan    0.4476    38924546417.8666
  3215.657    6.0300    0.0000    6.9688         nan    0.3317    39105233994.8138
  3273.605    6.0344    0.0000    6.9719         nan    0.2100    39239217144.8790
  3331.552    6.0370    0.0000    6.9738         nan    0.0491    39324055138.8280
  3389.500    6.0379    0.0000    6.9744         nan    0.0000    39343900563.3318
