# Depth[km]  Vp[km/s]  Vs[km/s] Rho[g/cm3]    T[K]     g[m/s2]         P[Pa]        
     0.000    3.5155    2.0774    1.5793    273.1500    3.7291              0.0000
    10.518    3.5155    2.0774    1.5793    311.8810    3.7384       61942991.3521
    10.518    4.6141    2.7266    2.0728    311.8810    3.7384       61942991.3521
    25.246    4.6141    2.7266    2.0728    366.1179    3.7454      176064480.4260
    25.246    6.5458    3.8681    2.9406    366.1179    3.7454      176064480.4260
    44.055    6.5458    3.8681    2.9406    435.3889    3.7410      383232021.4594
    44.055    7.9548    4.5346    3.4848    435.3889    3.7410      383232021.4594
    53.914    7.9501    4.5272    3.4850    471.6949    3.7343      511758917.1660
    63.772    7.9450    4.5195    3.4852    508.0008    3.7275      640061052.5241
    73.631    7.9395    4.5117    3.4853    544.3068    3.7208      768136739.9867
    83.489    7.9338    4.5037    3.4853    580.6127    3.7142      895984157.6749
    93.348    7.9279    4.4957    3.4853    616.9186    3.7075     1023602455.2928
   103.206    7.9213    4.4873    3.4852    653.2246    3.7009     1150989278.4174
   113.065    7.9153    4.4792    3.4851    689.5305    3.6943     1278144197.7891
   122.923    7.9090    4.4710    3.4850    725.8365    3.6877     1405069630.7552
   132.782    7.9028    4.4629    3.4848    762.1424    3.6812     1531765123.0025
   142.641    7.8960    4.4545    3.4846    798.4484    3.6747     1658228186.3589
   152.499    7.8897    4.4464    3.4844    834.7543    3.6682     1784459853.7707
   162.358    7.8829    4.4380    3.4841    871.0603    3.6617     1910459594.2501
   172.216    7.8763    4.4297    3.4838    907.3662    3.6553     2036225934.6222
   182.075    7.8696    4.4215    3.4834    943.6722    3.6489     2161760002.3361
   191.933    7.8629    4.4132    3.4830    979.9781    3.6426     2287061604.4894
   201.792    7.8566    4.4051    3.4827   1016.2841    3.6362     2412132136.9042
   211.650    7.8498    4.3968    3.4823   1052.5900    3.6299     2536971903.8466
   221.509    7.8427    4.3885    3.4817   1088.8959    3.6237     2661577758.5757
   231.367    7.8359    4.3801    3.4813   1125.2019    3.6175     2785950743.6627
   241.226    7.8295    4.3720    3.4809   1161.5078    3.6113     2910096072.3668
   251.084    7.8228    4.3637    3.4804   1197.8138    3.6051     3034014277.6393
   260.943    7.8165    4.3557    3.4799   1234.1197    3.5990     3157704070.4897
   270.801    7.8098    4.3475    3.4793   1270.4257    3.5930     3281164420.3164
   280.660    7.8029    4.3392    3.4788   1306.7316    3.5869     3404397200.9622
   290.518    7.7966    4.3312    3.4783   1343.0376    3.5809     3527405188.4186
   300.377    7.7903    4.3232    3.4778   1379.3435    3.5750     3650189301.1731
   310.235    7.7835    4.3149    3.4772   1415.6495    3.5691     3772749421.6204
   320.094    7.7767    4.3067    3.4765   1451.9554    3.5632     3895084428.9670
   329.952    7.7704    4.2987    3.4760   1488.2613    3.5573     4017197364.6459
   339.811    7.7636    4.2905    3.4754   1524.5673    3.5515     4139090024.3834
   349.669    7.7565    4.2822    3.4746   1560.8732    3.5458     4260760069.0004
   359.528    7.7499    4.2740    3.4740   1597.1792    3.5401     4382209874.8230
   369.386    7.7438    4.2661    3.4734   1633.4851    3.5344     4503443244.7644
   379.245    7.7363    4.2575    3.4727   1669.7911    3.5288     4624458673.4908
   389.103    7.7294    4.2493    3.4720   1706.0970    3.5232     4745256976.8592
   398.962    7.7230    4.2412    3.4714   1742.4030    3.5177     4865842121.3934
   408.820    7.7156    4.2327    3.4706   1778.7089    3.5122     4986213175.9343
   418.679    7.7094    4.2247    3.4700   1815.0149    3.5068     5106372107.4106
   428.537    7.7022    4.2162    3.4691   1851.3208    3.5014     5226319627.1632
   438.396    7.6952    4.2078    3.4685   1887.6267    3.4960     5346056634.3135
   461.476    7.7228    4.2161    3.4766   1891.9436    3.4836     5626250764.3922
   484.556    7.7496    4.2241    3.4846   1896.2620    3.4713     5906099569.3581
   507.637    7.7755    4.2319    3.4924   1900.2415    3.4590     6185589127.4732
   530.717    7.8014    4.2396    3.5002   1904.3933    3.4469     6464715050.5213
   553.797    7.8270    4.2472    3.5080   1908.4558    3.4348     6743484024.5610
   576.877    7.8512    4.2542    3.5156   1912.2828    3.4229     7021885802.9420
   599.957    7.8755    4.2613    3.5232   1916.2682    3.4111     7299917423.3458
   623.038    7.9000    4.2686    3.5307   1920.1742    3.3994     7577586613.4451
   646.118    7.9236    4.2755    3.5381   1923.8739    3.3878     7854889752.7161
   669.198    7.9472    4.2823    3.5455   1927.5581    3.3764     8131828124.0502
   692.278    7.9701    4.2888    3.5528   1931.1490    3.3651     8408406304.0823
   715.358    7.9941    4.2960    3.5602   1934.8425    3.3540     8684632163.9919
   738.439    8.0167    4.3024    3.5675   1938.4062    3.3431     8960515863.0126
   761.519    8.0390    4.3088    3.5745   1941.8893    3.3323     9236052908.8188
   784.599    8.0624    4.3158    3.5819   1945.2434    3.3218     9511258300.8646
   807.679    8.0856    4.3228    3.5893   1948.5846    3.3114     9786155741.3593
   830.759    8.1080    4.3293    3.5964   1951.8823    3.3012    10060746848.7336
   853.840    8.1309    4.3361    3.6037   1955.1498    3.2913    10335042392.8013
   876.920    8.1538    4.3430    3.6109   1958.3594    3.2815    10609063366.6259
   900.000    8.1766    4.3499    3.6182   1961.5607    3.2720    10882825320.3902
   916.845    8.1943    4.3556    3.6238   1963.8494    3.2653    11082411861.3853
   933.691    8.2129    4.3619    3.6296   1966.2896    3.2586    11281899458.9483
   950.536    8.2305    4.3675    3.6353   1968.5772    3.2521    11481296926.1646
   967.382    8.2489    4.3738    3.6412   1970.8571    3.2458    11680612475.0706
   984.227    8.2667    4.3796    3.6469   1973.0795    3.2395    11879854110.1819
  1001.073    8.2857    4.3862    3.6530   1975.3466    3.2335    12079037323.0540
  1017.918    8.3050    4.3930    3.6593   1977.6431    3.2275    12278186320.4303
  1034.764    8.3256    4.4006    3.6660   1979.8849    3.2218    12477322952.9978
  1051.609    8.3414    4.4052    3.6713   1982.0108    3.2161    12676427708.0296
  1068.455    8.3570    4.4100    3.6765   1984.0653    3.2107    12875469420.9640
  1085.300    8.4081    4.4389    3.6910   1989.4291    3.2054    13074708957.1148
  1102.146    8.5332    4.5181    3.7248   2001.8930    3.2000    13274922445.7842
  1118.991    8.6827    4.6138    3.7641   2017.8457    3.1944    13476768191.3663
  1135.837    8.8202    4.7015    3.7995   2027.5781    3.1885    13680268923.8388
  1152.682    8.8370    4.7071    3.8050   2029.8950    3.1826    13884492440.2575
  1169.527    8.8517    4.7110    3.8103   2032.0857    3.1768    14088625898.2998
  1186.373    8.8659    4.7150    3.8151   2034.3819    3.1713    14292663579.1359
  1203.218    8.8830    4.7195    3.8215   2036.6336    3.1660    14496646296.8226
  1220.064    8.8984    4.7238    3.8270   2038.9672    3.1609    14700604711.9674
  1236.909    8.9136    4.7280    3.8325   2041.2960    3.1560    14904529120.3840
  1253.755    8.9290    4.7323    3.8381   2043.5966    3.1514    15108433579.9204
  1270.600    8.9444    4.7368    3.8437   2045.9167    3.1470    15312335212.6838
  1287.446    8.9598    4.7411    3.8493   2048.2427    3.1429    15516251059.6710
  1304.291    8.9750    4.7453    3.8549   2050.5981    3.1390    15720195319.2753
  1321.137    8.9905    4.7498    3.8607   2052.9265    3.1354    15924188005.7265
  1337.982    9.0152    4.7602    3.8680   2056.3205    3.1320    16128290850.7917
  1354.828    9.0540    4.7794    3.8778   2061.8175    3.1289    16332627848.1632
  1371.673    9.0937    4.7996    3.8881   2067.2919    3.1261    16537291930.1231
  1388.519    9.1310    4.8185    3.8979   2072.7010    3.1235    16742298299.9368
  1405.364    9.1705    4.8389    3.9084   2078.4063    3.1211    16947668591.0371
  1422.209    9.2089    4.8589    3.9189   2084.1233    3.1190    17153434509.0623
  1439.055    9.2478    4.8795    3.9294   2089.9649    3.1172    17359615583.5489
  1455.900    9.2893    4.9022    3.9409   2096.0686    3.1157    17566255250.7991
  1472.746    9.3209    4.9185    3.9501   2100.6740    3.1145    17773336735.7141
  1489.591    9.3351    4.9229    3.9554   2102.9159    3.1136    17980716784.3204
  1506.437    9.3490    4.9273    3.9605   2105.0693    3.1131    18188311056.8176
  1523.282    9.3627    4.9316    3.9656   2107.2517    3.1131    18396141898.5370
  1540.128    9.3767    4.9362    3.9708   2109.3918    3.1135    18604238257.9375
  1556.973    9.3902    4.9407    3.9758   2111.5653    3.1143    18812628140.3186
  1556.973    4.9437    0.0000    4.0082         nan    3.1143    18812628140.3186
  1572.704    4.9559    0.0000    4.0135         nan    3.1151    19009128762.6112
  1588.436    4.9682    0.0000    4.0189         nan    3.1163    19205940366.8834
  1604.167    4.9804    0.0000    4.0242         nan    3.1179    19403089274.5568
  1619.898    4.9926    0.0000    4.0295         nan    3.1200    19600602918.4750
  1635.630    5.0042    0.0000    4.0346         nan    3.1226    19798504009.4188
  1651.361    5.0159    0.0000    4.0397         nan    3.1256    19996816458.9537
  1667.092    5.0275    0.0000    4.0448         nan    3.1291    20195571429.2360
  1682.823    5.0392    0.0000    4.0499         nan    3.1332    20394801514.0032
  1698.555    5.0502    0.0000    4.0547         nan    3.1378    20594535084.8568
  1698.555    5.1574    0.0000    6.3994         nan    3.1378    20594535084.8568
  1756.863    5.2337    0.0000    6.4422         nan    3.0406    21769272545.7555
  1815.172    5.3057    0.0000    6.4828         nan    2.9421    22915006028.8172
  1873.480    5.3738    0.0000    6.5212         nan    2.8424    24030403238.2332
  1931.788    5.4382    0.0000    6.5576         nan    2.7415    25114206958.3832
  1990.097    5.4990    0.0000    6.5921         nan    2.6396    26165230134.4603
  2048.405    5.5564    0.0000    6.6247         nan    2.5367    27182351692.7319
  2106.714    5.6106    0.0000    6.6556         nan    2.4329    28164512968.2591
  2165.022    5.6617    0.0000    6.6847         nan    2.3281    29110714631.7227
  2223.331    5.7098    0.0000    6.7122         nan    2.2225    30020014035.6522
  2281.639    5.7551    0.0000    6.7381         nan    2.1161    30891522919.1687
  2339.948    5.7976    0.0000    6.7624         nan    2.0089    31724405418.7321
  2398.256    5.8374    0.0000    6.7852         nan    1.9011    32517876345.7671
  2456.565    5.8746    0.0000    6.8066         nan    1.7926    33271199706.4240
  2514.873    5.9092    0.0000    6.8265         nan    1.6835    33983687443.0075
  2573.182    5.9414    0.0000    6.8449         nan    1.5739    34654698391.3851
  2631.490    5.9711    0.0000    6.8620         nan    1.4637    35283637463.5078
  2689.798    5.9984    0.0000    6.8778         nan    1.3531    35869955082.3360
  2748.107    6.0235    0.0000    6.8922         nan    1.2420    36413146933.7152
  2806.415    6.0462    0.0000    6.9053         nan    1.1306    36912754160.3956
  2864.724    6.0666    0.0000    6.9171         nan    1.0189    37368364237.8614
  2923.032    6.0848    0.0000    6.9276         nan    0.9069    37779613010.3685
  2981.341    6.1009    0.0000    6.9368         nan    0.7948    38146188879.0745
  3039.649    6.1147    0.0000    6.9448         nan    0.6826    38467841350.9783
  3097.958    6.1264    0.0000    6.9516         nan    0.5707    38744399333.3675
  3156.266    6.1359    0.0000    6.9571         nan    0.4595    38975813944.7868
  3214.575    6.1433    0.0000    6.9613         nan    0.3505    39162273372.5594
  3272.883    6.1486    0.0000    6.9644         nan    0.2495    39304581960.5652
  3331.192    6.1517    0.0000    6.9662         nan    0.2033    39405921422.6478
  3389.500    6.1528    0.0000    6.9668         nan    0.0000    39488492409.0067
