# Depth[km]  Vp[km/s]  Vs[km/s] Rho[g/cm3]    T[K]     g[m/s2]         P[Pa]        
     0.000    3.8689    2.3406    1.7729    273.1500    3.7291              0.0000
    10.916    3.8689    2.3406    1.7729    315.7892    3.7369       72167720.5029
    10.916    4.5925    2.7785    2.1045    315.7892    3.7369       72167720.5029
    31.858    4.5925    2.7785    2.1045    397.6002    3.7465      236865760.7901
    31.858    5.5088    3.3328    2.5244    397.6002    3.7465      236865760.7901
    51.393    5.5088    3.3328    2.5244    473.9149    3.7489      421623772.9187
    51.393    7.9967    4.5403    3.5195    473.9149    3.7489      421623772.9187
    61.019    7.9894    4.5309    3.5193    511.5178    3.7421      548623741.8480
    70.645    7.9817    4.5214    3.5190    549.1207    3.7353      675384333.5218
    80.270    7.9738    4.5116    3.5187    586.7237    3.7286      801904250.6511
    89.896    7.9653    4.5018    3.5182    624.3266    3.7219      928181437.6484
    99.522    7.9572    4.4921    3.5178    661.9295    3.7152     1054216405.2995
   109.147    7.9490    4.4825    3.5174    699.5324    3.7086     1180010785.0258
   118.773    7.9409    4.4730    3.5169    737.1353    3.7020     1305564608.4072
   128.399    7.9321    4.4632    3.5164    774.7382    3.6954     1430876538.1627
   138.024    7.9239    4.4537    3.5159    812.3411    3.6888     1555946990.3898
   147.650    7.9151    4.4441    3.5153    849.9440    3.6823     1680776071.6252
   157.275    7.9065    4.4345    3.5147    887.5469    3.6758     1805362837.9179
   166.901    7.8979    4.4249    3.5141    925.1498    3.6693     1929708455.9621
   176.527    7.8892    4.4155    3.5134    962.7527    3.6629     2053812231.1160
   186.152    7.8804    4.4060    3.5127   1000.3556    3.6565     2177674683.8594
   195.778    7.8719    4.3967    3.5121   1037.9585    3.6501     2301297372.0884
   205.404    7.8632    4.3873    3.5113   1075.5614    3.6438     2424680182.2281
   215.029    7.8544    4.3778    3.5106   1113.1643    3.6375     2547823377.1048
   224.655    7.8458    4.3685    3.5099   1150.7672    3.6312     2670728510.5521
   234.281    7.8373    4.3593    3.5092   1188.3701    3.6250     2793397107.6671
   243.906    7.8282    4.3498    3.5083   1225.9730    3.6188     2915827698.3659
   253.532    7.8189    4.3402    3.5075   1263.5759    3.6126     3038019351.1802
   263.158    7.8107    4.3311    3.5067   1301.1788    3.6065     3159975576.0634
   272.783    7.8022    4.3218    3.5060   1338.7818    3.6004     3281699337.7791
   282.409    7.7941    4.3127    3.5051   1376.3847    3.5944     3403189733.6981
   292.035    7.7859    4.3037    3.5043   1413.9876    3.5884     3524447781.4297
   301.660    7.7777    4.2949    3.5034   1451.5905    3.5824     3645473931.6793
   311.286    7.7695    4.2859    3.5026   1489.1934    3.5765     3766268621.9275
   320.912    7.7610    4.2766    3.5017   1526.7963    3.5706     3886833551.3494
   330.537    7.7521    4.2672    3.5008   1564.3992    3.5648     4007169157.0850
   340.163    7.7435    4.2581    3.4999   1602.0021    3.5589     4127276803.6264
   349.789    7.7355    4.2492    3.4991   1639.6050    3.5532     4247159624.4521
   359.414    7.7265    4.2399    3.4981   1677.2079    3.5475     4366817524.4144
   369.040    7.7184    4.2309    3.4973   1714.8108    3.5418     4486251424.7980
   378.666    7.7095    4.2215    3.4963   1752.4137    3.5361     4605463527.9278
   388.291    7.7005    4.2122    3.4953   1790.0166    3.5305     4724452120.3144
   397.917    7.6924    4.2031    3.4944   1827.6195    3.5250     4843220792.0492
   407.543    7.6836    4.1938    3.4935   1865.2224    3.5195     4961772516.6107
   417.168    7.6745    4.1844    3.4925   1902.8253    3.5140     5080105902.2366
   426.794    7.6654    4.1749    3.4915   1940.4282    3.5086     5198221364.4069
   436.420    7.6571    4.1658    3.4905   1978.0311    3.5032     5316121685.6107
   459.599    7.6854    4.1746    3.4989   1982.6633    3.4904     5599897602.2508
   482.778    7.7134    4.1834    3.5072   1987.2263    3.4777     5883310754.0461
   505.957    7.7407    4.1921    3.5154   1991.6268    3.4650     6166352472.7202
   529.136    7.7671    4.2002    3.5235   1996.0403    3.4524     6449014638.6255
   552.315    7.7938    4.2088    3.5314   2000.1277    3.4399     6731290771.2240
   575.494    7.8188    4.2164    3.5394   2004.4059    3.4275     7013179548.5567
   598.673    7.8442    4.2243    3.5472   2008.5376    3.4152     7294682135.6897
   621.852    7.8694    4.2323    3.5551   2012.5608    3.4030     7575796075.2822
   645.031    7.8938    4.2398    3.5628   2016.4639    3.3910     7856519974.3381
   668.210    7.9185    4.2476    3.5705   2020.3993    3.3791     8136856852.6589
   691.389    7.9423    4.2549    3.5781   2024.1725    3.3673     8416810917.6548
   714.568    7.9667    4.2627    3.5858   2027.8593    3.3557     8696386478.3326
   737.747    7.9911    4.2705    3.5935   2031.6189    3.3442     8975595014.9268
   760.926    8.0151    4.2781    3.6012   2035.1851    3.3329     9254445016.2112
   784.105    8.0391    4.2857    3.6089   2038.7291    3.3217     9532943881.9426
   807.284    8.0633    4.2937    3.6166   2042.1559    3.3108     9811105839.8958
   830.463    8.0881    4.3018    3.6246   2045.7204    3.3000    10088951679.7436
   853.642    8.1128    4.3100    3.6325   2049.0966    3.2894    10366499298.7500
   876.821    8.1381    4.3187    3.6405   2052.4070    3.2790    10643765795.4452
   900.000    8.1637    4.3275    3.6489   2055.6701    3.2688    10920780717.4049
   917.140    8.1834    4.3346    3.6552   2058.1040    3.2615    11125396464.3625
   934.280    8.2040    4.3422    3.6618   2060.5097    3.2542    11329910824.5215
   951.419    8.2246    4.3499    3.6686   2062.8840    3.2471    11534342167.5314
   968.559    8.2465    4.3582    3.6757   2065.3063    3.2400    11738711117.1260
   985.699    8.2655    4.3652    3.6819   2067.7132    3.2331    11943008686.7778
  1002.839    8.2941    4.3775    3.6912   2070.2043    3.2264    12147300339.1098
  1019.979    8.3138    4.3845    3.6981   2072.7742    3.2197    12351611524.0638
  1037.118    8.3321    4.3910    3.7045   2075.4438    3.2132    12555868454.7836
  1054.258    8.3513    4.3974    3.7116   2078.1703    3.2068    12760082311.4120
  1071.398    8.3671    4.4023    3.7172   2080.4213    3.2007    12964242053.5931
  1088.538    8.3822    4.4069    3.7227   2082.6961    3.1946    13168311770.3513
  1105.678    8.3971    4.4114    3.7280   2084.9669    3.1888    13372293886.2780
  1122.817    8.5009    4.4752    3.7568   2096.1324    3.1830    13576837542.6709
  1139.957    8.6554    4.5731    3.7979   2110.9577    3.1770    13782915338.1904
  1157.097    8.8398    4.6907    3.8454   2131.1212    3.1706    13991013573.3238
  1174.237    8.9059    4.7296    3.8630   2133.6683    3.1640    14200461276.7535
  1191.377    8.9200    4.7338    3.8681   2135.8293    3.1575    14410091473.6697
  1208.516    8.9340    4.7379    3.8733   2137.9136    3.1513    14619571662.2953
  1225.656    8.9477    4.7419    3.8784   2139.9293    3.1452    14828913524.5725
  1242.796    8.9617    4.7462    3.8837   2141.8808    3.1394    15038136140.8989
  1259.936    8.9751    4.7501    3.8888   2143.7499    3.1339    15247253175.0244
  1277.075    8.9883    4.7538    3.8941   2145.4560    3.1285    15456276420.5194
  1294.215    9.0018    4.7579    3.8993   2147.2475    3.1234    15665223896.9907
  1311.355    9.0146    4.7615    3.9044   2148.8986    3.1186    15874109481.6141
  1328.495    9.0273    4.7651    3.9096   2150.5143    3.1141    16082948946.4360
  1345.635    9.0402    4.7689    3.9149   2152.0332    3.1098    16291763286.0433
  1362.774    9.0527    4.7724    3.9201   2153.5872    3.1058    16500571742.8215
  1379.914    9.0654    4.7762    3.9253   2154.9498    3.1022    16709391730.1453
  1397.054    9.0775    4.7794    3.9307   2156.3022    3.0988    16918246438.5816
  1414.194    9.0891    4.7828    3.9353   2157.3511    3.0958    17127140978.4713
  1431.334    9.1245    4.8004    3.9463   2161.7846    3.0931    17336245208.8187
  1448.473    9.1654    4.8226    3.9570   2166.3178    3.0906    17545739759.6521
  1465.613    9.2051    4.8441    3.9682   2171.2113    3.0885    17755650004.5619
  1482.753    9.2466    4.8672    3.9799   2175.5304    3.0866    17966019603.1791
  1499.893    9.2856    4.8885    3.9920   2180.5186    3.0850    18176891217.8558
  1517.033    9.3280    4.9127    4.0048   2185.6707    3.0838    18388314316.8655
  1534.172    9.3468    4.9213    4.0112   2188.2730    3.0829    18600157131.2787
  1551.312    9.3598    4.9261    4.0157   2190.2967    3.0824    18812225962.7359
  1568.452    9.3737    4.9314    4.0209   2192.4381    3.0824    19024519882.0059
  1568.452    5.0794    0.0000    4.0283         nan    3.0824    19024519882.0059
  1584.628    5.0914    0.0000    4.0335         nan    3.0827    19225497735.8004
  1600.804    5.1034    0.0000    4.0387         nan    3.0834    19426756088.6987
  1616.979    5.1153    0.0000    4.0439         nan    3.0846    19628323378.3607
  1633.155    5.1273    0.0000    4.0491         nan    3.0863    19830228592.9839
  1649.331    5.1387    0.0000    4.0541         nan    3.0885    20032496894.0712
  1665.507    5.1501    0.0000    4.0590         nan    3.0912    20235155578.5090
  1681.682    5.1615    0.0000    4.0640         nan    3.0944    20438238583.1300
  1697.858    5.1728    0.0000    4.0689         nan    3.0981    20641779998.1085
  1714.034    5.1836    0.0000    4.0737         nan    3.1025    20845811165.9362
  1714.034    5.1651    0.0000    6.3848         nan    3.1025    20845811165.9362
  1771.809    5.2279    0.0000    6.4267         nan    3.0064    21994001313.7636
  1829.583    5.2875    0.0000    6.4665         nan    2.9091    23113734000.1412
  1887.358    5.3440    0.0000    6.5044         nan    2.8107    24203769868.3686
  1945.133    5.3976    0.0000    6.5404         nan    2.7112    25262931282.5223
  2002.907    5.4484    0.0000    6.5747         nan    2.6107    26290099614.4831
  2060.682    5.4966    0.0000    6.6072         nan    2.5092    27284212949.4506
  2118.457    5.5421    0.0000    6.6380         nan    2.4067    28244264159.8962
  2176.231    5.5852    0.0000    6.6672         nan    2.3034    29169299310.6351
  2234.006    5.6258    0.0000    6.6949         nan    2.1993    30058416373.4236
  2291.781    5.6641    0.0000    6.7209         nan    2.0945    30910764247.4213
  2349.556    5.7001    0.0000    6.7455         nan    1.9889    31725542093.4201
  2407.330    5.7339    0.0000    6.7686         nan    1.8828    32501999020.4110
  2465.105    5.7655    0.0000    6.7902         nan    1.7760    33239434191.1320
  2522.880    5.7950    0.0000    6.8104         nan    1.6687    33937197460.6221
  2580.654    5.8224    0.0000    6.8292         nan    1.5610    34594690736.8382
  2638.429    5.8478    0.0000    6.8466         nan    1.4529    35211370374.1234
  2696.204    5.8711    0.0000    6.8627         nan    1.3445    35786751117.8218
  2753.978    5.8925    0.0000    6.8774         nan    1.2360    36320412485.1549
  2811.753    5.9120    0.0000    6.8908         nan    1.1275    36812009146.3191
  2869.528    5.9295    0.0000    6.9028         nan    1.0193    37261288185.0977
  2927.302    5.9451    0.0000    6.9136         nan    0.9117    37668118817.2521
  2985.077    5.9588    0.0000    6.9231         nan    0.8054    38032546043.5162
  3042.852    5.9707    0.0000    6.9312         nan    0.7016    38354893690.7534
  3100.627    5.9807    0.0000    6.9382         nan    0.6025    38635978774.2674
  3158.401    5.9889    0.0000    6.9438         nan    0.5140    38877606970.2561
  3216.176    5.9953    0.0000    6.9482         nan    0.4526    39083895437.0628
  3273.951    5.9998    0.0000    6.9513         nan    0.4852    39265631522.9668
  3331.725    6.0025    0.0000    6.9532         nan    1.1547    39460513821.0577
  3389.500    6.0034    0.0000    6.9538         nan    0.0000    39924391879.5936
