# Depth[km]  Vp[km/s]  Vs[km/s] Rho[g/cm3]    T[K]     g[m/s2]         P[Pa]        
     0.000    3.4875    2.1100    1.5858    273.1500    3.7291              0.0000
    11.097    3.4875    2.1100    1.5858    318.9383    3.7388       65620325.3852
    11.097    4.5935    2.7791    2.0887    318.9383    3.7388       65620325.3852
    30.317    4.5935    2.7791    2.0887    398.2553    3.7479      215715429.1553
    30.317    5.6789    3.4358    2.5822    398.2553    3.7479      215715429.1553
    44.943    5.6789    3.4358    2.5822    458.6132    3.7489      357264863.2485
    44.943    7.9965    4.5431    3.5187    458.6132    3.7489      357264863.2485
    54.710    7.9880    4.5328    3.5183    498.9185    3.7420      486094357.3878
    64.477    7.9792    4.5224    3.5177    539.2237    3.7351      614668940.2302
    74.244    7.9701    4.5119    3.5172    579.5289    3.7282      742987352.8984
    84.011    7.9603    4.5010    3.5165    619.8342    3.7214      871047370.2537
    93.778    7.9510    4.4905    3.5159    660.1394    3.7146      998849037.8859
   103.545    7.9415    4.4799    3.5152    700.4446    3.7078     1126393872.9384
   113.312    7.9316    4.4693    3.5144    740.7499    3.7011     1253680153.5633
   123.079    7.9219    4.4587    3.5137    781.0551    3.6944     1380708067.3270
   132.846    7.9120    4.4483    3.5129    821.3603    3.6877     1507477930.0771
   142.613    7.9023    4.4379    3.5121    861.6656    3.6811     1633990387.5058
   152.380    7.8922    4.4273    3.5112    901.9708    3.6745     1760245403.9656
   162.147    7.8821    4.4168    3.5103    942.2760    3.6679     1886241354.9115
   171.914    7.8718    4.4064    3.5094    982.5812    3.6614     2011978365.7369
   181.680    7.8618    4.3960    3.5084   1022.8865    3.6549     2137457282.4618
   191.447    7.8521    4.3859    3.5075   1063.1917    3.6484     2262679867.0059
   201.214    7.8417    4.3752    3.5064   1103.4969    3.6420     2387645674.3818
   210.981    7.8313    4.3650    3.5054   1143.8022    3.6356     2512354243.9290
   220.748    7.8214    4.3548    3.5044   1184.1074    3.6292     2636808004.3162
   230.515    7.8114    4.3445    3.5033   1224.4126    3.6229     2761007750.1492
   240.282    7.8008    4.3341    3.5023   1264.7179    3.6166     2884953580.8157
   250.049    7.7908    4.3238    3.5012   1305.0231    3.6104     3008647529.6398
   259.816    7.7821    4.3143    3.5002   1345.3283    3.6042     3132091547.7906
   269.583    7.7716    4.3038    3.4990   1385.6336    3.5980     3255284343.8706
   279.350    7.7623    4.2941    3.4979   1425.9388    3.5919     3378226386.0001
   289.117    7.7522    4.2840    3.4968   1466.2440    3.5858     3500920033.1472
   298.884    7.7425    4.2740    3.4956   1506.5493    3.5798     3623365705.4188
   308.651    7.7323    4.2636    3.4944   1546.8545    3.5738     3745564242.0668
   318.418    7.7221    4.2535    3.4932   1587.1597    3.5679     3867516006.1083
   328.185    7.7124    4.2435    3.4920   1627.4650    3.5620     3989223496.0753
   337.952    7.7022    4.2333    3.4908   1667.7702    3.5561     4110687835.0029
   347.719    7.6922    4.2231    3.4896   1708.0754    3.5503     4231909833.6455
   357.485    7.6820    4.2129    3.4883   1748.3806    3.5446     4352891143.8799
   367.252    7.6721    4.2028    3.4871   1788.6859    3.5388     4473633538.3282
   377.019    7.6621    4.1926    3.4859   1828.9911    3.5332     4594139455.0323
   386.786    7.6515    4.1822    3.4846   1869.2963    3.5276     4714408315.2092
   396.553    7.6407    4.1717    3.4833   1909.6016    3.5220     4834440667.8810
   406.320    7.6307    4.1615    3.4820   1949.9068    3.5165     4954239134.2718
   416.087    7.6206    4.1512    3.4806   1990.2120    3.5110     5073804949.5313
   425.854    7.6099    4.1408    3.4793   2030.5173    3.5056     5193138104.2025
   435.621    7.5991    4.1301    3.4778   2070.8225    3.5002     5312238600.9321
   458.840    7.6296    4.1399    3.4866   2075.9362    3.4875     5595239463.5403
   482.059    7.6583    4.1488    3.4951   2080.8818    3.4749     5877915061.1422
   505.278    7.6864    4.1577    3.5034   2085.7133    3.4624     6160248487.2583
   528.497    7.7141    4.1664    3.5117   2090.4033    3.4500     6442232930.9868
   551.716    7.7409    4.1748    3.5199   2094.9989    3.4376     6723864845.9807
   574.935    7.7669    4.1829    3.5279   2099.5031    3.4254     7005136376.9143
   598.154    7.7927    4.1909    3.5359   2103.9119    3.4133     7286043381.8703
   621.373    7.8180    4.1988    3.5439   2108.2772    3.4012     7566586960.0675
   644.592    7.8436    4.2069    3.5517   2112.5286    3.3894     7846768041.9914
   667.811    7.8685    4.2147    3.5596   2116.6196    3.3776     8126587411.2968
   691.029    7.8933    4.2224    3.5674   2120.7758    3.3660     8406051251.1353
   714.248    7.9175    4.2300    3.5751   2124.7382    3.3545     8685161512.3369
   737.467    7.9433    4.2384    3.5832   2128.7758    3.3432     8963935830.2900
   760.686    7.9666    4.2456    3.5907   2132.6006    3.3320     9242375008.2568
   783.905    7.9910    4.2534    3.5985   2136.3636    3.3211     9520474562.0697
   807.124    8.0160    4.2615    3.6065   2140.2305    3.3103     9798265517.0495
   830.343    8.0405    4.2694    3.6143   2143.9056    3.2996    10075763576.7503
   853.562    8.0651    4.2774    3.6222   2147.4966    3.2892    10352975764.4387
   876.781    8.0910    4.2864    3.6306   2151.0564    3.2790    10629932516.4608
   900.000    8.1158    4.2947    3.6385   2154.7387    3.2690    10906649075.0489
   917.292    8.1373    4.3026    3.6453   2157.3215    3.2617    11112525754.4385
   934.585    8.1580    4.3102    3.6520   2159.9364    3.2546    11318322340.6044
   951.877    8.1788    4.3178    3.6587   2162.4900    3.2475    11524043522.8551
   969.170    8.2002    4.3257    3.6657   2165.1039    3.2406    11729704705.9074
   986.462    8.2236    4.3350    3.6732   2167.7189    3.2338    11935331760.7625
  1003.755    8.2465    4.3439    3.6808   2170.3657    3.2271    12140950915.4414
  1021.047    8.2655    4.3503    3.6876   2173.1483    3.2206    12346547232.0093
  1038.340    8.2842    4.3566    3.6942   2175.9210    3.2142    12552099495.4702
  1055.632    8.3034    4.3632    3.7010   2178.7227    3.2080    12757619381.2435
  1072.925    8.3222    4.3698    3.7078   2181.5175    3.2019    12963118463.2653
  1090.217    8.3387    4.3752    3.7137   2183.8587    3.1961    13168579913.6884
  1107.510    8.3628    4.3855    3.7229   2185.2871    3.1903    13374080476.0685
  1124.802    8.3867    4.3961    3.7318   2186.4128    3.1848    13579713394.8675
  1142.095    8.4117    4.4072    3.7413   2187.7877    3.1794    13785495541.1898
  1159.387    8.5509    4.4944    3.7791   2201.3297    3.1739    13992227396.2046
  1176.680    8.7491    4.6211    3.8305   2218.6481    3.1681    14201052404.8928
  1193.972    8.8585    4.6887    3.8591   2229.0888    3.1620    14411687601.2224
  1211.265    8.8735    4.6930    3.8646   2231.3413    3.1559    14622849842.6964
  1228.557    8.8882    4.6975    3.8700   2233.3324    3.1501    14833904275.9250
  1245.850    8.9032    4.7019    3.8759   2235.7579    3.1445    15044875244.1422
  1263.142    8.9175    4.7060    3.8814   2237.7791    3.1391    15255781992.5308
  1280.435    8.9312    4.7098    3.8869   2239.5297    3.1340    15466628376.2422
  1297.727    8.9458    4.7145    3.8924   2241.8086    3.1292    15677428260.5427
  1315.020    8.9590    4.7177    3.8983   2243.0490    3.1246    15888210870.6624
  1332.312    8.9726    4.7217    3.9037   2244.8699    3.1203    16098989184.3231
  1349.605    8.9853    4.7249    3.9093   2246.2549    3.1163    16309773814.0697
  1366.897    8.9984    4.7286    3.9147   2247.4994    3.1126    16520584952.3748
  1384.190    9.0118    4.7324    3.9208   2249.0849    3.1092    16731452727.7149
  1401.482    9.0246    4.7358    3.9264   2250.1381    3.1061    16942405252.0721
  1418.775    9.0370    4.7390    3.9323   2251.4734    3.1033    17153458522.3652
  1436.067    9.0491    4.7425    3.9375   2252.1001    3.1010    17364621903.9508
  1453.360    9.0613    4.7457    3.9431   2253.2567    3.0989    17575912623.9190
  1470.652    9.0790    4.7520    3.9508   2255.0765    3.0973    17787423700.6746
  1487.945    9.1188    4.7728    3.9626   2259.3340    3.0960    17999344291.6888
  1505.237    9.1596    4.7947    3.9750   2263.6517    3.0950    18211821869.6774
  1522.530    9.2030    4.8186    3.9883   2268.1329    3.0943    18424918900.5320
  1539.822    9.2454    4.8420    4.0020   2272.1846    3.0939    18638691461.6250
  1557.115    9.2632    4.8499    4.0080   2275.0166    3.0939    18852964216.4406
  1574.407    9.2755    4.8540    4.0127   2277.0666    3.0945    19067525267.4048
  1574.407    5.1840    0.0000    4.0688         nan    3.0945    19067525267.4048
  1591.300    5.1989    0.0000    4.0741         nan    3.0946    19280358409.0317
  1608.193    5.2139    0.0000    4.0794         nan    3.0953    19493480916.4987
  1625.086    5.2288    0.0000    4.0847         nan    3.0965    19706925867.1446
  1641.978    5.2435    0.0000    4.0899         nan    3.0981    19920725887.1184
  1658.871    5.2577    0.0000    4.0950         nan    3.1004    20134910540.7458
  1675.764    5.2718    0.0000    4.1000         nan    3.1032    20349513111.7405
  1692.657    5.2860    0.0000    4.1051         nan    3.1066    20564573373.5772
  1709.550    5.2998    0.0000    4.1100         nan    3.1106    20780129157.3400
  1726.442    5.3132    0.0000    4.1147         nan    3.1152    20996217644.9949
  1726.442    5.6318    0.0000    6.4840         nan    3.1152    20996217644.9949
  1783.789    5.6757    0.0000    6.5197         nan    3.0177    22157767872.0183
  1841.136    5.7176    0.0000    6.5540         nan    2.9192    23289000040.8839
  1898.483    5.7575    0.0000    6.5867         nan    2.8197    24388905761.0565
  1955.830    5.7956    0.0000    6.6181         nan    2.7193    25456519917.3665
  2013.177    5.8318    0.0000    6.6480         nan    2.6182    26490920438.9386
  2070.523    5.8662    0.0000    6.6766         nan    2.5162    27491228293.4791
  2127.870    5.8988    0.0000    6.7039         nan    2.4135    28456607734.8834
  2185.217    5.9298    0.0000    6.7298         nan    2.3102    29386266845.1674
  2242.564    5.9591    0.0000    6.7544         nan    2.2062    30279458436.2223
  2299.911    5.9868    0.0000    6.7777         nan    2.1017    31135481411.1193
  2357.257    6.0129    0.0000    6.7997         nan    1.9967    31953682727.9997
  2414.604    6.0374    0.0000    6.8205         nan    1.8913    32733460184.5855
  2471.951    6.0604    0.0000    6.8400         nan    1.7856    33474266345.8216
  2529.298    6.0819    0.0000    6.8583         nan    1.6798    34175614107.4360
  2586.645    6.1019    0.0000    6.8753         nan    1.5739    34837084667.3730
  2643.991    6.1205    0.0000    6.8912         nan    1.4681    35458339130.4946
  2701.338    6.1376    0.0000    6.9058         nan    1.3628    36039135757.3561
  2758.685    6.1533    0.0000    6.9192         nan    1.2582    36579356263.5840
  2816.032    6.1675    0.0000    6.9315         nan    1.1549    37079047161.9117
  2873.379    6.1804    0.0000    6.9425         nan    1.0537    37538487155.9240
  2930.726    6.1919    0.0000    6.9524         nan    0.9559    37958301883.8199
  2988.072    6.2020    0.0000    6.9611         nan    0.8639    38339669828.3817
  3045.419    6.2107    0.0000    6.9687         nan    0.7819    38684716528.3425
  3102.766    6.2181    0.0000    6.9750         nan    0.7191    38997333419.0301
  3160.113    6.2241    0.0000    6.9802         nan    0.6971    39285069192.7269
  3217.460    6.2288    0.0000    6.9843         nan    0.7790    39564178009.9768
  3274.806    6.2321    0.0000    6.9872         nan    1.2207    39876251865.5252
  3332.153    6.2341    0.0000    6.9889         nan    4.0987    40365456456.0364
  3389.500    6.2348    0.0000    6.9895         nan    0.0000    42008261965.6589
