# Depth[km]  Vp[km/s]  Vs[km/s] Rho[g/cm3]    T[K]     g[m/s2]         P[Pa]        
     0.000    3.8326    2.3110    1.8270    273.1500    3.7291              0.0000
    11.424    3.8326    2.3110    1.8270    316.2771    3.7368       77829650.1535
    11.424    4.6216    2.7867    2.2031    316.2771    3.7368       77829650.1535
    28.465    4.6216    2.7867    2.2031    380.6170    3.7431      218121823.6664
    28.465    6.5424    3.9449    3.1188    380.6170    3.7431      218121823.6664
    45.717    6.5424    3.9449    3.1188    445.7538    3.7365      419522386.1580
    45.717    7.8405    4.4836    3.4771    445.7538    3.7365      419522386.1580
    55.132    7.8365    4.4771    3.4774    481.3015    3.7301      541850165.7374
    64.547    7.8319    4.4703    3.4777    516.8493    3.7237      663978971.1943
    73.962    7.8269    4.4633    3.4778    552.3970    3.7173      785906242.2750
    83.377    7.8220    4.4563    3.4780    587.9448    3.7110      907630809.5260
    92.793    7.8167    4.4491    3.4781    623.4925    3.7047     1029152917.0511
   102.208    7.8104    4.4414    3.4780    659.0402    3.6984     1150468132.4819
   111.623    7.8048    4.4341    3.4780    694.5880    3.6921     1271575039.3540
   121.038    7.7992    4.4266    3.4780    730.1357    3.6859     1392476426.7791
   130.453    7.7935    4.4192    3.4779    765.6835    3.6797     1513172267.6045
   139.869    7.7868    4.4113    3.4776    801.2312    3.6735     1633658902.6152
   149.284    7.7810    4.4038    3.4775    836.7789    3.6673     1753935960.6082
   158.699    7.7743    4.3960    3.4772    872.3267    3.6612     1874003566.6188
   168.114    7.7684    4.3884    3.4770    907.8744    3.6551     1993861498.0023
   177.529    7.7617    4.3804    3.4766    943.4221    3.6490     2113509821.0272
   186.944    7.7558    4.3729    3.4764    978.9699    3.6429     2232948130.3739
   196.360    7.7493    4.3650    3.4760   1014.5176    3.6369     2352176945.6946
   205.775    7.7422    4.3570    3.4754   1050.0654    3.6309     2471192483.8590
   215.190    7.7357    4.3492    3.4749   1085.6131    3.6250     2589994348.5450
   224.605    7.7301    4.3417    3.4746   1121.1608    3.6191     2708587315.8469
   234.020    7.7233    4.3336    3.4741   1156.7086    3.6132     2826972780.6321
   243.435    7.7167    4.3258    3.4736   1192.2563    3.6073     2945149250.8935
   252.851    7.7099    4.3179    3.4731   1227.8041    3.6015     3063117276.2766
   262.266    7.7033    4.3100    3.4726   1263.3518    3.5957     3180877439.7639
   271.681    7.6965    4.3021    3.4721   1298.8995    3.5900     3298430681.0865
   281.096    7.6888    4.2938    3.4714   1334.4473    3.5842     3415775777.1326
   290.511    7.6805    4.2853    3.4708   1369.9950    3.5786     3532912531.3470
   299.926    7.6729    4.2769    3.4703   1405.5428    3.5729     3649845305.7197
   309.342    7.6651    4.2685    3.4698   1441.0905    3.5673     3766577141.0862
   318.757    7.6573    4.2601    3.4693   1476.6382    3.5617     3883108930.7020
   328.172    7.6487    4.2514    3.4687   1512.1860    3.5562     3999439425.9076
   337.587    7.6410    4.2430    3.4682   1547.7337    3.5507     4115569584.4356
   347.002    7.6317    4.2340    3.4674   1583.2814    3.5452     4231498893.7456
   356.417    7.6131    4.2214    3.4651   1618.8292    3.5398     4347198878.9291
   365.833    7.6153    4.2168    3.4662   1654.3769    3.5345     4462702387.0137
   375.248    7.6065    4.2080    3.4655   1689.9247    3.5291     4578037872.6550
   384.663    7.5905    4.1964    3.4637   1725.4724    3.5238     4693158002.4664
   394.078    7.5830    4.1880    3.4632   1761.0201    3.5186     4808067510.7420
   403.493    7.5804    4.1815    3.4636   1796.5679    3.5134     4922803886.6627
   412.908    7.5714    4.1726    3.4629   1832.1156    3.5082     5037364199.9917
   422.324    7.5596    4.1625    3.4617   1867.6634    3.5031     5151724784.7791
   446.207    7.5897    4.1705    3.4701   1871.7900    3.4901     5441704513.0620
   470.091    7.6292    4.1820    3.4799   1876.9780    3.4773     5731373697.6269
   493.975    7.6602    4.1904    3.4884   1881.2592    3.4645     6020738059.6618
   517.859    7.6919    4.1992    3.4969   1885.5869    3.4519     6309743989.4879
   541.743    7.7217    4.2073    3.5052   1889.7360    3.4393     6598386544.6763
   565.626    7.7508    4.2152    3.5133   1893.7353    3.4268     6886650301.2548
   589.510    7.7786    4.2225    3.5212   1897.5972    3.4145     7174523968.5475
   613.394    7.8073    4.2303    3.5294   1901.6679    3.4022     7462013319.8417
   637.278    7.8349    4.2378    3.5371   1905.3488    3.3902     7749116602.0665
   661.162    7.8625    4.2454    3.5449   1909.1262    3.3782     8035828459.7845
   685.046    7.8891    4.2525    3.5525   1912.7544    3.3664     8322152603.9771
   708.929    7.9149    4.2593    3.5599   1916.2263    3.3548     8608083226.8883
   732.813    7.9410    4.2663    3.5674   1919.7681    3.3434     8893626064.3273
   756.697    7.9669    4.2732    3.5749   1923.2374    3.3321     9178792558.0382
   780.581    7.9926    4.2801    3.5823   1926.6545    3.3211     9463590004.1189
   804.465    8.0175    4.2868    3.5895   1929.9286    3.3102     9748023354.9323
   828.349    8.0428    4.2937    3.5969   1933.2771    3.2996    10032103775.4693
   852.232    8.0675    4.3004    3.6040   1936.4461    3.2892    10315843906.5376
   876.116    8.0936    4.3077    3.6115   1939.8430    3.2790    10599265929.9542
   900.000    8.1181    4.3144    3.6187   1942.9525    3.2692    10882387815.5079
   917.017    8.1358    4.3195    3.6238   1945.1290    3.2623    11083849267.5261
   934.035    8.1532    4.3242    3.6290   1947.2944    3.2555    11285171338.7865
   951.052    8.1717    4.3297    3.6344   1949.5677    3.2489    11486369626.8309
   968.070    8.1885    4.3342    3.6394   1951.6841    3.2425    11687447681.3454
   985.087    8.2076    4.3401    3.6450   1953.8445    3.2362    11888420100.6667
  1002.105    8.2257    4.3455    3.6504   1955.9553    3.2300    12089306310.5826
  1019.122    8.2423    4.3501    3.6553   1958.0178    3.2241    12290094249.7434
  1036.140    8.2587    4.3544    3.6602   1960.0352    3.2183    12490779955.8584
  1053.157    8.2979    4.3746    3.6711   1963.9743    3.2126    12691537270.9281
  1070.175    8.3953    4.4347    3.6975   1976.7347    3.2070    12892962417.9018
  1087.192    8.5436    4.5391    3.7305   1991.7522    3.2012    13095653826.9128
  1104.210    8.6828    4.6405    3.7585   2005.4830    3.1952    13299638351.1288
  1121.227    8.7112    4.6584    3.7637   2008.1959    3.1892    13504143736.6297
  1138.245    8.7273    4.6629    3.7689   2010.5558    3.1834    13708549619.4091
  1155.262    8.7426    4.6674    3.7737   2012.9815    3.1779    13912856565.4358
  1172.280    8.7580    4.6718    3.7785   2015.4223    3.1725    14117066387.6670
  1189.297    8.7730    4.6761    3.7833   2017.7911    3.1674    14321193011.5654
  1206.315    8.7884    4.6805    3.7881   2020.1873    3.1625    14525250198.7881
  1223.332    8.8035    4.6847    3.7930   2022.5955    3.1579    14729253869.9614
  1240.350    8.8186    4.6890    3.7979   2024.9079    3.1535    14933219909.5242
  1257.367    8.8543    4.7060    3.8060   2029.7775    3.1494    15137250736.7172
  1274.385    8.8933    4.7241    3.8157   2034.8232    3.1454    15341488427.1084
  1291.402    8.9314    4.7421    3.8250   2039.9020    3.1417    15545979506.8987
  1308.420    8.9698    4.7604    3.8348   2045.0503    3.1381    15750739966.3521
  1325.437    9.0088    4.7792    3.8449   2050.1726    3.1348    15955802269.1328
  1342.455    9.0473    4.7973    3.8555   2055.3863    3.1318    16161201210.2456
  1359.472    9.0750    4.8087    3.8640   2058.9525    3.1289    16366906254.1617
  1376.490    9.0906    4.8124    3.8698   2061.0162    3.1264    16572806079.9387
  1393.507    9.1070    4.8159    3.8763   2062.9735    3.1242    16778866812.2624
  1410.525    9.1230    4.8194    3.8827   2064.9372    3.1223    16985124606.5787
  1427.542    9.1398    4.8228    3.8898   2066.8962    3.1208    17191616859.8762
  1444.560    9.1569    4.8262    3.8973   2068.8170    3.1195    17398392811.8632
  1461.577    9.2482    4.8733    3.9365   2083.9091    3.1185    17606327637.9835
  1478.595    9.2790    4.8883    3.9475   2089.9341    3.1175    17815523042.7768
  1495.612    9.3084    4.9036    3.9573   2095.2564    3.1168    18025203844.3525
  1512.630    9.3345    4.9167    3.9660   2100.8820    3.1166    18235330589.2967
  1529.647    9.3600    4.9297    3.9745   2106.1209    3.1167    18445895101.2017
  1546.665    9.3849    4.9423    3.9828   2111.2015    3.1172    18656913408.3703
  1563.682    9.4087    4.9546    3.9905   2116.0841    3.1181    18868391157.6477
  1563.682    5.2964    0.0000    4.0264         nan    3.1181    18868391157.6477
  1580.594    5.3100    0.0000    4.0314         nan    3.1190    19080855668.4028
  1597.507    5.3237    0.0000    4.0364         nan    3.1204    19293644843.1840
  1614.419    5.3373    0.0000    4.0414         nan    3.1223    19506792693.5428
  1631.332    5.3508    0.0000    4.0464         nan    3.1248    19720333058.3176
  1648.244    5.3638    0.0000    4.0511         nan    3.1278    19934296988.6488
  1665.156    5.3768    0.0000    4.0559         nan    3.1313    20148718993.2854
  1682.069    5.3897    0.0000    4.0607         nan    3.1355    20363639815.0486
  1698.981    5.4024    0.0000    4.0653         nan    3.1404    20579098758.3166
  1715.893    5.4147    0.0000    4.0699         nan    3.1459    20795134470.0926
  1715.893    5.0418    0.0000    6.4686         nan    3.1459    20795134470.0926
  1773.604    5.1132    0.0000    6.5135         nan    3.0491    21973596453.6502
  1831.315    5.1807    0.0000    6.5562         nan    2.9509    23123500102.4290
  1889.025    5.2446    0.0000    6.5967         nan    2.8516    24243477985.9197
  1946.736    5.3051    0.0000    6.6351         nan    2.7511    25332237401.9773
  2004.446    5.3623    0.0000    6.6715         nan    2.6495    26388556187.1376
  2062.157    5.4163    0.0000    6.7060         nan    2.5468    27411279220.6503
  2119.867    5.4674    0.0000    6.7386         nan    2.4432    28399315526.8329
  2177.578    5.5156    0.0000    6.7695         nan    2.3387    29351635900.8353
  2235.289    5.5610    0.0000    6.7986         nan    2.2334    30267271021.6278
  2292.999    5.6037    0.0000    6.8261         nan    2.1273    31145310036.4249
  2350.710    5.6439    0.0000    6.8519         nan    2.0204    31984899629.3295
  2408.420    5.6815    0.0000    6.8761         nan    1.9130    32785243629.2636
  2466.131    5.7166    0.0000    6.8988         nan    1.8049    33545603254.2757
  2523.841    5.7494    0.0000    6.9199         nan    1.6964    34265298168.1161
  2581.552    5.7798    0.0000    6.9396         nan    1.5874    34943708639.4139
  2639.263    5.8080    0.0000    6.9578         nan    1.4781    35580279277.3123
  2696.973    5.8339    0.0000    6.9746         nan    1.3687    36174525138.6024
  2754.684    5.8576    0.0000    6.9899         nan    1.2592    36726041562.3018
  2812.394    5.8791    0.0000    7.0039         nan    1.1500    37234520127.3387
  2870.105    5.8985    0.0000    7.0165         nan    1.0414    37699775147.0904
  2927.815    5.9158    0.0000    7.0277         nan    0.9338    38121789245.0851
  2985.526    5.9310    0.0000    7.0375         nan    0.8284    38500795600.4991
  3043.237    5.9441    0.0000    7.0461         nan    0.7267    38837435863.5372
  3100.947    5.9552    0.0000    7.0532         nan    0.6324    39133088633.7973
  3158.658    5.9642    0.0000    7.0591         nan    0.5541    39390628658.0756
  3216.368    5.9712    0.0000    7.0637         nan    0.5168    39616453705.8631
  3274.079    5.9762    0.0000    7.0669         nan    0.6213    39827163089.9397
  3331.789    5.9792    0.0000    7.0689         nan    1.6868    40080571437.5478
  3389.500    5.9802    0.0000    7.0695         nan    0.0000    40768729938.4167
