# Depth[km]  Vp[km/s]  Vs[km/s] Rho[g/cm3]    T[K]     g[m/s2]         P[Pa]        
     0.000    3.8469    2.2851    1.8239    273.1500    3.7291              0.0000
    12.399    3.8469    2.2851    1.8239    320.6238    3.7375       84329694.7761
    12.399    4.6454    2.7594    2.2025    320.6238    3.7375       84329694.7761
    28.240    4.6454    2.7594    2.2025    381.2806    3.7434      214725661.8119
    28.240    6.2242    3.6972    2.9510    381.2806    3.7434      214725661.8119
    44.627    6.2242    3.6972    2.9510    444.0312    3.7394      395754114.3275
    44.627    7.8398    4.4836    3.4768    444.0312    3.7394      395754114.3275
    53.856    7.8356    4.4771    3.4771    479.3702    3.7331      515745005.5285
    63.085    7.8309    4.4704    3.4773    514.7091    3.7269      635543635.8075
    72.314    7.8259    4.4634    3.4775    550.0480    3.7207      755148299.4596
    81.543    7.8207    4.4563    3.4775    585.3869    3.7145      874557141.9852
    90.772    7.8153    4.4491    3.4776    620.7258    3.7083      993769331.2245
   100.000    7.8089    4.4415    3.4774    656.0647    3.7021     1112781421.2485
   109.229    7.8031    4.4341    3.4774    691.4036    3.6960     1231592281.5987
   118.458    7.7973    4.4266    3.4773    726.7426    3.6899     1350204471.1853
   127.687    7.7915    4.4192    3.4772    762.0815    3.6838     1468618003.2725
   136.916    7.7847    4.4113    3.4769    797.4204    3.6777     1586829347.6959
   146.145    7.7786    4.4038    3.4767    832.7593    3.6717     1704837723.1880
   155.374    7.7718    4.3959    3.4764    868.0982    3.6657     1822643532.0368
   164.603    7.7659    4.3884    3.4762    903.4371    3.6597     1940247072.9888
   173.831    7.7590    4.3805    3.4757    938.7760    3.6538     2057648013.9588
   183.060    7.7523    4.3726    3.4753    974.1150    3.6479     2174843093.0138
   192.289    7.7464    4.3651    3.4750   1009.4539    3.6420     2291835984.2877
   201.518    7.7391    4.3570    3.4744   1044.7928    3.6361     2408624891.2699
   210.747    7.7325    4.3492    3.4738   1080.1317    3.6303     2525206372.7474
   219.976    7.7259    4.3414    3.4733   1115.4706    3.6245     2641583257.2264
   229.205    7.7198    4.3337    3.4729   1150.8095    3.6188     2757759029.3293
   238.433    7.7127    4.3256    3.4724   1186.1485    3.6130     2873734942.8314
   247.662    7.7060    4.3178    3.4718   1221.4874    3.6073     2989509424.0984
   256.891    7.6991    4.3099    3.4713   1256.8263    3.6017     3105082920.8328
   266.120    7.6916    4.3018    3.4706   1292.1652    3.5960     3220453997.0324
   275.349    7.6838    4.2934    3.4698   1327.5041    3.5904     3335620782.7365
   284.578    7.6762    4.2852    3.4693   1362.8430    3.5849     3450587824.8625
   293.807    7.6683    4.2768    3.4688   1398.1819    3.5793     3565359610.2832
   303.036    7.6596    4.2681    3.4681   1433.5209    3.5739     3679934367.6572
   312.264    7.6518    4.2598    3.4676   1468.8598    3.5684     3794313201.2573
   321.493    7.6439    4.2514    3.4670   1504.1987    3.5630     3908499423.6286
   330.722    7.6358    4.2429    3.4664   1539.5376    3.5576     4022493305.0009
   339.951    7.6261    4.2338    3.4656   1574.8765    3.5523     4136291206.8046
   349.180    7.6080    4.2214    3.4633   1610.2154    3.5470     4249867143.3352
   358.409    7.6091    4.2165    3.4643   1645.5543    3.5417     4363252129.5434
   367.638    7.6008    4.2079    3.4636   1680.8933    3.5365     4476474542.8609
   376.867    7.5850    4.1964    3.4618   1716.2322    3.5313     4589489834.2091
   386.095    7.5773    4.1881    3.4613   1751.5711    3.5261     4702300772.6197
   395.324    7.5740    4.1813    3.4615   1786.9100    3.5210     4814941868.5030
   404.553    7.5646    4.1723    3.4607   1822.2489    3.5160     4927410114.3138
   413.782    7.5537    4.1627    3.4596   1857.5878    3.5110     5039686738.1927
   438.093    7.5842    4.1706    3.4682   1861.8212    3.4978     5335344912.1915
   462.404    7.6244    4.1823    3.4782   1867.0619    3.4848     5630685656.0786
   486.715    7.6564    4.1911    3.4868   1871.3914    3.4718     5925714387.3153
   511.026    7.6880    4.1997    3.4955   1875.8091    3.4589     6220375598.7637
   535.337    7.7182    4.2079    3.5039   1879.9209    3.4461     6514658856.9260
   559.647    7.7481    4.2160    3.5122   1884.0817    3.4334     6808553750.3595
   583.958    7.7767    4.2237    3.5203   1888.0000    3.4208     7102052733.9908
   608.269    7.8064    4.2319    3.5285   1892.0686    3.4084     7395155629.4937
   632.580    7.8344    4.2395    3.5364   1895.8565    3.3961     7687861965.2099
   656.891    7.8624    4.2471    3.5444   1899.6684    3.3840     7980166510.8654
   681.202    7.8894    4.2542    3.5521   1903.3525    3.3720     8272071947.4739
   705.513    7.9164    4.2615    3.5598   1906.9619    3.3602     8563577790.0943
   729.824    7.9424    4.2684    3.5673   1910.4528    3.3486     8854685080.3407
   754.135    7.9687    4.2754    3.5749   1913.9830    3.3372     9145400887.2352
   778.446    7.9949    4.2825    3.5824   1917.4228    3.3259     9435737242.8734
   802.756    8.0202    4.2893    3.5898   1920.7631    3.3149     9725699922.6250
   827.067    8.0460    4.2963    3.5973   1924.1424    3.3042    10015301321.5790
   851.378    8.0720    4.3035    3.6048   1927.5087    3.2936    10304561727.2792
   875.689    8.0976    4.3106    3.6122   1930.8126    3.2834    10593498361.7677
   900.000    8.1225    4.3174    3.6195   1933.9399    3.2734    10882121470.7413
   916.188    8.1389    4.3218    3.6243   1936.0183    3.2668    11074037876.0561
   932.375    8.1559    4.3267    3.6293   1938.0299    3.2605    11265830748.5340
   948.563    8.1734    4.3318    3.6344   1940.1786    3.2542    11457515147.6864
   964.750    8.1898    4.3364    3.6392   1942.2091    3.2481    11649094533.2464
   980.938    8.2067    4.3413    3.6442   1944.2069    3.2421    11840572389.2115
   997.125    8.2238    4.3462    3.6493   1946.2267    3.2363    12031963711.2021
  1013.313    8.2411    4.3514    3.6545   1948.2108    3.2306    12223280502.4254
  1029.501    8.2566    4.3556    3.6591   1950.1257    3.2251    12414517256.8736
  1045.688    8.2749    4.3616    3.6645   1952.2560    3.2198    12605687477.7904
  1061.876    8.3816    4.4333    3.6901   1963.5650    3.2144    12797346722.5725
  1078.063    8.5204    4.5340    3.7191   1978.6866    3.2090    12990108612.0708
  1094.251    8.6698    4.6397    3.7518   1994.9528    3.2033    13184147532.2033
  1110.439    8.7063    4.6588    3.7619   1997.5276    3.1976    13378956244.9905
  1126.626    8.7214    4.6632    3.7667   1999.8606    3.1920    13573802300.6502
  1142.814    8.7357    4.6673    3.7711   2002.1989    3.1867    13768547274.5078
  1159.001    8.7504    4.6715    3.7757   2004.4459    3.1815    13963197695.8513
  1175.189    8.7651    4.6758    3.7804   2006.7680    3.1765    14157769562.6516
  1191.376    8.7797    4.6801    3.7850   2009.0802    3.1717    14352273726.5807
  1207.564    8.7940    4.6841    3.7895   2011.2811    3.1672    14546719687.7971
  1223.752    8.8082    4.6881    3.7941   2013.5297    3.1628    14741119840.1194
  1239.939    8.8276    4.6951    3.7995   2016.2547    3.1587    14935510366.0417
  1256.127    8.8619    4.7115    3.8074   2021.0475    3.1548    15129987723.2039
  1272.314    8.8992    4.7289    3.8166   2025.8641    3.1510    15324658923.6386
  1288.502    8.9360    4.7466    3.8256   2030.5411    3.1475    15519564801.8478
  1304.690    8.9726    4.7639    3.8349   2035.4714    3.1442    15714719909.7805
  1320.877    9.0086    4.7810    3.8444   2040.3491    3.1410    15910145751.2557
  1337.065    9.0454    4.7984    3.8544   2045.3489    3.1381    16105871763.6433
  1353.252    9.0738    4.8105    3.8629   2048.8657    3.1354    16301885050.0846
  1369.440    9.0889    4.8142    3.8684   2050.8659    3.1329    16498084388.0947
  1385.627    9.1038    4.8175    3.8742   2052.7182    3.1308    16694417276.6419
  1401.815    9.1192    4.8209    3.8803   2054.6391    3.1289    16890915332.8682
  1418.003    9.1346    4.8243    3.8864   2056.4871    3.1273    17087605595.0735
  1434.190    9.1509    4.8275    3.8936   2058.3434    3.1261    17284533585.3475
  1450.378    9.1851    4.8410    3.9086   2064.9165    3.1251    17481941898.9750
  1466.565    9.2693    4.8860    3.9434   2077.7960    3.1242    17680546841.2310
  1482.753    9.2972    4.9005    3.9527   2083.1280    3.1234    17880208606.9316
  1498.940    9.3232    4.9138    3.9613   2088.3001    3.1229    18080273175.6455
  1515.128    9.3483    4.9264    3.9697   2093.2545    3.1228    18280739106.8446
  1531.316    9.3722    4.9384    3.9778   2098.2135    3.1230    18481612814.9434
  1531.316    5.0868    0.0000    3.9911         nan    3.1230    18481612814.9434
  1548.145    5.0968    0.0000    3.9966         nan    3.1235    18691517592.4007
  1564.974    5.1067    0.0000    4.0020         nan    3.1244    18901738385.6273
  1581.803    5.1167    0.0000    4.0074         nan    3.1258    19112306128.0480
  1598.632    5.1266    0.0000    4.0128         nan    3.1276    19323251993.0836
  1615.461    5.1361    0.0000    4.0180         nan    3.1300    19534603843.3682
  1632.290    5.1456    0.0000    4.0232         nan    3.1330    19746392289.1508
  1649.119    5.1551    0.0000    4.0284         nan    3.1365    19958654383.1363
  1665.948    5.1645    0.0000    4.0335         nan    3.1406    20171426606.7845
  1682.777    5.1735    0.0000    4.0385         nan    3.1453    20384743647.5091
  1682.777    5.1482    0.0000    6.3469         nan    3.1453    20384743647.5091
  1741.630    5.2267    0.0000    6.3900         nan    3.0483    21563607052.4158
  1800.482    5.3009    0.0000    6.4308         nan    2.9500    22713624199.9936
  1859.335    5.3709    0.0000    6.4694         nan    2.8505    23833445785.7008
  1918.187    5.4370    0.0000    6.5060         nan    2.7499    24921802040.4765
  1977.040    5.4995    0.0000    6.5406         nan    2.6482    25977497704.2083
  2035.892    5.5584    0.0000    6.5733         nan    2.5455    26999407893.3615
  2094.745    5.6141    0.0000    6.6042         nan    2.4420    27986474734.5633
  2153.597    5.6665    0.0000    6.6334         nan    2.3376    28937704687.9078
  2212.450    5.7158    0.0000    6.6609         nan    2.2324    29852166509.6414
  2271.302    5.7622    0.0000    6.6868         nan    2.1265    30728989849.9875
  2330.155    5.8058    0.0000    6.7112         nan    2.0200    31567364525.8026
  2389.007    5.8465    0.0000    6.7340         nan    1.9129    32366540561.2058
  2447.860    5.8846    0.0000    6.7553         nan    1.8053    33125829166.5438
  2506.712    5.9201    0.0000    6.7752         nan    1.6973    33844604945.2730
  2565.565    5.9530    0.0000    6.7937         nan    1.5891    34522309795.2043
  2624.417    5.9834    0.0000    6.8108         nan    1.4807    35158459267.3709
  2683.270    6.0114    0.0000    6.8265         nan    1.3724    35752652653.2707
  2742.122    6.0370    0.0000    6.8409         nan    1.2643    36304588963.1612
  2800.975    6.0602    0.0000    6.8540         nan    1.1569    36814092613.9675
  2859.827    6.0811    0.0000    6.8658         nan    1.0506    37281155853.6655
  2918.680    6.0998    0.0000    6.8763         nan    0.9464    37706011526.5502
  2977.532    6.1162    0.0000    6.8855         nan    0.8456    38089264177.7105
  3036.385    6.1303    0.0000    6.8935         nan    0.7511    38432141574.2344
  3095.237    6.1422    0.0000    6.9002         nan    0.6686    38737017685.7508
  3154.090    6.1520    0.0000    6.9057         nan    0.6116    39008621214.4833
  3212.942    6.1596    0.0000    6.9100         nan    0.6200    39257261854.9309
  3271.795    6.1650    0.0000    6.9130         nan    0.8549    39509460518.6711
  3330.647    6.1682    0.0000    6.9148         nan    2.6232    39857313785.1904
  3389.500    6.1693    0.0000    6.9155         nan    0.0000    40924894121.8649
