# Depth[km]  Vp[km/s]  Vs[km/s] Rho[g/cm3]    T[K]     g[m/s2]         P[Pa]        
     0.000    3.6213    2.1902    1.6482    273.1500    3.7291              0.0000
    12.006    3.6213    2.1902    1.6482    320.3264    3.7390       73793306.2379
    12.006    4.6863    2.8343    2.1329    320.3264    3.7390       73793306.2379
    30.234    4.6863    2.8343    2.1329    391.9551    3.7469      219155570.6923
    30.234    6.4034    3.8728    2.9144    391.9551    3.7469      219155570.6923
    48.166    6.4034    3.8728    2.9144    462.4241    3.7431      414978895.7692
    48.166    7.9579    4.5333    3.5036    462.4241    3.7431      414978895.7692
    57.876    7.9506    4.5240    3.5035    500.5799    3.7364      542314104.1571
    67.585    7.9431    4.5147    3.5033    538.7357    3.7296      669412462.2900
    77.295    7.9350    4.5050    3.5030    576.8916    3.7229      796272720.3715
    87.005    7.9265    4.4952    3.5026    615.0474    3.7162      922891958.5856
    96.714    7.9181    4.4855    3.5022    653.2032    3.7096     1049270105.9977
   106.424    7.9095    4.4757    3.5018    691.3591    3.7030     1175408851.4621
   116.134    7.9012    4.4662    3.5015    729.5149    3.6964     1301308623.0227
   125.843    7.8920    4.4562    3.5009    767.6707    3.6898     1426967566.6958
   135.553    7.8835    4.4467    3.5005    805.8265    3.6832     1552385706.8840
   145.262    7.8742    4.4368    3.4999    843.9824    3.6767     1677563521.8554
   154.972    7.8651    4.4270    3.4994    882.1382    3.6703     1802499558.3775
   164.682    7.8559    4.4172    3.4987    920.2940    3.6638     1927194317.8422
   174.391    7.8465    4.4074    3.4980    958.4499    3.6574     2051646813.5198
   184.101    7.8373    4.3977    3.4974    996.6057    3.6510     2175858049.3566
   193.811    7.8281    4.3881    3.4967   1034.7615    3.6447     2299829488.1038
   203.520    7.8183    4.3781    3.4959   1072.9174    3.6384     2423559427.2627
   213.230    7.8084    4.3682    3.4952   1111.0732    3.6321     2547047093.3263
   222.939    7.7992    4.3585    3.4944   1149.2290    3.6258     2670295237.5857
   232.649    7.7896    4.3488    3.4937   1187.3849    3.6196     2793305228.6569
   242.359    7.7804    4.3391    3.4929   1225.5407    3.6135     2916078111.0763
   252.068    7.7693    4.3287    3.4919   1263.6965    3.6073     3038610549.4823
   261.778    7.7612    4.3196    3.4912   1301.8524    3.6013     3160905373.2204
   271.488    7.7525    4.3103    3.4904   1340.0082    3.5952     3282968750.0907
   281.197    7.7427    4.3005    3.4895   1378.1640    3.5892     3404796019.6484
   290.907    7.7339    4.2912    3.4886   1416.3199    3.5832     3526388016.8432
   300.616    7.7245    4.2816    3.4877   1454.4757    3.5773     3647747658.4218
   310.326    7.7150    4.2720    3.4868   1492.6315    3.5714     3768874372.2394
   320.036    7.7058    4.2625    3.4858   1530.7874    3.5655     3889768807.7090
   329.745    7.6968    4.2530    3.4850   1568.9432    3.5597     4010433646.3571
   339.455    7.6865    4.2431    3.4839   1607.0990    3.5540     4130868690.1876
   349.165    7.6776    4.2337    3.4831   1645.2549    3.5482     4251075829.0077
   358.874    7.6675    4.2238    3.4820   1683.4107    3.5426     4371056480.6117
   368.584    7.6583    4.2143    3.4811   1721.5665    3.5369     4490812050.6885
   378.293    7.6490    4.2047    3.4801   1759.7223    3.5313     4610344383.7974
   388.003    7.6384    4.1947    3.4791   1797.8782    3.5258     4729651936.9354
   397.713    7.6292    4.1851    3.4782   1836.0340    3.5203     4848738985.3735
   407.422    7.6191    4.1752    3.4771   1874.1898    3.5148     4967606879.2389
   417.132    7.6094    4.1655    3.4761   1912.3457    3.5094     5086255783.0824
   426.842    7.5986    4.1553    3.4750   1950.5015    3.5041     5204686021.2787
   436.551    7.5893    4.1457    3.4741   1988.6573    3.4988     5322900822.0843
   459.724    7.6211    4.1551    3.4829   1993.5233    3.4862     5604917570.5853
   482.896    7.6514    4.1640    3.4914   1998.1757    3.4737     5886619525.6756
   506.069    7.6814    4.1729    3.4999   2002.8284    3.4613     6167997439.7862
   529.241    7.7101    4.1814    3.5081   2007.2628    3.4489     6449040782.7341
   552.413    7.7381    4.1897    3.5162   2011.6184    3.4367     6729734738.4647
   575.586    7.7659    4.1979    3.5244   2015.9416    3.4245     7010078893.8084
   598.758    7.7928    4.2058    3.5324   2020.1104    3.4125     7290072282.5805
   621.931    7.8194    4.2136    3.5403   2024.1402    3.4006     7569708783.3209
   645.103    7.8456    4.2213    3.5481   2028.1487    3.3888     7848986867.6991
   668.276    7.8716    4.2291    3.5559   2032.1287    3.3771     8127909130.9056
   691.448    7.8977    4.2369    3.5637   2035.9811    3.3656     8406480636.9851
   714.620    7.9226    4.2442    3.5713   2039.7341    3.3542     8684701810.1978
   737.793    7.9477    4.2517    3.5789   2043.4159    3.3430     8962576091.8803
   760.965    7.9733    4.2594    3.5866   2047.1422    3.3319     9240117303.0378
   784.138    7.9983    4.2670    3.5943   2050.7297    3.3211     9517336560.9448
   807.310    8.0235    4.2747    3.6020   2054.2374    3.3104     9794242742.5266
   830.483    8.0482    4.2823    3.6097   2057.6535    3.2999    10070847413.0917
   853.655    8.0742    4.2907    3.6176   2061.1355    3.2896    10347170052.0901
   876.828    8.0996    4.2987    3.6255   2064.5006    3.2795    10623232957.9136
   900.000    8.1259    4.3073    3.6337   2067.7965    3.2697    10899061788.1562
   916.919    8.1449    4.3136    3.6396   2070.2229    3.2626    11100234457.6617
   933.837    8.1661    4.3212    3.6462   2072.6232    3.2557    11301318638.1230
   950.756    8.1856    4.3278    3.6522   2074.9726    3.2488    11502321258.7574
   967.674    8.2062    4.3351    3.6588   2077.3611    3.2422    11703250036.6420
   984.593    8.2267    4.3423    3.6653   2079.7106    3.2356    11904125373.2452
  1001.511    8.2512    4.3520    3.6731   2082.1359    3.2292    12104984313.2158
  1018.430    8.2746    4.3612    3.6805   2084.6042    3.2229    12305858086.0969
  1035.349    8.3012    4.3722    3.6890   2087.2007    3.2167    12506775694.6930
  1052.267    8.3184    4.3776    3.6948   2089.3495    3.2107    12707697311.5119
  1069.186    8.3355    4.3832    3.7005   2091.4511    3.2048    12908552511.5447
  1086.104    8.3524    4.3886    3.7062   2093.6107    3.1991    13109350357.8389
  1103.023    8.3692    4.3940    3.7119   2095.7461    3.1936    13310100314.5782
  1119.941    8.4391    4.4349    3.7317   2103.0783    3.1882    13511193407.4957
  1136.860    8.5977    4.5352    3.7741   2118.3306    3.1826    13713623801.2399
  1153.779    8.7898    4.6578    3.8239   2138.6378    3.1767    13918183669.6272
  1170.697    8.8610    4.7001    3.8427   2141.0912    3.1705    14124203736.3056
  1187.616    8.8761    4.7049    3.8478   2143.3882    3.1644    14330464122.8418
  1204.534    8.8924    4.7093    3.8543   2146.1931    3.1585    14536639785.4419
  1221.453    8.9078    4.7138    3.8599   2148.6500    3.1529    14742754277.0156
  1238.372    8.9230    4.7185    3.8653   2151.0576    3.1474    14948793061.8748
  1255.290    8.9381    4.7231    3.8708   2153.4996    3.1422    15154765703.1272
  1272.209    8.9531    4.7277    3.8762   2155.9426    3.1372    15360685961.1666
  1289.127    8.9677    4.7322    3.8814   2158.2648    3.1325    15566560536.2159
  1306.046    8.9825    4.7370    3.8867   2160.6811    3.1280    15772402774.1965
  1322.964    8.9968    4.7415    3.8918   2162.9811    3.1238    15978227150.6927
  1339.883    9.0110    4.7460    3.8970   2165.4262    3.1198    16184046423.7327
  1356.802    9.0240    4.7505    3.9014   2167.5907    3.1162    16389859991.1131
  1373.720    9.0385    4.7553    3.9067   2169.9274    3.1129    16595688771.0884
  1390.639    9.0528    4.7599    3.9117   2172.1151    3.1098    16801567861.0081
  1407.557    9.0848    4.7764    3.9196   2176.4156    3.1071    17007584517.6823
  1424.476    9.1247    4.7972    3.9301   2182.9063    3.1047    17213904844.0460
  1441.394    9.1648    4.8192    3.9398   2188.4417    3.1025    17420595668.8194
  1458.313    9.2036    4.8407    3.9495   2194.2131    3.1006    17627651202.6437
  1475.232    9.2443    4.8636    3.9596   2200.3150    3.0991    17835100933.3471
  1492.150    9.2852    4.8859    3.9710   2206.3035    3.0978    18043009496.8369
  1509.069    9.3259    4.9091    3.9818   2213.1789    3.0969    18251414709.3224
  1525.987    9.3663    4.9323    3.9928   2218.9069    3.0963    18460328390.3356
  1542.906    9.3784    4.9365    3.9969   2220.9182    3.0961    18669598101.2498
  1559.824    9.3909    4.9409    4.0014   2222.9944    3.0963    18879078484.9823
  1559.824    5.1707    0.0000    4.0131         nan    3.0963    18879078484.9823
  1577.502    5.1840    0.0000    4.0185         nan    3.0969    19098889228.3307
  1595.180    5.1974    0.0000    4.0240         nan    3.0980    19319041072.4103
  1612.858    5.2107    0.0000    4.0295         nan    3.0997    19539571501.3548
  1630.536    5.2237    0.0000    4.0349         nan    3.1019    19760516853.5526
  1648.214    5.2364    0.0000    4.0401         nan    3.1047    19981911527.8179
  1665.892    5.2491    0.0000    4.0453         nan    3.1082    20203794902.2048
  1683.570    5.2618    0.0000    4.0505         nan    3.1123    20426212321.5042
  1701.247    5.2739    0.0000    4.0555         nan    3.1171    20649205627.0100
  1718.925    5.2860    0.0000    4.0605         nan    3.1226    20872818110.5036
  1718.925    5.2437    0.0000    6.4569         nan    3.1226    20872818110.5036
  1776.531    5.3240    0.0000    6.4980         nan    3.0254    22037988760.9843
  1834.137    5.3998    0.0000    6.5368         nan    2.9269    23173837258.9313
  1891.743    5.4714    0.0000    6.5736         nan    2.8273    24279098369.1142
  1949.349    5.5389    0.0000    6.6083         nan    2.7267    25352582042.2936
  2006.955    5.6027    0.0000    6.6412         nan    2.6251    26393168167.5862
  2064.561    5.6628    0.0000    6.6723         nan    2.5225    27399802169.1360
  2122.167    5.7196    0.0000    6.7017         nan    2.4190    28371491296.0526
  2179.773    5.7730    0.0000    6.7294         nan    2.3147    29307301503.6203
  2237.379    5.8233    0.0000    6.7555         nan    2.2097    30206354846.6245
  2294.986    5.8706    0.0000    6.7801         nan    2.1039    31067827326.4922
  2352.592    5.9149    0.0000    6.8031         nan    1.9974    31890947172.3835
  2410.198    5.9564    0.0000    6.8248         nan    1.8904    32674993547.8165
  2467.804    5.9952    0.0000    6.8450         nan    1.7828    33419295712.1271
  2525.410    6.0312    0.0000    6.8638         nan    1.6747    34123232705.0839
  2583.016    6.0647    0.0000    6.8813         nan    1.5661    34786233684.0594
  2640.622    6.0957    0.0000    6.8975         nan    1.4572    35407779141.1840
  2698.228    6.1241    0.0000    6.9124         nan    1.3480    35987403386.5374
  2755.834    6.1502    0.0000    6.9260         nan    1.2386    36524698970.6211
  2813.440    6.1738    0.0000    6.9384         nan    1.1292    37019324241.6873
  2871.046    6.1950    0.0000    6.9495         nan    1.0199    37471016246.4874
  2928.652    6.2140    0.0000    6.9594         nan    0.9111    37879613260.1901
  2986.258    6.2306    0.0000    6.9682         nan    0.8032    38245095771.5977
  3043.864    6.2450    0.0000    6.9757         nan    0.6971    38567665500.8189
  3101.470    6.2571    0.0000    6.9821         nan    0.5947    38847910090.3744
  3159.076    6.2670    0.0000    6.9873         nan    0.5003    39087184086.1297
  3216.682    6.2747    0.0000    6.9913         nan    0.4267    39288626426.0977
  3274.288    6.2802    0.0000    6.9942         nan    0.4251    39460513461.0822
  3331.894    6.2835    0.0000    6.9959         nan    0.9120    39631830286.8481
  3389.500    6.2846    0.0000    6.9965         nan    0.0000    39999391537.2201
