# Depth[km]  Vp[km/s]  Vs[km/s] Rho[g/cm3]    T[K]     g[m/s2]         P[Pa]        
     0.000    3.7280    2.2298    1.6819    273.1500    3.7291              0.0000
    11.650    3.7280    2.2298    1.6819    318.2142    3.7384       73070273.6655
    11.650    4.6921    2.8064    2.1168    318.2142    3.7384       73070273.6655
    29.048    4.6921    2.8064    2.1168    385.5153    3.7461      210746709.0670
    29.048    6.0284    3.6056    2.7197    385.5153    3.7461      210746709.0670
    46.670    6.0284    3.6056    2.7197    453.6855    3.7453      390288705.6860
    46.670    7.9606    4.5357    3.5039    453.6855    3.7453      390288705.6860
    56.322    7.9538    4.5267    3.5039    491.0227    3.7386      516952482.1671
    65.974    7.9466    4.5177    3.5037    528.3600    3.7319      643384704.7701
    75.626    7.9391    4.5084    3.5036    565.6973    3.7252      769584526.7214
    85.278    7.9314    4.4990    3.5033    603.0346    3.7186      895551110.1958
    94.930    7.9228    4.4893    3.5029    640.3718    3.7119     1021281283.9952
   104.582    7.9149    4.4800    3.5026    677.7091    3.7053     1146775676.0970
   114.233    7.9068    4.4706    3.5023    715.0464    3.6988     1272036410.8151
   123.885    7.8986    4.4611    3.5020    752.3837    3.6922     1397063536.6468
   133.537    7.8898    4.4515    3.5015    789.7209    3.6857     1521854624.6796
   143.189    7.8814    4.4421    3.5011    827.0582    3.6793     1646409262.7986
   152.841    7.8727    4.4326    3.5006    864.3955    3.6728     1770728872.2238
   162.493    7.8634    4.4229    3.4999    901.7328    3.6664     1894810565.2027
   172.145    7.8553    4.4137    3.4995    939.0700    3.6600     2018657108.5158
   181.796    7.8463    4.4042    3.4989    976.4073    3.6536     2142269602.5119
   191.448    7.8374    4.3947    3.4983   1013.7446    3.6473     2265645845.1002
   201.100    7.8283    4.3852    3.4977   1051.0819    3.6410     2388786967.2955
   210.752    7.8190    4.3756    3.4969   1088.4192    3.6348     2511692008.1792
   220.404    7.8100    4.3661    3.4963   1125.7564    3.6286     2634361553.5102
   230.056    7.8005    4.3564    3.4956   1163.0937    3.6224     2756797216.4051
   239.708    7.7919    4.3472    3.4949   1200.4310    3.6162     2879000830.4241
   249.360    7.7827    4.3377    3.4942   1237.7683    3.6101     3000972723.6700
   259.011    7.7723    4.3276    3.4932   1275.1055    3.6041     3122708573.2596
   268.663    7.7650    4.3190    3.4927   1312.4428    3.5980     3244214023.3222
   278.315    7.7563    4.3099    3.4919   1349.7801    3.5920     3365493650.3934
   287.967    7.7472    4.3003    3.4911   1387.1174    3.5861     3486543583.4072
   297.619    7.7385    4.2912    3.4903   1424.4546    3.5801     3607363956.5559
   307.271    7.7297    4.2820    3.4894   1461.7919    3.5743     3727955970.7482
   316.923    7.7211    4.2728    3.4887   1499.1292    3.5684     3848322015.6899
   326.574    7.7123    4.2636    3.4878   1536.4665    3.5626     3968463681.5208
   336.226    7.7028    4.2541    3.4869   1573.8037    3.5568     4088379677.7229
   345.878    7.6939    4.2448    3.4861   1611.1410    3.5511     4208071862.6368
   355.530    7.6849    4.2354    3.4852   1648.4783    3.5455     4327543039.3421
   365.182    7.6763    4.2263    3.4844   1685.8156    3.5398     4446794656.0067
   374.834    7.6665    4.2167    3.4834   1723.1528    3.5342     4565826034.3865
   384.486    7.6577    4.2074    3.4826   1760.4901    3.5287     4684638075.8135
   394.138    7.6479    4.1977    3.4816   1797.8274    3.5232     4803232957.5369
   403.789    7.6387    4.1883    3.4807   1835.1647    3.5177     4921611020.8357
   413.441    7.6295    4.1788    3.4799   1872.5020    3.5123     5039777250.8259
   423.093    7.6200    4.1694    3.4789   1909.8392    3.5069     5157731273.0701
   432.745    7.6105    4.1597    3.4780   1947.1765    3.5016     5275471642.1170
   456.108    7.6423    4.1692    3.4868   1951.9736    3.4888     5560355840.7946
   479.471    7.6719    4.1779    3.4953   1956.4651    3.4761     5844904721.9354
   502.833    7.7020    4.1868    3.5038   1961.0341    3.4635     6129108457.1915
   526.196    7.7308    4.1953    3.5121   1965.4052    3.4510     6412959912.0638
   549.559    7.7586    4.2035    3.5202   1969.6284    3.4385     6696445719.0801
   572.922    7.7863    4.2117    3.5283   1973.9073    3.4261     6979560114.7347
   596.284    7.8131    4.2195    3.5362   1977.8334    3.4139     7262298024.8637
   619.647    7.8397    4.2274    3.5442   1981.9289    3.4018     7544661178.3584
   643.010    7.8661    4.2352    3.5521   1985.8473    3.3898     7826649951.3967
   666.373    7.8925    4.2432    3.5599   1989.6856    3.3779     8108264918.8643
   689.735    7.9179    4.2507    3.5676   1993.4292    3.3662     8389508253.6560
   713.098    7.9431    4.2581    3.5753   1997.1011    3.3546     8670380328.8476
   736.461    7.9687    4.2658    3.5830   2000.7965    3.3432     8950891783.0469
   759.824    7.9935    4.2732    3.5906   2004.3384    3.3320     9231048213.1516
   783.186    8.0192    4.2812    3.5984   2007.8350    3.3209     9510860639.6665
   806.549    8.0437    4.2885    3.6060   2011.2637    3.3100     9790341112.9086
   829.912    8.0696    4.2967    3.6139   2014.7368    3.2994    10069506605.7896
   853.275    8.0945    4.3043    3.6217   2018.1000    3.2889    10348377099.3796
   876.637    8.1206    4.3129    3.6297   2021.3684    3.2786    10626968096.2747
   900.000    8.1464    4.3213    3.6377   2024.4868    3.2686    10905299908.1481
   916.958    8.1662    4.3280    3.6439   2026.9293    3.2614    11107102347.2828
   933.916    8.1869    4.3353    3.6504   2029.2839    3.2544    11308815015.2319
   950.874    8.2061    4.3418    3.6565   2031.5454    3.2475    11510439176.7296
   967.832    8.2252    4.3484    3.6625   2033.8442    3.2407    11711967699.5234
   984.790    8.2476    4.3568    3.6696   2036.1500    3.2341    11913437219.6368
  1001.748    8.2729    4.3669    3.6776   2038.5505    3.2275    12114908911.2997
  1018.706    8.2983    4.3772    3.6857   2041.0428    3.2211    12316414633.8982
  1035.664    8.3212    4.3860    3.6932   2043.3673    3.2149    12517946111.6215
  1052.622    8.3383    4.3915    3.6989   2045.4336    3.2087    12719444387.7810
  1069.579    8.3550    4.3968    3.7045   2047.5304    3.2028    12920866059.3673
  1086.537    8.3717    4.4021    3.7102   2049.6277    3.1970    13122219929.8333
  1103.495    8.4078    4.4204    3.7210   2053.7343    3.1914    13323658026.4652
  1120.453    8.5536    4.5121    3.7606   2067.6013    3.1856    13526106171.8643
  1137.411    8.7275    4.6226    3.8065   2085.4091    3.1796    13730500295.4190
  1154.369    8.8627    4.7074    3.8416   2094.2869    3.1732    13936690446.9725
  1171.327    8.8809    4.7144    3.8473   2096.3636    3.1668    14143565946.5064
  1188.285    8.8973    4.7189    3.8538   2099.1094    3.1606    14350349847.7222
  1205.243    8.9127    4.7234    3.8594   2101.5344    3.1546    14557051729.5838
  1222.201    8.9280    4.7280    3.8648   2103.8949    3.1488    14763656968.5673
  1239.159    8.9432    4.7325    3.8704   2106.2783    3.1432    14970176097.8885
  1256.117    8.9583    4.7371    3.8758   2108.6419    3.1378    15176621518.5661
  1273.075    8.9729    4.7416    3.8811   2110.9905    3.1327    15382999587.4199
  1290.033    8.9881    4.7464    3.8866   2113.3483    3.1279    15589328424.7967
  1306.991    9.0025    4.7509    3.8918   2115.6557    3.1232    15795620916.1100
  1323.949    9.0165    4.7553    3.8969   2117.9925    3.1189    16001879249.1607
  1340.907    9.0300    4.7600    3.9015   2120.1281    3.1148    16208106912.7871
  1357.865    9.0432    4.7646    3.9060   2122.2288    3.1110    16414307330.0359
  1374.823    9.0625    4.7722    3.9121   2124.9785    3.1076    16620536471.6073
  1391.780    9.1019    4.7929    3.9216   2130.3500    3.1044    16826944736.9572
  1408.738    9.1418    4.8136    3.9322   2136.4981    3.1014    17033670257.5051
  1425.696    9.1819    4.8356    3.9421   2142.0040    3.0987    17240739369.9072
  1442.654    9.2216    4.8576    3.9519   2147.8128    3.0963    17448147226.4551
  1459.612    9.2619    4.8804    3.9621   2153.5076    3.0942    17655919586.5851
  1476.570    9.3029    4.9027    3.9735   2159.6560    3.0924    17864115688.0467
  1493.528    9.3439    4.9262    3.9845   2166.4376    3.0908    18072774347.8694
  1510.486    9.3727    4.9416    3.9928   2170.1848    3.0896    18281833729.8900
  1527.444    9.3853    4.9459    3.9971   2172.1893    3.0888    18491143472.4761
  1544.402    9.3979    4.9504    4.0016   2174.1799    3.0884    18700629718.5522
  1561.360    9.4100    4.9545    4.0058   2176.1871    3.0885    18910319219.7491
  1561.360    5.3019    0.0000    3.9945         nan    3.0885    18910319219.7491
  1579.542    5.3160    0.0000    3.9998         nan    3.0893    19134781586.5345
  1597.724    5.3302    0.0000    4.0051         nan    3.0907    19359598703.7534
  1615.906    5.3443    0.0000    4.0104         nan    3.0926    19584811858.4380
  1634.087    5.3581    0.0000    4.0155         nan    3.0952    19810460709.0343
  1652.269    5.3716    0.0000    4.0206         nan    3.0984    20036583895.5679
  1670.451    5.3851    0.0000    4.0256         nan    3.1023    20263225986.4316
  1688.633    5.3985    0.0000    4.0307         nan    3.1069    20490436658.3844
  1706.815    5.4113    0.0000    4.0355         nan    3.1122    20718261880.6184
  1724.997    5.4242    0.0000    4.0403         nan    3.1183    20946750726.2300
  1724.997    5.1279    0.0000    6.4617         nan    3.1183    20946750726.2300
  1782.393    5.2034    0.0000    6.5045         nan    3.0217    22107111242.6404
  1839.790    5.2746    0.0000    6.5450         nan    2.9238    23238731443.4210
  1897.187    5.3420    0.0000    6.5834         nan    2.8247    24340311620.4718
  1954.583    5.4057    0.0000    6.6198         nan    2.7245    25410625811.7824
  2011.980    5.4658    0.0000    6.6543         nan    2.6233    26448517080.1270
  2069.377    5.5226    0.0000    6.6869         nan    2.5211    27452893530.0337
  2126.773    5.5763    0.0000    6.7177         nan    2.4179    28422724940.3194
  2184.170    5.6268    0.0000    6.7468         nan    2.3139    29357039914.7700
  2241.567    5.6744    0.0000    6.7743         nan    2.2091    30254923489.4633
  2298.963    5.7192    0.0000    6.8001         nan    2.1035    31115515147.3919
  2356.360    5.7613    0.0000    6.8244         nan    1.9973    31938007214.9516
  2413.757    5.8006    0.0000    6.8472         nan    1.8903    32721643639.6206
  2471.153    5.8374    0.0000    6.8686         nan    1.7828    33465719169.0842
  2528.550    5.8717    0.0000    6.8884         nan    1.6748    34169578990.6794
  2585.947    5.9035    0.0000    6.9069         nan    1.5662    34832618941.9224
  2643.343    5.9330    0.0000    6.9240         nan    1.4573    35454286486.0820
  2700.740    5.9600    0.0000    6.9397         nan    1.3480    36034082786.9085
  2758.137    5.9848    0.0000    6.9541         nan    1.2385    36571566459.4741
  2815.533    6.0072    0.0000    6.9672         nan    1.1288    37066360026.0821
  2872.930    6.0275    0.0000    6.9790         nan    1.0193    37518160979.9802
  2930.327    6.0455    0.0000    6.9895         nan    0.9100    37926761145.6053
  2987.723    6.0614    0.0000    6.9987         nan    0.8015    38292081935.3862
  3045.120    6.0751    0.0000    7.0067         nan    0.6946    38614242360.6984
  3102.517    6.0866    0.0000    7.0134         nan    0.5907    38893700819.4802
  3159.913    6.0960    0.0000    7.0189         nan    0.4938    39131583133.0005
  3217.310    6.1034    0.0000    7.0232         nan    0.4146    39330558676.5980
  3274.707    6.1086    0.0000    7.0263         nan    0.3974    39497727614.3828
  3332.103    6.1117    0.0000    7.0281         nan    0.8004    39658029180.1894
  3389.500    6.1128    0.0000    7.0287         nan    0.0000    39980925532.6948
