# Depth[km]  Vp[km/s]  Vs[km/s] Rho[g/cm3]    T[K]     g[m/s2]         P[Pa]        
     0.000    3.5453    2.1156    1.5924    273.1500    3.7291              0.0000
    13.560    3.5453    2.1156    1.5924    326.4419    3.7409       80522037.8029
    13.560    4.8777    2.9107    2.1908    326.4419    3.7409       80522037.8029
    31.212    4.8777    2.9107    2.1908    395.8172    3.7477      225188145.1800
    31.212    6.0105    3.5867    2.6996    395.8172    3.7477      225188145.1800
    49.282    6.0105    3.5867    2.6996    466.8368    3.7473      408007992.3420
    49.282    7.9978    4.5420    3.5195    466.8368    3.7473      408007992.3420
    58.942    7.9903    4.5324    3.5192    504.8023    3.7404      535400630.5398
    68.601    7.9825    4.5228    3.5189    542.7677    3.7336      662550852.4172
    78.261    7.9744    4.5130    3.5185    580.7332    3.7269      789457420.9474
    87.921    7.9659    4.5030    3.5181    618.6987    3.7201      916118242.5639
    97.581    7.9577    4.4933    3.5176    656.6641    3.7134     1042533602.2090
   107.240    7.9493    4.4835    3.5172    694.6296    3.7067     1168704980.5343
   116.900    7.9410    4.4738    3.5167    732.5951    3.7000     1294632562.5518
   126.560    7.9321    4.4639    3.5161    770.5605    3.6934     1420315178.2347
   136.220    7.9238    4.4544    3.5156    808.5260    3.6868     1545752980.1300
   145.880    7.9148    4.4446    3.5150    846.4915    3.6802     1670946175.0965
   155.539    7.9060    4.4349    3.5144    884.4569    3.6737     1795893846.5929
   165.199    7.8973    4.4253    3.5137    922.4224    3.6672     1920597001.1432
   174.859    7.8883    4.4157    3.5130    960.3879    3.6607     2045055148.8494
   184.519    7.8794    4.4060    3.5123    998.3533    3.6542     2169268699.1815
   194.178    7.8706    4.3965    3.5116   1036.3188    3.6478     2293238340.5275
   203.838    7.8618    4.3871    3.5108   1074.2843    3.6415     2416963941.6634
   213.498    7.8526    4.3773    3.5101   1112.2497    3.6351     2540446114.6055
   223.158    7.8439    4.3680    3.5093   1150.2152    3.6288     2663686663.1406
   232.817    7.8352    4.3586    3.5086   1188.1807    3.6225     2786687553.4894
   242.477    7.8263    4.3491    3.5078   1226.1461    3.6163     2909448633.0329
   252.137    7.8169    4.3394    3.5069   1264.1116    3.6101     3031968924.7284
   261.797    7.8082    4.3300    3.5061   1302.0771    3.6039     3154249663.7435
   271.457    7.8003    4.3212    3.5053   1340.0425    3.5978     3276293627.7144
   281.116    7.7917    4.3116    3.5045   1378.0080    3.5917     3398101851.2047
   290.776    7.7829    4.3024    3.5035   1415.9735    3.5857     3519673028.5245
   300.436    7.7749    4.2936    3.5027   1453.9389    3.5797     3641008355.9101
   310.096    7.7665    4.2845    3.5018   1491.9044    3.5737     3762110874.2469
   319.755    7.7574    4.2749    3.5008   1529.8699    3.5678     3882979869.6323
   329.415    7.7489    4.2656    3.5000   1567.8353    3.5619     4003617202.1701
   339.075    7.7401    4.2564    3.4990   1605.8008    3.5560     4124024716.4538
   348.735    7.7318    4.2473    3.4982   1643.7663    3.5502     4244203069.3151
   358.394    7.7229    4.2380    3.4972   1681.7317    3.5445     4364153183.3283
   368.054    7.7138    4.2285    3.4962   1719.6972    3.5387     4483875138.4423
   377.714    7.7055    4.2194    3.4953   1757.6627    3.5331     4603371279.0593
   387.374    7.6962    4.2097    3.4943   1795.6281    3.5274     4722642808.6722
   397.034    7.6872    4.2003    3.4933   1833.5936    3.5218     4841689902.9868
   406.693    7.6791    4.1912    3.4924   1871.5591    3.5163     4960515773.3242
   416.353    7.6694    4.1815    3.4913   1909.5245    3.5108     5079121801.3794
   426.013    7.6607    4.1721    3.4903   1947.4900    3.5053     5197507009.2430
   435.673    7.6512    4.1625    3.4892   1985.4555    3.4999     5315672569.1733
   458.889    7.6804    4.1717    3.4977   1990.1493    3.4871     5599537172.5229
   482.105    7.7085    4.1805    3.5061   1994.7795    3.4742     5883038143.2065
   505.322    7.7354    4.1889    3.5142   1999.2386    3.4615     6166162081.2401
   528.538    7.7623    4.1974    3.5223   2003.5718    3.4488     6448900220.9190
   551.754    7.7887    4.2057    3.5303   2007.8375    3.4363     6731249252.7930
   574.971    7.8139    4.2135    3.5383   2012.1174    3.4238     7013207933.2681
   598.187    7.8394    4.2214    3.5462   2016.2651    3.4114     7294775202.7812
   621.404    7.8641    4.2291    3.5539   2020.2317    3.3992     7575943399.9233
   644.620    7.8893    4.2370    3.5617   2024.2565    3.3871     7856715649.4102
   667.836    7.9135    4.2445    3.5694   2028.1057    3.3751     8137098464.2568
   691.053    7.9382    4.2523    3.5772   2032.0113    3.3632     8417094176.2217
   714.269    7.9622    4.2599    3.5849   2035.7220    3.3515     8696708892.3227
   737.485    7.9866    4.2676    3.5926   2039.5124    3.3400     8975947816.8572
   760.702    8.0111    4.2755    3.6003   2043.0869    3.3286     9254822496.0533
   783.918    8.0352    4.2832    3.6080   2046.6640    3.3173     9533342127.6965
   807.135    8.0593    4.2910    3.6158   2050.1431    3.3063     9811516990.4769
   830.351    8.0840    4.2991    3.6236   2053.6987    3.2954    10089364939.8686
   853.567    8.1091    4.3075    3.6317   2057.1027    3.2848    10366909277.7984
   876.784    8.1342    4.3161    3.6397   2060.4428    3.2743    10644169103.9304
   900.000    8.1601    4.3250    3.6481   2063.7811    3.2640    10921170658.3294
   917.324    8.1798    4.3320    3.6545   2066.2107    3.2565    11127634381.2835
   934.648    8.2008    4.3398    3.6613   2068.6623    3.2491    11333992361.3389
   951.971    8.2216    4.3476    3.6680   2071.0923    3.2418    11540263006.5247
   969.295    8.2437    4.3560    3.6752   2073.5623    3.2347    11746462830.0213
   986.619    8.2626    4.3628    3.6814   2075.9997    3.2277    11952582212.7458
  1003.943    8.2921    4.3756    3.6909   2078.5092    3.2208    12158693192.9793
  1021.267    8.3110    4.3821    3.6977   2081.1377    3.2140    12364818253.9190
  1038.590    8.3301    4.3886    3.7045   2083.8445    3.2073    12570889227.8966
  1055.914    8.3491    4.3952    3.7113   2086.6056    3.2009    12776914014.2822
  1073.238    8.3649    4.4001    3.7169   2088.9182    3.1946    12982867010.2902
  1090.562    8.3804    4.4048    3.7226   2091.2089    3.1884    13188724731.2959
  1107.885    8.3955    4.4095    3.7280   2093.4782    3.1825    13394492597.4646
  1125.209    8.4980    4.4723    3.7567   2104.8936    3.1766    13600819728.1626
  1142.533    8.6541    4.5712    3.7983   2119.9059    3.1704    13808698928.3134
  1159.857    8.8503    4.6966    3.8486   2139.8732    3.1639    14018699939.7779
  1177.181    8.9031    4.7265    3.8631   2141.7449    3.1572    14230042570.6822
  1194.504    8.9174    4.7308    3.8682   2143.8683    3.1506    14441472709.3989
  1211.828    8.9319    4.7352    3.8736   2145.9684    3.1443    14652749238.9942
  1229.152    8.9456    4.7392    3.8787   2147.9923    3.1381    14863884006.0553
  1246.476    8.9598    4.7435    3.8841   2149.9645    3.1322    15074893813.7919
  1263.800    8.9734    4.7475    3.8893   2151.9276    3.1265    15285793786.9922
  1281.123    8.9870    4.7514    3.8945   2153.6250    3.1211    15496592722.3840
  1298.447    9.0004    4.7554    3.8999   2155.5137    3.1159    15707311692.5377
  1315.771    9.0133    4.7590    3.9051   2157.0695    3.1110    15917966443.1698
  1333.095    9.0261    4.7626    3.9104   2158.6869    3.1064    16128572232.5782
  1350.418    9.0389    4.7661    3.9158   2160.2051    3.1021    16339153718.2481
  1367.742    9.0517    4.7699    3.9210   2161.5165    3.0980    16549727936.2218
  1385.066    9.0642    4.7733    3.9265   2163.0892    3.0943    16760315097.5166
  1402.390    9.0765    4.7767    3.9317   2164.4978    3.0909    16970935843.2677
  1419.714    9.0882    4.7801    3.9364   2165.3323    3.0879    17181591944.4287
  1437.037    9.1270    4.7998    3.9482   2170.3116    3.0851    17392479077.8573
  1454.361    9.1668    4.8212    3.9591   2174.8941    3.0826    17603783455.3974
  1471.685    9.2079    4.8437    3.9705   2179.6148    3.0804    17815515489.8908
  1489.009    9.2488    4.8661    3.9826   2184.3166    3.0786    18027723458.7254
  1506.333    9.2903    4.8895    3.9947   2189.1866    3.0770    18240446663.9215
  1523.656    9.3308    4.9121    4.0075   2193.9220    3.0757    18453725123.5760
  1540.980    9.3441    4.9172    4.0122   2195.7680    3.0748    18667380848.7178
  1558.304    9.3573    4.9221    4.0169   2197.9502    3.0744    18881224774.3512
  1575.628    9.3714    4.9275    4.0221   2200.3251    3.0744    19095303454.7156
  1575.628    5.0515    0.0000    4.0393         nan    3.0744    19095303454.7156
  1594.889    5.0664    0.0000    4.0455         nan    3.0748    19334685607.9057
  1614.151    5.0813    0.0000    4.0518         nan    3.0757    19574466082.5530
  1633.412    5.0963    0.0000    4.0581         nan    3.0773    19814693465.5540
  1652.674    5.1106    0.0000    4.0641         nan    3.0796    20055412512.1498
  1671.935    5.1248    0.0000    4.0701         nan    3.0826    20296668692.2756
  1691.197    5.1390    0.0000    4.0761         nan    3.0864    20538516859.8368
  1710.458    5.1529    0.0000    4.0820         nan    3.0910    20781012855.9744
  1729.720    5.1664    0.0000    4.0877         nan    3.0964    21024211701.2784
  1748.981    5.1799    0.0000    4.0934         nan    3.1027    21268176082.3311
  1748.981    5.2675    0.0000    6.5482         nan    3.1027    21268176082.3311
  1805.551    5.3406    0.0000    6.5886         nan    3.0053    22421028826.3292
  1862.121    5.4097    0.0000    6.6269         nan    2.9068    23544404456.6251
  1918.690    5.4750    0.0000    6.6632         nan    2.8071    24637085739.1176
  1975.260    5.5369    0.0000    6.6976         nan    2.7064    25697920117.3397
  2031.830    5.5954    0.0000    6.7302         nan    2.6046    26725815181.0413
  2088.399    5.6506    0.0000    6.7611         nan    2.5019    27719734626.2958
  2144.969    5.7028    0.0000    6.7903         nan    2.3982    28678694572.1693
  2201.538    5.7521    0.0000    6.8179         nan    2.2936    29601760107.9735
  2258.108    5.7985    0.0000    6.8439         nan    2.1881    30488041947.6561
  2314.678    5.8422    0.0000    6.8685         nan    2.0817    31336693054.1516
  2371.247    5.8832    0.0000    6.8915         nan    1.9746    32146905069.4449
  2427.817    5.9216    0.0000    6.9132         nan    1.8666    32917904340.8476
  2484.386    5.9575    0.0000    6.9334         nan    1.7578    33648947254.8678
  2540.956    5.9910    0.0000    6.9523         nan    1.6481    34339314459.6704
  2597.526    6.0220    0.0000    6.9698         nan    1.5375    34988303345.2543
  2654.095    6.0508    0.0000    6.9861         nan    1.4259    35595217792.5232
  2710.665    6.0772    0.0000    7.0010         nan    1.3133    36159353584.7973
  2767.234    6.1014    0.0000    7.0147         nan    1.1993    36679976774.1967
  2823.804    6.1234    0.0000    7.0271         nan    1.0836    37156290254.0716
  2880.374    6.1431    0.0000    7.0383         nan    0.9656    37587379823.7601
  2936.943    6.1608    0.0000    7.0483         nan    0.8444    37972122897.9275
  2993.513    6.1763    0.0000    7.0571         nan    0.7182    38309025212.2037
  3050.082    6.1897    0.0000    7.0647         nan    0.5836    38595908722.1985
  3106.652    6.2009    0.0000    7.0711         nan    0.4336    38829263847.4225
  3163.222    6.2102    0.0000    7.0764         nan    0.2509    39002753826.5340
  3219.791    6.2173    0.0000    7.0804         nan   -0.0142    39103223284.8723
  3276.361    6.2224    0.0000    7.0833         nan   -0.5639    39097548291.6066
  3332.930    6.2255    0.0000    7.0851         nan   -3.0398    38871572661.2249
  3389.500    6.2265    0.0000    7.0856         nan    0.0000    37653174490.1924
