# Depth[km]  Vp[km/s]  Vs[km/s] Rho[g/cm3]    T[K]     g[m/s2]         P[Pa]        
     0.000    3.8440    2.3057    1.7684    273.1500    3.7291              0.0000
    11.842    3.8440    2.3057    1.7684    316.4297    3.7376       78093514.7974
    11.842    4.8211    2.8917    2.2179    316.4297    3.7376       78093514.7974
    28.193    4.8211    2.8917    2.2179    376.1923    3.7435      213635972.5980
    28.193    6.5756    3.9441    3.0250    376.1923    3.7435      213635972.5980
    44.862    6.5756    3.9441    3.0250    437.1187    3.7384      402404243.6441
    44.862    7.8435    4.4857    3.4775    437.1187    3.7384      402404243.6441
    54.879    7.8399    4.4792    3.4780    473.7291    3.7316      532631824.2878
    64.895    7.8357    4.4724    3.4784    510.3394    3.7248      662638935.4925
    74.911    7.8313    4.4654    3.4788    546.9498    3.7181      792423629.2063
    84.928    7.8264    4.4582    3.4790    583.5601    3.7113      921983499.3448
    94.944    7.8216    4.4510    3.4793    620.1705    3.7046     1051317638.2115
   104.961    7.8154    4.4432    3.4792    656.7808    3.6979     1180422364.8985
   114.977    7.8102    4.4357    3.4794    693.3912    3.6913     1309296274.8244
   124.994    7.8048    4.4282    3.4795    730.0015    3.6846     1437942172.3464
   135.010    7.7994    4.4207    3.4796    766.6119    3.6780     1566360162.4979
   145.026    7.7930    4.4127    3.4794    803.2222    3.6715     1694546244.2296
   155.043    7.7874    4.4051    3.4794    839.8326    3.6649     1822499893.2040
   165.059    7.7819    4.3975    3.4794    876.4429    3.6584     1950224950.2056
   175.076    7.7755    4.3895    3.4791    913.0532    3.6519     2077717957.1638
   185.092    7.7691    4.3815    3.4788    949.6636    3.6455     2204975395.4440
   195.109    7.7635    4.3738    3.4787    986.2739    3.6390     2332000006.3572
   205.125    7.7572    4.3659    3.4784   1022.8843    3.6326     2458792604.7834
   215.141    7.7513    4.3581    3.4781   1059.4946    3.6263     2585351864.4048
   225.158    7.7448    4.3501    3.4777   1096.1050    3.6200     2711677326.2768
   235.174    7.7385    4.3421    3.4773   1132.7153    3.6137     2837768453.3298
   245.191    7.7318    4.3339    3.4769   1169.3257    3.6075     2963627355.0474
   255.207    7.7256    4.3261    3.4766   1205.9360    3.6012     3089256095.3200
   265.224    7.7193    4.3182    3.4762   1242.5464    3.5951     3214654890.2445
   275.240    7.7128    4.3102    3.4758   1279.1567    3.5889     3339824181.0409
   285.257    7.7065    4.3022    3.4753   1315.7671    3.5829     3464764894.4455
   295.273    7.6995    4.2940    3.4750   1352.3774    3.5768     3589478829.5108
   305.289    7.6913    4.2852    3.4744   1388.9878    3.5708     3713965831.6680
   315.306    7.6838    4.2767    3.4740   1425.5981    3.5648     3838227133.2641
   325.322    7.6761    4.2681    3.4737   1462.2085    3.5589     3962266614.0325
   335.339    7.6678    4.2594    3.4731   1498.8188    3.5530     4086083226.3540
   345.355    7.6605    4.2509    3.4727   1535.4292    3.5471     4209677950.0282
   355.372    7.6525    4.2422    3.4723   1572.0395    3.5413     4333054489.0056
   365.388    7.6450    4.2337    3.4719   1608.6499    3.5355     4456213944.4734
   375.404    7.6353    4.2243    3.4711   1645.2602    3.5298     4579151878.0979
   385.421    7.6274    4.2156    3.4707   1681.8706    3.5241     4701869566.1111
   395.437    7.6195    4.2069    3.4702   1718.4809    3.5185     4824373682.0130
   405.454    7.6119    4.1983    3.4697   1755.0913    3.5129     4946665644.7883
   415.470    7.6032    4.1893    3.4691   1791.7016    3.5074     5068744702.4736
   425.487    7.5948    4.1804    3.4686   1828.3120    3.5019     5190611850.5092
   435.503    7.5798    4.1689    3.4670   1864.9223    3.4964     5312251094.8414
   445.519    7.5719    4.1601    3.4666   1901.5327    3.4911     5433665817.0777
   468.243    7.6000    4.1674    3.4745   1905.5365    3.4789     5708988219.8950
   490.967    7.6384    4.1786    3.4840   1910.6099    3.4668     5984040966.2997
   513.692    7.6679    4.1867    3.4920   1914.7691    3.4548     6258830096.4945
   536.416    7.6980    4.1951    3.5001   1918.9190    3.4429     6533301010.8903
   559.140    7.7256    4.2025    3.5079   1922.8266    3.4311     6807445404.2834
   581.864    7.7532    4.2100    3.5156   1926.6830    3.4194     7081250620.3174
   604.588    7.7795    4.2170    3.5231   1930.3960    3.4078     7354711396.9346
   627.312    7.8072    4.2246    3.5308   1934.2844    3.3963     7627833204.1141
   650.036    7.8333    4.2317    3.5381   1937.8931    3.3850     7900616618.4060
   672.760    7.8587    4.2384    3.5454   1941.4503    3.3738     8173053357.8172
   695.484    7.8840    4.2452    3.5527   1944.9465    3.3627     8445145848.4373
   718.208    7.9090    4.2519    3.5599   1948.4049    3.3518     8716897949.1293
   740.932    7.9339    4.2585    3.5670   1951.8408    3.3411     8988315341.6242
   763.656    7.9587    4.2653    3.5741   1955.2015    3.3305     9259404714.4809
   786.380    7.9827    4.2717    3.5810   1958.3875    3.3202     9530167097.6802
   809.104    8.0068    4.2780    3.5881   1961.7030    3.3100     9800611387.0250
   831.828    8.0304    4.2844    3.5949   1964.8159    3.3000    10070748572.5846
   854.552    8.0544    4.2909    3.6019   1968.0031    3.2902    10340590261.3599
   877.276    8.0789    4.2979    3.6089   1971.2067    3.2807    10610156996.0470
   900.000    8.1029    4.3046    3.6159   1974.3003    3.2714    10879462266.1765
   916.701    8.1202    4.3093    3.6210   1976.5209    3.2647    11077148841.1038
   933.401    8.1373    4.3141    3.6260   1978.6896    3.2581    11274706997.7452
   950.102    8.1546    4.3189    3.6311   1980.8574    3.2517    11472145048.1129
   966.802    8.1723    4.3240    3.6363   1983.0838    3.2454    11669473460.5067
   983.503    8.1906    4.3295    3.6417   1985.2476    3.2393    11866708963.3629
  1000.203    8.2088    4.3350    3.6471   1987.3828    3.2334    12063865026.8475
  1016.904    8.2251    4.3395    3.6519   1989.4127    3.2276    12260933902.7492
  1033.604    8.2418    4.3440    3.6570   1991.4363    3.2219    12457915917.0865
  1050.305    8.2574    4.3481    3.6616   1993.4757    3.2165    12654814520.1446
  1067.005    8.3196    4.3841    3.6784   1999.4814    3.2111    12851956138.9586
  1083.706    8.4242    4.4493    3.7064   2009.9820    3.2057    13049971136.7126
  1100.406    8.5505    4.5290    3.7398   2023.4131    3.2001    13249295563.0810
  1117.107    8.6110    4.5638    3.7560   2029.3278    3.1944    13449596355.8170
  1133.807    8.6261    4.5674    3.7607   2034.6943    3.1889    13650099039.6034
  1150.508    8.7043    4.6352    3.7684   2037.9133    3.1835    13850585425.7262
  1167.208    8.7295    4.6505    3.7732   2046.2030    3.1783    14051066118.5207
  1183.909    8.7531    4.6635    3.7784   2048.6632    3.1734    14251483278.1087
  1200.609    8.7679    4.6677    3.7831   2051.0259    3.1686    14451849678.8124
  1217.310    8.7829    4.6719    3.7879   2053.4417    3.1641    14652169225.2769
  1234.010    8.7978    4.6762    3.7927   2055.7984    3.1598    14852455674.8877
  1250.711    8.8124    4.6803    3.7974   2058.0902    3.1558    15052721537.5676
  1267.411    8.8397    4.6918    3.8045   2062.0145    3.1520    15253042830.6271
  1284.112    8.8783    4.7101    3.8136   2066.9366    3.1484    15453549164.9192
  1300.813    8.9159    4.7279    3.8229   2072.1217    3.1450    15654312615.0015
  1317.513    8.9532    4.7455    3.8324   2077.1792    3.1419    15855355363.4414
  1334.214    8.9904    4.7634    3.8420   2082.1949    3.1390    16056698167.2969
  1350.914    9.0292    4.7815    3.8527   2087.5050    3.1363    16258386631.4891
  1367.615    9.0673    4.7992    3.8637   2092.3098    3.1338    16460469402.4009
  1384.315    9.0816    4.8031    3.8686   2094.5249    3.1316    16662808998.2046
  1401.016    9.0989    4.8063    3.8760   2096.3984    3.1297    16865330159.9829
  1417.716    9.1149    4.8096    3.8826   2098.3618    3.1282    17068095538.8676
  1434.417    9.1317    4.8131    3.8897   2100.3196    3.1270    17271116123.9729
  1451.117    9.1487    4.8163    3.8973   2102.2441    3.1261    17474441448.0703
  1467.818    9.2130    4.8469    3.9255   2110.7008    3.1254    17678643281.4046
  1484.518    9.2557    4.8682    3.9423   2120.6563    3.1248    17883972640.5036
  1501.219    9.2829    4.8819    3.9514   2126.0737    3.1246    18089943937.3253
  1517.919    9.3103    4.8961    3.9606   2131.2664    3.1247    18296375937.5783
  1534.620    9.3352    4.9085    3.9689   2136.6803    3.1252    18503271449.9158
  1551.320    9.3590    4.9205    3.9769   2141.7102    3.1260    18710625880.2009
  1551.320    4.9191    0.0000    4.0148         nan    3.1260    18710625880.2009
  1567.118    4.9311    0.0000    4.0203         nan    3.1268    18909029172.2283
  1582.916    4.9430    0.0000    4.0257         nan    3.1279    19107748418.2057
  1598.713    4.9549    0.0000    4.0312         nan    3.1295    19306810100.3487
  1614.511    4.9669    0.0000    4.0366         nan    3.1315    19506241824.6627
  1630.308    4.9782    0.0000    4.0418         nan    3.1340    19706066352.8234
  1646.106    4.9896    0.0000    4.0470         nan    3.1370    19906307689.3013
  1661.903    5.0010    0.0000    4.0522         nan    3.1405    20106997241.0392
  1677.701    5.0123    0.0000    4.0574         nan    3.1445    20308167835.6144
  1693.499    5.0231    0.0000    4.0624         nan    3.1491    20509847930.5657
  1693.499    5.1477    0.0000    6.3940         nan    3.1491    20509847930.5657
  1751.981    5.2157    0.0000    6.4373         nan    3.0520    21691402545.1323
  1810.464    5.2802    0.0000    6.4785         nan    2.9536    22844053148.7859
  1868.947    5.3412    0.0000    6.5175         nan    2.8540    23966475430.0495
  1927.430    5.3991    0.0000    6.5547         nan    2.7533    25057414832.8140
  1985.913    5.4538    0.0000    6.5899         nan    2.6515    26115683130.8944
  2044.396    5.5056    0.0000    6.6233         nan    2.5487    27140155580.7169
  2102.878    5.5546    0.0000    6.6549         nan    2.4450    28129768582.7713
  2161.361    5.6008    0.0000    6.6849         nan    2.3405    29083517807.5328
  2219.844    5.6445    0.0000    6.7132         nan    2.2351    30000456765.4326
  2278.327    5.6855    0.0000    6.7399         nan    2.1289    30879695825.8754
  2336.810    5.7242    0.0000    6.7650         nan    2.0221    31720401720.0852
  2395.292    5.7604    0.0000    6.7886         nan    1.9146    32521797605.5240
  2453.775    5.7942    0.0000    6.8106         nan    1.8066    33283163820.9031
  2512.258    5.8258    0.0000    6.8312         nan    1.6982    34003839546.8384
  2570.741    5.8551    0.0000    6.8504         nan    1.5893    34683225727.9445
  2629.224    5.8822    0.0000    6.8682         nan    1.4803    35320789825.5990
  2687.706    5.9072    0.0000    6.8845         nan    1.3711    35916073348.7002
  2746.189    5.9301    0.0000    6.8995         nan    1.2620    36468703778.7408
  2804.672    5.9508    0.0000    6.9131         nan    1.1532    36978413738.6317
  2863.155    5.9696    0.0000    6.9254         nan    1.0452    37445072649.1201
  2921.638    5.9862    0.0000    6.9364         nan    0.9386    37868741024.0568
  2980.120    6.0009    0.0000    6.9460         nan    0.8345    38249768296.4119
  3038.603    6.0136    0.0000    6.9543         nan    0.7350    38588980495.8418
  3097.086    6.0243    0.0000    6.9614         nan    0.6443    38888070481.2962
  3155.569    6.0330    0.0000    6.9671         nan    0.5727    39150499710.6622
  3214.052    6.0398    0.0000    6.9716         nan    0.5496    39383905580.7234
  3272.534    6.0446    0.0000    6.9748         nan    0.6950    39608033383.5970
  3331.017    6.0475    0.0000    6.9767         nan    1.9817    39891570561.9307
  3389.500    6.0485    0.0000    6.9773         nan    0.0000    40700160129.4057
