# Depth[km]  Vp[km/s]  Vs[km/s] Rho[g/cm3]    T[K]     g[m/s2]         P[Pa]        
     0.000    4.1307    2.5009    1.8794    273.1500    3.7291              0.0000
    14.048    4.1307    2.5009    1.8794    331.1759    3.7379       98452258.2222
    14.048    4.3765    2.6497    1.9912    331.1759    3.7379       98452258.2222
    30.160    4.3765    2.6497    1.9912    397.7329    3.7469      218374128.8826
    30.160    5.6155    3.3999    2.5549    397.7329    3.7469      218374128.8826
    46.030    5.6155    3.3999    2.5549    463.2871    3.7483      370289640.1271
    46.030    7.9955    4.5419    3.5186    463.2871    3.7483      370289640.1271
    55.761    7.9870    4.5317    3.5182    503.4833    3.7415      498621136.5972
    65.491    7.9782    4.5213    3.5177    543.6795    3.7346      626699488.0928
    75.222    7.9690    4.5106    3.5171    583.8757    3.7278      754523379.6725
    84.953    7.9593    4.5000    3.5164    624.0719    3.7210      882090436.4813
    94.684    7.9500    4.4894    3.5158    664.2681    3.7142     1009400991.5862
   104.414    7.9405    4.4789    3.5151    704.4643    3.7075     1136456707.1394
   114.145    7.9307    4.4683    3.5143    744.6604    3.7008     1263255760.0980
   123.876    7.9209    4.4578    3.5136    784.8566    3.6941     1389798256.7978
   133.607    7.9109    4.4472    3.5128    825.0528    3.6874     1516084410.3546
   143.338    7.9014    4.4369    3.5120    865.2490    3.6808     1642114852.3225
   153.068    7.8912    4.4264    3.5111    905.4452    3.6742     1767889716.9174
   162.799    7.8812    4.4160    3.5102    945.6414    3.6677     1893407421.9927
   172.530    7.8709    4.4055    3.5092    985.8376    3.6612     2018667913.4474
   182.261    7.8610    4.3952    3.5083   1026.0338    3.6547     2143672075.4123
   191.991    7.8512    4.3850    3.5074   1066.2300    3.6483     2268421856.3924
   201.722    7.8406    4.3744    3.5063   1106.4262    3.6419     2392916516.0104
   211.453    7.8304    4.3642    3.5053   1146.6224    3.6355     2517155797.3966
   221.184    7.8206    4.3541    3.5043   1186.8185    3.6292     2641142324.7996
   230.915    7.8106    4.3439    3.5032   1227.0147    3.6229     2764876929.1856
   240.645    7.7998    4.3334    3.5021   1267.2109    3.6166     2888359006.5347
   250.376    7.7901    4.3232    3.5011   1307.4071    3.6104     3011590615.7658
   260.107    7.7809    4.3136    3.5000   1347.6033    3.6043     3134572914.6503
   269.838    7.7710    4.3033    3.4989   1387.7995    3.5981     3257305846.4878
   279.568    7.7613    4.2934    3.4977   1427.9957    3.5920     3379790945.4530
   289.299    7.7514    4.2833    3.4966   1468.1919    3.5860     3502029266.9501
   299.030    7.7419    4.2735    3.4954   1508.3881    3.5800     3624021191.1634
   308.761    7.7313    4.2630    3.4942   1548.5843    3.5740     3745766664.5506
   318.492    7.7214    4.2530    3.4930   1588.7804    3.5681     3867267614.9793
   328.222    7.7117    4.2430    3.4919   1628.9766    3.5622     3988527022.4875
   337.953    7.7014    4.2328    3.4906   1669.1728    3.5564     4109544585.0295
   347.684    7.6914    4.2227    3.4894   1709.3690    3.5506     4230321609.8048
   357.415    7.6812    4.2125    3.4881   1749.5652    3.5449     4350860022.3074
   367.145    7.6713    4.2023    3.4869   1789.7614    3.5392     4471160810.8284
   376.876    7.6614    4.1922    3.4857   1829.9576    3.5336     4591226646.9902
   386.607    7.6511    4.1820    3.4844   1870.1538    3.5280     4711057417.9896
   396.338    7.6402    4.1714    3.4831   1910.3500    3.5224     4830653437.6125
   406.069    7.6299    4.1611    3.4818   1950.5462    3.5169     4950016898.4766
   415.799    7.6192    4.1506    3.4803   1990.7423    3.5115     5069146904.6908
   425.530    7.6089    4.1403    3.4790   2030.9385    3.5061     5188045082.3357
   435.261    7.5985    4.1298    3.4777   2071.1347    3.5007     5306714613.2500
   458.498    7.6290    4.1396    3.4864   2076.2544    3.4880     5589963724.0252
   481.735    7.6580    4.1487    3.4949   2081.2057    3.4754     5872887445.5132
   504.972    7.6859    4.1574    3.5033   2086.0066    3.4629     6155469039.3357
   528.209    7.7136    4.1662    3.5116   2090.7357    3.4505     6437701943.9626
   551.446    7.7405    4.1746    3.5197   2095.3403    3.4381     6719581920.6003
   574.683    7.7662    4.1826    3.5278   2099.8244    3.4259     7001100353.1278
   597.920    7.7923    4.1907    3.5358   2104.2504    3.4137     7282254604.2970
   621.157    7.8176    4.1986    3.5438   2108.6319    3.4017     7563046692.9125
   644.393    7.8432    4.2067    3.5516   2112.8883    3.3898     7843476543.0412
   667.630    7.8681    4.2145    3.5595   2116.9839    3.3781     8123544737.2080
   690.867    7.8929    4.2222    3.5673   2121.1446    3.3664     8403257475.6375
   714.104    7.9172    4.2298    3.5750   2125.1051    3.3550     8682616585.8061
   737.341    7.9429    4.2382    3.5831   2129.1530    3.3437     8961639875.9077
   760.578    7.9663    4.2454    3.5906   2132.9821    3.3325     9240328304.0180
   783.815    7.9907    4.2532    3.5984   2136.7491    3.3215     9518677261.7932
   807.052    8.0157    4.2613    3.6064   2140.6200    3.3107     9796717826.7733
   830.289    8.0403    4.2693    3.6143   2144.2916    3.3001    10074465551.6026
   853.526    8.0648    4.2773    3.6222   2147.8935    3.2897    10351927691.6255
   876.763    8.0908    4.2862    3.6305   2151.4592    3.2795    10629134983.2192
   900.000    8.1157    4.2946    3.6385   2155.1339    3.2695    10906102503.8790
   917.528    8.1375    4.3027    3.6454   2157.7557    3.2621    11114814510.7564
   935.056    8.1582    4.3102    3.6520   2160.4126    3.2549    11323443227.6989
   952.584    8.1795    4.3180    3.6590   2162.9972    3.2477    11531993939.3409
   970.112    8.2008    4.3258    3.6659   2165.6500    3.2407    11740482084.4496
   987.640    8.2245    4.3352    3.6736   2168.2957    3.2338    11948934917.1465
  1005.168    8.2483    4.3445    3.6815   2171.0257    3.2271    12157386303.3552
  1022.696    8.2672    4.3508    3.6882   2173.8188    3.2205    12365817666.3404
  1040.224    8.2866    4.3574    3.6951   2176.6552    3.2141    12574206991.9718
  1057.752    8.3054    4.3638    3.7018   2179.4778    3.2078    12782562398.1124
  1075.280    8.3246    4.3705    3.7087   2182.2659    3.2017    12990893197.8063
  1092.808    8.3419    4.3765    3.7149   2184.4650    3.1957    13199194957.0338
  1110.336    8.3663    4.3870    3.7242   2185.9021    3.1900    13407545347.8971
  1127.864    8.3908    4.3980    3.7332   2186.9424    3.1844    13616032130.2120
  1145.392    8.4287    4.4171    3.7462   2189.5901    3.1789    13824766384.1488
  1162.920    8.5861    4.5167    3.7884   2204.8371    3.1733    14034678203.4718
  1180.448    8.8047    4.6571    3.8446   2222.6083    3.1673    14246958747.9917
  1197.976    8.8625    4.6899    3.8606   2230.0931    3.1611    14460842591.7125
  1215.504    8.8775    4.6943    3.8661   2232.4664    3.1550    14674903777.4542
  1233.032    8.8922    4.6985    3.8718   2234.5260    3.1492    14888862801.5013
  1250.560    8.9067    4.7027    3.8773   2236.6287    3.1436    15102734792.1327
  1268.088    8.9210    4.7068    3.8828   2238.5416    3.1382    15316531792.8826
  1285.616    8.9350    4.7107    3.8885   2240.4684    3.1332    15530272440.7847
  1303.144    8.9494    4.7149    3.8944   2242.2780    3.1283    15743982117.8983
  1320.672    8.9631    4.7188    3.8999   2244.0802    3.1238    15957673662.3367
  1338.200    8.9769    4.7227    3.9057   2245.7495    3.1195    16171366160.4036
  1355.728    8.9903    4.7266    3.9113   2247.0651    3.1156    16385079986.8542
  1373.256    9.0032    4.7298    3.9171   2248.5933    3.1119    16598832938.1095
  1390.784    9.0161    4.7333    3.9227   2249.9670    3.1086    16812646971.7199
  1408.312    9.0294    4.7370    3.9287   2251.2494    3.1056    17026551043.0653
  1425.840    9.0419    4.7403    3.9344   2252.2027    3.1030    17240569839.8227
  1443.368    9.0542    4.7437    3.9399   2252.9660    3.1008    17454711927.4606
  1460.896    9.0669    4.7467    3.9467   2254.2925    3.0989    17669030976.2096
  1478.424    9.0968    4.7612    3.9562   2257.3110    3.0974    17883661428.9704
  1495.952    9.1395    4.7844    3.9683   2261.6634    3.0962    18098774487.9908
  1513.480    9.1803    4.8059    3.9814   2266.2654    3.0953    18314488698.4428
  1531.008    9.2231    4.8295    3.9948   2270.2441    3.0948    18530862430.5559
  1548.536    9.2549    4.8461    4.0056   2274.2151    3.0947    18747857192.2750
  1566.064    9.2681    4.8509    4.0103   2276.6918    3.0949    18965259915.1690
  1583.592    9.2812    4.8557    4.0151   2278.4640    3.0957    19182940681.3507
  1583.592    4.9085    0.0000    4.0231         nan    3.0957    19182940681.3507
  1597.474    4.9157    0.0000    4.0279         nan    3.0967    19355936846.2772
  1611.356    4.9229    0.0000    4.0326         nan    3.0979    19529188662.2951
  1625.237    4.9301    0.0000    4.0374         nan    3.0995    19702714904.5516
  1639.119    4.9373    0.0000    4.0422         nan    3.1015    19876535053.3668
  1653.001    4.9444    0.0000    4.0468         nan    3.1038    20050667239.3691
  1666.883    4.9512    0.0000    4.0514         nan    3.1065    20225128413.6542
  1680.765    4.9581    0.0000    4.0559         nan    3.1096    20399938460.3322
  1694.647    4.9650    0.0000    4.0605         nan    3.1131    20575120089.0937
  1708.529    4.9719    0.0000    4.0651         nan    3.1170    20750696758.0398
  1708.529    5.1830    0.0000    6.3973         nan    3.1170    20750696758.0398
  1766.494    5.2569    0.0000    6.4391         nan    3.0203    21910312444.6898
  1824.458    5.3267    0.0000    6.4788         nan    2.9224    23041100500.5766
  1882.423    5.3928    0.0000    6.5165         nan    2.8234    24141782415.7325
  1940.387    5.4552    0.0000    6.5522         nan    2.7232    25211151016.4575
  1998.352    5.5143    0.0000    6.5860         nan    2.6220    26248066146.7266
  2056.316    5.5701    0.0000    6.6180         nan    2.5198    27251451025.3511
  2114.281    5.6228    0.0000    6.6482         nan    2.4168    28220289172.9330
  2172.245    5.6725    0.0000    6.6768         nan    2.3128    29153621828.1906
  2230.210    5.7194    0.0000    6.7038         nan    2.2081    30050545801.5517
  2288.174    5.7634    0.0000    6.7293         nan    2.1026    30910211731.7765
  2346.139    5.8048    0.0000    6.7532         nan    1.9965    31731822732.8676
  2404.103    5.8436    0.0000    6.7756         nan    1.8897    32514633443.5108
  2462.068    5.8798    0.0000    6.7966         nan    1.7823    33257949522.0949
  2520.032    5.9136    0.0000    6.8161         nan    1.6745    33961127677.4413
  2577.997    5.9449    0.0000    6.8343         nan    1.5661    34623576386.3855
  2635.961    5.9739    0.0000    6.8511         nan    1.4574    35244757560.6977
  2693.926    6.0006    0.0000    6.8666         nan    1.3484    35824189607.3899
  2751.890    6.0250    0.0000    6.8808         nan    1.2393    36361452642.7743
  2809.855    6.0471    0.0000    6.8937         nan    1.1301    36856197212.5304
  2867.819    6.0671    0.0000    6.9053         nan    1.0211    37308159011.3044
  2925.784    6.0849    0.0000    6.9157         nan    0.9127    37717184434.6441
  2983.748    6.1005    0.0000    6.9248         nan    0.8053    38083276915.0421
  3041.713    6.1140    0.0000    6.9326         nan    0.7000    38406686112.6900
  3099.677    6.1254    0.0000    6.9393         nan    0.5988    38688093665.9742
  3157.642    6.1347    0.0000    6.9447         nan    0.5067    38929042741.8650
  3215.606    6.1419    0.0000    6.9489         nan    0.4380    39133085082.0979
  3273.571    6.1471    0.0000    6.9519         nan    0.4506    39309560786.2837
  3331.535    6.1502    0.0000    6.9537         nan    1.0136    39491151278.5732
  3389.500    6.1512    0.0000    6.9543         nan    0.0000    39899722382.1337
