# Depth[km]  Vp[km/s]  Vs[km/s] Rho[g/cm3]    T[K]     g[m/s2]         P[Pa]        
     0.000    3.5552    2.1310    1.7389    273.1500    3.7291              0.0000
    10.877    3.5552    2.1310    1.7389    314.2422    3.7372       70532431.7962
    10.877    4.6463    2.7850    2.2726    314.2422    3.7372       70532431.7962
    27.686    4.6463    2.7850    2.2726    377.7501    3.7425      213292991.5064
    27.686    6.4445    3.8628    3.1522    377.7501    3.7425      213292991.5064
    43.827    6.4445    3.8628    3.1522    438.7352    3.7358      403706987.2860
    43.827    7.8413    4.4848    3.4770    438.7352    3.7358      403706987.2860
    53.794    7.8370    4.4780    3.4773    476.3933    3.7290      533178220.5785
    63.761    7.8322    4.4708    3.4776    514.0514    3.7222      662426106.1414
    73.728    7.8270    4.4634    3.4778    551.7095    3.7155      791447716.3648
    83.695    7.8217    4.4559    3.4780    589.3676    3.7088      920241858.2514
    93.662    7.8162    4.4484    3.4781    627.0257    3.7021     1048808384.1176
   103.629    7.8094    4.4402    3.4780    664.6839    3.6954     1177142686.1849
   113.596    7.8035    4.4324    3.4780    702.3420    3.6888     1305243387.5522
   123.563    7.7974    4.4245    3.4779    740.0001    3.6821     1433113153.2741
   133.530    7.7915    4.4167    3.4779    777.6582    3.6756     1560752162.4804
   143.497    7.7843    4.4083    3.4776    815.3163    3.6690     1688155823.7924
   153.464    7.7781    4.4003    3.4774    852.9744    3.6625     1815323575.9703
   163.431    7.7711    4.3920    3.4771    890.6325    3.6560     1942256487.4624
   173.398    7.7650    4.3840    3.4769    928.2906    3.6495     2068954516.8150
   183.365    7.7577    4.3756    3.4764    965.9488    3.6431     2195416794.7520
   193.332    7.7510    4.3673    3.4760   1003.6069    3.6367     2321640522.0948
   203.299    7.7433    4.3587    3.4754   1041.2650    3.6303     2447624334.8471
   213.266    7.7374    4.3508    3.4751   1078.9231    3.6240     2573371018.3135
   223.233    7.7307    4.3427    3.4746   1116.5812    3.6177     2698883646.8127
   233.200    7.7235    4.3341    3.4740   1154.2393    3.6115     2824160157.8459
   243.167    7.7165    4.3258    3.4736   1191.8974    3.6053     2949201886.2565
   253.134    7.7092    4.3174    3.4730   1229.5556    3.5991     3074010147.0839
   263.101    7.7025    4.3092    3.4725   1267.2137    3.5930     3198585454.5107
   273.068    7.6953    4.3008    3.4719   1304.8718    3.5869     3322928829.2870
   283.035    7.6862    4.2916    3.4711   1342.5299    3.5808     3447036534.7667
   293.002    7.6781    4.2828    3.4706   1380.1880    3.5748     3570910808.5576
   302.969    7.6700    4.2739    3.4701   1417.8461    3.5688     3694558912.1203
   312.936    7.6611    4.2648    3.4695   1455.5042    3.5629     3817979601.8511
   322.903    7.6528    4.2559    3.4689   1493.1624    3.5570     3941173859.1416
   332.870    7.6439    4.2467    3.4682   1530.8205    3.5511     4064142837.1898
   342.837    7.6357    4.2378    3.4677   1568.4786    3.5453     4186887431.7195
   352.804    7.6264    4.2285    3.4670   1606.1367    3.5395     4309408444.1646
   362.771    7.6170    4.2191    3.4662   1643.7948    3.5338     4431704777.2862
   372.738    7.6085    4.2101    3.4657   1681.4529    3.5281     4553780324.8706
   382.705    7.5991    4.2007    3.4649   1719.1110    3.5225     4675636444.4910
   392.672    7.5834    4.1889    3.4632   1756.7691    3.5169     4797254556.3026
   402.639    7.5805    4.1819    3.4635   1794.4273    3.5114     4918655312.3424
   412.606    7.5710    4.1725    3.4628   1832.0854    3.5059     5039857392.4448
   422.573    7.5587    4.1619    3.4616   1869.7435    3.5004     5160835505.1462
   432.540    7.5503    4.1528    3.4610   1907.4016    3.4950     5281595127.8755
   442.507    7.5423    4.1439    3.4604   1945.0597    3.4897     5402148405.9646
   465.382    7.5703    4.1511    3.4684   1949.2838    3.4775     5678694990.1151
   488.256    7.5986    4.1585    3.4763   1953.3432    3.4654     5954909026.0752
   511.131    7.6256    4.1653    3.4840   1958.5800    3.4534     6230779879.1686
   534.006    7.6669    4.1780    3.4939   1962.8449    3.4415     6506391198.6394
   556.880    7.6962    4.1861    3.5019   1967.0158    3.4296     6781755444.1968
   579.755    7.7238    4.1934    3.5097   1971.0339    3.4179     7056790524.8898
   602.630    7.7511    4.2007    3.5174   1974.9789    3.4063     7331489946.9346
   625.504    7.7785    4.2082    3.5250   1978.8381    3.3948     7605851584.7052
   648.379    7.8061    4.2157    3.5327   1982.8354    3.3834     7879882328.2477
   671.253    7.8319    4.2225    3.5401   1986.5520    3.3722     8153580225.4155
   694.128    7.8577    4.2295    3.5475   1990.1875    3.3611     8426937371.8655
   717.003    7.8832    4.2364    3.5547   1993.7574    3.3501     8699956784.9997
   739.877    7.9082    4.2430    3.5620   1997.3388    3.3394     8972643819.8013
   762.752    7.9329    4.2495    3.5691   2000.8334    3.3288     9245005626.9460
   785.627    7.9579    4.2563    3.5763   2004.2725    3.3184     9517048951.8175
   808.501    7.9816    4.2624    3.5833   2007.6112    3.3082     9788778077.9628
   831.376    8.0063    4.2693    3.5903   2010.9275    3.2982    10060202329.5110
   854.251    8.0300    4.2757    3.5972   2014.1588    3.2884    10331332917.4053
   877.125    8.0541    4.2821    3.6043   2017.4200    3.2788    10602184507.2936
   900.000    8.0779    4.2887    3.6112   2020.5560    3.2695    10872771664.1475
   916.387    8.0964    4.2941    3.6165   2023.0555    3.2630    11066393245.6954
   932.774    8.1133    4.2987    3.6215   2025.2672    3.2566    11259904007.8876
   949.161    8.1304    4.3035    3.6266   2027.4585    3.2503    11453303200.0079
   965.548    8.1476    4.3084    3.6315   2029.5884    3.2442    11646597850.8218
   981.936    8.1648    4.3133    3.6367   2031.7928    3.2382    11839797551.5796
   998.323    8.1834    4.3191    3.6421   2034.0610    3.2324    12032921978.9258
  1014.710    8.1990    4.3232    3.6468   2036.1919    3.2267    12225966322.7062
  1031.097    8.2165    4.3283    3.6520   2038.2545    3.2212    12418932968.6477
  1047.484    8.2321    4.3324    3.6567   2040.3028    3.2159    12611831851.5922
  1063.871    8.2478    4.3365    3.6614   2042.3280    3.2107    12804657551.0883
  1080.258    8.3065    4.3703    3.6772   2048.8825    3.2056    12997713233.4217
  1096.645    8.4138    4.4371    3.7056   2059.4913    3.2005    13191627685.1968
  1113.033    8.5388    4.5161    3.7385   2072.9991    3.1952    13386839907.9167
  1129.420    8.6006    4.5519    3.7549   2078.7612    3.1899    13583018453.4600
  1145.807    8.6166    4.5562    3.7597   2081.3769    3.1846    13779423044.9433
  1162.194    8.6318    4.5601    3.7644   2083.5857    3.1796    13975753047.9387
  1178.581    8.6470    4.5642    3.7691   2085.7328    3.1747    14172015185.0565
  1194.968    8.6621    4.5678    3.7739   2087.8876    3.1701    14368224193.7775
  1211.355    8.6775    4.5720    3.7786   2089.9810    3.1657    14564393296.2038
  1227.742    8.6926    4.5760    3.7833   2092.1330    3.1615    14760534605.2570
  1244.129    8.7070    4.5795    3.7879   2095.8444    3.1575    14956657774.2744
  1260.517    8.7307    4.5931    3.7928   2102.2111    3.1538    15152782813.2070
  1276.904    8.7776    4.6316    3.7989   2106.0490    3.1504    15348961453.1365
  1293.291    8.8187    4.6584    3.8063   2113.0347    3.1471    15545271044.6189
  1309.678    8.8810    4.7010    3.8169   2118.2945    3.1441    15741845493.4008
  1326.065    8.9190    4.7191    3.8264   2123.4778    3.1413    15938751875.9289
  1342.452    8.9576    4.7373    3.8365   2128.7222    3.1387    16135985696.4806
  1358.839    8.9964    4.7556    3.8470   2133.8880    3.1364    16333585245.5856
  1375.226    9.0335    4.7732    3.8572   2139.3985    3.1342    16531568532.4176
  1391.614    9.0637    4.7878    3.8651   2143.8098    3.1324    16729882556.1242
  1408.001    9.0834    4.7912    3.8742   2145.5740    3.1308    16928513930.7018
  1424.388    9.0996    4.7945    3.8809   2147.6185    3.1295    17127449337.3906
  1440.775    9.1161    4.7979    3.8880   2149.5775    3.1285    17326654925.2074
  1457.162    9.1331    4.8011    3.8957   2151.5727    3.1278    17526175390.7277
  1473.549    9.1511    4.8044    3.9042   2153.5816    3.1275    17726068167.0424
  1489.936    9.2193    4.8382    3.9336   2164.6455    3.1273    17926911257.5547
  1506.323    9.2440    4.8498    3.9422   2170.7361    3.1274    18128720408.5093
  1522.710    9.2695    4.8628    3.9507   2175.5435    3.1278    18330972957.0164
  1539.098    9.2966    4.8765    3.9600   2181.2650    3.1286    18533708987.1209
  1539.098    5.0274    0.0000    4.0506         nan    3.1286    18533708987.1209
  1558.262    5.0446    0.0000    4.0571         nan    3.1286    18776779037.8071
  1577.427    5.0618    0.0000    4.0636         nan    3.1292    19020235422.6089
  1596.592    5.0791    0.0000    4.0700         nan    3.1304    19264123903.4489
  1615.757    5.0957    0.0000    4.0763         nan    3.1322    19508486297.7249
  1634.921    5.1121    0.0000    4.0825         nan    3.1347    19753363938.7473
  1654.086    5.1285    0.0000    4.0886         nan    3.1379    19998807284.7899
  1673.251    5.1446    0.0000    4.0947         nan    3.1419    20244869649.9718
  1692.416    5.1601    0.0000    4.1005         nan    3.1467    20491601375.3742
  1711.581    5.1757    0.0000    4.1064         nan    3.1522    20739059151.5250
  1711.581    5.2704    0.0000    6.4890         nan    3.1522    20739059151.5250
  1769.440    5.3430    0.0000    6.5305         nan    3.0541    21926351595.6355
  1827.299    5.4117    0.0000    6.5699         nan    2.9547    23083825415.4447
  1885.158    5.4768    0.0000    6.6073         nan    2.8542    24210199472.7817
  1943.018    5.5383    0.0000    6.6427         nan    2.7526    25304261969.4694
  2000.877    5.5965    0.0000    6.6763         nan    2.6499    26364866235.3153
  2058.736    5.6516    0.0000    6.7081         nan    2.5463    27390927106.5175
  2116.596    5.7036    0.0000    6.7382         nan    2.4417    28381417784.0599
  2174.455    5.7526    0.0000    6.7666         nan    2.3363    29335367083.3288
  2232.314    5.7989    0.0000    6.7935         nan    2.2300    30251857008.8595
  2290.173    5.8424    0.0000    6.8188         nan    2.1229    31130020589.4133
  2348.033    5.8833    0.0000    6.8426         nan    2.0151    31969039919.3809
  2405.892    5.9216    0.0000    6.8649         nan    1.9066    32768144357.5741
  2463.751    5.9574    0.0000    6.8858         nan    1.7975    33526608827.7313
  2521.611    5.9908    0.0000    6.9053         nan    1.6877    34243752159.8172
  2579.470    6.0218    0.0000    6.9234         nan    1.5774    34918935395.3921
  2637.329    6.0504    0.0000    6.9402         nan    1.4664    35551559948.9521
  2695.189    6.0768    0.0000    6.9556         nan    1.3550    36141065461.7959
  2753.048    6.1009    0.0000    6.9697         nan    1.2430    36686927083.3673
  2810.907    6.1228    0.0000    6.9826         nan    1.1305    37188651725.6083
  2868.766    6.1426    0.0000    6.9942         nan    1.0175    37645772466.0319
  2926.626    6.1602    0.0000    7.0045         nan    0.9039    38057839512.5933
  2984.485    6.1757    0.0000    7.0136         nan    0.7896    38424404476.0035
  3042.344    6.1890    0.0000    7.0214         nan    0.6742    38744990743.1068
  3100.204    6.2003    0.0000    7.0280         nan    0.5573    39019032426.9693
  3158.063    6.2095    0.0000    7.0334         nan    0.4372    39245733859.4339
  3215.922    6.2167    0.0000    7.0376         nan    0.3093    39423695104.1013
  3273.781    6.2218    0.0000    7.0406         nan    0.1551    39549678741.4547
  3331.641    6.2248    0.0000    7.0424         nan   -0.1768    39612883950.4229
  3389.500    6.2258    0.0000    7.0430         nan    0.0000    39540848969.2158
