# Depth[km]  Vp[km/s]  Vs[km/s] Rho[g/cm3]    T[K]     g[m/s2]         P[Pa]        
     0.000    3.5138    2.0973    1.5804    273.1500    3.7291              0.0000
    10.831    3.5138    2.0973    1.5804    314.2573    3.7386       63830517.0765
    10.831    5.0160    2.9939    2.2560    314.2573    3.7386       63830517.0765
    30.090    5.0160    2.9939    2.2560    387.3587    3.7450      226268296.6821
    30.090    5.8453    3.4888    2.6290    387.3587    3.7450      226268296.6821
    46.698    5.8453    3.4888    2.6290    450.3985    3.7455      389784621.6608
    46.698    7.9622    4.5368    3.5043    450.3985    3.7455      389784621.6608
    56.596    7.9556    4.5278    3.5043    487.9698    3.7386      519701524.3597
    66.495    7.9488    4.5189    3.5042    525.5411    3.7317      649377580.4066
    76.393    7.9414    4.5095    3.5041    563.1125    3.7248      778811934.6198
    86.292    7.9338    4.5002    3.5039    600.6838    3.7180      908003715.4246
    96.190    7.9255    4.4906    3.5036    638.2551    3.7112     1036949762.7265
   106.088    7.9178    4.4812    3.5034    675.8264    3.7045     1165650621.3638
   115.987    7.9098    4.4717    3.5031    713.3978    3.6977     1294108220.6474
   125.885    7.9019    4.4624    3.5028    750.9691    3.6910     1422322672.6554
   135.783    7.8933    4.4528    3.5024    788.5404    3.6844     1550291833.3936
   145.682    7.8851    4.4434    3.5020    826.1117    3.6777     1678015005.9180
   155.580    7.8766    4.4340    3.5016    863.6831    3.6711     1805493729.4866
   165.479    7.8681    4.4245    3.5012    901.2544    3.6645     1932727544.6239
   175.377    7.8595    4.4150    3.5007    938.8257    3.6580     2059716841.7988
   185.275    7.8507    4.4056    3.5002    976.3971    3.6515     2186460547.6940
   195.174    7.8420    4.3961    3.4996   1013.9684    3.6450     2312958666.7299
   205.072    7.8339    4.3869    3.4992   1051.5397    3.6385     2439215099.6480
   214.970    7.8247    4.3773    3.4985   1089.1110    3.6321     2565228280.1315
   224.869    7.8161    4.3679    3.4980   1126.6824    3.6257     2690997148.9662
   234.767    7.8067    4.3582    3.4973   1164.2537    3.6194     2816522993.6669
   244.666    7.7981    4.3489    3.4967   1201.8250    3.6131     2941806715.0893
   254.564    7.7895    4.3396    3.4961   1239.3963    3.6068     3066850850.0228
   264.462    7.7799    4.3297    3.4953   1276.9677    3.6006     3191653508.0161
   274.361    7.7718    4.3208    3.4947   1314.5390    3.5944     3316215626.6095
   284.259    7.7634    4.3117    3.4940   1352.1103    3.5883     3440539395.2694
   294.157    7.7543    4.3021    3.4931   1389.6817    3.5821     3564623110.1582
   304.056    7.7460    4.2931    3.4924   1427.2530    3.5761     3688468438.2506
   313.954    7.7378    4.2841    3.4918   1464.8243    3.5701     3812079519.2238
   323.853    7.7290    4.2747    3.4910   1502.3956    3.5641     3935456667.6235
   333.751    7.7206    4.2657    3.4902   1539.9670    3.5581     4058600191.9795
   343.649    7.7114    4.2561    3.4894   1577.5383    3.5522     4181510667.2354
   353.548    7.7026    4.2469    3.4886   1615.1096    3.5464     4304188942.8939
   363.446    7.6944    4.2378    3.4879   1652.6809    3.5405     4426638160.5342
   373.344    7.6852    4.2284    3.4871   1690.2523    3.5348     4548859793.3217
   383.243    7.6760    4.2189    3.4863   1727.8236    3.5290     4670853502.1206
   393.141    7.6674    4.2097    3.4854   1765.3949    3.5234     4792619986.6663
   403.040    7.6580    4.2001    3.4846   1802.9663    3.5177     4914161234.0976
   412.938    7.6497    4.1910    3.4839   1840.5376    3.5121     5035481096.8785
   422.836    7.6394    4.1809    3.4829   1878.1089    3.5066     5156579706.9110
   432.735    7.6306    4.1716    3.4821   1915.6802    3.5011     5277455995.2043
   442.633    7.6219    4.1624    3.4813   1953.2516    3.4957     5398115080.1637
   465.501    7.6519    4.1712    3.4897   1957.7768    3.4832     5676749279.9826
   488.370    7.6816    4.1800    3.4982   1962.3386    3.4708     5955058768.8438
   511.238    7.7104    4.1886    3.5064   1966.6390    3.4584     6233035662.0788
   534.106    7.7379    4.1966    3.5144   1970.8528    3.4462     6510665279.6688
   556.975    7.7654    4.2047    3.5224   1975.0645    3.4340     6787943365.2790
   579.843    7.7921    4.2126    3.5303   1979.1713    3.4220     7064869258.2919
   602.712    7.8184    4.2203    3.5381   1983.0895    3.4100     7341436292.4777
   625.580    7.8442    4.2279    3.5458   1987.0209    3.3982     7617641567.3524
   648.448    7.8698    4.2354    3.5535   1990.8339    3.3865     7893486727.8648
   671.317    7.8957    4.2433    3.5611   1994.5978    3.3749     8168973511.2911
   694.185    7.9207    4.2507    3.5687   1998.2700    3.3634     8444104637.4732
   717.053    7.9454    4.2580    3.5762   2001.8599    3.3521     8718881472.9742
   739.922    7.9705    4.2656    3.5838   2005.5015    3.3410     8993316037.2655
   762.790    7.9945    4.2727    3.5912   2008.9737    3.3300     9267411190.9854
   785.658    8.0196    4.2805    3.5988   2012.4064    3.3192     9541174772.5124
   808.527    8.0440    4.2879    3.6063   2015.7548    3.3086     9814624647.9725
   831.395    8.0693    4.2958    3.6141   2019.1808    3.2981    10087776823.6833
   854.263    8.0936    4.3033    3.6216   2022.4175    3.2879    10360643919.0102
   877.132    8.1193    4.3117    3.6295   2025.6384    3.2778    10633243370.9508
   900.000    8.1448    4.3201    3.6374   2028.7439    3.2680    10905602108.6442
   916.973    8.1640    4.3265    3.6435   2031.0259    3.2608    11107526977.5098
   933.946    8.1850    4.3339    3.6500   2033.5300    3.2538    11309358306.5462
   950.919    8.2044    4.3405    3.6562   2035.8043    3.2469    11511104194.4078
   967.891    8.2232    4.3469    3.6621   2038.1153    3.2401    11712753554.3356
   984.864    8.2451    4.3549    3.6691   2040.3660    3.2334    11914336965.8002
  1001.837    8.2710    4.3655    3.6773   2042.8403    3.2269    12115923015.2346
  1018.810    8.2964    4.3758    3.6853   2045.3297    3.2205    12317546648.6509
  1035.783    8.3196    4.3848    3.6929   2047.6582    3.2142    12519197801.1095
  1052.756    8.3366    4.3902    3.6985   2049.7593    3.2081    12720816496.0996
  1069.729    8.3533    4.3955    3.7042   2051.8515    3.2021    12922356504.9038
  1086.702    8.3703    4.4009    3.7099   2053.9307    3.1963    13123831811.9330
  1103.674    8.4011    4.4157    3.7193   2057.5599    3.1907    13325355039.3717
  1120.647    8.5456    4.5066    3.7586   2071.3527    3.1850    13527840466.7544
  1137.620    8.7196    4.6170    3.8046   2088.9729    3.1789    13732267298.4620
  1154.593    8.8608    4.7060    3.8412   2098.6675    3.1726    13938533941.8120
  1171.566    8.8793    4.7131    3.8469   2100.7697    3.1662    14145528136.5787
  1188.539    8.8943    4.7178    3.8521   2103.0230    3.1600    14352397654.1549
  1205.512    8.9111    4.7221    3.8590   2105.9489    3.1540    14559185769.9679
  1222.485    8.9263    4.7267    3.8644   2108.2868    3.1482    14765911179.5673
  1239.457    8.9416    4.7313    3.8700   2110.6987    3.1426    14972549325.1949
  1256.430    8.9566    4.7358    3.8754   2113.0648    3.1372    15179114379.2518
  1273.403    8.9713    4.7403    3.8807   2115.4410    3.1321    15385612891.9573
  1290.376    8.9866    4.7452    3.8863   2117.7821    3.1272    15592064019.4472
  1307.349    9.0009    4.7497    3.8915   2120.1205    3.1226    15798478798.0846
  1324.322    9.0152    4.7542    3.8966   2122.4404    3.1182    16004860524.2006
  1341.295    9.0286    4.7588    3.9013   2124.6026    3.1142    16211213480.2131
  1358.268    9.0417    4.7633    3.9057   2126.6997    3.1104    16417537493.3347
  1375.240    9.0583    4.7693    3.9113   2129.1815    3.1069    16623876059.5265
  1392.213    9.0975    4.7899    3.9207   2134.4903    3.1037    16830380213.5309
  1409.186    9.1378    4.8107    3.9314   2140.6572    3.1008    17037203561.8671
  1426.159    9.1779    4.8328    3.9413   2146.1397    3.0981    17244373394.8337
  1443.132    9.2177    4.8548    3.9512   2152.0036    3.0957    17451882512.4923
  1460.105    9.2584    4.8777    3.9614   2157.6496    3.0936    17659758789.1463
  1477.078    9.2986    4.8996    3.9726   2163.8873    3.0918    17868056042.8903
  1494.051    9.3397    4.9232    3.9835   2170.2809    3.0903    18076812226.5192
  1511.023    9.3712    4.9403    3.9925   2174.7939    3.0891    18285987109.5177
  1527.996    9.3838    4.9447    3.9968   2176.8035    3.0883    18495429626.0353
  1544.969    9.3964    4.9492    4.0013   2178.8112    3.0879    18705049597.8758
  1561.942    9.4084    4.9532    4.0055   2180.8018    3.0880    18914872475.0122
  1561.942    5.0268    0.0000    4.0377         nan    3.0880    18914872475.0122
  1581.062    5.0424    0.0000    4.0440         nan    3.0882    19153463081.8608
  1600.183    5.0580    0.0000    4.0504         nan    3.0890    19392439739.0465
  1619.303    5.0736    0.0000    4.0567         nan    3.0903    19631848868.1419
  1638.424    5.0887    0.0000    4.0628         nan    3.0924    19871733167.6561
  1657.544    5.1035    0.0000    4.0689         nan    3.0951    20112135417.4496
  1676.664    5.1183    0.0000    4.0749         nan    3.0986    20353107382.7440
  1695.785    5.1329    0.0000    4.0808         nan    3.1028    20594702856.6561
  1714.905    5.1470    0.0000    4.0866         nan    3.1078    20836973699.1268
  1734.025    5.1611    0.0000    4.0923         nan    3.1137    21079978526.8895
  1734.025    5.3221    0.0000    6.5047         nan    3.1137    21079978526.8895
  1791.111    5.3959    0.0000    6.5445         nan    3.0164    22239687866.1078
  1848.196    5.4658    0.0000    6.5821         nan    2.9179    23369820575.2758
  1905.281    5.5318    0.0000    6.6179         nan    2.8184    24469179156.7448
  1962.367    5.5943    0.0000    6.6517         nan    2.7178    25536633055.3350
  2019.452    5.6533    0.0000    6.6838         nan    2.6163    26571114579.8596
  2076.537    5.7092    0.0000    6.7142         nan    2.5138    27571615439.7397
  2133.623    5.7619    0.0000    6.7429         nan    2.4105    28537183797.7950
  2190.708    5.8116    0.0000    6.7700         nan    2.3065    29466921766.9773
  2247.793    5.8585    0.0000    6.7957         nan    2.2016    30359983296.5027
  2304.879    5.9026    0.0000    6.8198         nan    2.0960    31215572409.8549
  2361.964    5.9440    0.0000    6.8425         nan    1.9898    32032941776.9879
  2419.049    5.9828    0.0000    6.8637         nan    1.8830    32811391619.1311
  2476.135    6.0190    0.0000    6.8837         nan    1.7757    33550268970.8125
  2533.220    6.0528    0.0000    6.9022         nan    1.6678    34248967350.7959
  2590.305    6.0842    0.0000    6.9195         nan    1.5595    34906926943.8138
  2647.391    6.1132    0.0000    6.9354         nan    1.4508    35523635468.5459
  2704.476    6.1399    0.0000    6.9501         nan    1.3418    36098630031.4656
  2761.561    6.1643    0.0000    6.9636         nan    1.2326    36631500486.7781
  2818.647    6.1865    0.0000    6.9758         nan    1.1232    37121895227.5714
  2875.732    6.2065    0.0000    6.9868         nan    1.0139    37569531118.4217
  2932.817    6.2243    0.0000    6.9966         nan    0.9049    37974210885.0753
  2989.903    6.2399    0.0000    7.0053         nan    0.7965    38335854792.1641
  3046.988    6.2534    0.0000    7.0127         nan    0.6896    38654561760.1461
  3104.073    6.2648    0.0000    7.0190         nan    0.5854    38930736791.9281
  3161.159    6.2741    0.0000    7.0242         nan    0.4875    39165385796.6666
  3218.244    6.2814    0.0000    7.0282         nan    0.4056    39360903028.9938
  3275.329    6.2865    0.0000    7.0310         nan    0.3797    39523666065.7064
  3332.415    6.2896    0.0000    7.0327         nan    0.7332    39676086880.8317
  3389.500    6.2907    0.0000    7.0333         nan    0.0000    39970472776.3276
