# Depth[km]  Vp[km/s]  Vs[km/s] Rho[g/cm3]    T[K]     g[m/s2]         P[Pa]        
     0.000    3.5873    2.1509    1.7234    273.1500    3.7291              0.0000
    10.614    3.5873    2.1509    1.7234    311.8638    3.7372       68211346.0991
    10.614    4.3307    2.5966    2.0805    311.8638    3.7372       68211346.0991
    26.470    4.3307    2.5966    2.0805    369.7043    3.7447      191495482.7247
    26.470    6.5254    3.9125    3.1348    369.7043    3.7447      191495482.7247
    43.402    6.5254    3.9125    3.1348    431.4669    3.7379      390252470.6485
    43.402    7.8443    4.4867    3.4775    431.4669    3.7379      390252470.6485
    53.796    7.8405    4.4800    3.4780    469.3822    3.7308      525370744.9515
    64.190    7.8364    4.4730    3.4785    507.2975    3.7238      660251652.6289
    74.584    7.8318    4.4658    3.4788    545.2128    3.7168      794893316.9193
    84.978    7.8268    4.4584    3.4791    583.1281    3.7098      929292952.7249
    95.372    7.8217    4.4509    3.4794    621.0434    3.7028     1063449466.3868
   105.766    7.8156    4.4429    3.4794    658.9587    3.6958     1197358951.1175
   116.160    7.8101    4.4351    3.4795    696.8740    3.6889     1331019777.8362
   126.554    7.8046    4.4274    3.4796    734.7893    3.6820     1464435154.2477
   136.948    7.7990    4.4196    3.4797    772.7046    3.6752     1597605075.8533
   147.342    7.7925    4.4114    3.4795    810.6199    3.6683     1730525238.5655
   157.736    7.7867    4.4035    3.4795    848.5352    3.6615     1863195143.3127
   168.130    7.7801    4.3952    3.4793    886.4505    3.6548     1995614778.5895
   178.524    7.7743    4.3873    3.4792    924.3658    3.6480     2127784182.9658
   188.918    7.7676    4.3790    3.4789    962.2811    3.6413     2259703237.6466
   199.312    7.7621    4.3712    3.4788   1000.1964    3.6347     2391372450.3856
   209.706    7.7556    4.3630    3.4785   1038.1117    3.6281     2522792553.0926
   220.100    7.7487    4.3546    3.4780   1076.0270    3.6215     2653957812.0909
   230.494    7.7423    4.3464    3.4776   1113.9423    3.6149     2784868706.6207
   240.888    7.7363    4.3383    3.4774   1151.8576    3.6084     2915531597.7184
   251.282    7.7297    4.3300    3.4770   1189.7728    3.6019     3045948189.7895
   261.677    7.7228    4.3216    3.4766   1227.6881    3.5955     3176116554.3095
   272.071    7.7165    4.3135    3.4762   1265.6034    3.5891     3306037404.8522
   282.465    7.7099    4.3053    3.4758   1303.5187    3.5828     3435711836.3956
   292.859    7.7031    4.2969    3.4754   1341.4340    3.5765     3565141133.4955
   303.253    7.6939    4.2876    3.4747   1379.3493    3.5702     3694322449.8242
   313.647    7.6862    4.2788    3.4744   1417.2646    3.5640     3823258381.7870
   324.041    7.6784    4.2700    3.4740   1455.1799    3.5578     3951955325.9168
   334.435    7.6705    4.2611    3.4736   1493.0952    3.5517     4080414409.0488
   344.829    7.6624    4.2522    3.4731   1531.0105    3.5456     4208636032.9520
   355.223    7.6542    4.2433    3.4726   1568.9258    3.5395     4336619963.9324
   365.617    7.6465    4.2345    3.4722   1606.8411    3.5335     4464368514.7879
   376.011    7.6370    4.2249    3.4715   1644.7564    3.5276     4591880543.0083
   386.405    7.6283    4.2157    3.4710   1682.6717    3.5217     4719155618.2374
   396.799    7.6205    4.2069    3.4705   1720.5870    3.5158     4846199290.2658
   407.193    7.6123    4.1978    3.4700   1758.5023    3.5100     4973014578.8113
   417.587    7.6028    4.1882    3.4694   1796.4176    3.5042     5099600333.1822
   427.981    7.5949    4.1793    3.4689   1834.3329    3.4985     5225957979.6173
   438.375    7.5794    4.1674    3.4673   1872.2482    3.4929     5352071352.7257
   448.769    7.5713    4.1583    3.4669   1910.1635    3.4873     5477944031.0732
   459.163    7.5635    4.1494    3.4664   1948.0788    3.4817     5603599041.5894
   481.205    7.5906    4.1564    3.4741   1952.0396    3.4701     5869917914.5706
   503.247    7.6173    4.1633    3.4816   1955.9591    3.4585     6135925497.4847
   525.289    7.6564    4.1752    3.4910   1961.1485    3.4470     6401692455.4344
   547.331    7.6847    4.1829    3.4988   1965.2550    3.4355     6667227065.8612
   569.372    7.7120    4.1902    3.5064   1969.1998    3.4242     6932461387.6534
   591.414    7.7383    4.1973    3.5138   1972.9717    3.4129     7197385128.8140
   613.456    7.7647    4.2044    3.5212   1976.7441    3.4018     7461994706.3002
   635.498    7.7905    4.2113    3.5285   1980.5142    3.3908     7726293243.2923
   657.540    7.8168    4.2186    3.5358   1984.2249    3.3799     7990282627.4454
   679.582    7.8416    4.2252    3.5429   1987.7599    3.3691     8253960350.5792
   701.623    7.8662    4.2317    3.5499   1991.2491    3.3585     8517324000.3666
   723.665    7.8903    4.2380    3.5570   1994.7358    3.3480     8780378237.6521
   745.707    7.9147    4.2447    3.5639   1998.0990    3.3377     9043127345.6750
   767.749    7.9387    4.2511    3.5708   2001.4498    3.3276     9305576209.3235
   789.791    7.9626    4.2575    3.5777   2004.7896    3.3176     9567732545.9519
   811.833    7.9855    4.2635    3.5844   2007.9719    3.3078     9829600213.4344
   833.874    8.0092    4.2700    3.5912   2011.1850    3.2982    10091188900.5034
   855.916    8.0322    4.2763    3.5979   2014.2722    3.2888    10352508286.5444
   877.958    8.0553    4.2825    3.6046   2017.4200    3.2797    10613569978.2200
   900.000    8.0782    4.2888    3.6113   2020.4382    3.2707    10874388095.0797
   916.108    8.0965    4.2941    3.6165   2022.8983    3.2643    11064783522.3628
   932.216    8.1130    4.2986    3.6214   2025.0723    3.2580    11255072656.2514
   948.324    8.1298    4.3033    3.6264   2027.2253    3.2519    11445254121.6086
   964.432    8.1467    4.3082    3.6313   2029.3222    3.2459    11635335491.7626
   980.540    8.1637    4.3130    3.6364   2031.4845    3.2400    11825326918.7302
   996.648    8.1819    4.3187    3.6417   2033.7087    3.2343    12015245818.3400
  1012.756    8.1975    4.3229    3.6463   2035.7938    3.2287    12205087755.7303
  1028.864    8.2145    4.3278    3.6514   2037.8450    3.2233    12394855111.6769
  1044.971    8.2300    4.3318    3.6561   2039.8526    3.2180    12584557717.3011
  1061.079    8.2454    4.3359    3.6606   2041.8352    3.2129    12774189940.3295
  1077.187    8.2867    4.3579    3.6720   2046.8768    3.2080    12963933979.1680
  1093.295    8.3908    4.4228    3.6995   2057.2016    3.2030    13154390037.5983
  1109.403    8.5125    4.4996    3.7316   2069.5364    3.1979    13346088460.8230
  1125.511    8.5973    4.5511    3.7539   2077.6667    3.1926    13538878947.3862
  1141.619    8.6119    4.5548    3.7583   2080.5627    3.1874    13732040090.5885
  1157.727    8.6278    4.5591    3.7632   2082.8424    3.1824    13925126737.2558
  1173.835    8.6425    4.5629    3.7677   2084.9737    3.1776    14118151810.3103
  1189.943    8.6576    4.5669    3.7724   2087.0419    3.1730    14311121123.2896
  1206.051    8.6725    4.5708    3.7770   2089.1663    3.1686    14504048418.6524
  1222.159    8.6874    4.5747    3.7817   2091.2469    3.1645    14696946052.2195
  1238.267    8.7025    4.5787    3.7864   2093.3153    3.1605    14889828565.2119
  1254.375    8.7543    4.6226    3.7922   2096.4256    3.1568    15082739700.5450
  1270.483    8.7722    4.6301    3.7972   2103.1126    3.1533    15275698388.0187
  1286.591    8.8177    4.6649    3.8038   2108.1901    3.1501    15468737324.4126
  1302.698    8.8640    4.6930    3.8128   2115.8985    3.1470    15661973634.6099
  1318.806    8.9022    4.7111    3.8222   2120.9287    3.1442    15855492662.8866
  1334.914    8.9395    4.7287    3.8318   2126.1757    3.1416    16049318707.4694
  1351.022    8.9766    4.7462    3.8416   2131.2258    3.1392    16243473857.4527
  1367.130    9.0149    4.7641    3.8522   2136.4442    3.1370    16437998222.4872
  1383.238    9.0495    4.7810    3.8614   2141.5718    3.1351    16632886663.6053
  1399.346    9.0748    4.7894    3.8707   2144.3310    3.1334    16828121019.3208
  1415.454    9.0905    4.7926    3.8772   2146.2847    3.1320    17023648119.6356
  1431.562    9.1066    4.7961    3.8838   2148.2836    3.1308    17219417248.3812
  1447.670    9.1232    4.7992    3.8913   2150.2278    3.1300    17415472122.8209
  1463.778    9.1399    4.8025    3.8987   2152.1840    3.1296    17611852431.8282
  1479.886    9.1682    4.8115    3.9121   2157.9619    3.1294    17808727018.2838
  1495.994    9.2266    4.8416    3.9360   2166.7124    3.1294    18006529734.5534
  1512.102    9.2536    4.8550    3.9453   2172.1428    3.1296    18205170920.8695
  1528.210    9.2779    4.8667    3.9538   2177.3468    3.1302    18404275677.7001
  1528.210    5.0931    0.0000    4.0553         nan    3.1302    18404275677.7001
  1547.587    5.1089    0.0000    4.0617         nan    3.1297    18650442891.6321
  1566.964    5.1248    0.0000    4.0682         nan    3.1299    18896964638.2188
  1586.341    5.1407    0.0000    4.0746         nan    3.1306    19143886959.3908
  1605.718    5.1560    0.0000    4.0808         nan    3.1320    19391252045.4600
  1625.096    5.1711    0.0000    4.0869         nan    3.1341    19639101902.2986
  1644.473    5.1862    0.0000    4.0931         nan    3.1369    19887487634.5025
  1663.850    5.2010    0.0000    4.0991         nan    3.1404    20136462765.7376
  1683.227    5.2154    0.0000    4.1049         nan    3.1447    20386078372.3059
  1702.604    5.2297    0.0000    4.1108         nan    3.1498    20636392137.6583
  1702.604    5.4064    0.0000    6.4532         nan    3.1498    20636392137.6583
  1760.773    5.4663    0.0000    6.4926         nan    3.0516    21822369292.5689
  1818.942    5.5232    0.0000    6.5303         nan    2.9523    22978216193.7479
  1877.111    5.5773    0.0000    6.5661         nan    2.8518    24102742196.2366
  1935.280    5.6286    0.0000    6.6003         nan    2.7503    25194813731.9194
  1993.448    5.6773    0.0000    6.6328         nan    2.6479    26253352105.6734
  2051.617    5.7235    0.0000    6.6637         nan    2.5445    27277331618.3197
  2109.786    5.7673    0.0000    6.6930         nan    2.4402    28265777978.0082
  2167.955    5.8086    0.0000    6.7207         nan    2.3351    29217766974.6630
  2226.124    5.8477    0.0000    6.7470         nan    2.2292    30132423403.0845
  2284.293    5.8846    0.0000    6.7719         nan    2.1226    31008920230.9939
  2342.461    5.9193    0.0000    6.7953         nan    2.0153    31846478024.1278
  2400.630    5.9519    0.0000    6.8173         nan    1.9074    32644364657.0342
  2458.799    5.9824    0.0000    6.8379         nan    1.7989    33401895365.6481
  2516.968    6.0108    0.0000    6.8572         nan    1.6899    34118433234.7463
  2575.137    6.0373    0.0000    6.8751         nan    1.5805    34793390274.1732
  2633.305    6.0618    0.0000    6.8918         nan    1.4707    35426229337.7761
  2691.474    6.0843    0.0000    6.9071         nan    1.3606    36016467305.7863
  2749.643    6.1050    0.0000    6.9212         nan    1.2503    36563680250.8783
  2807.812    6.1238    0.0000    6.9340         nan    1.1400    37067511860.1551
  2865.981    6.1407    0.0000    6.9455         nan    1.0298    37527687455.5578
  2924.149    6.1559    0.0000    6.9558         nan    0.9201    37944038148.9391
  2982.318    6.1691    0.0000    6.9649         nan    0.8113    38316544469.3533
  3040.487    6.1806    0.0000    6.9727         nan    0.7045    38645420166.8684
  3098.656    6.1903    0.0000    6.9794         nan    0.6015    38931286570.8980
  3156.825    6.1982    0.0000    6.9848         nan    0.5069    39175575617.7764
  3214.994    6.2044    0.0000    6.9890         nan    0.4341    39381605881.7712
  3273.162    6.2088    0.0000    6.9920         nan    0.4368    39558128133.1942
  3331.331    6.2114    0.0000    6.9938         nan    0.9510    39735790317.6582
  3389.500    6.2123    0.0000    6.9944         nan    0.0000    40122700713.4102
