# Depth[km]  Vp[km/s]  Vs[km/s] Rho[g/cm3]    T[K]     g[m/s2]         P[Pa]        
     0.000    3.8733    2.3265    1.7916    273.1500    3.7291              0.0000
    11.409    3.8733    2.3265    1.7916    316.4836    3.7371       76226224.5579
    11.409    4.7060    2.8266    2.1767    316.4836    3.7371       76226224.5579
    27.925    4.7060    2.8266    2.1767    379.2175    3.7436      210578922.8590
    27.925    6.7977    4.0829    3.1442    379.2175    3.7436      210578922.8590
    47.811    6.7977    4.0829    3.1442    454.7521    3.7356      444654099.9274
    47.811    7.9503    4.5300    3.4843    454.7521    3.7356      444654099.9274
    57.730    7.9447    4.5220    3.4844    492.4260    3.7288      573753205.3323
    67.648    7.9389    4.5140    3.4844    530.0999    3.7220      702618922.9370
    77.567    7.9324    4.5055    3.4844    567.7737    3.7152      831249527.9144
    87.485    7.9261    4.4971    3.4843    605.4476    3.7085      959644148.2249
    97.404    7.9189    4.4884    3.4840    643.1215    3.7018     1087799905.2667
   107.322    7.9123    4.4799    3.4838    680.7954    3.6952     1215716579.7583
   117.240    7.9054    4.4713    3.4836    718.4692    3.6885     1343396260.1879
   127.159    7.8985    4.4626    3.4834    756.1431    3.6819     1470838078.2917
   137.077    7.8911    4.4538    3.4830    793.8170    3.6754     1598039929.5307
   146.996    7.8841    4.4452    3.4827    831.4908    3.6688     1725001659.7225
   156.914    7.8767    4.4365    3.4822    869.1647    3.6623     1851723859.1582
   166.833    7.8689    4.4275    3.4817    906.8386    3.6558     1978204044.3808
   176.751    7.8622    4.4191    3.4813    944.5125    3.6494     2104444186.9838
   186.669    7.8547    4.4103    3.4808    982.1863    3.6430     2230445483.0734
   196.588    7.8473    4.4016    3.4803   1019.8602    3.6366     2356206208.1843
   206.506    7.8396    4.3928    3.4796   1057.5341    3.6303     2481724850.3824
   216.425    7.8329    4.3844    3.4791   1095.2080    3.6240     2607003643.7903
   226.343    7.8254    4.3756    3.4786   1132.8818    3.6177     2732046174.5109
   236.261    7.8177    4.3667    3.4779   1170.5557    3.6115     2856851104.7833
   246.180    7.8109    4.3583    3.4773   1208.2296    3.6053     2981419515.8336
   256.098    7.8039    4.3499    3.4767   1245.9035    3.5991     3105752111.1002
   266.017    7.7962    4.3410    3.4760   1283.5773    3.5930     3229847980.4698
   275.935    7.7888    4.3324    3.4753   1321.2512    3.5869     3353707962.2772
   285.854    7.7817    4.3238    3.4746   1358.9251    3.5809     3477334249.4975
   295.772    7.7737    4.3149    3.4738   1396.5990    3.5749     3600726480.7671
   305.690    7.7671    4.3066    3.4731   1434.2728    3.5689     3723885479.6580
   315.609    7.7596    4.2979    3.4724   1471.9467    3.5630     3846814052.4310
   325.527    7.7526    4.2895    3.4717   1509.6206    3.5571     3969513738.7980
   335.446    7.7449    4.2807    3.4708   1547.2945    3.5513     4091983961.1697
   345.364    7.7373    4.2719    3.4701   1584.9683    3.5455     4214224768.3816
   355.283    7.7297    4.2633    3.4692   1622.6422    3.5398     4336236897.1697
   365.201    7.7225    4.2547    3.4684   1660.3161    3.5341     4458022930.0080
   375.119    7.7158    4.2463    3.4676   1697.9900    3.5284     4579586196.2581
   385.038    7.7075    4.2373    3.4667   1735.6638    3.5228     4700924858.8645
   394.956    7.7004    4.2287    3.4660   1773.3377    3.5173     4822041600.0597
   404.875    7.6921    4.2197    3.4650   1811.0116    3.5118     4942937285.3181
   414.793    7.6853    4.2112    3.4642   1848.6854    3.5063     5063612994.0431
   424.711    7.6774    4.2022    3.4632   1886.3593    3.5009     5184070478.8321
   434.630    7.6697    4.1933    3.4625   1924.0332    3.4955     5304311815.6569
   444.548    7.6599    4.1834    3.4615   1961.7071    3.4902     5424338375.9901
   467.321    7.6879    4.1920    3.4695   1966.1452    3.4781     5699779328.6312
   490.093    7.7157    4.2005    3.4775   1970.5218    3.4661     5974899426.0041
   512.866    7.7425    4.2087    3.4854   1974.9086    3.4542     6249697225.6645
   535.639    7.7681    4.2163    3.4932   1979.1532    3.4424     6524166696.4376
   558.411    7.7929    4.2236    3.5008   1983.3459    3.4306     6798297634.1990
   581.184    7.8176    4.2309    3.5084   1987.4213    3.4190     7072089486.6473
   603.956    7.8423    4.2382    3.5160   1991.5763    3.4075     7345546563.9711
   626.729    7.8655    4.2448    3.5234   1995.4539    3.3961     7618664991.4489
   649.502    7.8891    4.2517    3.5308   1999.3688    3.3849     7891445661.0789
   672.274    7.9131    4.2588    3.5382   2003.3163    3.3738     8163897057.6474
   695.047    7.9364    4.2657    3.5455   2007.0832    3.3628     8436019641.6993
   717.819    7.9590    4.2721    3.5528   2010.8132    3.3520     8707816039.1991
   740.592    7.9816    4.2786    3.5599   2014.4297    3.3414     8979290439.2973
   763.364    8.0051    4.2856    3.5673   2018.1766    3.3310     9250456572.0212
   786.137    8.0273    4.2920    3.5744   2021.7383    3.3207     9521322086.6048
   808.910    8.0503    4.2988    3.5817   2025.2265    3.3106     9791895181.5054
   831.682    8.0726    4.3053    3.5888   2028.6639    3.3007    10062191570.6648
   854.455    8.0954    4.3122    3.5960   2032.0594    3.2911    10332221247.5670
   877.227    8.1184    4.3191    3.6034   2035.4587    3.2816    10602005931.9916
   900.000    8.1415    4.3262    3.6108   2038.7306    3.2724    10871566419.7696
   916.840    8.1587    4.3316    3.6162   2041.1477    3.2657    11070696226.9354
   933.680    8.1761    4.3369    3.6218   2043.6113    3.2592    11269724616.7551
   950.520    8.1941    4.3429    3.6275   2045.9740    3.2528    11468664796.5137
   967.360    8.2119    4.3486    3.6333   2048.3807    3.2466    11667529948.3627
   984.200    8.2317    4.3556    3.6395   2050.9181    3.2405    11866341923.9495
  1001.040    8.2511    4.3624    3.6457   2053.3511    3.2345    12065119284.2589
  1017.880    8.2705    4.3692    3.6520   2055.7410    3.2287    12263872201.7621
  1034.720    8.2915    4.3769    3.6588   2058.1438    3.2231    12462624984.6695
  1051.561    8.3072    4.3815    3.6641   2060.4303    3.2176    12661358178.0739
  1068.401    8.3230    4.3863    3.6693   2062.5658    3.2123    12860037356.2747
  1085.241    8.3386    4.3909    3.6746   2064.7973    3.2072    13058673344.1682
  1102.081    8.3559    4.3967    3.6803   2066.9066    3.2022    13257289143.6181
  1118.921    8.4802    4.4758    3.7135   2079.9593    3.1973    13456647803.3583
  1135.761    8.6381    4.5768    3.7549   2095.9839    3.1921    13657708429.8025
  1152.601    8.8010    4.6813    3.7966   2109.2466    3.1866    13860677678.3650
  1169.441    8.8165    4.6855    3.8021   2111.8337    3.1811    14064563028.0781
  1186.281    8.8304    4.6894    3.8068   2114.2373    3.1758    14268365730.7458
  1203.121    8.8475    4.6941    3.8130   2116.6697    3.1706    14472119660.3715
  1219.961    8.8628    4.6985    3.8184   2119.0778    3.1657    14675855941.0617
  1236.801    8.8784    4.7028    3.8241   2121.5374    3.1611    14879571154.3483
  1253.641    8.8940    4.7072    3.8297   2123.9434    3.1566    15083285559.3037
  1270.481    8.9093    4.7116    3.8352   2126.3811    3.1524    15287009887.3511
  1287.321    8.9248    4.7159    3.8408   2128.8163    3.1485    15490759154.0690
  1304.161    8.9400    4.7202    3.8463   2131.2714    3.1448    15694549794.9495
  1321.001    8.9553    4.7247    3.8520   2133.7118    3.1414    15898397950.1897
  1337.841    8.9704    4.7290    3.8575   2136.1605    3.1383    16102320789.2113
  1354.682    8.9857    4.7336    3.8631   2138.5761    3.1355    16306336288.6464
  1371.522    9.0007    4.7380    3.8687   2141.0229    3.1330    16510464265.3835
  1388.362    9.0339    4.7538    3.8775   2145.9303    3.1308    16714809462.5628
  1405.202    9.0738    4.7742    3.8876   2151.6341    3.1289    16919509901.0623
  1422.042    9.1117    4.7935    3.8975   2157.4912    3.1272    17124609942.4442
  1438.882    9.1517    4.8144    3.9080   2163.2458    3.1258    17330138760.6649
  1455.722    9.1901    4.8345    3.9183   2169.2328    3.1247    17536124130.1390
  1472.562    9.2299    4.8558    3.9291   2175.3254    3.1240    17742592187.3398
  1489.402    9.2696    4.8773    3.9400   2181.6584    3.1235    17949579828.2267
  1506.242    9.3093    4.8992    3.9510   2188.3654    3.1234    18157115084.4102
  1523.082    9.3283    4.9071    3.9573   2190.6881    3.1237    18365099432.2856
  1539.922    9.3424    4.9116    3.9626   2192.9790    3.1244    18573405150.6247
  1556.762    9.3560    4.9160    3.9676   2195.2260    3.1255    18782027814.8173
  1556.762    5.2024    0.0000    3.9819         nan    3.1255    18782027814.8173
  1572.232    5.2128    0.0000    3.9865         nan    3.1268    18974671138.7400
  1587.702    5.2231    0.0000    3.9912         nan    3.1286    19167620631.2699
  1603.172    5.2335    0.0000    3.9959         nan    3.1307    19360902329.8966
  1618.642    5.2438    0.0000    4.0005         nan    3.1333    19554543328.2403
  1634.112    5.2538    0.0000    4.0050         nan    3.1364    19748567352.5478
  1649.582    5.2636    0.0000    4.0095         nan    3.1400    19942998926.3629
  1665.051    5.2735    0.0000    4.0139         nan    3.1440    20137868322.4188
  1680.521    5.2834    0.0000    4.0184         nan    3.1486    20333207494.9957
  1695.991    5.2929    0.0000    4.0227         nan    3.1538    20529045745.9717
  1695.991    5.4625    0.0000    6.4429         nan    3.1538    20529045745.9717
  1754.388    5.5357    0.0000    6.4816         nan    3.0551    21719201409.6110
  1812.785    5.6050    0.0000    6.5183         nan    2.9553    22878858668.1486
  1871.182    5.6707    0.0000    6.5532         nan    2.8545    24006813412.5157
  1929.579    5.7328    0.0000    6.5863         nan    2.7526    25101927856.2398
  1987.976    5.7915    0.0000    6.6176         nan    2.6497    26163126728.8441
  2046.372    5.8471    0.0000    6.6473         nan    2.5460    27189394049.6195
  2104.769    5.8996    0.0000    6.6754         nan    2.4413    28179770397.2075
  2163.166    5.9492    0.0000    6.7019         nan    2.3359    29133350608.1314
  2221.563    5.9959    0.0000    6.7270         nan    2.2298    30049281865.6193
  2279.960    6.0398    0.0000    6.7506         nan    2.1230    30926762153.6215
  2338.357    6.0811    0.0000    6.7728         nan    2.0155    31765039071.4673
  2396.754    6.1198    0.0000    6.7937         nan    1.9074    32563409027.8265
  2455.150    6.1560    0.0000    6.8132         nan    1.7988    33321216864.1634
  2513.547    6.1897    0.0000    6.8314         nan    1.6897    34037855998.8702
  2571.944    6.2211    0.0000    6.8483         nan    1.5802    34712769251.8964
  2630.341    6.2500    0.0000    6.8639         nan    1.4704    35345450618.0057
  2688.738    6.2767    0.0000    6.8783         nan    1.3603    35935448438.6409
  2747.135    6.3011    0.0000    6.8915         nan    1.2501    36482370746.8814
  2805.531    6.3232    0.0000    6.9035         nan    1.1399    36985894155.9699
  2863.928    6.3432    0.0000    6.9143         nan    1.0298    37445778818.7065
  2922.325    6.3610    0.0000    6.9240         nan    0.9204    37861894356.1445
  2980.722    6.3766    0.0000    6.9325         nan    0.8120    38234266839.1857
  3039.119    6.3901    0.0000    6.9398         nan    0.7057    38563169185.9928
  3097.516    6.4015    0.0000    6.9460         nan    0.6037    38849309390.3809
  3155.913    6.4108    0.0000    6.9510         nan    0.5108    39094265767.4043
  3214.309    6.4180    0.0000    6.9549         nan    0.4413    39301649171.9386
  3272.706    6.4232    0.0000    6.9577         nan    0.4536    39480932742.2532
  3331.103    6.4263    0.0000    6.9594         nan    1.0190    39665236851.3688
  3389.500    6.4273    0.0000    6.9600         nan    0.0000    40079364172.1859
