# Depth[km]  Vp[km/s]  Vs[km/s] Rho[g/cm3]    T[K]     g[m/s2]         P[Pa]        
     0.000    3.6229    2.1725    1.6338    273.1500    3.7291              0.0000
    10.530    3.6229    2.1725    1.6338    314.6808    3.7379       64154698.7550
    10.530    4.9151    2.9474    2.2166    314.6808    3.7379       64154698.7550
    29.507    4.9151    2.9474    2.2166    389.5361    3.7447      221387131.9768
    29.507    6.1353    3.6791    2.7668    389.5361    3.7447      221387131.9768
    47.897    6.1353    3.6791    2.7668    462.0725    3.7432      411923411.0099
    47.897    7.9579    4.5333    3.5036    462.0725    3.7432      411923411.0099
    57.792    7.9503    4.5238    3.5034    501.1045    3.7363      541694473.9973
    67.688    7.9425    4.5142    3.5032    540.1364    3.7294      671218905.7620
    77.583    7.9342    4.5043    3.5029    579.1684    3.7226      800495384.0584
    87.479    7.9254    4.4942    3.5024    618.2003    3.7157      929520974.1727
    97.374    7.9168    4.4844    3.5021    657.2323    3.7090     1058295654.7563
   107.270    7.9081    4.4744    3.5017    696.2642    3.7022     1186821344.0467
   117.165    7.8993    4.4646    3.5013    735.2962    3.6955     1315098241.7353
   127.061    7.8899    4.4544    3.5007    774.3281    3.6888     1443124387.1563
   136.956    7.8810    4.4445    3.5002    813.3601    3.6821     1570899262.7556
   146.852    7.8716    4.4345    3.4996    852.3920    3.6755     1698423458.4842
   156.747    7.8617    4.4242    3.4989    891.4240    3.6689     1825694550.5609
   166.642    7.8528    4.4145    3.4984    930.4559    3.6623     1952715226.9186
   176.538    7.8432    4.4045    3.4977    969.4879    3.6558     2079486301.8960
   186.433    7.8337    4.3945    3.4970   1008.5199    3.6493     2206006047.8325
   196.329    7.8239    4.3845    3.4962   1047.5518    3.6429     2332274425.5992
   206.224    7.8140    4.3744    3.4954   1086.5838    3.6365     2458291506.2894
   216.120    7.8043    4.3644    3.4947   1125.6157    3.6301     2584058783.8836
   226.015    7.7943    4.3542    3.4939   1164.6477    3.6237     2709576875.9808
   235.911    7.7849    4.3444    3.4931   1203.6796    3.6174     2834847188.0860
   245.806    7.7745    4.3342    3.4921   1242.7116    3.6111     2959868370.8669
   255.702    7.7645    4.3240    3.4913   1281.7435    3.6049     3084640188.4528
   265.597    7.7554    4.3145    3.4904   1320.7755    3.5987     3209166553.6091
   275.492    7.7461    4.3048    3.4895   1359.8074    3.5926     3333448312.5375
   285.388    7.7368    4.2952    3.4887   1398.8394    3.5865     3457486245.3379
   295.283    7.7266    4.2851    3.4877   1437.8713    3.5804     3581280210.4422
   305.179    7.7175    4.2755    3.4868   1476.9033    3.5744     3704831324.4270
   315.074    7.7077    4.2657    3.4858   1515.9353    3.5684     3828141348.8371
   324.970    7.6983    4.2559    3.4848   1554.9672    3.5625     3951209995.6281
   334.865    7.6888    4.2462    3.4839   1593.9992    3.5566     4074040803.2132
   344.761    7.6786    4.2361    3.4828   1633.0311    3.5507     4196633909.6848
   354.656    7.6688    4.2263    3.4818   1672.0631    3.5449     4318988758.3662
   364.551    7.6590    4.2164    3.4808   1711.0950    3.5392     4441108620.5453
   374.447    7.6492    4.2065    3.4798   1750.1270    3.5334     4562994703.5076
   384.342    7.6384    4.1961    3.4787   1789.1589    3.5278     4684646659.4552
   394.238    7.6291    4.1864    3.4778   1828.1909    3.5222     4806068702.6815
   404.133    7.6184    4.1762    3.4767   1867.2228    3.5166     4927261998.8102
   414.029    7.6081    4.1661    3.4755   1906.2548    3.5111     5048224387.3537
   423.924    7.5979    4.1560    3.4745   1945.2868    3.5056     5168959470.2610
   433.820    7.5874    4.1457    3.4734   1984.3187    3.5002     5289469541.3672
   443.715    7.5775    4.1358    3.4724   2023.3507    3.4948     5409756791.6034
   466.529    7.6090    4.1451    3.4811   2028.2350    3.4826     5686963598.7422
   489.344    7.6389    4.1540    3.4895   2032.8853    3.4703     5963875162.1064
   512.158    7.6684    4.1626    3.4979   2037.5883    3.4582     6240480619.7660
   534.972    7.6969    4.1710    3.5060   2042.0187    3.4462     6516771872.3450
   557.786    7.7246    4.1792    3.5141   2046.4423    3.4342     6792738495.8719
   580.601    7.7520    4.1873    3.5221   2050.7579    3.4224     7068377909.8997
   603.415    7.7791    4.1953    3.5301   2055.0078    3.4106     7343689491.9061
   626.229    7.8055    4.2031    3.5379   2059.1700    3.3990     7618671124.7584
   649.043    7.8308    4.2104    3.5455   2063.0887    3.3875     7893314035.1367
   671.858    7.8569    4.2182    3.5533   2067.1400    3.3761     8167621961.2652
   694.672    7.8823    4.2258    3.5609   2071.0426    3.3649     8441602460.9886
   717.486    7.9075    4.2333    3.5686   2074.8580    3.3538     8715257389.9764
   740.300    7.9324    4.2407    3.5761   2078.5141    3.3428     8988591586.5077
   763.115    7.9572    4.2481    3.5837   2082.1837    3.3321     9261611468.6755
   785.929    7.9824    4.2558    3.5914   2085.8696    3.3215     9534330747.3186
   808.743    8.0072    4.2634    3.5989   2089.4403    3.3111     9806759806.0800
   831.557    8.0318    4.2709    3.6065   2092.9003    3.3008    10078906807.3332
   854.372    8.0570    4.2789    3.6143   2096.3195    3.2908    10350791410.2135
   877.186    8.0831    4.2874    3.6222   2099.7797    3.2810    10622438379.2069
   900.000    8.1085    4.2956    3.6302   2103.1015    3.2714    10893869268.0968
   916.868    8.1280    4.3021    3.6362   2105.6090    3.2644    11094350872.0354
   933.735    8.1463    4.3080    3.6420   2108.0413    3.2576    11294730648.0267
   950.603    8.1679    4.3158    3.6487   2110.4386    3.2508    11495032836.6354
   967.471    8.1889    4.3232    3.6553   2112.8982    3.2443    11695287347.1212
   984.338    8.2085    4.3300    3.6615   2115.2786    3.2378    11895485890.4497
  1001.206    8.2335    4.3400    3.6693   2117.7411    3.2315    12095669097.1516
  1018.074    8.2565    4.3489    3.6766   2120.1959    3.2253    12295874494.1336
  1034.942    8.2832    4.3598    3.6852   2122.7688    3.2192    12496127076.8101
  1051.809    8.3020    4.3663    3.6914   2125.1585    3.2133    12696402178.1828
  1068.677    8.3189    4.3717    3.6970   2127.3256    3.2075    12896627912.7829
  1085.545    8.3362    4.3773    3.7028   2129.4692    3.2019    13096802856.0841
  1102.412    8.3530    4.3828    3.7084   2131.6552    3.1965    13296938400.3652
  1119.280    8.3702    4.3885    3.7143   2133.8183    3.1913    13497046500.4645
  1136.148    8.4940    4.4654    3.7480   2146.4051    3.1861    13697893306.9250
  1153.015    8.6692    4.5768    3.7941   2164.1258    3.1805    13900556707.3468
  1169.883    8.8440    4.6883    3.8388   2177.5333    3.1747    14105303102.5569
  1186.751    8.8594    4.6931    3.8439   2179.8661    3.1687    14311004701.5767
  1203.618    8.8740    4.6975    3.8489   2182.2150    3.1630    14516591126.6423
  1220.486    8.8909    4.7021    3.8556   2185.1098    3.1574    14722117243.2675
  1237.354    8.9060    4.7068    3.8611   2187.5795    3.1521    14927608179.0495
  1254.221    8.9212    4.7114    3.8666   2190.0521    3.1470    15133042411.1606
  1271.089    8.9359    4.7160    3.8717   2192.4327    3.1421    15338426267.7946
  1287.957    8.9493    4.7205    3.8762   2194.7153    3.1375    15543749562.9491
  1304.825    8.9649    4.7253    3.8818   2197.0253    3.1332    15749038755.7325
  1321.692    8.9801    4.7299    3.8877   2199.7907    3.1291    15954347177.2937
  1338.560    8.9942    4.7344    3.8928   2202.2130    3.1253    16159678125.8558
  1355.428    9.0078    4.7388    3.8975   2204.5152    3.1218    16365017964.8316
  1372.295    9.0222    4.7436    3.9028   2206.9622    3.1186    16570391323.7419
  1389.163    9.0362    4.7481    3.9077   2209.1896    3.1157    16775819972.6648
  1406.031    9.0494    4.7527    3.9122   2211.3674    3.1131    16981304017.9985
  1422.898    9.0751    4.7646    3.9198   2215.6487    3.1109    17186936675.1917
  1439.766    9.1142    4.7857    3.9290   2221.4061    3.1089    17392862225.2008
  1456.634    9.1561    4.8088    3.9393   2227.2230    3.1073    17599170965.8708
  1473.501    9.1947    4.8301    3.9488   2233.0903    3.1059    17805889008.5782
  1490.369    9.2340    4.8512    3.9595   2239.3641    3.1049    18013046117.8230
  1507.237    9.2739    4.8728    3.9715   2244.3439    3.1042    18220730577.0161
  1524.105    9.3142    4.8952    3.9835   2248.6932    3.1038    18428997802.7016
  1540.972    9.3432    4.9103    3.9929   2252.7235    3.1038    18637797273.3183
  1557.840    9.3564    4.9152    3.9974   2254.5932    3.1042    18846956266.7087
  1557.840    4.9521    0.0000    4.0232         nan    3.1042    18846956266.7087
  1573.938    4.9659    0.0000    4.0287         nan    3.1046    19048134038.8749
  1590.035    4.9798    0.0000    4.0342         nan    3.1055    19249614386.3465
  1606.133    4.9937    0.0000    4.0396         nan    3.1068    19451425077.2145
  1622.231    5.0075    0.0000    4.0451         nan    3.1086    19653594586.4404
  1638.328    5.0207    0.0000    4.0503         nan    3.1109    19856146630.8487
  1654.426    5.0339    0.0000    4.0555         nan    3.1136    20059106848.3521
  1670.524    5.0471    0.0000    4.0607         nan    3.1169    20262508387.3813
  1686.622    5.0601    0.0000    4.0659         nan    3.1207    20466384882.7360
  1702.719    5.0727    0.0000    4.0708         nan    3.1251    20670766165.4663
  1702.719    5.2412    0.0000    6.3969         nan    3.1251    20670766165.4663
  1760.884    5.3202    0.0000    6.4381         nan    3.0280    21837292628.5986
  1819.049    5.3948    0.0000    6.4770         nan    2.9296    22974602035.6893
  1877.214    5.4652    0.0000    6.5139         nan    2.8300    24081417657.3860
  1935.379    5.5317    0.0000    6.5488         nan    2.7294    25156537471.6374
  1993.544    5.5945    0.0000    6.5818         nan    2.6278    26198829134.6227
  2051.708    5.6538    0.0000    6.6131         nan    2.5252    27207225753.0840
  2109.873    5.7097    0.0000    6.6426         nan    2.4218    28180722328.2678
  2168.038    5.7624    0.0000    6.6704         nan    2.3175    29118372770.9615
  2226.203    5.8120    0.0000    6.6967         nan    2.2124    30019287411.6874
  2284.368    5.8587    0.0000    6.7214         nan    2.1066    30882630964.9183
  2342.533    5.9024    0.0000    6.7446         nan    2.0001    31707620921.4335
  2400.697    5.9434    0.0000    6.7664         nan    1.8930    32493526375.3159
  2458.862    5.9817    0.0000    6.7868         nan    1.7853    33239667321.5043
  2517.027    6.0173    0.0000    6.8057         nan    1.6772    33945414502.6497
  2575.192    6.0504    0.0000    6.8233         nan    1.5686    34610189954.2356
  2633.357    6.0810    0.0000    6.8396         nan    1.4596    35233468500.4848
  2691.522    6.1091    0.0000    6.8546         nan    1.3504    35814780631.5590
  2749.687    6.1348    0.0000    6.8684         nan    1.2410    36353717507.4519
  2807.851    6.1581    0.0000    6.8808         nan    1.1316    36849939410.9908
  2866.016    6.1792    0.0000    6.8921         nan    1.0223    37303190092.5558
  2924.181    6.1979    0.0000    6.9021         nan    0.9136    37713321741.7447
  2982.346    6.2143    0.0000    6.9109         nan    0.8060    38080340338.8648
  3040.511    6.2286    0.0000    6.9185         nan    0.7003    38404493016.7451
  3098.676    6.2406    0.0000    6.9249         nan    0.5988    38686450068.1981
  3156.841    6.2503    0.0000    6.9301         nan    0.5061    38927725908.8976
  3215.005    6.2579    0.0000    6.9342         nan    0.4364    39131803264.6514
  3273.170    6.2634    0.0000    6.9371         nan    0.4461    39307837712.4709
  3331.335    6.2666    0.0000    6.9388         nan    0.9947    39487861342.9545
  3389.500    6.2677    0.0000    6.9394         nan    0.0000    39889325847.7823
