# Depth[km]  Vp[km/s]  Vs[km/s] Rho[g/cm3]    T[K]     g[m/s2]         P[Pa]        
     0.000    3.4457    2.0686    1.5895    273.1500    3.7291              0.0000
    10.534    3.4457    2.0686    1.5895    312.6580    3.7383       62442680.4637
    10.534    4.9810    2.9903    2.2978    312.6580    3.7383       62442680.4637
    26.612    4.9810    2.9903    2.2978    372.9602    3.7430      200544574.2377
    26.612    6.3807    3.8306    2.9435    372.9602    3.7430      200544574.2377
    42.669    6.3807    3.8306    2.9435    433.1864    3.7391      377451015.8310
    42.669    7.8424    4.4860    3.4770    433.1864    3.7391      377451015.8310
    52.697    7.8382    4.4791    3.4775    470.7993    3.7323      507835504.5637
    62.725    7.8336    4.4721    3.4778    508.4121    3.7255      637995714.4706
    72.753    7.8287    4.4648    3.4780    546.0250    3.7187      767929666.9303
    82.781    7.8234    4.4574    3.4782    583.6379    3.7120      897634975.7341
    92.809    7.8180    4.4498    3.4784    621.2507    3.7053     1027110827.5611
   102.837    7.8115    4.4417    3.4783    658.8636    3.6986     1156353147.1720
   112.865    7.8056    4.4340    3.4783    696.4764    3.6919     1285360412.9075
   122.893    7.7997    4.4261    3.4783    734.0893    3.6852     1414135574.4968
   132.921    7.7939    4.4183    3.4783    771.7022    3.6786     1542678743.2089
   142.949    7.7868    4.4100    3.4780    809.3150    3.6721     1670985317.7351
   152.978    7.7808    4.4021    3.4779    846.9279    3.6655     1799055256.3345
   163.006    7.7739    4.3938    3.4776    884.5408    3.6590     1926888983.0637
   173.034    7.7678    4.3858    3.4774    922.1536    3.6525     2054485863.4492
   183.062    7.7605    4.3774    3.4770    959.7665    3.6460     2181845565.1146
   193.090    7.7540    4.3693    3.4766    997.3794    3.6396     2308965889.0224
   203.118    7.7480    4.3613    3.4763   1034.9922    3.6332     2435851050.3561
   213.146    7.7406    4.3528    3.4757   1072.6051    3.6269     2562497837.5182
   223.174    7.7339    4.3446    3.4752   1110.2180    3.6206     2688903365.4244
   233.202    7.7269    4.3361    3.4748   1147.8308    3.6143     2815071503.0646
   243.230    7.7198    4.3278    3.4743   1185.4437    3.6080     2941004005.8285
   253.258    7.7130    4.3196    3.4738   1223.0566    3.6018     3066701600.7520
   263.286    7.7063    4.3114    3.4733   1260.6694    3.5957     3192164930.0832
   273.314    7.6993    4.3030    3.4728   1298.2823    3.5896     3317394978.8189
   283.342    7.6916    4.2944    3.4722   1335.8952    3.5835     3442391529.3355
   293.371    7.6826    4.2853    3.4715   1373.5080    3.5774     3567153151.9896
   303.399    7.6747    4.2765    3.4710   1411.1209    3.5714     3691683599.2686
   313.427    7.6665    4.2676    3.4705   1448.7338    3.5655     3815987586.3300
   323.455    7.6585    4.2588    3.4700   1486.3466    3.5595     3940066211.0156
   333.483    7.6497    4.2497    3.4694   1523.9595    3.5537     4063918372.8584
   343.511    7.6413    4.2407    3.4689   1561.5723    3.5478     4187545177.3178
   353.539    7.6313    4.2311    3.4680   1599.1852    3.5420     4310944676.1092
   363.567    7.6228    4.2220    3.4675   1636.7981    3.5363     4434117934.5133
   373.595    7.6144    4.2130    3.4669   1674.4109    3.5306     4557071765.7248
   383.623    7.6054    4.2038    3.4662   1712.0238    3.5249     4679804992.4959
   393.651    7.5891    4.1918    3.4644   1749.6367    3.5193     4802296945.8655
   403.679    7.5875    4.1853    3.4649   1787.2495    3.5138     4924571328.4217
   413.707    7.5779    4.1758    3.4642   1824.8624    3.5082     5046648477.0893
   423.735    7.5648    4.1650    3.4629   1862.4753    3.5028     5168497859.4991
   433.764    7.5565    4.1559    3.4623   1900.0881    3.4974     5290125080.1202
   443.792    7.5483    4.1469    3.4618   1937.7010    3.4920     5411545215.1893
   466.602    7.5765    4.1542    3.4697   1941.8259    3.4799     5687606087.1201
   489.412    7.6044    4.1614    3.4776   1945.9012    3.4679     5963338111.8292
   512.223    7.6441    4.1734    3.4872   1951.1556    3.4559     6238809526.2909
   535.033    7.6728    4.1811    3.4951   1955.2589    3.4440     6514022283.3817
   557.844    7.7021    4.1891    3.5032   1959.5169    3.4323     6788916772.4049
   580.654    7.7298    4.1966    3.5110   1963.4857    3.4206     7063490622.6321
   603.465    7.7572    4.2039    3.5186   1967.3894    3.4090     7337732261.6981
   626.275    7.7834    4.2109    3.5261   1971.1939    3.3976     7611637473.9778
   649.085    7.8113    4.2186    3.5338   1975.1191    3.3863     7885212362.1555
   671.896    7.8370    4.2255    3.5412   1978.7761    3.3751     8158457812.1894
   694.706    7.8625    4.2323    3.5485   1982.3933    3.3641     8431367323.9571
   717.517    7.8877    4.2390    3.5557   1985.9821    3.3533     8703945382.5768
   740.327    7.9128    4.2457    3.5629   1989.4690    3.3426     8976196332.6956
   763.137    7.9376    4.2524    3.5701   1992.9159    3.3321     9248125780.5416
   785.948    7.9623    4.2589    3.5772   1996.3643    3.3217     9519742213.0287
   808.758    7.9862    4.2653    3.5841   1999.6457    3.3116     9791050034.4907
   831.569    8.0105    4.2718    3.5912   2002.9924    3.3017    10062058947.3890
   854.379    8.0343    4.2783    3.5981   2006.1492    3.2920    10332780653.0030
   877.190    8.0583    4.2848    3.6051   2009.4070    3.2825    10603228474.3093
   900.000    8.0829    4.2917    3.6122   2012.6759    3.2733    10873425148.5445
   916.876    8.1009    4.2968    3.6174   2015.0449    3.2666    11073104593.3099
   933.752    8.1185    4.3017    3.6226   2017.3065    3.2600    11272662816.2010
   950.628    8.1361    4.3066    3.6277   2019.5317    3.2536    11472105353.6955
   967.504    8.1534    4.3114    3.6329   2021.7673    3.2474    11671439521.7877
   984.380    8.1725    4.3173    3.6384   2024.0989    3.2413    11870684323.1182
  1001.256    8.1904    4.3225    3.6438   2026.3087    3.2354    12069853904.0778
  1018.132    8.2061    4.3266    3.6484   2028.4745    3.2296    12268932211.8792
  1035.008    8.2242    4.3318    3.6539   2030.5713    3.2240    12467932163.2237
  1051.884    8.2403    4.3361    3.6586   2032.6483    3.2186    12666865390.6998
  1068.760    8.2564    4.3404    3.6635   2034.7134    3.2134    12865724660.7276
  1085.636    8.3568    4.4025    3.6901   2044.4449    3.2082    13065114366.3711
  1102.512    8.4778    4.4787    3.7221   2056.6728    3.2029    13265771244.1993
  1119.388    8.5956    4.5524    3.7530   2067.7852    3.1974    13467794609.4213
  1136.264    8.6106    4.5559    3.7576   2071.5540    3.1919    13670427727.0131
  1153.140    8.6270    4.5604    3.7626   2074.0973    3.1867    13872973183.4165
  1170.016    8.6427    4.5645    3.7674   2076.3403    3.1816    14075448545.1679
  1186.892    8.6584    4.5686    3.7723   2078.5542    3.1768    14277863599.4912
  1203.768    8.6742    4.5729    3.7772   2080.7365    3.1722    14480232756.4440
  1220.644    8.6926    4.5802    3.7820   2084.0014    3.1678    14682568864.1217
  1237.520    8.7528    4.6311    3.7889   2087.0911    3.1637    14884940650.3792
  1254.396    8.7930    4.6627    3.7944   2092.3884    3.1598    15087379115.4999
  1271.272    8.8079    4.6670    3.7992   2099.6122    3.1562    15289843187.7250
  1288.148    8.8396    4.6832    3.8064   2104.0006    3.1528    15492395807.9559
  1305.024    8.8797    4.7023    3.8161   2109.3200    3.1497    15695184192.8012
  1321.900    8.9185    4.7205    3.8259   2114.5084    3.1468    15898288380.9495
  1338.776    8.9560    4.7384    3.8354   2119.7590    3.1442    16101718134.5048
  1355.652    8.9955    4.7571    3.8460   2125.1915    3.1417    16305508953.2864
  1372.528    9.0373    4.7767    3.8578   2130.7869    3.1396    16509736518.3057
  1389.404    9.0672    4.7908    3.8660   2135.0862    3.1376    16714354139.1651
  1406.280    9.0855    4.7936    3.8744   2136.9533    3.1360    16919284660.5895
  1423.156    9.1020    4.7973    3.8810   2139.0766    3.1347    17124504099.2821
  1440.032    9.1189    4.8006    3.8883   2141.0685    3.1338    17330007375.8035
  1456.908    9.1365    4.8038    3.8963   2143.1113    3.1332    17535853631.0642
  1473.784    9.1551    4.8071    3.9051   2145.1231    3.1329    17742103182.8703
  1490.660    9.2260    4.8433    3.9352   2157.7834    3.1329    17949364540.0256
  1507.536    9.2548    4.8577    3.9451   2163.4749    3.1330    18157681044.7928
  1524.412    9.2809    4.8704    3.9541   2168.9929    3.1336    18366506882.8548
  1541.288    9.3058    4.8829    3.9625   2174.3456    3.1345    18575827578.9399
  1558.164    9.3317    4.8962    3.9711   2179.4297    3.1359    18785663002.9642
  1558.164    4.7224    0.0000    4.0075         nan    3.1359    18785663002.9642
  1571.121    4.7333    0.0000    4.0123         nan    3.1368    18948585883.3051
  1584.077    4.7442    0.0000    4.0171         nan    3.1381    19111754474.4754
  1597.034    4.7551    0.0000    4.0220         nan    3.1396    19275183576.4770
  1609.990    4.7659    0.0000    4.0268         nan    3.1415    19438888508.1776
  1622.947    4.7768    0.0000    4.0316         nan    3.1436    19602884540.9125
  1635.903    4.7871    0.0000    4.0361         nan    3.1461    19767183447.3581
  1648.860    4.7975    0.0000    4.0407         nan    3.1489    19931798220.4889
  1661.816    4.8078    0.0000    4.0453         nan    3.1520    20096746571.4615
  1674.773    4.8182    0.0000    4.0499         nan    3.1555    20262046835.1542
  1674.773    5.1043    0.0000    6.3368         nan    3.1555    20262046835.1542
  1733.901    5.1883    0.0000    6.3809         nan    3.0582    21448472963.1535
  1793.030    5.2675    0.0000    6.4225         nan    2.9595    22606055811.9363
  1852.158    5.3421    0.0000    6.4618         nan    2.8596    23733384369.5277
  1911.287    5.4125    0.0000    6.4990         nan    2.7586    24829133760.1456
  1970.415    5.4788    0.0000    6.5342         nan    2.6564    25892058872.7196
  2029.544    5.5414    0.0000    6.5674         nan    2.5532    26920989066.2361
  2088.672    5.6003    0.0000    6.5987         nan    2.4491    27914823766.3524
  2147.801    5.6558    0.0000    6.6283         nan    2.3440    28872528807.1080
  2206.929    5.7080    0.0000    6.6561         nan    2.2382    29793133416.6792
  2266.058    5.7570    0.0000    6.6823         nan    2.1315    30675727787.0388
  2325.186    5.8030    0.0000    6.7069         nan    2.0241    31519461195.1487
  2384.315    5.8460    0.0000    6.7299         nan    1.9161    32323540682.1118
  2443.444    5.8861    0.0000    6.7514         nan    1.8075    33087230337.4425
  2502.572    5.9235    0.0000    6.7714         nan    1.6984    33809851296.9017
  2561.701    5.9581    0.0000    6.7900         nan    1.5888    34490782650.3352
  2620.829    5.9901    0.0000    6.8072         nan    1.4789    35129463595.8174
  2679.958    6.0196    0.0000    6.8231         nan    1.3687    35725397413.8103
  2739.086    6.0465    0.0000    6.8375         nan    1.2584    36278158252.1530
  2798.215    6.0709    0.0000    6.8507         nan    1.1482    36787402479.2313
  2857.343    6.0929    0.0000    6.8625         nan    1.0383    37252887850.5924
  2916.472    6.1124    0.0000    6.8731         nan    0.9291    37674506780.0296
  2975.600    6.1296    0.0000    6.8823         nan    0.8214    38052346670.9089
  3034.729    6.1445    0.0000    6.8904         nan    0.7164    38386806040.9662
  3093.857    6.1570    0.0000    6.8971         nan    0.6169    38678836359.0256
  3152.986    6.1672    0.0000    6.9026         nan    0.5290    38930501286.9147
  3212.114    6.1752    0.0000    6.9069         nan    0.4712    39146470034.9987
  3271.243    6.1808    0.0000    6.9100         nan    0.5177    39338938299.4186
  3330.371    6.1842    0.0000    6.9118         nan    1.2711    39550480615.3392
  3389.500    6.1854    0.0000    6.9124         nan    0.0000    40069962686.8383
