# Depth[km]  Vp[km/s]  Vs[km/s] Rho[g/cm3]    T[K]     g[m/s2]         P[Pa]        
     0.000    3.9198    2.3666    1.7995    273.1500    3.7291              0.0000
    12.429    3.9198    2.3666    1.7995    326.1949    3.7378       83402071.6748
    12.429    4.3647    2.6352    2.0037    326.1949    3.7378       83402071.6748
    27.717    4.3647    2.6352    2.0037    391.4519    3.7460      197905871.0128
    27.717    5.8563    3.5357    2.6885    391.4519    3.7460      197905871.0128
    47.308    5.8563    3.5357    2.6885    475.0703    3.7456      395204452.5532
    47.308    7.9913    4.5384    3.5180    475.0703    3.7456      395204452.5532
    56.407    7.9826    4.5283    3.5174    513.9077    3.7392      515093355.2245
    65.506    7.9737    4.5181    3.5168    552.7452    3.7328      634756115.6710
    74.605    7.9644    4.5078    3.5161    591.5827    3.7264      754191589.7568
    83.704    7.9546    4.4972    3.5154    630.4201    3.7200      873397898.2288
    92.803    7.9452    4.4870    3.5146    669.2576    3.7137      992375387.1314
   101.902    7.9356    4.4766    3.5139    708.0950    3.7074     1111125099.2053
   111.001    7.9258    4.4663    3.5130    746.9325    3.7011     1229645465.6365
   120.100    7.9159    4.4560    3.5122    785.7699    3.6948     1347936941.2094
   129.199    7.9059    4.4457    3.5113    824.6074    3.6886     1465999210.0091
   138.298    7.8958    4.4354    3.5103    863.4448    3.6824     1583831435.0795
   147.397    7.8856    4.4252    3.5094    902.2823    3.6763     1701433915.7088
   156.496    7.8759    4.4151    3.5084    941.1198    3.6701     1818807735.1415
   165.595    7.8649    4.4045    3.5073    979.9572    3.6640     1935950934.4694
   174.694    7.8552    4.3946    3.5063   1018.7947    3.6580     2052863963.7735
   183.793    7.8453    4.3847    3.5053   1057.6321    3.6519     2169549882.9999
   192.892    7.8351    4.3745    3.5042   1096.4696    3.6459     2286007830.7598
   201.991    7.8249    4.3645    3.5031   1135.3070    3.6400     2402238073.9780
   211.090    7.8147    4.3543    3.5020   1174.1445    3.6340     2518242360.0868
   220.189    7.8040    4.3441    3.5008   1212.9819    3.6281     2634019880.4249
   229.288    7.7938    4.3341    3.4996   1251.8194    3.6223     2749570140.1627
   238.387    7.7838    4.3241    3.4985   1290.6568    3.6164     2864896315.9491
   247.486    7.7734    4.3140    3.4973   1329.4943    3.6106     2979998760.3244
   256.585    7.7642    4.3045    3.4961   1368.3318    3.6049     3094876139.6012
   265.684    7.7543    4.2946    3.4949   1407.1692    3.5991     3209531069.7350
   274.783    7.7442    4.2847    3.4937   1446.0067    3.5935     3323964959.2980
   283.882    7.7344    4.2749    3.4924   1484.8441    3.5878     3438176938.2236
   292.981    7.7243    4.2650    3.4912   1523.6816    3.5822     3552168241.0593
   302.080    7.7143    4.2550    3.4899   1562.5190    3.5766     3665939694.5923
   311.179    7.7037    4.2449    3.4885   1601.3565    3.5711     3779491614.4616
   320.278    7.6940    4.2352    3.4873   1640.1939    3.5656     3892826621.0957
   329.377    7.6834    4.2251    3.4860   1679.0314    3.5602     4005945597.1605
   338.476    7.6730    4.2150    3.4846   1717.8689    3.5547     4118847332.6368
   347.575    7.6627    4.2049    3.4833   1756.7063    3.5494     4231534412.3177
   356.674    7.6522    4.1948    3.4819   1795.5438    3.5440     4344007818.3067
   365.773    7.6419    4.1848    3.4805   1834.3812    3.5388     4456267760.3588
   374.872    7.6316    4.1748    3.4791   1873.2187    3.5335     4568315794.0629
   383.971    7.6208    4.1645    3.4777   1912.0561    3.5283     4680152857.6261
   393.070    7.6100    4.1542    3.4763   1950.8936    3.5232     4791779997.6985
   402.169    7.6000    4.1442    3.4749   1989.7310    3.5181     4903199332.3604
   411.268    7.5888    4.1338    3.4734   2028.5685    3.5130     5014410427.6352
   435.705    7.6209    4.1438    3.4826   2033.8721    3.4995     5312980805.5901
   460.141    7.6525    4.1539    3.4917   2039.0806    3.4860     5611186258.6010
   484.578    7.6827    4.1634    3.5006   2044.0968    3.4727     5909012020.8288
   509.014    7.7120    4.1726    3.5094   2049.0377    3.4594     6206444954.4493
   533.451    7.7403    4.1815    3.5179   2053.7703    3.4462     6503473719.1366
   557.888    7.7676    4.1899    3.5264   2058.4214    3.4332     6800086690.6661
   582.324    7.7948    4.1985    3.5348   2062.9746    3.4202     7096283097.0144
   606.761    7.8218    4.2069    3.5431   2067.5067    3.4074     7392062838.5497
   631.197    7.8484    4.2152    3.5514   2071.9378    3.3946     7687424904.6652
   655.634    7.8744    4.2233    3.5596   2076.2121    3.3821     7982367369.3941
   680.071    7.9007    4.2316    3.5678   2080.4389    3.3697     8276894397.1070
   704.507    7.9268    4.2398    3.5761   2084.6530    3.3574     8571018135.3203
   728.944    7.9519    4.2476    3.5841   2088.6914    3.3453     8864740930.7041
   753.380    7.9775    4.2558    3.5923   2092.6511    3.3334     9158067625.2633
   777.817    8.0037    4.2643    3.6005   2096.6546    3.3217     9451017145.1324
   802.254    8.0291    4.2725    3.6087   2100.4667    3.3101     9743601770.4101
   826.690    8.0545    4.2806    3.6169   2104.1892    3.2988    10035831932.0787
   851.127    8.0812    4.2896    3.6254   2107.9484    3.2877    10327735866.8200
   875.563    8.1083    4.2988    3.6341   2111.7460    3.2768    10619347073.5505
   900.000    8.1355    4.3082    3.6428   2115.3528    3.2661    10910689827.4163
   917.135    8.1553    4.3152    3.6491   2117.8725    3.2588    11114737873.2655
   934.270    8.1755    4.3226    3.6557   2120.3595    3.2516    11318686774.3603
   951.405    8.1961    4.3301    3.6624   2122.8791    3.2445    11522554080.2534
   968.540    8.2171    4.3380    3.6692   2125.3708    3.2375    11726352728.7129
   985.675    8.2400    4.3470    3.6766   2127.9025    3.2307    11930107346.5498
  1002.810    8.2649    4.3572    3.6847   2130.4205    3.2240    12133861148.7186
  1019.945    8.2836    4.3635    3.6914   2133.1698    3.2174    12337599175.5734
  1037.080    8.3014    4.3694    3.6977   2135.7554    3.2109    12541278120.2817
  1054.215    8.3211    4.3763    3.7048   2138.5464    3.2046    12744917379.7069
  1071.350    8.3391    4.3825    3.7112   2141.1572    3.1985    12948527619.0226
  1088.486    8.3546    4.3873    3.7167   2143.5892    3.1925    13152075846.2185
  1105.621    8.3741    4.3947    3.7239   2145.4065    3.1868    13355593062.5130
  1122.756    8.3970    4.4046    3.7326   2146.7913    3.1811    13559175336.0265
  1139.891    8.4849    4.4577    3.7577   2155.1771    3.1755    13763319701.4805
  1157.026    8.6417    4.5568    3.7996   2171.4514    3.1698    13968927575.0517
  1174.161    8.8558    4.6943    3.8541   2190.0003    3.1636    14176778835.3849
  1191.296    8.8815    4.7061    3.8621   2192.0940    3.1572    14385917863.4075
  1208.431    8.8965    4.7107    3.8675   2194.3761    3.1510    14594997895.9332
  1225.566    8.9111    4.7151    3.8730   2196.4709    3.1450    14803963899.8989
  1242.701    8.9251    4.7191    3.8785   2198.3814    3.1393    15012830483.3087
  1259.836    8.9390    4.7232    3.8836   2200.3626    3.1338    15221601046.8891
  1276.971    8.9525    4.7270    3.8890   2202.2253    3.1285    15430289155.2370
  1294.106    8.9661    4.7310    3.8944   2204.0434    3.1235    15638915090.3683
  1311.241    8.9796    4.7348    3.8999   2205.7778    3.1188    15847497541.0579
  1328.376    8.9926    4.7385    3.9052   2207.3850    3.1143    16056051702.7114
  1345.511    9.0056    4.7421    3.9106   2208.7892    3.1101    16264590049.5557
  1362.646    9.0185    4.7458    3.9161   2210.4602    3.1062    16473137689.1524
  1379.781    9.0313    4.7493    3.9215   2211.7050    3.1026    16681714817.2313
  1396.916    9.0436    4.7528    3.9269   2212.7853    3.0993    16890336203.4833
  1414.051    9.0557    4.7560    3.9323   2213.8811    3.0963    17099022313.9360
  1431.187    9.0683    4.7592    3.9383   2215.1739    3.0937    17307812178.3629
  1448.322    9.0800    4.7623    3.9437   2216.4181    3.0914    17516728154.3774
  1465.457    9.1205    4.7837    3.9552   2221.1662    3.0894    17725937725.7857
  1482.592    9.1614    4.8057    3.9670   2225.4818    3.0878    17935630719.7843
  1499.727    9.2022    4.8278    3.9792   2229.7992    3.0864    18145844792.8708
  1516.862    9.2438    4.8510    3.9918   2234.5091    3.0853    18356621538.2073
  1533.997    9.2862    4.8747    4.0052   2239.2197    3.0846    18568013398.4122
  1551.132    9.2989    4.8791    4.0102   2241.2379    3.0842    18779840541.7738
  1568.267    9.3123    4.8842    4.0149   2243.3774    3.0843    18991897787.5453
  1568.267    4.8564    0.0000    4.0600         nan    3.0843    18991897787.5453
  1588.694    4.8700    0.0000    4.0673         nan    3.0843    19247918095.3874
  1609.120    4.8837    0.0000    4.0747         nan    3.0849    19504397083.0967
  1629.547    4.8973    0.0000    4.0820         nan    3.0863    19761390938.5386
  1649.973    4.9103    0.0000    4.0891         nan    3.0883    20018949817.2036
  1670.400    4.9233    0.0000    4.0961         nan    3.0912    20277126693.9204
  1690.826    4.9363    0.0000    4.1031         nan    3.0949    20535987540.9755
  1711.253    4.9488    0.0000    4.1099         nan    3.0995    20795594605.7527
  1731.679    4.9612    0.0000    4.1166         nan    3.1050    21056012864.0718
  1752.106    4.9736    0.0000    4.1233         nan    3.1115    21317320039.1703
  1752.106    5.1234    0.0000    6.5556         nan    3.1115    21317320039.1703
  1808.568    5.2035    0.0000    6.5983         nan    3.0150    22472766960.9252
  1865.030    5.2790    0.0000    6.6386         nan    2.9173    23599439770.8497
  1921.492    5.3502    0.0000    6.6767         nan    2.8185    24696061828.0506
  1977.953    5.4174    0.0000    6.7127         nan    2.7186    25761434243.4486
  2034.415    5.4808    0.0000    6.7468         nan    2.6177    26794430619.8260
  2090.877    5.5406    0.0000    6.7790         nan    2.5159    27793992723.5118
  2147.339    5.5970    0.0000    6.8094         nan    2.4132    28759126955.7676
  2203.801    5.6502    0.0000    6.8381         nan    2.3097    29688901529.1412
  2260.263    5.7001    0.0000    6.8652         nan    2.2055    30582444289.4875
  2316.725    5.7471    0.0000    6.8906         nan    2.1007    31438941175.4724
  2373.187    5.7912    0.0000    6.9145         nan    1.9952    32257635342.2885
  2429.648    5.8324    0.0000    6.9369         nan    1.8892    33037827034.8952
  2486.110    5.8709    0.0000    6.9578         nan    1.7827    33778874365.0322
  2542.572    5.9068    0.0000    6.9773         nan    1.6759    34480195261.4075
  2599.034    5.9400    0.0000    6.9954         nan    1.5688    35141271029.0851
  2655.496    5.9707    0.0000    7.0122         nan    1.4616    35761652234.2936
  2711.958    5.9990    0.0000    7.0276         nan    1.3545    36340968107.8039
  2768.420    6.0248    0.0000    7.0417         nan    1.2476    36878941500.0269
  2824.881    6.0483    0.0000    7.0545         nan    1.1413    37375412978.5298
  2881.343    6.0694    0.0000    7.0660         nan    1.0362    37830380677.0938
  2937.805    6.0882    0.0000    7.0763         nan    0.9329    38244068692.7651
  2994.267    6.1047    0.0000    7.0853         nan    0.8330    38617050367.2343
  3050.729    6.1190    0.0000    7.0931         nan    0.7391    38950484846.9768
  3107.191    6.1311    0.0000    7.0997         nan    0.6565    39246609003.3248
  3163.653    6.1409    0.0000    7.1051         nan    0.5983    39509874236.3028
  3220.114    6.1485    0.0000    7.1093         nan    0.6025    39749981310.8906
  3276.576    6.1539    0.0000    7.1123         nan    0.8225    39991879927.5119
  3333.038    6.1572    0.0000    7.1140         nan    2.5039    40322204671.4330
  3389.500    6.1583    0.0000    7.1146         nan    0.0000    41328007074.7596
