# Depth[km]  Vp[km/s]  Vs[km/s] Rho[g/cm3]    T[K]     g[m/s2]         P[Pa]        
     0.000    3.6434    2.2029    1.6673    273.1500    3.7291              0.0000
    12.415    3.6434    2.2029    1.6673    322.2889    3.7391       77189163.7217
    12.415    4.3071    2.6042    1.9710    322.2889    3.7391       77189163.7217
    26.813    4.3071    2.6042    1.9710    379.2787    3.7473      183295661.0467
    26.813    5.3545    3.2375    2.4503    379.2787    3.7473      183295661.0467
    44.369    5.3545    3.2375    2.4503    448.7722    3.7505      344499794.0537
    44.369    8.0011    4.5464    3.5195    448.7722    3.7505      344499794.0537
    54.444    7.9933    4.5364    3.5193    488.6539    3.7433      477489492.7636
    64.520    7.9853    4.5265    3.5189    528.5357    3.7362      610214657.0397
    74.595    7.9766    4.5160    3.5185    568.4174    3.7292      742674045.6738
    84.670    7.9681    4.5058    3.5181    608.2991    3.7221      874867162.1808
    94.746    7.9589    4.4952    3.5176    648.1808    3.7151     1006792126.5031
   104.821    7.9501    4.4850    3.5171    688.0625    3.7081     1138448700.5624
   114.897    7.9412    4.4748    3.5166    727.9442    3.7011     1269838789.8907
   124.972    7.9319    4.4644    3.5159    767.8259    3.6942     1400961134.7310
   135.047    7.9230    4.4543    3.5154    807.7076    3.6873     1531816000.1303
   145.123    7.9135    4.4440    3.5147    847.5893    3.6805     1662403676.9341
   155.198    7.9038    4.4336    3.5139    887.4710    3.6736     1792721745.3060
   165.274    7.8949    4.4237    3.5133    927.3528    3.6669     1922772838.9080
   175.349    7.8855    4.4135    3.5125    967.2345    3.6601     2052557783.3316
   185.424    7.8760    4.4034    3.5118   1007.1162    3.6534     2182075359.4592
   195.500    7.8666    4.3934    3.5109   1046.9979    3.6467     2311325939.6247
   205.575    7.8573    4.3834    3.5101   1086.8796    3.6401     2440310214.7664
   215.651    7.8480    4.3735    3.5093   1126.7613    3.6335     2569029907.5700
   225.726    7.8384    4.3634    3.5085   1166.6430    3.6269     2697485802.0946
   235.801    7.8292    4.3535    3.5077   1206.5247    3.6204     2825678961.3729
   245.877    7.8195    4.3435    3.5067   1246.4064    3.6139     2953609385.2596
   255.952    7.8097    4.3333    3.5058   1286.2882    3.6074     3081276486.3379
   266.028    7.8007    4.3236    3.5050   1326.1699    3.6010     3208683446.3141
   276.103    7.7922    4.3141    3.5040   1366.0516    3.5947     3335831873.7006
   286.178    7.7823    4.3039    3.5030   1405.9333    3.5883     3462720039.0740
   296.254    7.7740    4.2946    3.5021   1445.8150    3.5820     3589350789.4047
   306.329    7.7652    4.2851    3.5012   1485.6967    3.5758     3715727058.9692
   316.405    7.7558    4.2752    3.5001   1525.5784    3.5696     3841847580.3029
   326.480    7.7468    4.2653    3.4993   1565.4601    3.5635     3967714980.8736
   336.555    7.7371    4.2555    3.4982   1605.3418    3.5574     4093330416.4533
   346.631    7.7279    4.2457    3.4972   1645.2236    3.5513     4218693201.6416
   356.706    7.7188    4.2360    3.4962   1685.1053    3.5453     4343806494.7260
   366.782    7.7093    4.2260    3.4951   1724.9870    3.5393     4468671738.1014
   376.857    7.6996    4.2160    3.4940   1764.8687    3.5334     4593288800.3365
   386.932    7.6909    4.2065    3.4931   1804.7504    3.5275     4717661024.2233
   397.008    7.6812    4.1965    3.4919   1844.6321    3.5217     4841789774.2866
   407.083    7.6717    4.1865    3.4909   1884.5138    3.5160     4965674638.0735
   417.159    7.6616    4.1763    3.4898   1924.3955    3.5102     5089317753.9974
   427.234    7.6524    4.1665    3.4886   1964.2772    3.5046     5212720514.8371
   437.309    7.6427    4.1564    3.4875   2004.1590    3.4990     5335884342.5812
   447.385    7.6332    4.1464    3.4864   2044.0407    3.4934     5458810775.3917
   470.015    7.6616    4.1554    3.4947   2048.8123    3.4810     5734764624.9024
   492.646    7.6890    4.1640    3.5028   2053.4079    3.4687     6010386219.8786
   515.277    7.7167    4.1729    3.5110   2057.9847    3.4564     6285673973.1982
   537.908    7.7420    4.1805    3.5188   2062.4020    3.4443     6560616420.8869
   560.539    7.7673    4.1884    3.5267   2066.7424    3.4322     6835202608.7262
   583.169    7.7927    4.1964    3.5345   2070.9786    3.4202     7109433078.0915
   605.800    7.8178    4.2043    3.5422   2075.1407    3.4083     7383306074.1386
   628.431    7.8426    4.2121    3.5499   2079.2729    3.3966     7656824197.6493
   651.062    7.8667    4.2196    3.5575   2083.2407    3.3849     7929986168.1807
   673.692    7.8908    4.2271    3.5651   2087.2398    3.3734     8202794205.4375
   696.323    7.9145    4.2345    3.5726   2091.0535    3.3620     8475252084.9328
   718.954    7.9385    4.2421    3.5803   2094.9666    3.3508     8747367803.4318
   741.585    7.9630    4.2500    3.5880   2098.6295    3.3397     9019156137.3672
   764.215    7.9857    4.2570    3.5953   2102.3146    3.3288     9290611579.5452
   786.846    8.0101    4.2650    3.6029   2106.0231    3.3180     9561741404.1954
   809.477    8.0339    4.2727    3.6106   2109.5510    3.3074     9832569606.1598
   832.108    8.0577    4.2804    3.6183   2113.0732    3.2970    10103107013.4511
   854.738    8.0812    4.2881    3.6258   2116.5226    3.2868    10373360457.7843
   877.369    8.1073    4.2971    3.6342   2120.0246    3.2767    10643366707.5778
   900.000    8.1324    4.3059    3.6422   2123.3627    3.2669    10913155663.8471
   917.430    8.1526    4.3130    3.6487   2125.9413    3.2594    11120737811.6985
   934.861    8.1729    4.3204    3.6552   2128.5027    3.2521    11328217313.5058
   952.291    8.1944    4.3284    3.6622   2131.0413    3.2449    11535614338.3919
   969.721    8.2153    4.3361    3.6690   2133.5598    3.2379    11742941877.8296
   987.152    8.2399    4.3461    3.6769   2136.1825    3.2309    11950232736.1767
  1004.582    8.2632    4.3552    3.6847   2138.7732    3.2241    12157520888.2859
  1022.012    8.2823    4.3617    3.6914   2141.5661    3.2175    12364779898.9873
  1039.442    8.3013    4.3681    3.6982   2144.3310    3.2110    12571989800.7065
  1056.873    8.3206    4.3748    3.7051   2147.0861    3.2046    12779164255.4254
  1074.303    8.3382    4.3807    3.7114   2149.7019    3.1984    12986297575.3771
  1091.733    8.3539    4.3855    3.7170   2152.0918    3.1924    13193362577.9027
  1109.164    8.3762    4.3948    3.7253   2153.6696    3.1866    13400426001.2170
  1126.594    8.4003    4.4054    3.7345   2155.0215    3.1809    13607596424.8359
  1144.024    8.4972    4.4643    3.7618   2164.5710    3.1753    13815409624.9675
  1161.455    8.6665    4.5716    3.8068   2182.2545    3.1694    14024855670.7710
  1178.885    8.8660    4.6995    3.8575   2197.8587    3.1631    14236557137.8649
  1196.315    8.8808    4.7037    3.8630   2200.0629    3.1567    14449388032.8409
  1213.746    8.8961    4.7084    3.8686   2202.3837    3.1505    14662093164.3534
  1231.176    8.9106    4.7126    3.8741   2204.4514    3.1446    14874686423.7861
  1248.606    8.9250    4.7170    3.8794   2206.5347    3.1388    15087175325.1254
  1266.036    8.9386    4.7207    3.8848   2208.5158    3.1334    15299570468.4447
  1283.467    8.9524    4.7247    3.8903   2210.2152    3.1281    15511890344.8121
  1300.897    8.9670    4.7292    3.8960   2212.1289    3.1232    15724159398.3192
  1318.327    8.9797    4.7324    3.9014   2213.8355    3.1185    15936395366.9593
  1335.758    8.9929    4.7360    3.9070   2215.3264    3.1141    16148613236.8274
  1353.188    9.0065    4.7400    3.9125   2217.0035    3.1100    16360833254.7267
  1370.618    9.0194    4.7437    3.9180   2218.3169    3.1062    16573070111.7798
  1388.049    9.0320    4.7469    3.9236   2219.7227    3.1027    16785348013.1450
  1405.479    9.0444    4.7504    3.9290   2220.8956    3.0995    16997686591.1159
  1422.909    9.0568    4.7539    3.9345   2221.9620    3.0967    17210101906.5376
  1440.340    9.0699    4.7573    3.9409   2223.3965    3.0943    17422646630.9867
  1457.770    9.0921    4.7670    3.9484   2225.1560    3.0922    17635400126.1793
  1475.200    9.1319    4.7880    3.9598   2229.6771    3.0904    17848519519.0702
  1492.631    9.1731    4.8101    3.9721   2234.4956    3.0890    18062155717.9594
  1510.061    9.2140    4.8324    3.9844   2238.9423    3.0878    18276352767.8724
  1527.491    9.2555    4.8553    3.9976   2243.8431    3.0870    18491157081.7657
  1544.921    9.2853    4.8707    4.0076   2247.5171    3.0866    18706529233.2282
  1562.352    9.2998    4.8767    4.0123   2249.5607    3.0866    18922263686.9866
  1579.782    9.3118    4.8807    4.0169   2251.3807    3.0870    19138246629.2358
  1579.782    4.9318    0.0000    4.0755         nan    3.0870    19138246629.2358
  1597.319    4.9440    0.0000    4.0816         nan    3.0872    19359045560.8980
  1614.855    4.9562    0.0000    4.0877         nan    3.0878    19580184545.1855
  1632.392    4.9683    0.0000    4.0938         nan    3.0890    19801700121.0956
  1649.929    4.9803    0.0000    4.0998         nan    3.0907    20023627400.6185
  1667.466    4.9919    0.0000    4.1057         nan    3.0930    20245999370.2610
  1685.002    5.0035    0.0000    4.1115         nan    3.0959    20468854280.5331
  1702.539    5.0151    0.0000    4.1173         nan    3.0995    20692236538.4413
  1720.076    5.0262    0.0000    4.1229         nan    3.1037    20916186486.8808
  1737.612    5.0373    0.0000    4.1285         nan    3.1086    21140746012.3942
  1737.612    5.1651    0.0000    6.4904         nan    3.1086    21140746012.3942
  1794.574    5.2328    0.0000    6.5323         nan    3.0123    22293730706.4281
  1851.536    5.2969    0.0000    6.5722         nan    2.9148    23418012686.2388
  1908.497    5.3576    0.0000    6.6100         nan    2.8162    24512355864.2607
  1965.459    5.4151    0.0000    6.6460         nan    2.7165    25575590442.6799
  2022.421    5.4696    0.0000    6.6801         nan    2.6158    26606609665.9259
  2079.382    5.5211    0.0000    6.7124         nan    2.5142    27604367138.5229
  2136.344    5.5698    0.0000    6.7431         nan    2.4117    28567874646.6794
  2193.306    5.6158    0.0000    6.7721         nan    2.3084    29496200449.2834
  2250.267    5.6592    0.0000    6.7994         nan    2.2044    30388468027.0279
  2307.229    5.7001    0.0000    6.8252         nan    2.0996    31243855307.3586
  2364.190    5.7385    0.0000    6.8495         nan    1.9943    32061594416.5936
  2421.152    5.7745    0.0000    6.8723         nan    1.8883    32840972056.3057
  2478.114    5.8081    0.0000    6.8937         nan    1.7820    33581330666.8305
  2535.075    5.8395    0.0000    6.9136         nan    1.6752    34282070642.5830
  2592.037    5.8687    0.0000    6.9321         nan    1.5681    34942654022.9516
  2648.999    5.8957    0.0000    6.9493         nan    1.4609    35562610342.0414
  2705.960    5.9205    0.0000    6.9651         nan    1.3537    36141545774.7536
  2762.922    5.9432    0.0000    6.9796         nan    1.2467    36679157508.4258
  2819.884    5.9639    0.0000    6.9927         nan    1.1402    37175256742.9591
  2876.845    5.9825    0.0000    7.0046         nan    1.0348    37629806581.0927
  2933.807    5.9991    0.0000    7.0152         nan    0.9311    38042986926.3438
  2990.769    6.0137    0.0000    7.0245         nan    0.8306    38415311325.6141
  3047.730    6.0263    0.0000    7.0326         nan    0.7357    38747851044.7546
  3104.692    6.0369    0.0000    7.0394         nan    0.6515    39042700897.8647
  3161.653    6.0456    0.0000    7.0449         nan    0.5905    39304055623.0578
  3218.615    6.0523    0.0000    7.0492         nan    0.5884    39541083255.8959
  3275.577    6.0571    0.0000    7.0523         nan    0.7905    39777392526.4107
  3332.538    6.0600    0.0000    7.0541         nan    2.3759    40094997271.1729
  3389.500    6.0610    0.0000    7.0547         nan    0.0000    41049696422.2353
