# Depth[km]  Vp[km/s]  Vs[km/s] Rho[g/cm3]    T[K]     g[m/s2]         P[Pa]        
     0.000    3.7496    2.2329    1.6775    273.1500    3.7291              0.0000
    11.571    3.7496    2.2329    1.6775    316.4856    3.7383       72381665.2234
    11.571    4.9297    2.9355    2.2055    316.4856    3.7383       72381665.2234
    28.386    4.9297    2.9355    2.2055    379.4716    3.7446      211023420.6582
    28.386    6.5706    3.9127    2.9396    379.4716    3.7446      211023420.6582
    45.282    6.5706    3.9127    2.9396    442.7555    3.7406      396999096.5173
    45.282    7.9526    4.5327    3.4845    442.7555    3.7406      396999096.5173
    54.970    7.9475    4.5252    3.4846    479.0437    3.7340      523278495.0779
    64.658    7.9422    4.5174    3.4847    515.3319    3.7274      649338639.3729
    74.346    7.9365    4.5096    3.4848    551.6202    3.7208      775177862.1544
    84.034    7.9305    4.5015    3.4847    587.9084    3.7143      900794564.8703
    93.722    7.9237    4.4931    3.4845    624.1966    3.7077     1026185608.4537
   103.410    7.9175    4.4850    3.4844    660.4848    3.7012     1151351093.9246
   113.098    7.9112    4.4767    3.4843    696.7730    3.6948     1276292868.4406
   122.786    7.9048    4.4686    3.4841    733.0612    3.6883     1401010666.6732
   132.474    7.8979    4.4601    3.4838    769.3494    3.6819     1525502316.7947
   142.162    7.8914    4.4519    3.4836    805.6376    3.6755     1649767698.3250
   151.851    7.8848    4.4437    3.4833    841.9258    3.6691     1773808971.3736
   161.539    7.8775    4.4351    3.4829    878.2141    3.6628     1897622786.0731
   171.227    7.8705    4.4267    3.4825    914.5023    3.6565     2021207990.5347
   180.915    7.8642    4.4186    3.4822    950.7905    3.6503     2144568368.9077
   190.603    7.8572    4.4103    3.4817    987.0787    3.6440     2267703497.4039
   200.291    7.8502    4.4019    3.4812   1023.3669    3.6378     2390611525.2363
   209.979    7.8436    4.3937    3.4807   1059.6551    3.6316     2513293335.0963
   219.667    7.8366    4.3854    3.4802   1095.9433    3.6255     2635748737.6263
   229.355    7.8294    4.3769    3.4797   1132.2315    3.6194     2757979010.1779
   239.043    7.8221    4.3684    3.4791   1168.5198    3.6133     2879985454.5280
   248.731    7.8159    4.3604    3.4786   1204.8080    3.6073     3001768849.2962
   258.419    7.8094    4.3524    3.4781   1241.0962    3.6013     3123330035.3148
   268.108    7.8024    4.3441    3.4774   1277.3844    3.5954     3244667826.4156
   277.796    7.7951    4.3356    3.4769   1313.6726    3.5895     3365784117.4798
   287.484    7.7885    4.3274    3.4763   1349.9608    3.5836     3486681587.4598
   297.172    7.7821    4.3194    3.4757   1386.2490    3.5777     3607360497.9406
   306.860    7.7746    4.3108    3.4749   1422.5372    3.5719     3727818962.2725
   316.548    7.7673    4.3024    3.4743   1458.8254    3.5662     3848057412.1721
   326.236    7.7614    4.2947    3.4737   1495.1137    3.5604     3968079907.5802
   335.924    7.7543    4.2864    3.4729   1531.4019    3.5547     4087886978.3783
   345.612    7.7473    4.2781    3.4722   1567.6901    3.5491     4207478418.4079
   355.300    7.7407    4.2700    3.4716   1603.9783    3.5435     4326856910.5096
   364.988    7.7333    4.2615    3.4708   1640.2665    3.5379     4446021829.6696
   374.676    7.7265    4.2533    3.4700   1676.5547    3.5324     4564973338.2079
   384.365    7.7198    4.2451    3.4694   1712.8429    3.5270     4683715565.3186
   394.053    7.7119    4.2364    3.4685   1749.1311    3.5215     4802246609.6503
   403.741    7.7051    4.2282    3.4678   1785.4194    3.5162     4920567809.5632
   413.429    7.6978    4.2197    3.4669   1821.7076    3.5108     5038682191.4031
   423.117    7.6912    4.2115    3.4662   1857.9958    3.5055     5156590776.1344
   432.805    7.6833    4.2027    3.4653   1894.2840    3.5003     5274294129.4454
   456.165    7.7117    4.2114    3.4736   1898.6994    3.4877     5557974425.9710
   479.524    7.7388    4.2194    3.4817   1903.1034    3.4753     5841307812.9279
   502.884    7.7659    4.2275    3.4898   1907.3997    3.4629     6124287901.0393
   526.244    7.7924    4.2355    3.4977   1911.5856    3.4506     6406907562.9308
   549.604    7.8173    4.2428    3.5055   1915.5718    3.4385     6689157060.2137
   572.963    7.8430    4.2505    3.5133   1919.6702    3.4264     6971035816.2749
   596.323    7.8674    4.2575    3.5210   1923.6664    3.4145     7252546617.3559
   619.683    7.8925    4.2649    3.5287   1927.7295    3.4027     7533690862.1009
   643.043    7.9162    4.2718    3.5362   1931.5000    3.3910     7814467620.6729
   666.402    7.9398    4.2786    3.5437   1935.2334    3.3795     8094874291.6858
   689.762    7.9636    4.2856    3.5511   1938.8960    3.3681     8374915887.3608
   713.122    7.9877    4.2927    3.5586   1942.6926    3.3569     8654603422.1869
   736.482    8.0109    4.2994    3.5660   1946.2676    3.3458     8933944171.7997
   759.841    8.0339    4.3060    3.5733   1949.7991    3.3350     9212940298.4658
   783.201    8.0569    4.3127    3.5806   1953.2630    3.3243     9491601742.4665
   806.561    8.0807    4.3200    3.5880   1956.6747    3.3139     9769945107.4455
   829.921    8.1032    4.3265    3.5952   1960.0224    3.3036    10047977837.0674
   853.280    8.1263    4.3333    3.6026   1963.3613    3.2936    10325711722.3653
   876.640    8.1497    4.3405    3.6100   1966.6366    3.2838    10603171708.9230
   900.000    8.1726    4.3473    3.6173   1969.9120    3.2743    10880372739.8947
   916.763    8.1903    4.3530    3.6230   1972.2043    3.2676    11079069304.0901
   933.526    8.2066    4.3579    3.6282   1974.4822    3.2610    11277657265.9233
   950.289    8.2264    4.3648    3.6344   1976.9361    3.2546    11476159794.7863
   967.052    8.2444    4.3708    3.6402   1979.1858    3.2483    11674597313.8122
   983.815    8.2624    4.3767    3.6460   1981.4675    3.2421    11872965831.2440
  1000.578    8.2816    4.3835    3.6521   1983.7068    3.2361    12071283051.1272
  1017.341    8.3008    4.3903    3.6584   1986.0014    3.2302    12269568156.1485
  1034.104    8.3215    4.3980    3.6651   1988.2445    3.2245    12467845209.4405
  1050.867    8.3370    4.4025    3.6703   1990.3888    3.2190    12666094670.6425
  1067.630    8.3526    4.4072    3.6755   1992.4618    3.2136    12864283537.2735
  1084.393    8.3849    4.4233    3.6851   1995.9060    3.2084    13062541007.2929
  1101.156    8.5075    4.5009    3.7183   2008.2052    3.2032    13261627322.6335
  1117.919    8.6544    4.5949    3.7569   2022.2085    3.1977    13462315512.6338
  1134.681    8.8151    4.6984    3.7981   2035.8779    3.1919    13664800322.2366
  1151.444    8.8316    4.7035    3.8037   2038.1862    3.1861    13868172144.8243
  1168.207    8.8470    4.7079    3.8091   2040.4923    3.1804    14071464569.6494
  1184.970    8.8626    4.7122    3.8147   2042.7923    3.1750    14274687154.1083
  1201.733    8.8779    4.7164    3.8202   2045.1285    3.1697    14477855832.0216
  1218.496    8.8933    4.7207    3.8256   2047.4195    3.1647    14680980950.3939
  1235.259    8.9085    4.7249    3.8311   2049.7649    3.1599    14884075495.4079
  1252.022    8.9240    4.7292    3.8368   2052.1113    3.1553    15087157036.9269
  1268.785    8.9395    4.7336    3.8424   2054.4170    3.1510    15290243089.6514
  1285.548    8.9546    4.7379    3.8479   2056.7288    3.1469    15493344558.9192
  1302.311    8.9696    4.7422    3.8534   2059.0503    3.1431    15696471366.0531
  1319.074    8.9851    4.7466    3.8592   2061.4398    3.1395    15899648351.7255
  1335.837    9.0000    4.7509    3.8646   2063.7216    3.1362    16102891059.3108
  1352.600    9.0383    4.7698    3.8744   2069.0499    3.1332    16306320011.3872
  1369.363    9.0777    4.7898    3.8844   2074.5389    3.1304    16510072619.7159
  1386.126    9.1165    4.8095    3.8945   2080.0412    3.1279    16714171861.6590
  1402.889    9.1541    4.8286    3.9046   2085.6255    3.1256    16918636289.6902
  1419.652    9.1943    4.8498    3.9153   2091.2957    3.1236    17123497325.8415
  1436.415    9.2327    4.8700    3.9258   2096.9269    3.1219    17328780829.9607
  1453.178    9.2712    4.8906    3.9364   2103.1313    3.1204    17534502270.2231
  1469.941    9.3125    4.9134    3.9478   2109.2954    3.1192    17740704197.8406
  1486.704    9.3291    4.9195    3.9536   2111.5931    3.1184    17947278767.2862
  1503.467    9.3433    4.9240    3.9589   2113.7728    3.1180    18154086158.4886
  1520.230    9.3571    4.9285    3.9640   2115.9464    3.1179    18361136463.6920
  1536.993    9.3706    4.9327    3.9690   2118.0844    3.1183    18568449080.5332
  1553.756    9.3840    4.9371    3.9739   2120.1875    3.1192    18776047149.2173
  1553.756    4.9137    0.0000    3.9442         nan    3.1192    18776047149.2173
  1567.896    4.9271    0.0000    3.9489         nan    3.1206    18950117636.6754
  1582.037    4.9405    0.0000    3.9536         nan    3.1224    19124475876.8663
  1596.177    4.9539    0.0000    3.9583         nan    3.1246    19299141391.7310
  1610.318    4.9674    0.0000    3.9630         nan    3.1271    19474134434.1731
  1624.458    4.9804    0.0000    3.9675         nan    3.1300    19649473305.7910
  1638.599    4.9931    0.0000    3.9720         nan    3.1333    19825174661.7785
  1652.739    5.0058    0.0000    3.9764         nan    3.1370    20001258760.7964
  1666.880    5.0186    0.0000    3.9809         nan    3.1412    20177749224.9553
  1681.021    5.0312    0.0000    3.9853         nan    3.1457    20354670336.7921
  1681.021    5.2230    0.0000    6.3454         nan    3.1457    20354670336.7921
  1739.934    5.2961    0.0000    6.3874         nan    3.0485    21534523536.3145
  1798.847    5.3652    0.0000    6.4272         nan    2.9500    22685246895.5448
  1857.760    5.4306    0.0000    6.4649         nan    2.8504    23805539406.4211
  1916.673    5.4925    0.0000    6.5007         nan    2.7497    24894172905.0681
  1975.586    5.5511    0.0000    6.5346         nan    2.6480    25949988118.9006
  2034.499    5.6064    0.0000    6.5668         nan    2.5453    26971891418.3544
  2093.412    5.6587    0.0000    6.5972         nan    2.4417    27958852195.2035
  2152.325    5.7080    0.0000    6.6259         nan    2.3373    28909900817.1262
  2211.238    5.7545    0.0000    6.6530         nan    2.2321    29824127138.9438
  2270.151    5.7983    0.0000    6.6786         nan    2.1262    30700679590.3599
  2329.064    5.8394    0.0000    6.7026         nan    2.0197    31538764896.8518
  2387.978    5.8779    0.0000    6.7252         nan    1.9127    32337648548.4200
  2446.891    5.9139    0.0000    6.7463         nan    1.8052    33096656210.9850
  2505.804    5.9474    0.0000    6.7660         nan    1.6974    33815176392.7412
  2564.717    5.9786    0.0000    6.7843         nan    1.5892    34492664871.4722
  2623.630    6.0074    0.0000    6.8012         nan    1.4810    35128651701.1787
  2682.543    6.0339    0.0000    6.8168         nan    1.3729    35722752151.7473
  2741.456    6.0581    0.0000    6.8311         nan    1.2651    36274683887.4121
  2800.369    6.0802    0.0000    6.8441         nan    1.1580    36784294446.7962
  2859.282    6.1000    0.0000    6.8558         nan    1.0522    37251606499.3142
  2918.195    6.1177    0.0000    6.8662         nan    0.9485    37676895348.0416
  2977.108    6.1332    0.0000    6.8754         nan    0.8486    38060828453.1403
  3036.021    6.1467    0.0000    6.8833         nan    0.7553    38404732989.8340
  3094.935    6.1580    0.0000    6.8900         nan    0.6747    38711152059.0909
  3153.848    6.1673    0.0000    6.8954         nan    0.6214    38985129889.8191
  3212.761    6.1744    0.0000    6.8997         nan    0.6377    39237642655.6669
  3271.674    6.1796    0.0000    6.9027         nan    0.8949    39496902556.7859
  3330.587    6.1826    0.0000    6.9045         nan    2.7835    39860851343.4312
  3389.500    6.1837    0.0000    6.9051         nan    0.0000    40993124059.8457
