# Depth[km]  Vp[km/s]  Vs[km/s] Rho[g/cm3]    T[K]     g[m/s2]         P[Pa]        
     0.000    3.4823    2.0727    1.6226    273.1500    3.7291              0.0000
    10.252    3.4823    2.0727    1.6226    313.0099    3.7377       62031723.2134
    10.252    5.1389    3.0587    2.3945    313.0099    3.7377       62031723.2134
    27.507    5.1389    3.0587    2.3945    380.1071    3.7414      216465772.3797
    27.507    6.4694    3.8506    3.0145    380.1071    3.7414      216465772.3797
    45.214    6.4694    3.8506    3.0145    448.9633    3.7361      416174852.5635
    45.214    7.9497    4.5308    3.4839    448.9633    3.7361      416174852.5635
    54.890    7.9439    4.5228    3.4839    486.5870    3.7295      542114480.4322
    64.565    7.9378    4.5147    3.4838    524.2107    3.7228      667828933.9857
    74.241    7.9312    4.5062    3.4837    561.8344    3.7162      793317168.3247
    83.917    7.9245    4.4977    3.4835    599.4581    3.7097      918577768.3629
    93.592    7.9170    4.4889    3.4832    637.0819    3.7031     1043607134.2783
   103.268    7.9100    4.4802    3.4829    674.7056    3.6966     1168405469.7470
   112.943    7.9030    4.4716    3.4827    712.3293    3.6902     1292975014.0219
   122.619    7.8958    4.4629    3.4823    749.9530    3.6837     1417315072.7344
   132.294    7.8881    4.4540    3.4819    787.5767    3.6773     1541423277.4193
   141.970    7.8808    4.4453    3.4815    825.2004    3.6709     1665299519.9982
   151.646    7.8731    4.4365    3.4810    862.8241    3.6645     1788944395.8590
   161.321    7.8651    4.4274    3.4803    900.4478    3.6582     1912355339.7332
   170.997    7.8581    4.4189    3.4799    938.0715    3.6519     2035534358.6970
   180.672    7.8502    4.4100    3.4793    975.6952    3.6456     2158482280.2071
   190.348    7.8426    4.4013    3.4787   1013.3189    3.6394     2281197561.0473
   200.023    7.8344    4.3923    3.4779   1050.9426    3.6332     2403678983.7724
   209.699    7.8269    4.3836    3.4772   1088.5663    3.6270     2525926632.1583
   219.374    7.8193    4.3748    3.4766   1126.1900    3.6209     2647943574.5522
   229.050    7.8115    4.3659    3.4759   1163.8138    3.6148     2769730967.0114
   238.726    7.8043    4.3574    3.4752   1201.4375    3.6088     2891289665.8324
   248.401    7.7965    4.3486    3.4744   1239.0612    3.6027     3012618460.4771
   258.077    7.7894    4.3401    3.4737   1276.6849    3.5968     3133718840.7686
   267.752    7.7815    4.3312    3.4730   1314.3086    3.5908     3254594375.5955
   277.428    7.7737    4.3224    3.4722   1351.9323    3.5849     3375242992.8470
   287.103    7.7658    4.3135    3.4713   1389.5560    3.5790     3495663025.9792
   296.779    7.7587    4.3051    3.4706   1427.1797    3.5732     3615858405.7952
   306.454    7.7511    4.2965    3.4697   1464.8034    3.5674     3735831073.7979
   316.130    7.7432    4.2877    3.4688   1502.4271    3.5617     3855579182.2230
   325.806    7.7360    4.2791    3.4680   1540.0508    3.5560     3975105166.8323
   335.481    7.7284    4.2704    3.4672   1577.6745    3.5503     4094411534.6707
   345.157    7.7201    4.2614    3.4662   1615.2982    3.5447     4213496366.8886
   354.832    7.7129    4.2529    3.4654   1652.9220    3.5391     4332362330.5194
   364.508    7.7043    4.2437    3.4643   1690.5457    3.5336     4451009381.5568
   374.183    7.6968    4.2350    3.4635   1728.1694    3.5281     4569438067.7108
   383.859    7.6890    4.2263    3.4624   1765.7931    3.5227     4687650368.0974
   393.535    7.6816    4.2176    3.4616   1803.4168    3.5173     4805648691.8754
   403.210    7.6728    4.2083    3.4605   1841.0405    3.5119     4923433620.1625
   412.886    7.6653    4.1995    3.4596   1878.6642    3.5066     5041005587.5334
   422.561    7.6559    4.1899    3.4585   1916.2879    3.5014     5158366926.0251
   432.237    7.6478    4.1808    3.4577   1953.9116    3.4962     5275520041.5486
   455.625    7.6769    4.1897    3.4660   1958.4864    3.4837     5558591488.7590
   479.013    7.7056    4.1985    3.4742   1962.9830    3.4713     5841324890.7926
   502.401    7.7333    4.2069    3.4824   1967.4879    3.4589     6123716321.9898
   525.789    7.7596    4.2147    3.4904   1971.8500    3.4467     6405758901.5806
   549.178    7.7851    4.2222    3.4982   1976.0813    3.4346     6687442195.1710
   572.566    7.8111    4.2300    3.5061   1980.3706    3.4226     6968766880.4700
   595.954    7.8355    4.2371    3.5137   1984.4092    3.4107     7249730426.7098
   619.342    7.8604    4.2444    3.5215   1988.6185    3.3990     7530334141.9243
   642.730    7.8847    4.2514    3.5291   1992.6498    3.3874     7810583985.8236
   666.118    7.9095    4.2588    3.5368   1996.6982    3.3759     8090482740.8260
   689.507    7.9331    4.2656    3.5443   2000.5938    3.3646     8370032688.5040
   712.895    7.9567    4.2725    3.5518   2004.3871    3.3534     8649233474.2151
   736.283    7.9801    4.2793    3.5591   2008.1073    3.3425     8928089938.1112
   759.671    8.0040    4.2863    3.5667   2011.9404    3.3317     9206617607.6572
   783.059    8.0272    4.2930    3.5741   2015.5800    3.3211     9484827001.2021
   806.447    8.0503    4.2998    3.5814   2019.1797    3.3106     9762722867.8353
   829.836    8.0736    4.3067    3.5888   2022.7166    3.3005    10040320349.6688
   853.224    8.0967    4.3135    3.5962   2026.1865    3.2905    10317631876.2534
   876.612    8.1202    4.3206    3.6037   2029.6410    3.2807    10594675418.6538
   900.000    8.1437    4.3278    3.6112   2033.0246    3.2712    10871476284.9677
   916.698    8.1608    4.3331    3.6167   2035.4208    3.2646    11068881568.1911
   933.396    8.1782    4.3386    3.6222   2037.8338    3.2581    11266186500.4247
   950.094    8.1956    4.3442    3.6278   2040.2059    3.2518    11463401444.5176
   966.792    8.2139    4.3502    3.6336   2042.5656    3.2455    11660541308.0761
   983.490    8.2336    4.3572    3.6398   2045.0544    3.2395    11857628814.1338
  1000.188    8.2527    4.3638    3.6460   2047.4562    3.2335    12054680856.6332
  1016.886    8.2720    4.3705    3.6523   2049.8421    3.2277    12251709595.3538
  1033.584    8.2927    4.3782    3.6589   2052.2208    3.2221    12448734578.2249
  1050.282    8.3085    4.3830    3.6642   2054.4372    3.2166    12645735909.5275
  1066.980    8.3241    4.3876    3.6694   2056.5769    3.2113    12842683876.0973
  1083.677    8.3399    4.3924    3.6747   2058.7456    3.2062    13039589059.2329
  1100.375    8.3568    4.3980    3.6803   2061.0546    3.2012    13236471592.8913
  1117.073    8.4771    4.4744    3.7125   2073.8143    3.1963    13434059763.8375
  1133.771    8.6348    4.5753    3.7539   2089.2099    3.1911    13633307288.8243
  1150.469    8.8017    4.6826    3.7965   2103.0296    3.1856    13834471403.2190
  1167.167    8.8170    4.6869    3.8019   2105.5986    3.1801    14036567158.9666
  1183.865    8.8312    4.6908    3.8068   2107.9928    3.1747    14238583036.5575
  1200.563    8.8478    4.6954    3.8128   2110.4040    3.1696    14440547157.1077
  1217.261    8.8630    4.6997    3.8182   2112.8006    3.1647    14642486314.5608
  1233.959    8.8784    4.7039    3.8237   2115.2014    3.1600    14844399206.4655
  1250.657    8.8938    4.7082    3.8293   2117.6162    3.1555    15046303965.5378
  1267.355    8.9092    4.7127    3.8348   2119.9926    3.1512    15248215810.2483
  1284.053    8.9243    4.7170    3.8403   2122.4097    3.1472    15450146081.4365
  1300.751    8.9397    4.7213    3.8459   2124.8282    3.1435    15652111629.8370
  1317.449    8.9549    4.7257    3.8515   2127.2545    3.1400    15854131674.9150
  1334.147    8.9698    4.7301    3.8569   2129.6594    3.1369    16056216670.2246
  1350.845    8.9851    4.7345    3.8626   2132.0952    3.1340    16258387742.0432
  1367.543    8.9998    4.7387    3.8680   2134.4841    3.1314    16460662287.5018
  1384.241    9.0320    4.7540    3.8766   2139.2536    3.1290    16663134245.3299
  1400.939    9.0699    4.7731    3.8864   2144.9812    3.1270    16865936223.2675
  1417.637    9.1099    4.7937    3.8967   2150.5472    3.1252    17069129571.3828
  1434.335    9.1493    4.8142    3.9070   2156.3346    3.1237    17272745613.0836
  1451.032    9.1876    4.8343    3.9173   2162.3233    3.1225    17476801268.5171
  1467.730    9.2263    4.8549    3.9277   2168.2887    3.1216    17681318481.3647
  1484.428    9.2656    4.8761    3.9386   2174.5047    3.1210    17886329506.0411
  1501.126    9.3052    4.8979    3.9496   2181.0873    3.1207    18091869700.7705
  1517.824    9.3269    4.9077    3.9565   2183.8902    3.1208    18297859562.3145
  1534.522    9.3407    4.9121    3.9616   2186.1322    3.1212    18504167539.3650
  1551.220    9.3544    4.9165    3.9667   2188.3671    3.1222    18710771483.2144
  1551.220    5.2113    0.0000    4.0349         nan    3.1222    18710771483.2144
  1568.643    5.2257    0.0000    4.0402         nan    3.1226    18930397609.1689
  1586.065    5.2401    0.0000    4.0456         nan    3.1236    19150349663.0544
  1603.487    5.2545    0.0000    4.0510         nan    3.1251    19370663485.6042
  1620.910    5.2686    0.0000    4.0563         nan    3.1272    19591374100.1381
  1638.332    5.2823    0.0000    4.0614         nan    3.1298    19812513943.1994
  1655.755    5.2960    0.0000    4.0666         nan    3.1330    20034119867.9032
  1673.177    5.3097    0.0000    4.0717         nan    3.1369    20256235092.2703
  1690.600    5.3229    0.0000    4.0767         nan    3.1414    20478900064.2172
  1708.022    5.3359    0.0000    4.0816         nan    3.1466    20702155590.9938
  1708.022    5.1773    0.0000    6.4527         nan    3.1466    20702155590.9938
  1766.004    5.2468    0.0000    6.4954         nan    3.0492    21883338821.7677
  1823.986    5.3127    0.0000    6.5361         nan    2.9505    23035319873.1753
  1881.968    5.3751    0.0000    6.5747         nan    2.8506    24156790701.7059
  1939.950    5.4341    0.0000    6.6113         nan    2.7496    25246512533.0238
  1997.932    5.4900    0.0000    6.6460         nan    2.6476    26303312085.7994
  2055.914    5.5429    0.0000    6.6790         nan    2.5445    27326078361.9580
  2113.896    5.5929    0.0000    6.7102         nan    2.4405    28313759912.2592
  2171.878    5.6400    0.0000    6.7397         nan    2.3356    29265362516.7874
  2229.860    5.6845    0.0000    6.7675         nan    2.2299    30179947229.0316
  2287.842    5.7264    0.0000    6.7938         nan    2.1233    31056628748.2741
  2345.824    5.7658    0.0000    6.8185         nan    2.0161    31894574112.1553
  2403.806    5.8026    0.0000    6.8417         nan    1.9082    32693001707.8265
  2461.788    5.8371    0.0000    6.8634         nan    1.7997    33451180623.4172
  2519.770    5.8693    0.0000    6.8837         nan    1.6906    34168430399.4986
  2577.752    5.8992    0.0000    6.9025         nan    1.5810    34844121279.1026
  2635.734    5.9268    0.0000    6.9200         nan    1.4710    35477675131.8465
  2693.716    5.9523    0.0000    6.9361         nan    1.3606    36068567352.1111
  2751.698    5.9755    0.0000    6.9508         nan    1.2499    36616330248.1702
  2809.680    5.9967    0.0000    6.9642         nan    1.1391    37120558842.4409
  2867.662    6.0157    0.0000    6.9762         nan    1.0283    37580920781.7208
  2925.644    6.0327    0.0000    6.9870         nan    0.9177    37997173653.6464
  2983.626    6.0476    0.0000    6.9964         nan    0.8077    38369196497.1937
  3041.608    6.0605    0.0000    7.0046         nan    0.6991    38697050563.6113
  3099.590    6.0714    0.0000    7.0115         nan    0.5931    38981105965.9833
  3157.572    6.0803    0.0000    7.0172         nan    0.4933    39222334669.1658
  3215.554    6.0872    0.0000    7.0215         nan    0.4091    39423092991.0978
  3273.536    6.0921    0.0000    7.0247         nan    0.3798    39589700258.1162
  3331.518    6.0951    0.0000    7.0265         nan    0.7220    39744414006.1607
  3389.500    6.0961    0.0000    7.0272         nan    0.0000    40038573718.3426
