# Depth[km]  Vp[km/s]  Vs[km/s] Rho[g/cm3]    T[K]     g[m/s2]         P[Pa]        
     0.000    3.4903    2.0758    1.6043    273.1500    3.7291              0.0000
    10.580    3.4903    2.0758    1.6043    312.7348    3.7382       63296359.9658
    10.580    4.9245    2.9288    2.2635    312.7348    3.7382       63296359.9658
    27.919    4.9245    2.9288    2.2635    377.6136    3.7438      210010615.9705
    27.919    6.4958    3.8633    2.9858    377.6136    3.7438      210010615.9705
    43.431    6.4958    3.8633    2.9858    435.6528    3.7395      383395042.2754
    43.431    7.9537    4.5342    3.4845    435.6528    3.7395      383395042.2754
    53.650    7.9484    4.5263    3.4846    473.8904    3.7325      516557217.1398
    63.869    7.9428    4.5182    3.4847    512.1281    3.7255      649475205.1979
    74.088    7.9368    4.5098    3.4848    550.3657    3.7186      782147274.3131
    84.308    7.9305    4.5014    3.4847    588.6033    3.7116      914571482.8570
    94.527    7.9234    4.4925    3.4845    626.8409    3.7047     1046744353.5367
   104.746    7.9169    4.4840    3.4844    665.0786    3.6979     1178665778.0615
   114.965    7.9102    4.4753    3.4843    703.3162    3.6910     1310337735.3889
   125.184    7.9034    4.4666    3.4841    741.5538    3.6842     1441759751.7400
   135.404    7.8961    4.4578    3.4838    779.7914    3.6774     1572929899.9456
   145.623    7.8893    4.4491    3.4836    818.0291    3.6707     1703848303.8675
   155.842    7.8819    4.4402    3.4832    856.2667    3.6640     1834514521.6513
   166.061    7.8746    4.4314    3.4828    894.5043    3.6573     1964927411.1895
   176.280    7.8676    4.4227    3.4824    932.7419    3.6507     2095088393.7315
   186.500    7.8603    4.4140    3.4819    970.9796    3.6441     2224997147.2741
   196.719    7.8533    4.4053    3.4815   1009.2172    3.6375     2354654761.4936
   206.938    7.8463    4.3967    3.4810   1047.4548    3.6309     2484061773.8470
   217.157    7.8385    4.3877    3.4804   1085.6924    3.6244     2613214770.0601
   227.376    7.8312    4.3789    3.4799   1123.9301    3.6180     2742114786.3852
   237.596    7.8236    4.3700    3.4793   1162.1677    3.6116     2870764810.2259
   247.815    7.8167    4.3614    3.4788   1200.4053    3.6052     2999166406.5620
   258.034    7.8100    4.3530    3.4782   1238.6429    3.5988     3127320718.6820
   268.253    7.8028    4.3443    3.4775   1276.8806    3.5925     3255226193.9187
   278.472    7.7951    4.3353    3.4769   1315.1182    3.5863     3382884931.8845
   288.692    7.7884    4.3269    3.4763   1353.3558    3.5801     3510299599.7216
   298.911    7.7815    4.3182    3.4757   1391.5934    3.5739     3637470690.5666
   309.130    7.7734    4.3093    3.4749   1429.8311    3.5677     3764395698.2159
   319.349    7.7668    4.3009    3.4742   1468.0687    3.5617     3891076032.5015
   329.568    7.7597    4.2923    3.4736   1506.3063    3.5556     4017517025.6475
   339.788    7.7519    4.2834    3.4728   1544.5439    3.5496     4143717143.8304
   350.007    7.7450    4.2748    3.4721   1582.7816    3.5437     4269677370.7764
   360.226    7.7381    4.2663    3.4714   1621.0192    3.5378     4395400826.4471
   370.445    7.7299    4.2572    3.4705   1659.2568    3.5319     4520886018.3478
   380.664    7.7233    4.2488    3.4698   1697.4944    3.5261     4646135323.9182
   390.884    7.7152    4.2398    3.4689   1735.7321    3.5203     4771149514.0748
   401.103    7.7081    4.2311    3.4682   1773.9697    3.5146     4895930051.1842
   411.322    7.7005    4.2222    3.4674   1812.2073    3.5089     5020480418.4714
   421.541    7.6931    4.2134    3.4665   1850.4450    3.5033     5144800068.9891
   431.760    7.6851    4.2043    3.4656   1888.6826    3.4978     5268888605.5287
   441.980    7.6776    4.1954    3.4648   1926.9202    3.4923     5392750258.0764
   452.199    7.6695    4.1862    3.4641   1965.1578    3.4868     5516390161.7395
   474.589    7.6969    4.1945    3.4720   1969.5620    3.4749     5787139289.5421
   496.979    7.7229    4.2023    3.4797   1973.7438    3.4632     6057574282.1484
   519.369    7.7484    4.2100    3.4873   1977.9447    3.4515     6327687430.3371
   541.759    7.7737    4.2175    3.4950   1982.1488    3.4399     6597482232.2139
   564.149    7.7984    4.2248    3.5026   1986.3633    3.4284     6866959016.1063
   586.539    7.8226    4.2320    3.5100   1990.2399    3.4170     7136109351.7038
   608.929    7.8463    4.2389    3.5174   1994.3453    3.4058     7404932850.8115
   631.319    7.8695    4.2457    3.5247   1998.1317    3.3946     7673431141.1457
   653.709    7.8926    4.2524    3.5320   2001.9877    3.3836     7941603426.2527
   676.099    7.9164    4.2595    3.5393   2005.8993    3.3727     8209460906.1706
   698.489    7.9388    4.2659    3.5465   2009.6139    3.3620     8477004848.8082
   720.880    7.9612    4.2724    3.5536   2013.2404    3.3514     8744234722.2749
   743.270    7.9837    4.2789    3.5607   2016.8053    3.3410     9011157329.8561
   765.660    8.0066    4.2857    3.5679   2020.5333    3.3308     9277784880.7362
   788.050    8.0283    4.2919    3.5748   2023.9832    3.3207     9544123207.0559
   810.440    8.0513    4.2989    3.5820   2027.3788    3.3108     9810181328.0235
   832.830    8.0730    4.3051    3.5890   2030.8316    3.3012    10075974784.0388
   855.220    8.0954    4.3118    3.5961   2034.1383    3.2917    10341513340.5599
   877.610    8.1180    4.3187    3.6034   2037.4872    3.2824    10606817711.2324
   900.000    8.1405    4.3255    3.6106   2040.7126    3.2734    10871906719.9362
   916.657    8.1577    4.3309    3.6160   2043.1037    3.2668    11068917098.9404
   933.313    8.1750    4.3364    3.6215   2045.5311    3.2604    11265830313.5402
   949.970    8.1926    4.3420    3.6271   2047.8899    3.2541    11462656821.3761
   966.627    8.2103    4.3478    3.6329   2050.2730    3.2479    11659410644.1419
   983.283    8.2299    4.3547    3.6390   2052.8016    3.2419    11856114021.7361
   999.940    8.2489    4.3613    3.6452   2055.1586    3.2360    12052783560.3644
  1016.597    8.2686    4.3683    3.6515   2057.5539    3.2303    12249431918.6727
  1033.254    8.2891    4.3759    3.6581   2059.9710    3.2247    12446081185.5074
  1049.910    8.3048    4.3805    3.6634   2062.2237    3.2192    12642711042.8907
  1066.567    8.3204    4.3851    3.6686   2064.3367    3.2140    12839290431.9084
  1083.224    8.3361    4.3898    3.6739   2066.5425    3.2089    13035830253.6963
  1099.880    8.3514    4.3944    3.6791   2068.7144    3.2040    13232340500.1014
  1116.537    8.4566    4.4603    3.7074   2079.8265    3.1992    13429444717.8491
  1133.194    8.6120    4.5599    3.7483   2094.7756    3.1942    13628093970.3161
  1149.850    8.7977    4.6799    3.7956   2110.8452    3.1888    13828775111.3132
  1166.507    8.8128    4.6841    3.8009   2113.4564    3.1833    14030514187.0959
  1183.164    8.8272    4.6881    3.8059   2115.8431    3.1780    14232178088.5212
  1199.820    8.8434    4.6927    3.8116   2118.2609    3.1729    14433791634.4295
  1216.477    8.8587    4.6969    3.8171   2120.6374    3.1680    14635379509.2735
  1233.134    8.8741    4.7012    3.8225   2123.0144    3.1634    14836945882.2079
  1249.790    8.8895    4.7056    3.8281   2125.4401    3.1590    15038507209.2256
  1266.447    8.9047    4.7099    3.8336   2127.8389    3.1548    15240079292.1839
  1283.104    8.9201    4.7142    3.8392   2130.2724    3.1508    15441677067.2477
  1299.761    8.9351    4.7185    3.8447   2132.6874    3.1472    15643312852.1252
  1316.417    8.9503    4.7228    3.8502   2135.1099    3.1438    15845001280.0534
  1333.074    8.9656    4.7273    3.8558   2137.5372    3.1406    16046763952.5487
  1349.731    8.9804    4.7316    3.8613   2139.9576    3.1378    16248614650.6552
  1366.387    8.9952    4.7359    3.8668   2142.3678    3.1352    16450567749.4992
  1383.044    9.0198    4.7465    3.8740   2145.9289    3.1330    16652689019.5766
  1399.701    9.0575    4.7653    3.8837   2151.7965    3.1310    16855106454.2742
  1416.357    9.0973    4.7859    3.8939   2157.3829    3.1293    17057914900.2269
  1433.014    9.1354    4.8054    3.9039   2163.2028    3.1279    17261141055.2942
  1449.671    9.1751    4.8264    3.9143   2168.9242    3.1268    17464807795.4314
  1466.327    9.2139    4.8469    3.9249   2174.8119    3.1259    17668945902.0391
  1482.984    9.2531    4.8681    3.9355   2180.9647    3.1254    17873582016.2944
  1499.641    9.2920    4.8894    3.9462   2187.4129    3.1252    18078740319.9246
  1516.298    9.3218    4.9047    3.9551   2191.8916    3.1253    18284393650.4163
  1532.954    9.3358    4.9092    3.9603   2194.1669    3.1259    18490420994.9714
  1549.611    9.3492    4.9134    3.9652   2196.4113    3.1269    18696747521.5070
  1549.611    5.1098    0.0000    3.9996         nan    3.1269    18696747521.5070
  1564.825    5.1201    0.0000    4.0045         nan    3.1277    18887129803.4171
  1580.038    5.1303    0.0000    4.0093         nan    3.1290    19077794463.4542
  1595.252    5.1405    0.0000    4.0141         nan    3.1307    19268765493.4790
  1610.466    5.1507    0.0000    4.0189         nan    3.1327    19460067849.3492
  1625.679    5.1605    0.0000    4.0236         nan    3.1353    19651723366.5153
  1640.893    5.1703    0.0000    4.0282         nan    3.1382    19843754141.6298
  1656.107    5.1800    0.0000    4.0328         nan    3.1417    20036187569.3774
  1671.320    5.1898    0.0000    4.0374         nan    3.1456    20229053049.2851
  1686.534    5.1992    0.0000    4.0419         nan    3.1501    20422377969.7073
  1686.534    5.2656    0.0000    6.3809         nan    3.1501    20422377969.7073
  1745.257    5.3287    0.0000    6.4224         nan    3.0524    21606559439.0620
  1803.980    5.3887    0.0000    6.4619         nan    2.9535    22761293354.9655
  1862.703    5.4455    0.0000    6.4996         nan    2.8535    23885308779.1254
  1921.426    5.4995    0.0000    6.5354         nan    2.7523    24977397150.9130
  1980.149    5.5506    0.0000    6.5694         nan    2.6501    26036409519.1688
  2038.872    5.5990    0.0000    6.6017         nan    2.5469    27061254171.4800
  2097.595    5.6449    0.0000    6.6324         nan    2.4427    28050894604.8842
  2156.318    5.6882    0.0000    6.6614         nan    2.3377    29004347793.6127
  2215.041    5.7291    0.0000    6.6889         nan    2.2318    29920682722.2169
  2273.764    5.7677    0.0000    6.7148         nan    2.1252    30799019163.6536
  2332.487    5.8040    0.0000    6.7392         nan    2.0178    31638526695.4708
  2391.210    5.8380    0.0000    6.7622         nan    1.9097    32438423955.6871
  2449.932    5.8698    0.0000    6.7837         nan    1.8011    33197978158.3152
  2508.655    5.8996    0.0000    6.8038         nan    1.6918    33916504915.4521
  2567.378    5.9272    0.0000    6.8225         nan    1.5820    34593368443.0111
  2626.101    5.9527    0.0000    6.8398         nan    1.4718    35227982286.6284
  2684.824    5.9763    0.0000    6.8558         nan    1.3611    35819810802.0424
  2743.547    5.9978    0.0000    6.8704         nan    1.2502    36368371789.1579
  2802.270    6.0174    0.0000    6.8837         nan    1.1390    36873240994.2534
  2860.993    6.0351    0.0000    6.8957         nan    1.0277    37334059798.1053
  2919.716    6.0508    0.0000    6.9065         nan    0.9166    37750548644.1712
  2978.439    6.0647    0.0000    6.9159         nan    0.8058    38122531469.4241
  3037.162    6.0766    0.0000    6.9240         nan    0.6960    38449982808.7777
  3095.885    6.0867    0.0000    6.9309         nan    0.5883    38733125975.8041
  3154.608    6.0950    0.0000    6.9366         nan    0.4852    38972660186.1987
  3213.331    6.1014    0.0000    6.9409         nan    0.3943    39170367140.8004
  3272.054    6.1060    0.0000    6.9440         nan    0.3457    39331109955.0365
  3330.777    6.1087    0.0000    6.9459         nan    0.5849    39472116118.3357
  3389.500    6.1096    0.0000    6.9465         nan    0.0000    39710684445.5687
