# Depth[km]  Vp[km/s]  Vs[km/s] Rho[g/cm3]    T[K]     g[m/s2]         P[Pa]        
     0.000    3.4638    2.0896    1.5810    273.1500    3.7291              0.0000
    11.703    3.4638    2.0896    1.5810    323.3344    3.7394       69000001.8193
    11.703    4.5655    2.7542    2.0839    323.3344    3.7394       69000001.8193
    24.839    4.5655    2.7542    2.0839    379.6664    3.7456      171360307.4058
    24.839    5.8302    3.5172    2.6612    379.6664    3.7456      171360307.4058
    47.068    5.8302    3.5172    2.6612    474.9936    3.7456      392930065.0874
    47.068    7.9911    4.5384    3.5179    474.9936    3.7456      392930065.0874
    56.280    7.9821    4.5280    3.5173    514.5028    3.7391      514316700.9246
    65.493    7.9730    4.5176    3.5167    554.0121    3.7326      635470729.4726
    74.706    7.9635    4.5071    3.5160    593.5213    3.7262      756391127.5424
    83.919    7.9534    4.4963    3.5152    633.0306    3.7197      877075767.5892
    93.132    7.9439    4.4859    3.5144    672.5398    3.7133      997525070.1282
   102.345    7.9340    4.4754    3.5136    712.0491    3.7069     1117740448.2954
   111.558    7.9239    4.4648    3.5127    751.5583    3.7006     1237720168.1831
   120.771    7.9138    4.4543    3.5118    791.0676    3.6942     1357463644.3214
   129.984    7.9036    4.4439    3.5109    830.5768    3.6879     1476971468.2747
   139.196    7.8932    4.4334    3.5099    870.0861    3.6817     1596243331.3842
   148.409    7.8829    4.4229    3.5089    909.5954    3.6754     1715278883.9051
   157.622    7.8725    4.4126    3.5079    949.1046    3.6692     1834078139.6220
   166.835    7.8618    4.4020    3.5068    988.6139    3.6631     1952640683.7321
   176.048    7.8517    4.3919    3.5057   1028.1231    3.6569     2070967749.6213
   185.261    7.8417    4.3817    3.5047   1067.6324    3.6508     2189060931.8999
   194.474    7.8308    4.3711    3.5035   1107.1416    3.6448     2306919726.2554
   203.687    7.8204    4.3609    3.5024   1146.6509    3.6387     2424544029.1791
   212.900    7.8098    4.3505    3.5012   1186.1601    3.6327     2541934832.8083
   222.112    7.7997    4.3406    3.5001   1225.6694    3.6268     2659093436.8817
   231.325    7.7886    4.3300    3.4988   1265.1786    3.6208     2776019588.5100
   240.538    7.7780    4.3197    3.4976   1304.6879    3.6149     2892712954.5528
   249.751    7.7687    4.3100    3.4964   1344.1972    3.6091     3009176181.2482
   258.964    7.7583    4.2999    3.4951   1383.7064    3.6033     3125410114.6383
   268.177    7.7484    4.2900    3.4939   1423.2157    3.5975     3241414932.6683
   277.390    7.7370    4.2792    3.4925   1462.7249    3.5917     3357191091.7144
   286.603    7.7280    4.2698    3.4913   1502.2342    3.5860     3472739626.7514
   295.816    7.7173    4.2596    3.4899   1541.7434    3.5804     3588061233.4390
   305.028    7.7074    4.2497    3.4887   1581.2527    3.5748     3703158785.4925
   314.241    7.6969    4.2395    3.4874   1620.7619    3.5692     3818033744.6053
   323.454    7.6863    4.2292    3.4860   1660.2712    3.5636     3932683807.0080
   332.667    7.6754    4.2189    3.4846   1699.7804    3.5581     4047110180.7583
   341.880    7.6645    4.2083    3.4831   1739.2897    3.5527     4161313151.6158
   351.093    7.6541    4.1983    3.4818   1778.7990    3.5473     4275294940.7567
   360.306    7.6434    4.1880    3.4803   1818.3082    3.5419     4389057602.1967
   369.519    7.6329    4.1778    3.4789   1857.8175    3.5366     4502601331.3036
   378.732    7.6220    4.1674    3.4775   1897.3267    3.5313     4615927480.3162
   387.945    7.6109    4.1569    3.4760   1936.8360    3.5260     4729037490.0218
   397.157    7.6005    4.1467    3.4746   1976.3452    3.5209     4841932866.9217
   406.370    7.5896    4.1362    3.4731   2015.8545    3.5157     4954614701.6460
   415.583    7.5792    4.1260    3.4716   2055.3637    3.5106     5067083814.5050
   439.804    7.6108    4.1359    3.4807   2060.6934    3.4973     5362662954.3971
   464.025    7.6422    4.1458    3.4898   2065.9186    3.4841     5657890873.3714
   488.246    7.6721    4.1552    3.4986   2070.9711    3.4709     5952752745.5827
   512.467    7.7011    4.1643    3.5073   2075.9575    3.4578     6247236685.2553
   536.687    7.7290    4.1731    3.5157   2080.7476    3.4449     6541330760.8218
   560.908    7.7570    4.1819    3.5243   2085.5174    3.4320     6835031021.4693
   585.129    7.7843    4.1904    3.5327   2090.1416    3.4192     7128338896.9192
   609.350    7.8107    4.1986    3.5410   2094.7251    3.4066     7421248029.6770
   633.571    7.8369    4.2068    3.5491   2099.0294    3.3941     7713750433.3418
   657.792    7.8632    4.2151    3.5573   2103.4267    3.3817     8005850115.2351
   682.012    7.8889    4.2230    3.5655   2107.7572    3.3695     8297557028.4155
   706.233    7.9143    4.2310    3.5736   2111.8850    3.3574     8588872894.4551
   730.454    7.9402    4.2392    3.5817   2116.0472    3.3455     8879806656.3101
   754.675    7.9656    4.2473    3.5898   2120.0301    3.3338     9170365610.7900
   778.896    7.9910    4.2554    3.5979   2123.9777    3.3223     9460557997.7537
   803.117    8.0168    4.2637    3.6062   2127.9734    3.3109     9750405940.3777
   827.337    8.0427    4.2722    3.6144   2131.7621    3.2998    10039927609.7335
   851.558    8.0684    4.2807    3.6227   2135.5444    3.2888    10329134344.0980
   875.779    8.0953    4.2898    3.6314   2139.3448    3.2781    10618057418.3737
   900.000    8.1228    4.2994    3.6401   2142.9880    3.2676    10906730577.4946
   916.880    8.1420    4.3062    3.6463   2145.4937    3.2605    11107684944.2928
   933.761    8.1617    4.3132    3.6526   2148.0570    3.2534    11308543890.6087
   950.641    8.1826    4.3210    3.6594   2150.5012    3.2465    11509328191.8481
   967.521    8.2037    4.3290    3.6662   2153.0187    3.2397    11710055891.0237
   984.402    8.2261    4.3377    3.6734   2155.5528    3.2330    11910747626.6971
  1001.282    8.2495    4.3470    3.6811   2158.1085    3.2264    12111432668.0948
  1018.162    8.2680    4.3533    3.6876   2160.8343    3.2200    12312096618.3056
  1035.043    8.2854    4.3589    3.6939   2163.4008    3.2137    12512706825.0797
  1051.923    8.3051    4.3659    3.7009   2166.2251    3.2076    12713284905.1877
  1068.804    8.3235    4.3723    3.7075   2168.9334    3.2016    12913848091.7077
  1085.684    8.3394    4.3774    3.7131   2171.3311    3.1958    13114367412.9353
  1102.564    8.3597    4.3856    3.7206   2173.0406    3.1901    13314876441.6370
  1119.445    8.3830    4.3957    3.7295   2174.2553    3.1846    13515469703.1371
  1136.325    8.4071    4.4063    3.7386   2175.5658    3.1792    13716199319.4308
  1153.205    8.5274    4.4811    3.7716   2186.8059    3.1738    13917721576.5095
  1170.086    8.6947    4.5871    3.8159   2205.7659    3.1682    14120973197.0006
  1186.966    8.8602    4.6924    3.8581   2217.1558    3.1622    14326174119.9894
  1203.846    8.8746    4.6966    3.8634   2219.5032    3.1561    14532254326.7221
  1220.727    8.8889    4.7007    3.8687   2221.6760    3.1503    14738224343.2500
  1237.607    8.9036    4.7052    3.8743   2223.7504    3.1447    14944103016.2493
  1254.487    8.9179    4.7095    3.8797   2225.7650    3.1393    15149905417.5941
  1271.368    8.9316    4.7135    3.8851   2227.6656    3.1341    15355639618.8931
  1288.248    8.9450    4.7173    3.8903   2229.4128    3.1292    15561316311.3870
  1305.129    8.9580    4.7208    3.8957   2231.1090    3.1245    15766951387.7887
  1322.009    8.9718    4.7249    3.9013   2232.9451    3.1201    15972567412.7287
  1338.889    8.9845    4.7284    3.9066   2234.4562    3.1159    16178177987.4832
  1355.770    8.9974    4.7320    3.9120   2235.6853    3.1120    16383797830.5786
  1372.650    9.0104    4.7357    3.9177   2237.3329    3.1085    16589454772.0942
  1389.530    9.0229    4.7391    3.9231   2238.4550    3.1052    16795166277.1252
  1406.411    9.0348    4.7421    3.9286   2239.6593    3.1022    17000946105.0473
  1423.291    9.0467    4.7453    3.9338   2240.6268    3.0996    17206809861.5844
  1440.171    9.0589    4.7488    3.9393   2241.4232    3.0973    17412779912.2747
  1457.052    9.0709    4.7515    3.9456   2242.7511    3.0953    17618905370.7066
  1473.932    9.1037    4.7681    3.9557   2246.1976    3.0937    17825326845.4825
  1490.812    9.1423    4.7883    3.9672   2250.4811    3.0923    18032203334.7528
  1507.693    9.1832    4.8104    3.9797   2254.9308    3.0913    18239618017.5177
  1524.573    9.2231    4.8322    3.9921   2258.9500    3.0906    18447612315.2357
  1541.454    9.2631    4.8545    4.0047   2263.3323    3.0902    18656208706.5041
  1558.334    9.2764    4.8595    4.0096   2265.5074    3.0902    18865233358.6046
  1558.334    4.9568    0.0000    4.0163         nan    3.0902    18865233358.6046
  1577.673    4.9709    0.0000    4.0229         nan    3.0906    19105447162.1748
  1597.012    4.9849    0.0000    4.0294         nan    3.0916    19346085182.4901
  1616.351    4.9990    0.0000    4.0359         nan    3.0933    19587195383.6679
  1635.691    5.0125    0.0000    4.0423         nan    3.0956    19828821841.3168
  1655.030    5.0259    0.0000    4.0485         nan    3.0987    20071009100.8400
  1674.369    5.0393    0.0000    4.0548         nan    3.1025    20313811096.2460
  1693.708    5.0524    0.0000    4.0609         nan    3.1071    20557283105.5608
  1713.047    5.0651    0.0000    4.0669         nan    3.1125    20801479114.5195
  1732.386    5.0779    0.0000    4.0729         nan    3.1188    21046460570.8612
  1732.386    5.2396    0.0000    6.4980         nan    3.1188    21046460570.8612
  1789.528    5.3017    0.0000    6.5392         nan    3.0219    22208174120.7807
  1846.670    5.3606    0.0000    6.5784         nan    2.9237    23340711675.1896
  1903.812    5.4165    0.0000    6.6156         nan    2.8245    24442859657.7083
  1960.954    5.4696    0.0000    6.6511         nan    2.7242    25513464432.0026
  2018.096    5.5199    0.0000    6.6848         nan    2.6228    26551429679.7247
  2075.237    5.5676    0.0000    6.7169         nan    2.5206    27555714162.0364
  2132.379    5.6127    0.0000    6.7472         nan    2.4174    28525329814.9298
  2189.521    5.6553    0.0000    6.7760         nan    2.3134    29459340141.3567
  2246.663    5.6956    0.0000    6.8032         nan    2.2086    30356858875.2345
  2303.805    5.7336    0.0000    6.8289         nan    2.1030    31217048905.2964
  2360.947    5.7693    0.0000    6.8531         nan    1.9967    32039121459.0205
  2418.089    5.8028    0.0000    6.8758         nan    1.8898    32822335566.6367
  2475.230    5.8341    0.0000    6.8971         nan    1.7824    33565997844.1330
  2532.372    5.8634    0.0000    6.9170         nan    1.6743    34269462667.8172
  2589.514    5.8905    0.0000    6.9356         nan    1.5658    34932132867.1675
  2646.656    5.9157    0.0000    6.9527         nan    1.4569    35553461143.2421
  2703.798    5.9389    0.0000    6.9685         nan    1.3477    36132952559.5462
  2760.940    5.9601    0.0000    6.9830         nan    1.2383    36670168704.8655
  2818.081    5.9794    0.0000    6.9962         nan    1.1287    37164734585.1528
  2875.223    5.9968    0.0000    7.0081         nan    1.0192    37616350196.0753
  2932.365    6.0123    0.0000    7.0187         nan    0.9101    38024810553.2829
  2989.507    6.0259    0.0000    7.0281         nan    0.8017    38390041959.9563
  3046.649    6.0377    0.0000    7.0361         nan    0.6948    38712171765.0284
  3103.791    6.0477    0.0000    7.0430         nan    0.5912    38991673588.6450
  3160.933    6.0558    0.0000    7.0485         nan    0.4947    39229703102.6735
  3218.074    6.0621    0.0000    7.0529         nan    0.4163    39428994620.3300
  3275.216    6.0666    0.0000    7.0559         nan    0.4014    39596815500.1586
  3332.358    6.0693    0.0000    7.0578         nan    0.8165    39758686041.0631
  3389.500    6.0702    0.0000    7.0584         nan    0.0000    40088006941.8440
