# Depth[km]  Vp[km/s]  Vs[km/s] Rho[g/cm3]    T[K]     g[m/s2]         P[Pa]        
     0.000    3.6411    2.1978    1.6652    273.1500    3.7291              0.0000
    12.878    3.6411    2.1978    1.6652    323.6609    3.7395       79968076.5986
    12.878    4.2950    2.5925    1.9643    323.6609    3.7395       79968076.5986
    26.657    4.2950    2.5925    1.9643    377.7107    3.7474      181182364.6788
    26.657    5.4537    3.2919    2.4942    377.7107    3.7474      181182364.6788
    45.010    5.4537    3.2919    2.4942    449.7010    3.7501      352723740.7867
    45.010    8.0014    4.5463    3.5197    449.7010    3.7501      352723740.7867
    55.110    7.9938    4.5365    3.5195    489.3189    3.7429      486030217.8094
    65.210    7.9859    4.5265    3.5191    528.9367    3.7358      619072079.7970
    75.310    7.9775    4.5163    3.5188    568.5545    3.7287      751848255.8160
    85.410    7.9691    4.5061    3.5184    608.1723    3.7216      884358471.1453
    95.510    7.9602    4.4957    3.5179    647.7902    3.7146     1016600556.7899
   105.610    7.9514    4.4855    3.5174    687.4080    3.7076     1148574077.6980
   115.710    7.9428    4.4754    3.5170    727.0258    3.7006     1280281484.2214
   125.810    7.9336    4.4651    3.5164    766.6437    3.6937     1411721297.5933
   135.910    7.9249    4.4551    3.5158    806.2615    3.6868     1542893398.9770
   146.010    7.9156    4.4450    3.5152    845.8793    3.6799     1673798381.7098
   156.110    7.9065    4.4349    3.5146    885.4972    3.6730     1804435361.1398
   166.210    7.8974    4.4249    3.5139    925.1150    3.6662     1934805443.3861
   176.310    7.8881    4.4148    3.5132    964.7328    3.6595     2064907988.7949
   186.410    7.8789    4.4048    3.5125   1004.3506    3.6527     2194743668.6079
   196.510    7.8694    4.3948    3.5116   1043.9685    3.6460     2324312338.5486
   206.610    7.8604    4.3849    3.5109   1083.5863    3.6394     2453614246.4876
   216.710    7.8509    4.3749    3.5101   1123.2041    3.6327     2582651567.3221
   226.810    7.8418    4.3651    3.5093   1162.8220    3.6262     2711425367.0947
   236.910    7.8327    4.3553    3.5085   1202.4398    3.6196     2839936817.0122
   247.010    7.8234    4.3454    3.5077   1242.0576    3.6131     2968185817.8128
   257.110    7.8139    4.3354    3.5068   1281.6755    3.6066     3096172924.9539
   267.210    7.8057    4.3262    3.5060   1321.2933    3.6002     3223901207.5051
   277.310    7.7967    4.3166    3.5051   1360.9111    3.5938     3351370228.8756
   287.410    7.7876    4.3066    3.5042   1400.5289    3.5875     3478580036.5097
   297.510    7.7789    4.2972    3.5033   1440.1468    3.5812     3605533231.4152
   307.610    7.7701    4.2877    3.5024   1479.7646    3.5749     3732230720.2944
   317.710    7.7614    4.2781    3.5014   1519.3824    3.5687     3858672139.2029
   327.810    7.7517    4.2680    3.5005   1559.0003    3.5625     3984858866.6516
   337.910    7.7429    4.2585    3.4995   1598.6181    3.5564     4110793646.7542
   348.010    7.7342    4.2491    3.4986   1638.2359    3.5503     4236478957.4378
   358.110    7.7247    4.2392    3.4976   1677.8538    3.5443     4361915195.9228
   368.210    7.7161    4.2297    3.4967   1717.4716    3.5383     4487104054.0358
   378.310    7.7068    4.2198    3.4957   1757.0894    3.5324     4612046624.6185
   388.410    7.6972    4.2098    3.4946   1796.7072    3.5265     4736742109.9423
   398.510    7.6880    4.2001    3.4935   1836.3251    3.5206     4861192041.2788
   408.610    7.6793    4.1905    3.4926   1875.9429    3.5148     4985400076.7780
   418.710    7.6697    4.1806    3.4916   1915.5607    3.5091     5109368720.7272
   428.809    7.6600    4.1706    3.4905   1955.1786    3.5034     5233097170.1100
   438.909    7.6509    4.1608    3.4894   1994.7964    3.4978     5356586673.6312
   449.009    7.6414    4.1508    3.4883   2034.4142    3.4922     5479839269.9353
   471.559    7.6694    4.1597    3.4966   2039.1123    3.4798     5754858844.2972
   494.109    7.6974    4.1686    3.5048   2043.6921    3.4675     6029547717.1726
   516.658    7.7233    4.1766    3.5127   2048.1191    3.4552     6303893756.6252
   539.208    7.7489    4.1845    3.5205   2052.4720    3.4431     6577885705.7036
   561.757    7.7742    4.1925    3.5283   2056.7823    3.4310     6851521412.5538
   584.307    7.7995    4.2004    3.5361   2060.9317    3.4191     7124800389.8665
   606.856    7.8243    4.2082    3.5438   2065.0785    3.4072     7397723476.0945
   629.406    7.8489    4.2158    3.5515   2069.1655    3.3955     7670291415.0828
   651.955    7.8726    4.2232    3.5589   2073.0516    3.3839     7942499938.1115
   674.505    7.8970    4.2309    3.5665   2077.0310    3.3724     8214351698.5883
   697.054    7.9203    4.2381    3.5740   2080.8058    3.3610     8485854246.4229
   719.604    7.9445    4.2458    3.5816   2084.6394    3.3498     8757012253.6367
   742.153    7.9680    4.2533    3.5891   2088.2934    3.3387     9027832472.2479
   764.703    7.9921    4.2610    3.5967   2092.0338    3.3278     9298325465.9066
   787.252    8.0153    4.2684    3.6042   2095.6124    3.3170     9568499295.6086
   809.802    8.0391    4.2761    3.6118   2099.0779    3.3064     9838363969.5852
   832.351    8.0632    4.2840    3.6195   2102.5365    3.2960    10107937515.6156
   854.901    8.0877    4.2923    3.6272   2106.0431    3.2858    10377235763.8665
   877.450    8.1124    4.3007    3.6352   2109.4086    3.2757    10646282336.6970
   900.000    8.1376    4.3094    3.6433   2112.7289    3.2659    10915101008.1291
   917.392    8.1575    4.3165    3.6497   2115.3068    3.2584    11122229956.2808
   934.785    8.1780    4.3239    3.6563   2117.8262    3.2511    11329254565.3991
   952.177    8.1990    4.3316    3.6632   2120.3359    3.2439    11536194570.4353
   969.570    8.2198    4.3393    3.6700   2122.8532    3.2368    11743061129.7398
   986.962    8.2450    4.3496    3.6780   2125.4450    3.2299    11949894477.7027
  1004.355    8.2683    4.3588    3.6858   2128.0071    3.2230    12156727511.9034
  1021.747    8.2872    4.3651    3.6925   2130.7984    3.2164    12363528533.2077
  1039.140    8.3062    4.3717    3.6992   2133.5059    3.2098    12570277086.1423
  1056.532    8.3257    4.3785    3.7062   2136.2708    3.2034    12776988336.0995
  1073.925    8.3429    4.3842    3.7124   2138.7997    3.1972    12983654965.0353
  1091.317    8.3587    4.3891    3.7180   2141.3038    3.1912    13190248481.0168
  1108.710    8.3791    4.3971    3.7256   2142.9543    3.1854    13396818771.9312
  1126.102    8.4027    4.4073    3.7346   2144.3960    3.1797    13603470021.6376
  1143.495    8.5230    4.4820    3.7678   2156.8190    3.1740    13810920445.8823
  1160.887    8.6891    4.5872    3.8118   2174.7950    3.1680    14020128781.2913
  1178.280    8.8724    4.7043    3.8584   2187.9302    3.1616    14231436876.1337
  1195.672    8.8877    4.7090    3.8639   2190.2752    3.1552    14443754352.5360
  1213.065    8.9023    4.7132    3.8693   2192.4887    3.1490    14655938384.1025
  1230.457    8.9165    4.7173    3.8748   2194.4891    3.1430    14868001195.7184
  1247.850    8.9307    4.7215    3.8801   2196.4989    3.1372    15079956234.9701
  1265.242    8.9445    4.7255    3.8854   2198.3338    3.1317    15291813107.8538
  1282.635    8.9587    4.7297    3.8910   2200.3699    3.1264    15503593823.7327
  1300.027    8.9720    4.7334    3.8964   2202.0065    3.1214    15715317531.3893
  1317.420    8.9854    4.7372    3.9018   2203.7401    3.1166    15926996017.0444
  1334.812    8.9989    4.7411    3.9074   2205.3781    3.1122    16138651482.3846
  1352.205    9.0120    4.7447    3.9128   2206.9880    3.1080    16350301958.5601
  1369.597    9.0245    4.7479    3.9184   2208.2976    3.1042    16561964712.0349
  1386.990    9.0377    4.7519    3.9239   2209.8470    3.1006    16773663524.6986
  1404.382    9.0499    4.7553    3.9292   2210.7872    3.0974    16985412272.8023
  1421.775    9.0627    4.7590    3.9347   2211.7755    3.0946    17197231770.4460
  1439.167    9.0750    4.7619    3.9409   2213.1552    3.0920    17409170646.8874
  1456.560    9.1031    4.7752    3.9499   2216.1284    3.0899    17621348276.0881
  1473.952    9.1439    4.7971    3.9613   2220.7442    3.0880    17833924279.8520
  1491.345    9.1833    4.8181    3.9730   2225.5583    3.0864    18046992101.8185
  1508.737    9.2255    4.8414    3.9857   2229.9011    3.0852    18260607802.1301
  1526.130    9.2670    4.8644    3.9987   2234.7201    3.0843    18474826265.8199
  1543.522    9.2956    4.8792    4.0082   2237.8890    3.0837    18689585634.1045
  1560.915    9.3076    4.8832    4.0126   2240.2647    3.0836    18904680018.6529
  1578.307    9.3217    4.8889    4.0174   2242.2621    3.0840    19120013172.6979
  1578.307    4.9742    0.0000    4.0774         nan    3.0840    19120013172.6979
  1596.078    4.9864    0.0000    4.0835         nan    3.0840    19343640762.8786
  1613.849    4.9985    0.0000    4.0896         nan    3.0845    19567602104.6806
  1631.620    5.0107    0.0000    4.0957         nan    3.0856    19791935012.9482
  1649.391    5.0226    0.0000    4.1016         nan    3.0872    20016675627.1230
  1667.162    5.0342    0.0000    4.1074         nan    3.0894    20241858360.6771
  1684.933    5.0457    0.0000    4.1133         nan    3.0923    20467523319.0307
  1702.703    5.0573    0.0000    4.1191         nan    3.0958    20693716555.3047
  1720.474    5.0684    0.0000    4.1247         nan    3.0999    20920479514.6690
  1738.245    5.0794    0.0000    4.1303         nan    3.1048    21147855932.7655
  1738.245    5.2097    0.0000    6.4917         nan    3.1048    21147855932.7655
  1795.185    5.2681    0.0000    6.5329         nan    3.0083    22299159338.9478
  1852.125    5.3237    0.0000    6.5723         nan    2.9106    23421583702.2821
  1909.065    5.3764    0.0000    6.6098         nan    2.8118    24513926645.9326
  1966.004    5.4265    0.0000    6.6455         nan    2.7119    25575042332.6926
  2022.944    5.4741    0.0000    6.6795         nan    2.6110    26603839181.5290
  2079.884    5.5191    0.0000    6.7118         nan    2.5091    27599277886.2376
  2136.824    5.5618    0.0000    6.7425         nan    2.4063    28560369687.9572
  2193.764    5.6021    0.0000    6.7715         nan    2.3026    29486174865.3243
  2250.704    5.6403    0.0000    6.7991         nan    2.1981    30375801408.2056
  2307.643    5.6762    0.0000    6.8250         nan    2.0929    31228403852.7994
  2364.583    5.7100    0.0000    6.8495         nan    1.9869    32043182255.3806
  2421.523    5.7418    0.0000    6.8726         nan    1.8802    32819381284.2214
  2478.463    5.7715    0.0000    6.8942         nan    1.7728    33556289419.6246
  2535.403    5.7993    0.0000    6.9144         nan    1.6649    34253238246.4980
  2592.343    5.8250    0.0000    6.9332         nan    1.5564    34909601830.3452
  2649.282    5.8489    0.0000    6.9506         nan    1.4474    35524796170.5719
  2706.222    5.8709    0.0000    6.9666         nan    1.3379    36098278724.9578
  2763.162    5.8911    0.0000    6.9814         nan    1.2279    36629548002.8705
  2820.102    5.9094    0.0000    6.9948         nan    1.1176    37118143230.1552
  2877.042    5.9259    0.0000    7.0069         nan    1.0069    37563644096.0892
  2933.981    5.9406    0.0000    7.0176         nan    0.8959    37965670606.9696
  2990.921    5.9536    0.0000    7.0271         nan    0.7845    38323883103.2359
  3047.861    5.9648    0.0000    7.0354         nan    0.6730    38637982570.2005
  3104.801    5.9742    0.0000    7.0423         nan    0.5613    38907711564.4653
  3161.741    5.9820    0.0000    7.0480         nan    0.4494    39132856643.7314
  3218.681    5.9879    0.0000    7.0524         nan    0.3375    39313255161.2668
  3275.620    5.9922    0.0000    7.0555         nan    0.2260    39448817999.5458
  3332.560    5.9948    0.0000    7.0574         nan    0.1178    39539635578.3678
  3389.500    5.9956    0.0000    7.0580         nan    0.0000    39586980219.7866
