# Depth[km]  Vp[km/s]  Vs[km/s] Rho[g/cm3]    T[K]     g[m/s2]         P[Pa]        
     0.000    3.5678    2.1128    1.6175    273.1500    3.7291              0.0000
    10.955    3.5678    2.1128    1.6175    316.8997    3.7384       66079210.9414
    10.955    5.0521    2.9918    2.2905    316.8997    3.7384       66079210.9414
    30.026    5.0521    2.9918    2.2905    393.0669    3.7441      229375965.4732
    30.026    5.9220    3.5070    2.6848    393.0669    3.7441      229375965.4732
    44.612    5.9220    3.5070    2.6848    451.3233    3.7438      376002116.5420
    44.612    7.9590    4.5357    3.5034    451.3233    3.7438      376002116.5420
    54.354    7.9515    4.5262    3.5032    490.2312    3.7370      503772191.5266
    64.095    7.9437    4.5167    3.5029    529.1391    3.7303      631301548.2674
    73.837    7.9352    4.5067    3.5026    568.0470    3.7235      758588720.9052
    83.579    7.9269    4.4969    3.5022    606.9549    3.7168      885633304.1315
    93.321    7.9176    4.4867    3.5017    645.8628    3.7101     1012432439.1173
   103.062    7.9088    4.4768    3.5013    684.7706    3.7034     1138985729.7616
   112.804    7.9000    4.4669    3.5008    723.6785    3.6968     1265296133.2679
   122.546    7.8904    4.4567    3.5002    762.5864    3.6902     1391361275.6569
   132.288    7.8815    4.4468    3.4997    801.4943    3.6836     1517181175.8840
   142.029    7.8718    4.4367    3.4991    840.4022    3.6771     1642756387.9444
   151.771    7.8618    4.4265    3.4983    879.3101    3.6706     1768083215.0545
   161.513    7.8528    4.4166    3.4978    918.2180    3.6641     1893164598.0869
   171.255    7.8430    4.4066    3.4970    957.1258    3.6576     2018001641.7929
   180.996    7.8334    4.3967    3.4963    996.0337    3.6512     2142592989.8500
   190.738    7.8234    4.3866    3.4955   1034.9416    3.6448     2266938490.1467
   200.480    7.8136    4.3765    3.4947   1073.8495    3.6385     2391038352.9733
   210.221    7.8034    4.3663    3.4938   1112.7574    3.6322     2514893075.4808
   219.963    7.7937    4.3564    3.4930   1151.6653    3.6259     2638503911.9134
   229.705    7.7839    4.3464    3.4922   1190.5732    3.6197     2761872363.9258
   239.447    7.7736    4.3364    3.4912   1229.4810    3.6135     2884996944.0893
   249.188    7.7627    4.3258    3.4902   1268.3889    3.6073     3007876138.8497
   258.930    7.7538    4.3163    3.4894   1307.2968    3.6012     3130513799.8770
   268.672    7.7443    4.3066    3.4885   1346.2047    3.5951     3252913391.4159
   278.414    7.7346    4.2968    3.4875   1385.1126    3.5891     3375073270.4181
   288.155    7.7249    4.2870    3.4865   1424.0205    3.5831     3496993362.0649
   297.897    7.7157    4.2775    3.4856   1462.9283    3.5772     3618676703.1936
   307.639    7.7056    4.2674    3.4846   1501.8362    3.5712     3740123991.9823
   317.381    7.6958    4.2575    3.4835   1540.7441    3.5654     3861333865.0717
   327.122    7.6854    4.2475    3.4824   1579.6520    3.5595     3982306855.2600
   336.864    7.6758    4.2377    3.4815   1618.5599    3.5538     4103046513.2956
   346.606    7.6656    4.2278    3.4803   1657.4678    3.5480     4223554275.5082
   356.347    7.6559    4.2179    3.4794   1696.3757    3.5423     4343831351.6080
   366.089    7.6454    4.2077    3.4782   1735.2835    3.5367     4463878845.5990
   375.831    7.6354    4.1979    3.4772   1774.1914    3.5311     4583696909.2957
   385.573    7.6253    4.1879    3.4761   1813.0993    3.5255     4703288796.9180
   395.314    7.6147    4.1777    3.4749   1852.0072    3.5200     4822653864.3057
   405.056    7.6044    4.1676    3.4739   1890.9151    3.5145     4941793619.2245
   414.798    7.5935    4.1573    3.4727   1929.8230    3.5091     5060709736.0021
   424.540    7.5829    4.1469    3.4716   1968.7309    3.5037     5179403298.0042
   434.281    7.5722    4.1368    3.4704   2007.6387    3.4984     5297876436.3474
   457.567    7.6052    4.1466    3.4794   2012.7228    3.4858     5580954756.6209
   480.853    7.6360    4.1557    3.4880   2017.4649    3.4733     5863727815.5984
   504.139    7.6666    4.1648    3.4966   2022.2146    3.4608     6146180016.3867
   527.425    7.6952    4.1731    3.5050   2026.7889    3.4484     6428300237.0666
   550.711    7.7242    4.1818    3.5132   2031.2086    3.4361     6710077570.8330
   573.997    7.7521    4.1899    3.5214   2035.6726    3.4239     6991508418.2037
   597.283    7.7794    4.1980    3.5295   2039.9082    3.4118     7272588017.3971
   620.569    7.8066    4.2061    3.5375   2044.1164    3.3999     7553314530.2796
   643.855    7.8326    4.2137    3.5453   2048.1097    3.3880     7833682360.8613
   667.141    7.8592    4.2216    3.5532   2052.2124    3.3763     8113693613.2000
   690.427    7.8846    4.2290    3.5609   2056.1698    3.3648     8393354018.4645
   713.713    7.9110    4.2370    3.5688   2060.0807    3.3534     8672668956.0575
   736.998    7.9362    4.2445    3.5765   2063.8325    3.3421     8951644131.7888
   760.284    7.9619    4.2522    3.5843   2067.6447    3.3310     9230286292.3450
   783.570    7.9869    4.2598    3.5919   2071.2140    3.3201     9508602363.8075
   806.856    8.0122    4.2676    3.5997   2074.8251    3.3094     9786600593.7611
   830.142    8.0374    4.2752    3.6074   2078.3328    3.2989    10064298601.0741
   853.428    8.0636    4.2836    3.6155   2081.9300    3.2885    10341720264.5928
   876.714    8.0894    4.2920    3.6233   2085.2432    3.2784    10618880716.6527
   900.000    8.1157    4.3005    3.6316   2088.7201    3.2685    10895805233.8589
   916.830    8.1347    4.3067    3.6376   2091.0998    3.2615    11095742755.2564
   933.660    8.1534    4.3129    3.6433   2093.4689    3.2546    11295573189.8777
   950.490    8.1749    4.3206    3.6501   2095.9262    3.2479    11495324406.1136
   967.320    8.1958    4.3281    3.6567   2098.3212    3.2412    11695024320.0784
   984.150    8.2162    4.3353    3.6631   2100.7037    3.2347    11894672869.3477
  1000.980    8.2398    4.3444    3.6706   2103.1108    3.2284    12094299830.7594
  1017.810    8.2634    4.3537    3.6780   2105.5723    3.2221    12293937711.1246
  1034.640    8.2905    4.3650    3.6868   2108.1424    3.2160    12493627356.5674
  1051.471    8.3085    4.3710    3.6926   2110.4223    3.2100    12693332215.4072
  1068.301    8.3253    4.3763    3.6983   2112.6148    3.2042    12892975866.6232
  1085.131    8.3420    4.3816    3.7039   2114.6932    3.1985    13092560832.4517
  1101.961    8.3589    4.3872    3.7096   2116.8978    3.1930    13292098025.8541
  1118.791    8.3766    4.3931    3.7156   2119.1232    3.1877    13491608273.8973
  1135.621    8.5274    4.4882    3.7563   2133.9643    3.1824    13692042415.9551
  1152.451    8.7029    4.5997    3.8024   2152.9706    3.1767    13894464943.6648
  1169.281    8.8503    4.6929    3.8403   2162.6301    3.1707    14098769361.2216
  1186.111    8.8654    4.6977    3.8453   2164.8255    3.1647    14303831041.2187
  1202.941    8.8801    4.7021    3.8502   2167.1479    3.1588    14508768045.8176
  1219.771    8.8969    4.7067    3.8570   2170.0358    3.1532    14713640193.1547
  1236.601    8.9122    4.7113    3.8626   2172.5238    3.1478    14918474762.8807
  1253.431    8.9271    4.7159    3.8679   2174.9431    3.1426    15123244811.4861
  1270.261    8.9415    4.7204    3.8730   2177.3139    3.1376    15327952187.2608
  1287.091    8.9551    4.7251    3.8775   2179.5383    3.1329    15532591667.2557
  1303.921    8.9707    4.7298    3.8831   2181.8070    3.1285    15737190332.5210
  1320.752    8.9859    4.7344    3.8890   2184.5454    3.1243    15941800830.5023
  1337.582    8.9999    4.7387    3.8941   2187.0246    3.1204    16146428390.3327
  1354.412    9.0135    4.7433    3.8988   2189.2222    3.1167    16351055611.2064
  1371.242    9.0277    4.7480    3.9040   2191.6451    3.1134    16555704061.8066
  1388.072    9.0418    4.7525    3.9089   2193.8476    3.1104    16760398898.6128
  1404.902    9.0549    4.7571    3.9134   2196.0033    3.1077    16965140512.5674
  1421.732    9.0918    4.7760    3.9232   2201.6618    3.1053    17170077474.4200
  1438.562    9.1317    4.7976    3.9328   2207.4440    3.1032    17375361742.0343
  1455.392    9.1705    4.8189    3.9422   2213.1663    3.1013    17581003947.0313
  1472.222    9.2117    4.8421    3.9524   2218.9742    3.0998    17787038452.5272
  1489.052    9.2516    4.8636    3.9633   2225.2714    3.0986    17993519703.5718
  1505.882    9.2923    4.8866    3.9739   2231.4571    3.0977    18200479991.8808
  1522.712    9.3308    4.9078    3.9857   2236.6040    3.0971    18407964106.5634
  1539.542    9.3579    4.9218    3.9941   2239.8766    3.0969    18615936326.1080
  1556.372    9.3699    4.9258    3.9985   2241.7414    3.0971    18824227521.5950
  1556.372    4.9367    0.0000    4.0203         nan    3.0971    18824227521.5950
  1575.978    4.9533    0.0000    4.0270         nan    3.0975    19068547748.6824
  1595.584    4.9699    0.0000    4.0337         nan    3.0986    19313310018.1594
  1615.189    4.9866    0.0000    4.0404         nan    3.1004    19558564334.1438
  1634.795    5.0026    0.0000    4.0469         nan    3.1028    19804355875.3943
  1654.401    5.0184    0.0000    4.0533         nan    3.1059    20050730615.8419
  1674.006    5.0342    0.0000    4.0597         nan    3.1099    20297745188.9581
  1693.612    5.0495    0.0000    4.0659         nan    3.1146    20545456447.9952
  1713.217    5.0646    0.0000    4.0720         nan    3.1202    20793920487.3216
  1732.823    5.0796    0.0000    4.0780         nan    3.1267    21043202241.0165
  1732.823    5.2566    0.0000    6.5176         nan    3.1267    21043202241.0165
  1789.950    5.3228    0.0000    6.5587         nan    3.0294    22211025316.7658
  1847.077    5.3855    0.0000    6.5977         nan    2.9310    23349452863.1267
  1904.203    5.4450    0.0000    6.6348         nan    2.8314    24457262433.3383
  1961.330    5.5013    0.0000    6.6701         nan    2.7308    25533294937.2645
  2018.457    5.5547    0.0000    6.7035         nan    2.6292    26576451535.8675
  2075.584    5.6053    0.0000    6.7353         nan    2.5266    27585691008.1628
  2132.711    5.6531    0.0000    6.7654         nan    2.4232    28560027529.4206
  2189.837    5.6982    0.0000    6.7939         nan    2.3189    29498528814.1390
  2246.964    5.7409    0.0000    6.8208         nan    2.2139    30400314597.6266
  2304.091    5.7810    0.0000    6.8461         nan    2.1081    31264555444.4900
  2361.218    5.8187    0.0000    6.8700         nan    2.0017    32090471888.8793
  2418.345    5.8541    0.0000    6.8925         nan    1.8946    32877333938.7345
  2475.471    5.8872    0.0000    6.9135         nan    1.7870    33624461005.5884
  2532.598    5.9181    0.0000    6.9331         nan    1.6789    34331222367.3034
  2589.725    5.9468    0.0000    6.9514         nan    1.5703    34997038345.6816
  2646.852    5.9734    0.0000    6.9683         nan    1.4614    35621382495.9073
  2703.978    5.9978    0.0000    6.9838         nan    1.3523    36203785308.0104
  2761.105    6.0202    0.0000    6.9981         nan    1.2430    36743840274.6262
  2818.232    6.0405    0.0000    7.0111         nan    1.1337    37241213834.4519
  2875.359    6.0588    0.0000    7.0228         nan    1.0247    37695661974.8089
  2932.486    6.0752    0.0000    7.0332         nan    0.9163    38107058881.4534
  2989.612    6.0895    0.0000    7.0424         nan    0.8091    38475448728.8557
  3046.739    6.1019    0.0000    7.0503         nan    0.7043    38801145209.4188
  3103.866    6.1124    0.0000    7.0570         nan    0.6041    39084938654.1921
  3160.993    6.1210    0.0000    7.0625         nan    0.5140    39328574837.4208
  3218.120    6.1276    0.0000    7.0667         nan    0.4500    39536033372.7798
  3275.246    6.1323    0.0000    7.0698         nan    0.4763    39717740128.5232
  3332.373    6.1352    0.0000    7.0716         nan    1.1147    39910129051.6644
  3389.500    6.1361    0.0000    7.0722         nan    0.0000    40360464822.6317
