# Depth[km]  Vp[km/s]  Vs[km/s] Rho[g/cm3]    T[K]     g[m/s2]         P[Pa]        
     0.000    3.7202    2.1691    1.6453    273.1500    3.7291              0.0000
    10.780    3.7202    2.1691    1.6453    313.2848    3.7380       66142222.7429
    10.780    4.8652    2.8367    2.1517    313.2848    3.7380       66142222.7429
    25.596    4.8652    2.8367    2.1517    368.4468    3.7441      185301240.1381
    25.596    6.6038    3.8504    2.9206    368.4468    3.7441      185301240.1381
    41.948    6.6038    3.8504    2.9206    429.3330    3.7406      364120443.2871
    41.948    7.8432    4.4868    3.4771    429.3330    3.7406      364120443.2871
    51.898    7.8393    4.4801    3.4776    466.3785    3.7338      493536657.9848
    61.847    7.8350    4.4733    3.4779    503.4239    3.7270      622733713.5078
    71.797    7.8303    4.4662    3.4782    540.4694    3.7203      751709372.3319
    81.747    7.8253    4.4589    3.4784    577.5148    3.7136      880461387.9252
    91.696    7.8200    4.4514    3.4786    614.5603    3.7069     1008988435.6575
   101.646    7.8137    4.4436    3.4785    651.6058    3.7003     1137286584.0130
   111.595    7.8081    4.4359    3.4786    688.6512    3.6937     1265354803.6737
   121.545    7.8024    4.4283    3.4786    725.6967    3.6871     1393195796.3346
   131.494    7.7967    4.4206    3.4787    762.7421    3.6805     1520810148.0673
   141.444    7.7899    4.4124    3.4784    799.7876    3.6740     1648193295.2824
   151.394    7.7841    4.4047    3.4783    836.8331    3.6675     1775344189.0298
   161.343    7.7773    4.3965    3.4781    873.8785    3.6610     1902263587.1470
   171.293    7.7713    4.3887    3.4779    910.9240    3.6546     2028951348.7891
   181.242    7.7646    4.3805    3.4776    947.9694    3.6482     2155407500.4783
   191.192    7.7587    4.3727    3.4774    985.0149    3.6418     2281631642.9966
   201.142    7.7522    4.3647    3.4770   1022.0604    3.6354     2407624438.6742
   211.091    7.7451    4.3564    3.4765   1059.1058    3.6291     2533381419.6032
   221.041    7.7383    4.3482    3.4760   1096.1513    3.6229     2658902302.2722
   230.990    7.7326    4.3404    3.4757   1133.1967    3.6166     2784192435.0508
   240.940    7.7255    4.3320    3.4753   1170.2422    3.6104     2909253829.4836
   250.889    7.7191    4.3240    3.4748   1207.2877    3.6043     3034085098.6159
   260.839    7.7123    4.3158    3.4744   1244.3331    3.5981     3158686685.3466
   270.789    7.7057    4.3078    3.4739   1281.3786    3.5920     3283059273.7694
   280.738    7.6988    4.2995    3.4734   1318.4240    3.5860     3407203711.4898
   290.688    7.6896    4.2903    3.4726   1355.4695    3.5800     3531117124.7901
   300.637    7.6818    4.2817    3.4722   1392.5150    3.5740     3654801590.7960
   310.587    7.6742    4.2732    3.4717   1429.5604    3.5681     3778263755.1002
   320.536    7.6663    4.2645    3.4713   1466.6059    3.5622     3901505205.9167
   330.486    7.6576    4.2555    3.4706   1503.6513    3.5563     4024524052.2482
   340.436    7.6498    4.2468    3.4702   1540.6968    3.5505     4147321320.5753
   350.385    7.6417    4.2380    3.4697   1577.7423    3.5448     4269900860.9556
   360.335    7.6319    4.2286    3.4689   1614.7877    3.5390     4392258572.2504
   370.284    7.6236    4.2196    3.4684   1651.8332    3.5334     4514395640.8069
   380.234    7.6157    4.2110    3.4678   1688.8786    3.5277     4636318332.6787
   390.184    7.6066    4.2018    3.4672   1725.9241    3.5222     4758025524.9433
   400.133    7.5902    4.1897    3.4653   1762.9696    3.5166     4879496483.4104
   410.083    7.5900    4.1839    3.4660   1800.0150    3.5111     5000757213.0597
   420.032    7.5795    4.1741    3.4652   1837.0605    3.5057     5121825357.5479
   429.982    7.5665    4.1633    3.4639   1874.1059    3.5003     5242668705.0926
   439.931    7.5585    4.1545    3.4634   1911.1514    3.4949     5363295525.2332
   462.935    7.5872    4.1620    3.4714   1915.2145    3.4827     5642059645.3422
   485.938    7.6154    4.1693    3.4794   1919.2647    3.4705     5920483865.4728
   508.942    7.6558    4.1816    3.4891   1924.5471    3.4584     6198640623.1474
   531.945    7.6853    4.1896    3.4972   1928.7518    3.4463     6476537198.5644
   554.949    7.7141    4.1974    3.5052   1932.8326    3.4344     6754104070.9456
   577.952    7.7418    4.2048    3.5130   1936.7629    3.4226     7031332624.9506
   600.955    7.7695    4.2124    3.5207   1940.6444    3.4109     7308217067.5033
   623.959    7.7969    4.2197    3.5284   1944.5417    3.3993     7584758884.6447
   646.962    7.8237    4.2270    3.5360   1948.3019    3.3878     7860957803.1025
   669.966    7.8499    4.2341    3.5434   1951.9332    3.3765     8136809417.0212
   692.969    7.8754    4.2409    3.5508   1955.5207    3.3653     8412313269.2598
   715.973    7.9009    4.2477    3.5580   1959.0354    3.3543     8687472730.8187
   738.976    7.9261    4.2544    3.5653   1962.5194    3.3435     8962292645.0096
   761.979    7.9506    4.2610    3.5724   1965.8776    3.3328     9236776871.4022
   784.983    7.9753    4.2675    3.5795   1969.2527    3.3223     9510931548.3784
   807.986    7.9999    4.2742    3.5866   1972.5951    3.3121     9784768300.4783
   830.990    8.0238    4.2806    3.5936   1975.8129    3.3020    10058294542.3707
   853.993    8.0482    4.2872    3.6006   1979.0316    3.2922    10331522200.0930
   876.997    8.0721    4.2937    3.6076   1982.1621    3.2825    10604466718.4325
   900.000    8.0971    4.3008    3.6148   1985.5045    3.2732    10877149725.0973
   917.048    8.1148    4.3056    3.6200   1987.7766    3.2664    11079003123.0855
   934.095    8.1325    4.3107    3.6252   1989.9861    3.2597    11280725812.9488
   951.143    8.1501    4.3156    3.6304   1992.1887    3.2532    11482325555.7807
   968.191    8.1673    4.3204    3.6355   1994.4054    3.2469    11683809188.8543
   985.239    8.1870    4.3265    3.6412   1996.7206    3.2407    11885199906.5225
  1002.286    8.2053    4.3319    3.6467   1998.9238    3.2347    12086517110.2014
  1019.334    8.2221    4.3365    3.6517   2001.0467    3.2288    12287749721.3080
  1036.382    8.2388    4.3409    3.6567   2003.1161    3.2232    12488893983.5545
  1053.430    8.2549    4.3453    3.6615   2005.2099    3.2177    12689952503.7456
  1070.477    8.3196    4.3829    3.6789   2011.1817    3.2123    12891277649.9819
  1087.525    8.4289    4.4510    3.7081   2022.1113    3.2069    13093544244.9349
  1104.573    8.5558    4.5310    3.7416   2036.1783    3.2012    13297181155.1667
  1121.620    8.6099    4.5612    3.7562   2041.5090    3.1955    13501770927.7477
  1138.668    8.6264    4.5657    3.7612   2044.2770    3.1900    13706529519.6434
  1155.716    8.6414    4.5692    3.7659   2048.1092    3.1846    13911196196.1348
  1172.764    8.7162    4.6338    3.7735   2051.3939    3.1795    14115855366.3012
  1189.811    8.7346    4.6422    3.7779   2060.6928    3.1745    14320510215.4752
  1206.859    8.7679    4.6652    3.7836   2063.2348    3.1698    14525120962.2538
  1223.907    8.7831    4.6695    3.7886   2065.6510    3.1654    14729716328.3761
  1240.955    8.7984    4.6739    3.7934   2068.0723    3.1612    14934288409.6627
  1258.002    8.8129    4.6781    3.7980   2070.5441    3.1572    15138841725.5174
  1275.050    8.8436    4.6912    3.8060   2074.6253    3.1536    15343477751.9726
  1292.098    8.8816    4.7092    3.8151   2079.8348    3.1501    15548334614.4776
  1309.145    8.9218    4.7283    3.8251   2085.0837    3.1469    15753479792.3399
  1326.193    8.9607    4.7467    3.8351   2090.3303    3.1439    15958951509.4313
  1343.241    8.9995    4.7650    3.8454   2095.5485    3.1411    16164772834.3581
  1360.289    9.0388    4.7835    3.8563   2101.2698    3.1386    16370981186.0835
  1377.336    9.0702    4.7974    3.8655   2105.1419    3.1363    16577560113.3576
  1394.384    9.0870    4.8010    3.8722   2107.2310    3.1344    16784415676.5865
  1411.432    9.1035    4.8045    3.8789   2109.2310    3.1327    16991501201.5466
  1428.480    9.1202    4.8079    3.8859   2111.2893    3.1314    17198844325.0242
  1445.527    9.1374    4.8113    3.8934   2113.2291    3.1305    17406487683.0289
  1462.575    9.1554    4.8146    3.9017   2115.2704    3.1299    17614489277.1113
  1479.623    9.2368    4.8564    3.9365   2129.0431    3.1295    17823602993.1821
  1496.671    9.2651    4.8702    3.9463   2134.7228    3.1292    18033880368.5125
  1513.718    9.2921    4.8837    3.9554   2140.3542    3.1294    18244645933.8721
  1530.766    9.3181    4.8967    3.9642   2145.8067    3.1299    18455898208.3388
  1547.814    9.3439    4.9099    3.9728   2151.0682    3.1308    18667650759.2360
  1564.861    9.3677    4.9218    3.9809   2155.9800    3.1322    18879911165.9958
  1564.861    4.6791    0.0000    4.0146         nan    3.1322    18879911165.9958
  1577.534    4.6897    0.0000    4.0194         nan    3.1332    19039354367.1273
  1590.206    4.7002    0.0000    4.0242         nan    3.1344    19199037605.5082
  1602.878    4.7108    0.0000    4.0290         nan    3.1360    19358974824.3846
  1615.550    4.7213    0.0000    4.0338         nan    3.1378    19519180447.6541
  1628.222    4.7319    0.0000    4.0386         nan    3.1399    19679669240.2355
  1640.894    4.7419    0.0000    4.0432         nan    3.1423    19840452135.1815
  1653.566    4.7519    0.0000    4.0477         nan    3.1450    20001540810.2691
  1666.239    4.7619    0.0000    4.0523         nan    3.1481    20162951904.5813
  1678.911    4.7720    0.0000    4.0569         nan    3.1515    20324702633.0100
  1678.911    4.9548    0.0000    6.3280         nan    3.1515    20324702633.0100
  1737.897    5.0373    0.0000    6.3745         nan    3.0551    21505352364.9848
  1796.882    5.1150    0.0000    6.4185         nan    2.9572    22658026530.5274
  1855.868    5.1883    0.0000    6.4600         nan    2.8581    23781251399.6459
  1914.854    5.2574    0.0000    6.4993         nan    2.7578    24873643085.8375
  1973.840    5.3225    0.0000    6.5364         nan    2.6563    25933901156.0882
  2032.826    5.3840    0.0000    6.5715         nan    2.5538    26960803388.8041
  2091.812    5.4419    0.0000    6.6046         nan    2.4502    27953201491.4629
  2150.797    5.4964    0.0000    6.6359         nan    2.3458    28910017643.0967
  2209.783    5.5477    0.0000    6.6653         nan    2.2405    29830241779.1488
  2268.769    5.5958    0.0000    6.6930         nan    2.1344    30712929582.1882
  2327.755    5.6410    0.0000    6.7190         nan    2.0276    31557201186.3069
  2386.741    5.6833    0.0000    6.7433         nan    1.9202    32362240659.4757
  2445.727    5.7227    0.0000    6.7661         nan    1.8122    33127296403.0444
  2504.712    5.7594    0.0000    6.7873         nan    1.7038    33851682707.6701
  2563.698    5.7935    0.0000    6.8070         nan    1.5950    34534782876.0888
  2622.684    5.8250    0.0000    6.8252         nan    1.4860    35176054585.8423
  2681.670    5.8539    0.0000    6.8419         nan    1.3770    35775038615.8754
  2740.656    5.8804    0.0000    6.8572         nan    1.2681    36331372861.9461
  2799.642    5.9044    0.0000    6.8712         nan    1.1597    36844815041.7713
  2858.627    5.9260    0.0000    6.8837         nan    1.0523    37315280353.0988
  2917.613    5.9453    0.0000    6.8949         nan    0.9466    37742906214.5588
  2976.599    5.9622    0.0000    6.9047         nan    0.8440    38128169057.0024
  3035.585    5.9768    0.0000    6.9132         nan    0.7468    38472108527.0048
  3094.571    5.9891    0.0000    6.9203         nan    0.6602    38776793807.3554
  3153.557    5.9992    0.0000    6.9262         nan    0.5963    39046401357.5155
  3212.542    6.0070    0.0000    6.9307         nan    0.5904    39290092170.8076
  3271.528    6.0126    0.0000    6.9339         nan    0.7853    39531492228.6906
  3330.514    6.0159    0.0000    6.9359         nan    2.3406    39852717830.3657
  3389.500    6.0170    0.0000    6.9365         nan    0.0000    40810331099.3235
