# Depth[km]  Vp[km/s]  Vs[km/s] Rho[g/cm3]    T[K]     g[m/s2]         P[Pa]        
     0.000    3.4187    2.0648    1.5538    273.1500    3.7291              0.0000
     9.538    3.4187    2.0648    1.5538    312.7352    3.7377       55264917.4513
     9.538    4.4520    2.6889    2.0235    312.7352    3.7377       55264917.4513
    30.068    4.4520    2.6889    2.0235    397.9548    3.7485      210540787.1839
    30.068    5.9945    3.6205    2.7246    397.9548    3.7485      210540787.1839
    47.541    5.9945    3.6205    2.7246    470.4808    3.7476      388985475.8319
    47.541    7.9938    4.5400    3.5185    470.4808    3.7476      388985475.8319
    57.128    7.9852    4.5298    3.5180    510.2754    3.7408      515391722.3891
    66.715    7.9764    4.5194    3.5175    550.0700    3.7341      641551422.4578
    76.302    7.9672    4.5090    3.5169    589.8646    3.7274      767463310.4515
    85.889    7.9575    4.4983    3.5162    629.6591    3.7207      893125367.1968
    95.476    7.9483    4.4879    3.5156    669.4537    3.7140     1018538071.5258
   105.063    7.9388    4.4774    3.5149    709.2483    3.7074     1143702552.7006
   114.650    7.9290    4.4669    3.5141    749.0429    3.7008     1268617055.4008
   124.237    7.9193    4.4565    3.5133    788.8375    3.6942     1393282059.2728
   133.824    7.9092    4.4459    3.5125    828.6321    3.6877     1517697184.0327
   143.411    7.8992    4.4355    3.5116    868.4267    3.6812     1641861469.7203
   152.999    7.8897    4.4254    3.5108    908.2213    3.6747     1765777529.8251
   162.586    7.8797    4.4151    3.5099    948.0159    3.6682     1889445276.2008
   172.173    7.8695    4.4047    3.5089    987.8105    3.6618     2012862599.9043
   181.760    7.8596    4.3945    3.5080   1027.6051    3.6555     2136030468.9712
   191.347    7.8499    4.3844    3.5070   1067.3997    3.6491     2258950696.5437
   200.934    7.8388    4.3736    3.5059   1107.1943    3.6428     2381621090.7806
   210.521    7.8291    4.3638    3.5049   1146.9889    3.6365     2504042755.9725
   220.108    7.8192    4.3536    3.5039   1186.7835    3.6303     2626219513.7473
   229.695    7.8094    4.3435    3.5028   1226.5781    3.6241     2748150599.8975
   239.282    7.7986    4.3331    3.5017   1266.3727    3.6180     2869836215.3489
   248.869    7.7890    4.3231    3.5007   1306.1673    3.6119     2991278471.9016
   258.456    7.7795    4.3133    3.4995   1345.9618    3.6058     3112477267.3664
   268.043    7.7695    4.3031    3.4984   1385.7564    3.5997     3233432422.5449
   277.630    7.7603    4.2936    3.4973   1425.5510    3.5937     3354146650.0546
   287.218    7.7504    4.2835    3.4962   1465.3456    3.5878     3474621313.3416
   296.805    7.7405    4.2736    3.4950   1505.1402    3.5819     3594855749.9697
   306.392    7.7303    4.2633    3.4937   1544.9348    3.5760     3714849939.5597
   315.979    7.7203    4.2533    3.4926   1584.7294    3.5702     3834606342.2727
   325.566    7.7108    4.2435    3.4914   1624.5240    3.5644     3954127827.4171
   335.153    7.7004    4.2333    3.4901   1664.3186    3.5586     4073413961.9785
   344.740    7.6901    4.2231    3.4888   1704.1132    3.5529     4192463957.3001
   354.327    7.6801    4.2131    3.4876   1743.9078    3.5473     4311280360.4851
   363.914    7.6702    4.2030    3.4864   1783.7024    3.5417     4429865999.8573
   373.501    7.6601    4.1929    3.4851   1823.4970    3.5361     4548221719.2415
   383.088    7.6497    4.1826    3.4838   1863.2916    3.5306     4666348250.0665
   392.675    7.6398    4.1725    3.4826   1903.0862    3.5251     4784247212.2981
   402.262    7.6287    4.1620    3.4812   1942.8808    3.5197     4901918480.8484
   411.849    7.6180    4.1515    3.4798   1982.6754    3.5143     5019361578.5719
   421.437    7.6081    4.1415    3.4785   2022.4700    3.5090     5136579247.5901
   431.024    7.5975    4.1310    3.4771   2062.2645    3.5037     5253574330.7988
   454.472    7.6284    4.1409    3.4860   2067.4182    3.4909     5539608158.1488
   477.921    7.6575    4.1500    3.4945   2072.3628    3.4781     5825307399.6912
   501.370    7.6860    4.1589    3.5030   2077.2333    3.4655     6110657291.8716
   524.819    7.7143    4.1679    3.5114   2082.0004    3.4529     6395655317.6392
   548.268    7.7412    4.1763    3.5196   2086.6296    3.4404     6680291686.5557
   571.717    7.7676    4.1846    3.5277   2091.1187    3.4280     6964556512.9702
   595.165    7.7934    4.1925    3.5357   2095.5559    3.4158     7248448607.4180
   618.614    7.8191    4.2005    3.5438   2099.9254    3.4036     7531968686.1065
   642.063    7.8448    4.2086    3.5518   2104.2253    3.3916     7815119783.1757
   665.512    7.8696    4.2164    3.5596   2108.3805    3.3797     8097899942.5008
   688.961    7.8947    4.2242    3.5676   2112.5549    3.3680     8380314725.6295
   712.409    7.9192    4.2319    3.5753   2116.5399    3.3564     8662369275.8334
   735.858    7.9444    4.2399    3.5833   2120.5568    3.3449     8944069639.0213
   759.307    7.9690    4.2477    3.5910   2124.4000    3.3337     9225425934.8095
   782.756    7.9938    4.2557    3.5989   2128.2812    3.3226     9506447390.3906
   806.205    8.0187    4.2637    3.6070   2132.0954    3.3116     9787153455.7745
   829.654    8.0437    4.2719    3.6149   2135.7671    3.3009    10067557401.9339
   853.102    8.0681    4.2798    3.6228   2139.4528    3.2904    10347668003.8703
   876.551    8.0951    4.2893    3.6314   2143.0925    3.2801    10627521719.2850
   900.000    8.1212    4.2982    3.6398   2146.6680    3.2700    10907150739.9085
   917.204    8.1410    4.3052    3.6461   2149.2178    3.2627    11112094382.8299
   934.408    8.1612    4.3125    3.6527   2151.8069    3.2556    11316943732.4233
   951.612    8.1821    4.3202    3.6594   2154.3466    3.2486    11521716804.2319
   968.816    8.2034    4.3282    3.6663   2156.9116    3.2417    11726430157.9111
   986.020    8.2266    4.3373    3.6738   2159.5000    3.2349    11931109875.2806
  1003.225    8.2501    4.3467    3.6815   2162.1209    3.2283    12135786779.3626
  1020.429    8.2688    4.3529    3.6882   2164.8894    3.2218    12340444065.7148
  1037.633    8.2877    4.3593    3.6949   2167.6434    3.2154    12545059458.0631
  1054.837    8.3066    4.3658    3.7016   2170.4069    3.2093    12749643941.7230
  1072.041    8.3251    4.3722    3.7083   2173.1452    3.2032    12954203395.2633
  1089.245    8.3409    4.3772    3.7139   2175.5682    3.1974    13158716911.8476
  1106.449    8.3641    4.3872    3.7225   2176.9583    3.1917    13363248976.9763
  1123.653    8.3879    4.3975    3.7316   2178.2014    3.1861    13567903294.5613
  1140.857    8.4122    4.4080    3.7409   2179.6286    3.1808    13772704706.3780
  1158.061    8.5632    4.5033    3.7816   2194.2391    3.1753    13978525584.7511
  1175.266    8.7595    4.6287    3.8324   2211.6258    3.1695    14186494899.5683
  1192.470    8.8626    4.6921    3.8595   2221.2837    3.1634    14396207113.8564
  1209.674    8.8779    4.6967    3.8651   2223.7484    3.1573    14606405187.2482
  1226.878    8.8924    4.7010    3.8706   2225.8966    3.1515    14816503669.0097
  1244.082    8.9068    4.7052    3.8760   2228.0089    3.1459    15026509789.2102
  1261.286    8.9210    4.7093    3.8814   2230.0724    3.1406    15236436820.6983
  1278.490    8.9349    4.7132    3.8870   2231.7987    3.1355    15446303846.7920
  1295.694    8.9488    4.7174    3.8925   2233.7646    3.1306    15656128005.6549
  1312.898    8.9623    4.7211    3.8981   2235.3809    3.1260    15865925855.5659
  1330.102    8.9757    4.7247    3.9038   2236.9904    3.1217    16075719171.0923
  1347.307    8.9887    4.7285    3.9090   2238.6033    3.1177    16285515461.9671
  1364.511    9.0020    4.7322    3.9148   2239.8409    3.1140    16495337201.5484
  1381.715    9.0147    4.7357    3.9202   2241.2198    3.1105    16705209979.5290
  1398.919    9.0271    4.7389    3.9260   2242.5617    3.1074    16915151377.4010
  1416.123    9.0399    4.7425    3.9316   2243.6465    3.1047    17125188032.5302
  1433.327    9.0515    4.7455    3.9369   2244.5391    3.1023    17335328984.0805
  1450.531    9.0647    4.7490    3.9434   2245.4909    3.1002    17545619027.9231
  1467.735    9.0836    4.7565    3.9506   2247.5804    3.0985    17756135897.4307
  1484.939    9.1222    4.7765    3.9621   2252.0411    3.0971    17967035706.1423
  1502.143    9.1629    4.7983    3.9744   2256.5228    3.0960    18178474910.3172
  1519.348    9.2058    4.8219    3.9875   2260.4845    3.0953    18390518724.0136
  1536.552    9.2465    4.8444    4.0003   2264.9776    3.0949    18603201657.0588
  1553.756    9.2688    4.8551    4.0081   2267.8550    3.0948    18816402819.1927
  1570.960    9.2814    4.8597    4.0125   2269.9497    3.0953    19029925745.1113
  1570.960    4.6042    0.0000    4.0319         nan    3.0953    19029925745.1113
  1586.102    4.6182    0.0000    4.0378         nan    3.0958    19219031714.7748
  1601.244    4.6323    0.0000    4.0438         nan    3.0967    19408448644.6063
  1616.386    4.6463    0.0000    4.0497         nan    3.0980    19598199473.9474
  1631.528    4.6604    0.0000    4.0557         nan    3.0996    19788308107.3591
  1646.670    4.6738    0.0000    4.0614         nan    3.1017    19978793511.6814
  1661.812    4.6871    0.0000    4.0670         nan    3.1043    20169674814.7005
  1676.954    4.7004    0.0000    4.0727         nan    3.1073    20360978297.3803
  1692.096    4.7138    0.0000    4.0783         nan    3.1107    20552732383.9286
  1707.238    4.7266    0.0000    4.0838         nan    3.1147    20744961937.2156
  1707.238    5.0704    0.0000    6.3770         nan    3.1147    20744961937.2156
  1765.247    5.1417    0.0000    6.4206         nan    3.0186    21901099580.2539
  1823.256    5.2092    0.0000    6.4620         nan    2.9212    23029003437.8566
  1881.265    5.2731    0.0000    6.5013         nan    2.8226    24127348900.0940
  1939.274    5.3335    0.0000    6.5386         nan    2.7228    25194883253.7219
  1997.283    5.3907    0.0000    6.5739         nan    2.6220    26230421540.0061
  2055.292    5.4447    0.0000    6.6074         nan    2.5201    27232843055.2084
  2113.301    5.4958    0.0000    6.6390         nan    2.4173    28201088396.1866
  2171.310    5.5439    0.0000    6.6690         nan    2.3136    29134156975.0956
  2229.319    5.5893    0.0000    6.6972         nan    2.2091    30031104947.4891
  2287.328    5.6321    0.0000    6.7239         nan    2.1038    30891043524.0639
  2345.337    5.6722    0.0000    6.7489         nan    1.9977    31713137651.6559
  2403.346    5.7098    0.0000    6.7724         nan    1.8910    32496605074.3629
  2461.355    5.7450    0.0000    6.7944         nan    1.7837    33240715811.6255
  2519.364    5.7777    0.0000    6.8150         nan    1.6758    33944792133.6659
  2577.374    5.8081    0.0000    6.8340         nan    1.5674    34608209172.8150
  2635.383    5.8363    0.0000    6.8517         nan    1.4587    35230396410.9294
  2693.392    5.8622    0.0000    6.8680         nan    1.3496    35810840447.7962
  2751.401    5.8859    0.0000    6.8829         nan    1.2402    36349089746.8422
  2809.410    5.9074    0.0000    6.8964         nan    1.1308    36844762595.8984
  2867.419    5.9268    0.0000    6.9086         nan    1.0216    37297560566.5006
  2925.428    5.9441    0.0000    6.9195         nan    0.9127    37707291898.2147
  2983.437    5.9592    0.0000    6.9290         nan    0.8049    38073913922.4211
  3041.446    5.9724    0.0000    6.9373         nan    0.6988    38397614740.2158
  3099.455    5.9834    0.0000    6.9443         nan    0.5966    38678983344.4014
  3157.464    5.9925    0.0000    6.9500         nan    0.5026    38919403046.2499
  3215.473    5.9995    0.0000    6.9544         nan    0.4300    39122102077.0251
  3273.482    6.0045    0.0000    6.9576         nan    0.4317    39295615581.2144
  3331.491    6.0075    0.0000    6.9595         nan    0.9367    39469862806.2239
  3389.500    6.0085    0.0000    6.9601         nan    0.0000    39848046694.7303
