# Depth[km]  Vp[km/s]  Vs[km/s] Rho[g/cm3]    T[K]     g[m/s2]         P[Pa]        
     0.000    3.6106    2.1575    1.6196    273.1500    3.7291              0.0000
    10.794    3.6106    2.1575    1.6196    318.3597    3.7382       65191601.1382
    10.794    4.7016    2.8094    2.1089    318.3597    3.7382       65191601.1382
    28.539    4.7016    2.8094    2.1089    392.6886    3.7463      205087275.4191
    28.539    6.5525    3.9154    2.9392    392.6886    3.7463      205087275.4191
    43.232    6.5525    3.9154    2.9392    454.2352    3.7429      366872967.5737
    43.232    7.9558    4.5341    3.5026    454.2352    3.7429      366872967.5737
    52.787    7.9474    4.5243    3.5022    494.2556    3.7362      492120194.8074
    62.341    7.9386    4.5141    3.5018    534.2760    3.7295      617128881.8715
    71.895    7.9294    4.5038    3.5012    574.2964    3.7229      741897481.1721
    81.449    7.9195    4.4932    3.5006    614.3168    3.7163      866422944.7067
    91.004    7.9100    4.4829    3.5000    654.3373    3.7097      990705617.4089
   100.558    7.9003    4.4724    3.4994    694.3577    3.7032     1114747261.6983
   110.112    7.8900    4.4618    3.4986    734.3781    3.6967     1238545583.8278
   119.667    7.8802    4.4515    3.4979    774.3985    3.6902     1362100966.8322
   129.221    7.8695    4.4407    3.4971    814.4189    3.6837     1485412258.1639
   138.775    7.8598    4.4306    3.4964    854.4394    3.6773     1608480743.8457
   148.329    7.8488    4.4197    3.4954    894.4598    3.6709     1731306324.4923
   157.884    7.8383    4.4092    3.4945    934.4802    3.6646     1853886123.5542
   167.438    7.8277    4.3988    3.4936    974.5006    3.6583     1976221812.9149
   176.992    7.8168    4.3881    3.4926   1014.5210    3.6520     2098312700.9614
   186.546    7.8062    4.3777    3.4916   1054.5414    3.6457     2220159670.1026
   196.101    7.7945    4.3668    3.4904   1094.5619    3.6395     2341760951.2022
   205.655    7.7838    4.3564    3.4894   1134.5823    3.6334     2463116464.6341
   215.209    7.7730    4.3458    3.4884   1174.6027    3.6272     2584230983.8589
   224.763    7.7614    4.3351    3.4872   1214.6231    3.6211     2705102608.8336
   234.318    7.7501    4.3244    3.4860   1254.6435    3.6151     2825728559.0944
   243.872    7.7399    4.3142    3.4851   1294.6640    3.6090     2946115681.2781
   253.426    7.7290    4.3038    3.4838   1334.6844    3.6031     3066265280.9583
   262.981    7.7178    4.2932    3.4826   1374.7048    3.5971     3186173036.7069
   272.535    7.7079    4.2833    3.4814   1414.7252    3.5912     3305842043.8742
   282.089    7.6967    4.2728    3.4801   1454.7456    3.5853     3425272143.2925
   291.643    7.6864    4.2626    3.4790   1494.7660    3.5795     3544465208.5463
   301.198    7.6739    4.2513    3.4777   1534.7865    3.5737     3663423328.9167
   310.752    7.6636    4.2414    3.4763   1574.8069    3.5680     3782143635.3301
   320.306    7.6528    4.2311    3.4751   1614.8273    3.5623     3900629097.2886
   329.860    7.6417    4.2206    3.4738   1654.8477    3.5567     4018883131.4252
   339.415    7.6302    4.2099    3.4724   1694.8681    3.5511     4136904780.9386
   348.969    7.6181    4.1989    3.4711   1734.8886    3.5455     4254694015.5502
   358.523    7.6073    4.1887    3.4698   1774.9090    3.5400     4372253831.7946
   368.078    7.5959    4.1781    3.4684   1814.9294    3.5346     4489586490.1973
   377.632    7.5840    4.1672    3.4670   1854.9498    3.5291     4606691656.8453
   387.186    7.5732    4.1568    3.4657   1894.9702    3.5238     4723571712.6972
   396.740    7.5612    4.1460    3.4643   1934.9906    3.5184     4840228152.3491
   406.295    7.5496    4.1352    3.4629   1975.0111    3.5132     4956660808.7973
   415.849    7.5374    4.1243    3.4614   2015.0315    3.5080     5072870570.4308
   425.403    7.5250    4.1132    3.4599   2055.0519    3.5028     5188857819.6547
   449.133    7.5603    4.1237    3.4693   2060.4997    3.4900     5476838631.6911
   472.863    7.5934    4.1336    3.4784   2065.7208    3.4774     5764538279.0557
   496.593    7.6249    4.1428    3.4873   2070.8037    3.4647     6051932137.5660
   520.323    7.6558    4.1520    3.4960   2075.7200    3.4522     6339007364.2038
   544.052    7.6859    4.1609    3.5046   2080.5053    3.4398     6625755344.8015
   567.782    7.7149    4.1694    3.5130   2085.2009    3.4275     6912165183.9268
   591.512    7.7432    4.1777    3.5214   2089.7500    3.4153     7198230685.8055
   615.242    7.7713    4.1860    3.5296   2094.2046    3.4032     7483947729.4208
   638.972    7.7981    4.1938    3.5377   2098.5178    3.3912     7769311247.8724
   662.702    7.8258    4.2022    3.5458   2102.8216    3.3794     8054324195.0197
   686.431    7.8526    4.2099    3.5539   2107.1195    3.3677     8338994958.1324
   710.161    7.8788    4.2178    3.5618   2111.1282    3.3562     8623322258.9166
   733.891    7.9052    4.2256    3.5699   2115.3187    3.3448     8907312775.7597
   757.621    7.9312    4.2334    3.5777   2119.1814    3.3336     9190974025.8261
   781.351    7.9571    4.2412    3.5856   2122.9752    3.3226     9474308835.0745
   805.081    7.9836    4.2494    3.5937   2126.8656    3.3118     9757336874.0401
   828.810    8.0093    4.2572    3.6016   2130.6429    3.3012    10040074103.8083
   852.540    8.0356    4.2655    3.6097   2134.3130    3.2908    10322533553.1110
   876.270    8.0619    4.2738    3.6178   2137.8602    3.2807    10604733877.1681
   900.000    8.0893    4.2828    3.6262   2141.5833    3.2707    10886706724.4106
   916.560    8.1083    4.2891    3.6321   2143.9982    3.2639    11083275210.9428
   933.120    8.1265    4.2948    3.6379   2146.5166    3.2573    11279749430.0037
   949.680    8.1478    4.3026    3.6444   2148.9569    3.2507    11476153920.5175
   966.240    8.1681    4.3097    3.6508   2151.3737    3.2443    11672512080.2944
   982.800    8.1896    4.3176    3.6576   2153.8559    3.2380    11868834917.3277
   999.359    8.2122    4.3261    3.6647   2156.2823    3.2318    12065148147.7691
  1015.919    8.2352    4.3351    3.6719   2158.7690    3.2258    12261469929.6593
  1032.479    8.2594    4.3446    3.6797   2161.2747    3.2198    12457824104.2394
  1049.039    8.2811    4.3529    3.6866   2163.7340    3.2140    12654209997.1547
  1065.599    8.2987    4.3586    3.6925   2166.0335    3.2084    12850584712.4742
  1082.159    8.3153    4.3639    3.6980   2168.2454    3.2029    13046917276.3149
  1098.719    8.3320    4.3693    3.7036   2170.4651    3.1976    13243208681.3093
  1115.279    8.3486    4.3747    3.7093   2172.6378    3.1925    13439473926.2895
  1131.839    8.3654    4.3803    3.7150   2174.8347    3.1876    13635725090.2480
  1148.399    8.5068    4.4691    3.7531   2189.1523    3.1826    13832828596.2565
  1164.959    8.6874    4.5842    3.8001   2208.5063    3.1773    14031869305.8264
  1181.519    8.8372    4.6790    3.8383   2218.9264    3.1717    14232822705.1694
  1198.078    8.8519    4.6834    3.8433   2221.3988    3.1661    14434555703.0839
  1214.638    8.8682    4.6881    3.8490   2223.7337    3.1607    14636211118.4158
  1231.198    8.8829    4.6925    3.8548   2226.6089    3.1554    14837821464.5369
  1247.758    8.8978    4.6971    3.8601   2229.1205    3.1504    15039389124.3153
  1264.318    8.9129    4.7018    3.8656   2231.5897    3.1457    15240918593.9385
  1280.878    8.9270    4.7062    3.8705   2233.9465    3.1411    15442411419.0742
  1297.438    8.9404    4.7108    3.8750   2236.2184    3.1368    15643857557.6649
  1313.998    8.9556    4.7154    3.8805   2238.6501    3.1328    15845287391.2033
  1330.558    8.9695    4.7199    3.8852   2240.9274    3.1290    16046723346.9518
  1347.118    8.9841    4.7246    3.8903   2243.1915    3.1255    16248173407.2138
  1363.678    8.9984    4.7289    3.8963   2246.2335    3.1223    16449685053.7187
  1380.238    9.0121    4.7334    3.9011   2248.5943    3.1194    16651267842.2650
  1396.797    9.0260    4.7381    3.9060   2250.8687    3.1168    16852914140.4499
  1413.357    9.0386    4.7424    3.9103   2253.0894    3.1145    17054629266.5272
  1429.917    9.0529    4.7471    3.9158   2255.7021    3.1126    17256449638.5683
  1446.477    9.0824    4.7619    3.9235   2260.1684    3.1109    17458483920.6537
  1463.037    9.1199    4.7813    3.9336   2264.4363    3.1096    17660870442.6836
  1479.597    9.1578    4.8013    3.9445   2268.7216    3.1086    17863712576.6915
  1496.157    9.1956    4.8209    3.9558   2273.7336    3.1079    18067060220.2160
  1512.717    9.2345    4.8419    3.9675   2278.1142    3.1074    18270951126.8187
  1529.277    9.2723    4.8623    3.9792   2282.3287    3.1073    18475414299.6679
  1545.837    9.3093    4.8826    3.9905   2286.3689    3.1076    18680463310.2475
  1545.837    5.0760    0.0000    3.9932         nan    3.1076    18680463310.2475
  1563.998    5.0883    0.0000    3.9990         nan    3.1082    18905990009.2104
  1582.159    5.1006    0.0000    4.0049         nan    3.1094    19131894003.1000
  1600.320    5.1130    0.0000    4.0107         nan    3.1112    19358215102.4782
  1618.481    5.1250    0.0000    4.0164         nan    3.1136    19584991470.8089
  1636.642    5.1368    0.0000    4.0220         nan    3.1166    19812259776.5246
  1654.803    5.1485    0.0000    4.0276         nan    3.1202    20040062523.5071
  1672.964    5.1603    0.0000    4.0332         nan    3.1245    20268448113.9651
  1691.125    5.1715    0.0000    4.0385         nan    3.1296    20497460331.2044
  1709.286    5.1827    0.0000    4.0438         nan    3.1354    20727145551.1086
  1709.286    5.2769    0.0000    6.4493         nan    3.1354    20727145551.1086
  1767.224    5.3584    0.0000    6.4902         nan    3.0376    21902439037.8547
  1825.162    5.4353    0.0000    6.5289         nan    2.9386    23048077928.9292
  1883.101    5.5079    0.0000    6.5655         nan    2.8384    24162783009.9560
  1941.039    5.5764    0.0000    6.6001         nan    2.7372    25245350774.5923
  1998.978    5.6410    0.0000    6.6328         nan    2.6349    26294647896.3072
  2056.916    5.7020    0.0000    6.6638         nan    2.5317    27309606539.5384
  2114.855    5.7595    0.0000    6.6930         nan    2.4276    28289220344.7839
  2172.793    5.8136    0.0000    6.7206         nan    2.3226    29232540970.3394
  2230.731    5.8646    0.0000    6.7465         nan    2.2169    30138675083.7658
  2288.670    5.9124    0.0000    6.7710         nan    2.1103    31006781721.0131
  2346.608    5.9573    0.0000    6.7939         nan    2.0031    31836069949.5384
  2404.547    5.9994    0.0000    6.8154         nan    1.8952    32625796771.1225
  2462.485    6.0386    0.0000    6.8355         nan    1.7867    33375265212.2474
  2520.424    6.0752    0.0000    6.8542         nan    1.6775    34083822544.9669
  2578.362    6.1091    0.0000    6.8716         nan    1.5679    34750858573.9990
  2636.300    6.1404    0.0000    6.8877         nan    1.4577    35375803912.1976
  2694.239    6.1692    0.0000    6.9025         nan    1.3470    35958128131.4524
  2752.177    6.1956    0.0000    6.9160         nan    1.2358    36497337614.5780
  2810.116    6.2195    0.0000    6.9283         nan    1.1242    36992972817.1267
  2868.054    6.2410    0.0000    6.9394         nan    1.0121    37444604416.4586
  2925.993    6.2602    0.0000    6.9493         nan    0.8996    37851827349.4314
  2983.931    6.2770    0.0000    6.9580         nan    0.7865    38214250695.8078
  3041.869    6.2916    0.0000    6.9655         nan    0.6727    38531478889.5545
  3099.808    6.3038    0.0000    6.9718         nan    0.5578    38803073276.5232
  3157.746    6.3139    0.0000    6.9769         nan    0.4408    39028463924.2923
  3215.685    6.3216    0.0000    6.9810         nan    0.3190    39206714878.5172
  3273.623    6.3272    0.0000    6.9838         nan    0.1804    39335751477.4432
  3331.562    6.3305    0.0000    6.9855         nan   -0.0702    39408773141.0758
  3389.500    6.3316    0.0000    6.9861         nan    0.0000    39380362731.5576
