# Depth[km]  Vp[km/s]  Vs[km/s] Rho[g/cm3]    T[K]     g[m/s2]         P[Pa]        
     0.000    3.4633    2.0549    1.6133    273.1500    3.7291              0.0000
     9.873    3.4633    2.0549    1.6133    311.7620    3.7375       59395786.6349
     9.873    5.2802    3.1329    2.4596    311.7620    3.7375       59395786.6349
    27.715    5.2802    3.1329    2.4596    381.5485    3.7403      223414445.0793
    27.715    6.4225    3.8106    2.9917    381.5485    3.7403      223414445.0793
    45.874    6.4225    3.8106    2.9917    452.5733    3.7352      426608794.0806
    45.874    7.9488    4.5299    3.4838    452.5733    3.7352      426608794.0806
    55.638    7.9427    4.5218    3.4838    490.7637    3.7285      553665640.9108
    65.402    7.9365    4.5135    3.4837    528.9541    3.7218      680492286.2625
    75.166    7.9296    4.5048    3.4835    567.1446    3.7152      807086983.5317
    84.930    7.9228    4.4961    3.4833    605.3350    3.7085      933448913.6311
    94.694    7.9151    4.4872    3.4830    643.5255    3.7020     1059575233.9680
   104.458    7.9079    4.4783    3.4827    681.7159    3.6954     1185465126.8739
   114.222    7.9007    4.4696    3.4824    719.9063    3.6888     1311121076.7048
   123.986    7.8927    4.4605    3.4819    758.0968    3.6823     1436540375.8901
   133.750    7.8854    4.4517    3.4815    796.2872    3.6759     1561722722.7333
   143.514    7.8773    4.4426    3.4809    834.4777    3.6694     1686668126.0413
   153.278    7.8698    4.4337    3.4805    872.6681    3.6630     1811375771.5733
   163.042    7.8619    4.4247    3.4799    910.8586    3.6566     1935846569.3814
   172.807    7.8540    4.4157    3.4793    949.0490    3.6503     2060079718.1557
   182.571    7.8467    4.4070    3.4788    987.2394    3.6439     2184077084.9935
   192.335    7.8388    4.3981    3.4781   1025.4299    3.6377     2307838490.3363
   202.099    7.8307    4.3890    3.4773   1063.6203    3.6314     2431360439.3880
   211.863    7.8229    4.3801    3.4766   1101.8108    3.6252     2554643612.5219
   221.627    7.8147    4.3710    3.4759   1140.0012    3.6190     2677691120.6880
   231.391    7.8072    4.3623    3.4752   1178.1916    3.6129     2800504135.6546
   241.155    7.7997    4.3535    3.4744   1216.3821    3.6068     2923083545.4591
   250.919    7.7913    4.3443    3.4735   1254.5725    3.6007     3045427165.7300
   260.683    7.7835    4.3354    3.4728   1292.7630    3.5947     3167536582.8312
   270.447    7.7759    4.3267    3.4721   1330.9534    3.5887     3289415873.9091
   280.211    7.7680    4.3178    3.4712   1369.1438    3.5828     3411062965.1260
   289.975    7.7598    4.3086    3.4703   1407.3343    3.5769     3532476971.4068
   299.739    7.7525    4.3000    3.4695   1445.5247    3.5710     3653662094.1904
   309.503    7.7444    4.2911    3.4685   1483.7152    3.5652     3774617515.6346
   319.267    7.7368    4.2824    3.4677   1521.9056    3.5594     3895343871.2736
   329.032    7.7294    4.2736    3.4668   1560.0960    3.5537     4015846177.8589
   338.796    7.7207    4.2645    3.4658   1598.2865    3.5480     4136121704.6984
   348.560    7.7132    4.2557    3.4649   1636.4769    3.5423     4256171590.3142
   358.324    7.7047    4.2465    3.4639   1674.6674    3.5367     4375997211.8978
   368.088    7.6971    4.2377    3.4630   1712.8578    3.5312     4495600262.9832
   377.852    7.6883    4.2284    3.4619   1751.0482    3.5257     4614981480.4525
   387.616    7.6807    4.2195    3.4610   1789.2387    3.5202     4734141894.3656
   397.380    7.6723    4.2104    3.4599   1827.4291    3.5148     4853083357.9162
   407.144    7.6652    4.2018    3.4590   1865.6196    3.5094     4971807306.6765
   416.908    7.6557    4.1921    3.4579   1903.8100    3.5041     5090314863.2089
   426.672    7.6474    4.1828    3.4570   1942.0004    3.4988     5208608188.3648
   436.436    7.6372    4.1727    3.4559   1980.1909    3.4936     5326689446.4656
   459.614    7.6666    4.1818    3.4642   1984.8055    3.4813     5606865637.3381
   482.793    7.6955    4.1907    3.4724   1989.4152    3.4691     5886720798.8227
   505.971    7.7226    4.1989    3.4804   1993.8009    3.4569     6166244678.8755
   529.149    7.7494    4.2070    3.4883   1998.1898    3.4449     6445429419.9940
   552.327    7.7754    4.2147    3.4962   2002.5743    3.4330     6724275198.5657
   575.505    7.8008    4.2221    3.5041   2006.9787    3.4211     7002783634.3528
   598.684    7.8253    4.2293    3.5117   2011.0398    3.4094     7280945436.5550
   621.862    7.8501    4.2366    3.5194   2015.2560    3.3979     7558759772.7444
   645.040    7.8743    4.2437    3.5269   2019.2183    3.3864     7836231534.6944
   668.218    7.8978    4.2505    3.5344   2023.2591    3.3751     8113360073.2661
   691.396    7.9222    4.2577    3.5420   2027.2900    3.3640     8390155181.4811
   714.574    7.9455    4.2645    3.5494   2031.1375    3.3530     8666620935.7001
   737.753    7.9684    4.2710    3.5567   2034.9035    3.3422     8942756535.2178
   760.931    7.9916    4.2777    3.5641   2038.6224    3.3316     9218571970.7465
   784.109    8.0153    4.2847    3.5716   2042.5001    3.3212     9494085058.1589
   807.287    8.0386    4.2916    3.5790   2046.0956    3.3109     9769305452.4181
   830.465    8.0616    4.2985    3.5863   2049.5928    3.3009    10044239012.3764
   853.644    8.0846    4.3053    3.5937   2053.1600    3.2911    10318901877.4738
   876.822    8.1078    4.3123    3.6010   2056.5938    3.2815    10593310917.2901
   900.000    8.1312    4.3193    3.6086   2060.0702    3.2722    10867488036.5384
   916.905    8.1486    4.3247    3.6141   2062.5207    3.2655    11067250401.4953
   933.810    8.1660    4.3302    3.6196   2064.9796    3.2590    11266912194.8182
   950.715    8.1839    4.3360    3.6254   2067.4544    3.2526    11466487124.3431
   967.620    8.2025    4.3421    3.6313   2069.8670    3.2464    11665991454.7113
   984.525    8.2209    4.3483    3.6372   2072.2891    3.2403    11865437443.7331
  1001.430    8.2414    4.3556    3.6437   2074.9311    3.2343    12064849287.9481
  1018.335    8.2605    4.3622    3.6500   2077.3651    3.2285    12264243898.4544
  1035.240    8.2823    4.3705    3.6569   2079.8340    3.2229    12463642284.0290
  1052.145    8.2983    4.3752    3.6623   2082.1545    3.2174    12663028936.1434
  1069.049    8.3142    4.3799    3.6676   2084.3401    3.2121    12862366476.1972
  1085.954    8.3297    4.3845    3.6728   2086.5646    3.2070    13061661105.8118
  1102.859    8.3456    4.3893    3.6781   2088.7723    3.2021    13260924514.1977
  1119.764    8.4353    4.4447    3.7025   2098.5048    3.1973    13460685296.7105
  1136.669    8.5912    4.5444    3.7435   2113.3828    3.1923    13661912125.4436
  1153.574    8.7727    4.6614    3.7899   2131.3225    3.1869    13865182331.6872
  1170.479    8.8071    4.6787    3.7998   2133.9900    3.1814    14069627620.8355
  1187.384    8.8216    4.6826    3.8049   2136.4846    3.1761    14274124000.6352
  1204.289    8.8388    4.6875    3.8111   2138.9340    3.1711    14478583429.2873
  1221.194    8.8540    4.6918    3.8165   2141.3962    3.1662    14683027105.5212
  1238.099    8.8700    4.6962    3.8222   2143.8694    3.1616    14887454257.9139
  1255.004    8.8854    4.7006    3.8278   2146.3488    3.1572    15091884500.7974
  1271.909    8.9009    4.7049    3.8333   2148.8222    3.1530    15296327261.1147
  1288.814    8.9162    4.7092    3.8389   2151.3193    3.1492    15500797930.6856
  1305.719    8.9318    4.7137    3.8446   2153.7895    3.1456    15705316756.3371
  1322.624    8.9470    4.7182    3.8501   2156.2699    3.1422    15909899534.7321
  1339.529    8.9619    4.7224    3.8554   2158.7156    3.1392    16114554168.1352
  1356.434    8.9774    4.7270    3.8612   2161.2467    3.1364    16319306682.2057
  1373.339    8.9928    4.7315    3.8669   2163.7248    3.1340    16524185142.7674
  1390.243    9.0107    4.7378    3.8731   2166.8389    3.1319    16729218462.3820
  1407.148    9.0509    4.7582    3.8832   2172.4459    3.1301    16934544495.3283
  1424.053    9.0904    4.7784    3.8932   2178.3936    3.1286    17140284327.9563
  1440.958    9.1304    4.7992    3.9036   2184.4069    3.1273    17346462885.5304
  1457.863    9.1700    4.8201    3.9141   2190.3397    3.1264    17553112899.7142
  1474.768    9.2102    4.8415    3.9249   2196.4912    3.1258    17760265384.2842
  1491.673    9.2492    4.8625    3.9356   2202.6072    3.1255    17967944339.6450
  1508.578    9.2883    4.8838    3.9464   2209.5778    3.1255    18176171026.2994
  1525.483    9.3207    4.9008    3.9558   2214.1046    3.1260    18384936045.5959
  1542.388    9.3349    4.9054    3.9611   2216.4617    3.1268    18594117316.2875
  1559.293    9.3489    4.9100    3.9663   2218.7747    3.1281    18803630572.0096
  1559.293    5.3032    0.0000    4.0128         nan    3.1281    18803630572.0096
  1574.895    5.3134    0.0000    4.0174         nan    3.1291    18999591069.4365
  1590.498    5.3237    0.0000    4.0220         nan    3.1306    19195840206.1418
  1606.100    5.3339    0.0000    4.0266         nan    3.1325    19392404748.5199
  1621.702    5.3442    0.0000    4.0312         nan    3.1348    19589312557.0926
  1637.305    5.3540    0.0000    4.0356         nan    3.1377    19786588040.3095
  1652.907    5.3637    0.0000    4.0400         nan    3.1410    19984256650.8685
  1668.509    5.3735    0.0000    4.0443         nan    3.1448    20182349761.3793
  1684.112    5.3833    0.0000    4.0487         nan    3.1492    20380900270.1397
  1699.714    5.3927    0.0000    4.0530         nan    3.1541    20579938151.6249
  1699.714    5.1568    0.0000    6.4357         nan    3.1541    20579938151.6249
  1757.983    5.2375    0.0000    6.4790         nan    3.0564    21766705917.1411
  1816.251    5.3137    0.0000    6.5199         nan    2.9575    22924218323.8927
  1874.520    5.3855    0.0000    6.5586         nan    2.8574    24051116544.8295
  1932.788    5.4533    0.0000    6.5952         nan    2.7561    25146122202.7861
  1991.057    5.5173    0.0000    6.6298         nan    2.6537    26208031720.9580
  2049.325    5.5777    0.0000    6.6625         nan    2.5504    27235711586.3652
  2107.594    5.6346    0.0000    6.6934         nan    2.4461    28228094367.7059
  2165.862    5.6882    0.0000    6.7226         nan    2.3409    29184175367.0296
  2224.130    5.7387    0.0000    6.7500         nan    2.2349    30103009814.0191
  2282.399    5.7862    0.0000    6.7759         nan    2.1281    30983710545.1997
  2340.667    5.8306    0.0000    6.8002         nan    2.0206    31825446136.6342
  2398.936    5.8723    0.0000    6.8230         nan    1.9125    32627439477.9901
  2457.204    5.9112    0.0000    6.8442         nan    1.8038    33388966809.7978
  2515.473    5.9474    0.0000    6.8641         nan    1.6945    34109357289.8001
  2573.741    5.9810    0.0000    6.8825         nan    1.5847    34787993209.2063
  2632.010    6.0121    0.0000    6.8995         nan    1.4746    35424311075.5739
  2690.278    6.0406    0.0000    6.9152         nan    1.3641    36017803938.5874
  2748.547    6.0667    0.0000    6.9295         nan    1.2534    36568025608.1896
  2806.815    6.0904    0.0000    6.9425         nan    1.1426    37074597923.7793
  2865.084    6.1118    0.0000    6.9543         nan    1.0320    37537223217.5025
  2923.352    6.1308    0.0000    6.9647         nan    0.9217    37955706129.3422
  2981.621    6.1475    0.0000    6.9739         nan    0.8123    38329993338.6244
  3039.889    6.1619    0.0000    6.9819         nan    0.7046    38660250209.6741
  3098.158    6.1741    0.0000    6.9886         nan    0.6004    38947020583.4754
  3156.426    6.1840    0.0000    6.9940         nan    0.5039    39191596470.2115
  3214.695    6.1917    0.0000    6.9983         nan    0.4272    39397005437.2217
  3272.963    6.1972    0.0000    7.0013         nan    0.4197    39571264486.6248
  3331.232    6.2005    0.0000    7.0031         nan    0.8802    39742491023.1561
  3389.500    6.2016    0.0000    7.0037         nan    0.0000    40101674007.7868
