# Depth[km]  Vp[km/s]  Vs[km/s] Rho[g/cm3]    T[K]     g[m/s2]         P[Pa]        
     0.000    4.0554    2.3970    1.8288    273.1500    3.7291              0.0000
    11.242    4.0554    2.3970    1.8288    317.1707    3.7366       76669075.1316
    11.242    5.1294    3.0318    2.3131    317.1707    3.7366       76669075.1316
    30.221    5.1294    3.0318    2.3131    391.4885    3.7420      240702423.3289
    30.221    5.5760    3.2958    2.5145    391.4885    3.7420      240702423.3289
    55.731    5.5760    3.2958    2.5145    491.3879    3.7452      480737307.6910
    55.731    7.9934    4.5360    3.5195    491.3879    3.7452      480737307.6910
    65.295    7.9860    4.5266    3.5192    528.8406    3.7385      606798125.6240
    74.860    7.9781    4.5169    3.5189    566.2933    3.7318      732621723.5053
    84.424    7.9702    4.5073    3.5185    603.7460    3.7251      858207638.9870
    93.988    7.9616    4.4974    3.5180    641.1987    3.7185      983553493.9972
   103.552    7.9536    4.4879    3.5176    678.6514    3.7118     1108659821.1860
   113.116    7.9454    4.4783    3.5171    716.1041    3.7052     1233528248.7175
   122.680    7.9370    4.4686    3.5167    753.5568    3.6987     1358158407.6777
   132.244    7.9284    4.4590    3.5161    791.0095    3.6921     1482549154.8612
   141.808    7.9199    4.4494    3.5156    828.4622    3.6856     1606700536.4890
   151.372    7.9112    4.4399    3.5150    865.9149    3.6792     1730612917.3830
   160.937    7.9024    4.4303    3.5143    903.3676    3.6727     1854285247.2001
   170.501    7.8942    4.4210    3.5137    940.8203    3.6663     1977719575.4956
   180.065    7.8854    4.4116    3.5130    978.2730    3.6599     2100916134.9443
   189.629    7.8767    4.4021    3.5124   1015.7257    3.6536     2223874166.1495
   199.193    7.8679    4.3928    3.5116   1053.1784    3.6472     2346593898.2664
   208.757    7.8593    4.3834    3.5109   1090.6311    3.6410     2469075385.5905
   218.321    7.8506    4.3741    3.5101   1128.0838    3.6347     2591320347.5159
   227.885    7.8417    4.3646    3.5094   1165.5365    3.6285     2713329728.3576
   237.449    7.8330    4.3553    3.5086   1202.9892    3.6223     2835104452.3746
   247.014    7.8242    4.3460    3.5078   1240.4419    3.6162     2956644742.1647
   256.578    7.8155    4.3366    3.5071   1277.8946    3.6101     3077951455.9100
   266.142    7.8069    4.3274    3.5063   1315.3473    3.6040     3199026200.8377
   275.706    7.7990    4.3186    3.5055   1352.8000    3.5980     3319869886.0457
   285.270    7.7908    4.3093    3.5046   1390.2527    3.5920     3440482949.6601
   294.834    7.7820    4.3003    3.5038   1427.7054    3.5860     3560865361.5222
   304.398    7.7742    4.2915    3.5029   1465.1581    3.5801     3681018685.3720
   313.962    7.7662    4.2826    3.5021   1502.6108    3.5742     3800945088.4800
   323.526    7.7569    4.2729    3.5011   1540.0635    3.5683     3920643095.7886
   333.091    7.7486    4.2639    3.5003   1577.5162    3.5625     4040114509.4587
   342.655    7.7400    4.2548    3.4994   1614.9689    3.5568     4159362706.2900
   352.219    7.7316    4.2458    3.4985   1652.4216    3.5511     4278387655.0960
   361.783    7.7229    4.2366    3.4976   1689.8743    3.5454     4397190205.7273
   371.347    7.7137    4.2271    3.4965   1727.3270    3.5398     4515769691.3574
   380.911    7.7057    4.2182    3.4957   1764.7797    3.5342     4634129211.7224
   390.475    7.6968    4.2089    3.4947   1802.2324    3.5286     4752270228.1474
   400.039    7.6882    4.1997    3.4937   1839.6851    3.5231     4870192024.8688
   409.603    7.6798    4.1905    3.4929   1877.1378    3.5176     4987899543.5835
   419.168    7.6708    4.1811    3.4918   1914.5905    3.5122     5105393366.5351
   428.732    7.6617    4.1717    3.4908   1952.0432    3.5069     5222671941.6787
   438.296    7.6527    4.1623    3.4898   1989.4959    3.5015     5339737244.2493
   461.381    7.6815    4.1713    3.4982   1994.1817    3.4888     5622172361.9041
   484.466    7.7099    4.1804    3.5066   1998.7630    3.4761     5904254091.7772
   507.551    7.7364    4.1886    3.5146   2003.1679    3.4635     6185967760.4728
   530.637    7.7629    4.1969    3.5227   2007.5093    3.4510     6467302306.5145
   553.722    7.7895    4.2053    3.5306   2011.7242    3.4385     6748257629.0137
   576.807    7.8143    4.2130    3.5386   2016.0185    3.4262     7028834467.5453
   599.892    7.8398    4.2210    3.5464   2020.1032    3.4140     7309029830.9036
   622.977    7.8644    4.2287    3.5541   2024.0625    3.4019     7588836131.3354
   646.063    7.8893    4.2365    3.5619   2028.1006    3.3899     7868258922.3567
   669.148    7.9133    4.2438    3.5695   2031.9192    3.3781     8147301759.0809
   692.233    7.9378    4.2516    3.5772   2035.8210    3.3664     8425967484.6365
   715.318    7.9616    4.2590    3.5849   2039.5042    3.3548     8704263602.0230
   738.404    7.9860    4.2668    3.5926   2043.2636    3.3434     8982196963.8222
   761.489    8.0101    4.2745    3.6002   2046.8465    3.3321     9259775764.8282
   784.574    8.0342    4.2822    3.6079   2050.3715    3.3211     9537009043.9355
   807.659    8.0583    4.2901    3.6156   2053.8663    3.3102     9813910870.2326
   830.744    8.0830    4.2982    3.6235   2057.4087    3.2994    10090500276.8365
   853.830    8.1076    4.3064    3.6314   2060.8176    3.2889    10366796266.0133
   876.915    8.1328    4.3150    3.6395   2064.1349    3.2786    10642817748.2662
   900.000    8.1584    4.3239    3.6478   2067.4388    3.2685    10918592186.3377
   917.128    8.1779    4.3308    3.6540   2069.8686    3.2611    11122980527.0329
   934.256    8.1987    4.3384    3.6607   2072.2531    3.2539    11327270640.4403
   951.384    8.2191    4.3460    3.6674   2074.6916    3.2467    11531479014.2903
   968.513    8.2411    4.3545    3.6745   2077.1131    3.2397    11735622303.6542
   985.641    8.2601    4.3615    3.6807   2079.5340    3.2328    11939695027.0336
  1002.769    8.2883    4.3735    3.6899   2082.0236    3.2261    12143759753.6853
  1019.897    8.3079    4.3804    3.6968   2084.6678    3.2195    12347843078.1848
  1037.025    8.3260    4.3867    3.7032   2087.2225    3.2130    12551874055.1772
  1054.153    8.3455    4.3933    3.7102   2090.0507    3.2066    12755862151.8958
  1071.282    8.3615    4.3984    3.7160   2092.3830    3.2004    12959799365.3697
  1088.410    8.3767    4.4031    3.7215   2094.6328    3.1944    13163651344.7824
  1105.538    8.3917    4.4076    3.7268   2096.9229    3.1886    13367417513.4846
  1122.666    8.4689    4.4537    3.7490   2105.2711    3.1829    13571565175.1630
  1139.794    8.6133    4.5446    3.7879   2120.5227    3.1770    13777010600.1923
  1156.922    8.8113    4.6715    3.8388   2135.6751    3.1707    13984519271.9689
  1174.051    8.8976    4.7238    3.8616   2145.2300    3.1642    14193619819.0518
  1191.179    8.9125    4.7285    3.8669   2146.8453    3.1578    14403050433.6834
  1208.307    8.9264    4.7326    3.8721   2148.9573    3.1515    14612337819.5592
  1225.435    8.9402    4.7366    3.8773   2151.0245    3.1455    14821492441.8433
  1242.563    8.9540    4.7406    3.8825   2152.9288    3.1397    15030528596.2983
  1259.691    8.9678    4.7448    3.8877   2154.7299    3.1342    15239460691.9125
  1276.820    8.9815    4.7489    3.8930   2156.8080    3.1288    15448303698.4080
  1293.948    8.9940    4.7522    3.8982   2158.3525    3.1238    15657071936.0824
  1311.076    9.0069    4.7558    3.9033   2160.0453    3.1190    15865778482.4798
  1328.204    9.0202    4.7597    3.9087   2161.6629    3.1144    16074445856.3811
  1345.332    9.0330    4.7635    3.9138   2163.1537    3.1102    16283090448.1191
  1362.460    9.0459    4.7673    3.9192   2164.6484    3.1062    16491729234.2689
  1379.589    9.0581    4.7705    3.9245   2166.0248    3.1026    16700387339.2951
  1396.717    9.0700    4.7737    3.9297   2167.3478    3.0992    16909079813.3375
  1413.845    9.0824    4.7773    3.9351   2168.6711    3.0962    17117828708.1616
  1430.973    9.1081    4.7893    3.9431   2171.4257    3.0935    17326731078.0045
  1448.101    9.1470    4.8096    3.9543   2176.0357    3.0911    17535960131.5026
  1465.229    9.1867    4.8313    3.9652   2180.7548    3.0890    17745610886.3471
  1482.358    9.2276    4.8536    3.9771   2185.5559    3.0872    17955720771.2233
  1499.486    9.2678    4.8760    3.9888   2190.0469    3.0857    18166329599.4851
  1516.614    9.3089    4.8990    4.0014   2194.8959    3.0844    18377477577.7666
  1533.742    9.3343    4.9119    4.0098   2198.0332    3.0836    18589098026.8956
  1550.870    9.3474    4.9168    4.0145   2200.0520    3.0831    18801004078.0945
  1567.998    9.3613    4.9220    4.0198   2202.4545    3.0831    19013141069.4296
  1567.998    4.8581    0.0000    4.0446         nan    3.0831    19013141069.4296
  1584.637    4.8716    0.0000    4.0505         nan    3.0832    19220770003.4462
  1601.275    4.8852    0.0000    4.0564         nan    3.0838    19428709091.5691
  1617.913    4.8987    0.0000    4.0624         nan    3.0848    19636988577.0799
  1634.551    4.9121    0.0000    4.0682         nan    3.0863    19845638494.5108
  1651.189    4.9249    0.0000    4.0739         nan    3.0883    20054684874.6950
  1667.827    4.9378    0.0000    4.0795         nan    3.0908    20264156973.7039
  1684.465    4.9507    0.0000    4.0851         nan    3.0939    20474091213.1729
  1701.103    4.9632    0.0000    4.0906         nan    3.0976    20684522612.3338
  1717.741    4.9755    0.0000    4.0960         nan    3.1019    20895484227.9008
  1717.741    5.2372    0.0000    6.4069         nan    3.1019    20895484227.9008
  1775.388    5.2991    0.0000    6.4477         nan    3.0054    22044759457.9285
  1833.035    5.3578    0.0000    6.4865         nan    2.9077    23165185475.5623
  1890.682    5.4136    0.0000    6.5234         nan    2.8089    24255553696.5475
  1948.329    5.4665    0.0000    6.5586         nan    2.7091    25314714356.8485
  2005.975    5.5166    0.0000    6.5920         nan    2.6082    26341573845.3553
  2063.622    5.5642    0.0000    6.6237         nan    2.5064    27335092387.9254
  2121.269    5.6091    0.0000    6.6538         nan    2.4036    28294282026.6735
  2178.916    5.6517    0.0000    6.6823         nan    2.3000    29218204845.4926
  2236.563    5.6918    0.0000    6.7093         nan    2.1955    30105971405.5430
  2294.210    5.7297    0.0000    6.7347         nan    2.0903    30956739354.0494
  2351.857    5.7653    0.0000    6.7587         nan    1.9843    31769712178.9826
  2409.503    5.7987    0.0000    6.7813         nan    1.8777    32544138085.6509
  2467.150    5.8299    0.0000    6.8024         nan    1.7704    33279308967.9073
  2524.797    5.8591    0.0000    6.8221         nan    1.6625    33974559447.4512
  2582.444    5.8862    0.0000    6.8405         nan    1.5541    34629265952.3577
  2640.091    5.9113    0.0000    6.8575         nan    1.4451    35242845796.7213
  2697.738    5.9344    0.0000    6.8732         nan    1.3356    35814756204.4499
  2755.385    5.9556    0.0000    6.8876         nan    1.2256    36344493194.3743
  2813.031    5.9748    0.0000    6.9007         nan    1.1152    36831590183.2922
  2870.678    5.9921    0.0000    6.9125         nan    1.0044    37275616050.9972
  2928.325    6.0076    0.0000    6.9230         nan    0.8932    37676172179.6356
  2985.972    6.0212    0.0000    6.9322         nan    0.7816    38032887470.0700
  3043.619    6.0329    0.0000    6.9403         nan    0.6695    38345409126.0083
  3101.266    6.0429    0.0000    6.9470         nan    0.5567    38613383841.4047
  3158.913    6.0510    0.0000    6.9525         nan    0.4428    38836414690.4436
  3216.559    6.0573    0.0000    6.9568         nan    0.3264    39013946426.7340
  3274.206    6.0617    0.0000    6.9599         nan    0.2018    39144887989.3746
  3331.853    6.0644    0.0000    6.9617         nan    0.0219    39225860052.5548
  3389.500    6.0653    0.0000    6.9623         nan    0.0000    39234638686.8753
