# Depth[km]  Vp[km/s]  Vs[km/s] Rho[g/cm3]    T[K]     g[m/s2]         P[Pa]        
     0.000    3.6650    2.2150    1.6667    273.1500    3.7291              0.0000
    12.949    3.6650    2.2150    1.6667    326.5512    3.7396       80478643.0965
    12.949    4.8841    2.9518    2.2210    326.5512    3.7396       80478643.0965
    28.830    4.8841    2.9518    2.2210    392.0504    3.7453      212383686.7023
    28.830    5.3415    3.2283    2.4290    392.0504    3.7453      212383686.7023
    47.210    5.3415    3.2283    2.4290    467.8565    3.7489      379596234.2357
    47.210    7.9948    4.5408    3.5187    467.8565    3.7489      379596234.2357
    56.906    7.9863    4.5306    3.5182    507.8446    3.7421      507484957.7372
    66.601    7.9775    4.5203    3.5177    547.8326    3.7353      635122631.3253
    76.297    7.9684    4.5097    3.5171    587.8207    3.7285      762507960.2333
    85.993    7.9587    4.4990    3.5164    627.8087    3.7217      889638864.6579
    95.688    7.9495    4.4886    3.5158    667.7968    3.7150     1016515925.4577
   105.384    7.9401    4.4781    3.5152    707.7849    3.7083     1143140501.3071
   115.080    7.9303    4.4675    3.5144    747.7729    3.7016     1269510649.9274
   124.775    7.9206    4.4572    3.5137    787.7610    3.6949     1395626664.2624
   134.471    7.9106    4.4466    3.5128    827.7490    3.6883     1521488572.9763
   144.167    7.9012    4.4364    3.5121    867.7371    3.6818     1647097060.2195
   153.862    7.8911    4.4259    3.5112    907.7251    3.6752     1772452511.6212
   163.558    7.8812    4.4157    3.5103    947.7132    3.6687     1897553173.4496
   173.253    7.8710    4.4052    3.5093    987.7012    3.6622     2022398935.1337
   182.949    7.8611    4.3950    3.5084   1027.6893    3.6558     2146990817.0461
   192.645    7.8514    4.3849    3.5075   1067.6774    3.6494     2271330697.1770
   202.340    7.8408    4.3742    3.5064   1107.6654    3.6430     2395417801.9642
   212.036    7.8307    4.3641    3.5054   1147.6535    3.6367     2519251924.7207
   221.732    7.8210    4.3541    3.5044   1187.6415    3.6304     2642835414.7970
   231.427    7.8110    4.3439    3.5034   1227.6296    3.6241     2766169223.1662
   241.123    7.8003    4.3335    3.5023   1267.6176    3.6179     2889253052.0385
   250.819    7.7907    4.3234    3.5013   1307.6057    3.6117     3012088826.5776
   260.514    7.7819    4.3139    3.5002   1347.5937    3.6056     3134678867.8949
   270.210    7.7717    4.3035    3.4991   1387.5818    3.5995     3257021842.4972
   279.905    7.7625    4.2939    3.4980   1427.5698    3.5934     3379119207.7861
   289.601    7.7521    4.2836    3.4968   1467.5579    3.5874     3500971554.6732
   299.297    7.7426    4.2739    3.4957   1507.5460    3.5815     3622579127.4123
   308.992    7.7327    4.2636    3.4945   1547.5340    3.5755     3743944213.9459
   318.688    7.7225    4.2536    3.4933   1587.5221    3.5696     3865066723.4429
   328.384    7.7128    4.2436    3.4921   1627.5101    3.5638     3985948902.2707
   338.079    7.7027    4.2335    3.4909   1667.4982    3.5580     4106592502.5316
   347.775    7.6927    4.2234    3.4897   1707.4862    3.5522     4226997765.6673
   357.471    7.6827    4.2133    3.4885   1747.4743    3.5465     4347166171.3859
   367.166    7.6729    4.2033    3.4873   1787.4623    3.5409     4467099502.7537
   376.862    7.6629    4.1932    3.4860   1827.4504    3.5352     4586799464.8636
   386.557    7.6521    4.1827    3.4847   1867.4384    3.5297     4706266202.9656
   396.253    7.6418    4.1724    3.4835   1907.4265    3.5242     4825500415.7872
   405.949    7.6320    4.1624    3.4822   1947.4146    3.5187     4944505130.5209
   415.644    7.6214    4.1519    3.4809   1987.4026    3.5133     5063280795.0588
   425.340    7.6114    4.1418    3.4796   2027.3907    3.5079     5181828344.1601
   435.036    7.6007    4.1313    3.4781   2067.3787    3.5026     5300147827.7060
   458.284    7.6309    4.1409    3.4868   2072.4540    3.4899     5583719467.4951
   481.532    7.6594    4.1497    3.4953   2077.3917    3.4773     5866963931.4270
   504.780    7.6882    4.1589    3.5037   2082.2112    3.4648     6149868747.4501
   528.029    7.7157    4.1675    3.5120   2086.9947    3.4524     6432428330.5702
   551.277    7.7423    4.1758    3.5201   2091.5340    3.4400     6714633963.7678
   574.525    7.7685    4.1840    3.5282   2095.9876    3.4278     6996478980.9451
   597.773    7.7942    4.1921    3.5362   2100.3975    3.4157     7277962059.7672
   621.021    7.8194    4.1999    3.5441   2104.7767    3.4037     7559081734.0160
   644.270    7.8452    4.2081    3.5520   2109.0206    3.3918     7839840556.8817
   667.518    7.8698    4.2157    3.5598   2113.1184    3.3801     8120237463.2694
   690.766    7.8946    4.2234    3.5677   2117.2789    3.3685     8400279094.9733
   714.014    7.9189    4.2310    3.5755   2121.2366    3.3570     8679972724.4519
   737.262    7.9437    4.2389    3.5833   2125.2598    3.3457     8959323243.9545
   760.511    7.9683    4.2467    3.5911   2129.0605    3.3346     9238340177.4970
   783.759    7.9927    4.2546    3.5988   2132.8644    3.3236     9517030689.9886
   807.007    8.0173    4.2625    3.6068   2136.7147    3.3129     9795413395.8605
   830.255    8.0421    4.2706    3.6147   2140.3554    3.3023    10073504854.3986
   853.504    8.0665    4.2786    3.6225   2143.9944    3.2919    10351310534.0397
   876.752    8.0925    4.2875    3.6308   2147.5307    3.2817    10628860935.9356
   900.000    8.1175    4.2959    3.6389   2151.1666    3.2717    10906178125.8378
   917.295    8.1390    4.3038    3.6457   2153.7544    3.2645    11112281953.7948
   934.591    8.1595    4.3111    3.6523   2156.3878    3.2573    11318308306.4000
   951.886    8.1805    4.3189    3.6591   2158.9422    3.2503    11524261816.9680
   969.182    8.2018    4.3269    3.6661   2161.5265    3.2434    11730157073.3036
   986.477    8.2248    4.3359    3.6735   2164.1371    3.2367    11936017647.9427
  1003.773    8.2485    4.3453    3.6813   2166.7840    3.2300    12141874719.9647
  1021.068    8.2670    4.3514    3.6878   2169.5436    3.2235    12347710778.7367
  1038.364    8.2858    4.3578    3.6945   2172.2952    3.2172    12553503195.7216
  1055.659    8.3051    4.3645    3.7014   2175.0928    3.2110    12759269761.6810
  1072.955    8.3241    4.3711    3.7082   2177.8882    3.2050    12965020510.6575
  1090.250    8.3403    4.3764    3.7140   2180.2113    3.1992    13170735468.7494
  1107.546    8.3643    4.3868    3.7230   2181.5551    3.1935    13376484413.6495
  1124.841    8.3881    4.3970    3.7321   2182.8213    3.1880    13582366269.2600
  1142.137    8.4120    4.4073    3.7411   2184.3147    3.1826    13788392509.5538
  1159.432    8.5668    4.5051    3.7828   2198.5747    3.1772    13995469596.5809
  1176.728    8.7640    4.6311    3.8341   2216.0759    3.1713    14204745897.1604
  1194.023    8.8607    4.6902    3.8595   2225.9483    3.1653    14415740403.5325
  1211.319    8.8767    4.6953    3.8652   2228.3545    3.1593    14627181980.7761
  1228.614    8.8911    4.6994    3.8707   2230.3071    3.1535    14838530300.5271
  1245.909    8.9054    4.7035    3.8762   2232.4179    3.1479    15049791909.5456
  1263.205    8.9197    4.7077    3.8817   2234.3274    3.1426    15260978868.9696
  1280.500    8.9333    4.7114    3.8872   2236.1710    3.1376    15472109392.3530
  1297.796    8.9473    4.7155    3.8929   2238.2288    3.1328    15683204073.4994
  1315.091    8.9612    4.7194    3.8984   2239.8454    3.1282    15894279802.4082
  1332.387    8.9743    4.7229    3.9041   2241.4452    3.1240    16105353441.5116
  1349.682    8.9876    4.7267    3.9096   2242.9148    3.1200    16316442184.0160
  1366.978    9.0012    4.7307    3.9152   2244.3162    3.1164    16527565596.2394
  1384.273    9.0137    4.7339    3.9209   2245.7072    3.1131    16738748013.6973
  1401.569    9.0262    4.7372    3.9265   2247.0114    3.1100    16950007263.7687
  1418.864    9.0393    4.7408    3.9325   2248.1703    3.1074    17161373126.0463
  1436.160    9.0509    4.7440    3.9376   2248.8907    3.1051    17372855216.7304
  1453.455    9.0641    4.7474    3.9441   2249.6969    3.1031    17584491049.1170
  1470.751    9.0834    4.7551    3.9516   2251.8048    3.1015    17796371448.1778
  1488.046    9.1251    4.7774    3.9635   2256.2969    3.1003    18008664411.5242
  1505.342    9.1647    4.7984    3.9756   2260.6702    3.0993    18221514854.4973
  1522.637    9.2074    4.8219    3.9889   2265.1111    3.0987    18434980236.1526
  1539.933    9.2490    4.8448    4.0022   2269.6556    3.0984    18649115215.4900
  1557.228    9.2658    4.8517    4.0085   2271.7992    3.0985    18863758414.4331
  1574.523    9.2802    4.8577    4.0132   2274.2025    3.0991    19078704967.7887
  1574.523    4.7458    0.0000    4.0463         nan    3.0991    19078704967.7887
  1587.551    4.7527    0.0000    4.0512         nan    3.0996    19242164955.0448
  1600.578    4.7596    0.0000    4.0560         nan    3.1003    19405843389.5145
  1613.605    4.7665    0.0000    4.0609         nan    3.1012    19569755065.6531
  1626.632    4.7734    0.0000    4.0658         nan    3.1025    19733915307.0815
  1639.659    4.7802    0.0000    4.0706         nan    3.1041    19898339223.8016
  1652.686    4.7868    0.0000    4.0753         nan    3.1060    20063039370.7057
  1665.713    4.7934    0.0000    4.0800         nan    3.1082    20228029707.2506
  1678.741    4.7999    0.0000    4.0846         nan    3.1108    20393327985.0301
  1691.768    4.8065    0.0000    4.0893         nan    3.1137    20558952593.6868
  1691.768    5.3308    0.0000    6.3372         nan    3.1137    20558952593.6868
  1750.310    5.4040    0.0000    6.3768         nan    3.0167    21717739722.5854
  1808.853    5.4733    0.0000    6.4143         nan    2.9185    22847226272.8420
  1867.395    5.5388    0.0000    6.4499         nan    2.8192    23946194634.4514
  1925.938    5.6008    0.0000    6.4837         nan    2.7189    25013494536.7063
  1984.480    5.6595    0.0000    6.5157         nan    2.6175    26048039126.9476
  2043.023    5.7149    0.0000    6.5460         nan    2.5153    27048801654.4460
  2101.565    5.7673    0.0000    6.5747         nan    2.4122    28014812672.6135
  2160.108    5.8168    0.0000    6.6018         nan    2.3082    28945157689.9009
  2218.650    5.8633    0.0000    6.6274         nan    2.2035    29838975225.7620
  2277.193    5.9072    0.0000    6.6515         nan    2.0981    30695455247.2586
  2335.735    5.9484    0.0000    6.6741         nan    1.9921    31513837980.4137
  2394.278    5.9870    0.0000    6.6954         nan    1.8854    32293413117.7120
  2452.820    6.0230    0.0000    6.7153         nan    1.7782    33033519472.8871
  2511.363    6.0566    0.0000    6.7339         nan    1.6705    33733545180.1591
  2569.905    6.0879    0.0000    6.7511         nan    1.5624    34392928607.7286
  2628.448    6.1167    0.0000    6.7671         nan    1.4540    35011160266.9569
  2686.990    6.1433    0.0000    6.7818         nan    1.3453    35587786192.5029
  2745.533    6.1676    0.0000    6.7952         nan    1.2364    36122413609.4666
  2804.075    6.1897    0.0000    6.8075         nan    1.1276    36614720332.7181
  2862.618    6.2096    0.0000    6.8185         nan    1.0191    37064470562.9741
  2921.160    6.2273    0.0000    6.8283         nan    0.9111    37471542242.3717
  2979.703    6.2429    0.0000    6.8370         nan    0.8043    37835976599.5960
  3038.245    6.2563    0.0000    6.8444         nan    0.6998    38158073456.7834
  3096.788    6.2677    0.0000    6.8507         nan    0.5997    38438589657.6790
  3155.330    6.2770    0.0000    6.8559         nan    0.5094    38679197873.9571
  3213.873    6.2842    0.0000    6.8599         nan    0.4442    38883711710.2342
  3272.415    6.2893    0.0000    6.8627         nan    0.4659    39062122638.8661
  3330.958    6.2924    0.0000    6.8645         nan    1.0774    39249347077.3822
  3389.500    6.2934    0.0000    6.8650         nan    0.0000    39682351584.9804
