# Depth[km]  Vp[km/s]  Vs[km/s] Rho[g/cm3]    T[K]     g[m/s2]         P[Pa]        
     0.000    3.3915    1.9989    1.5110    273.1500    3.7291              0.0000
    10.456    3.3915    1.9989    1.5110    315.2243    3.7389       58915445.9026
    10.456    4.7658    2.8088    2.1232    315.2243    3.7389       58915445.9026
    28.508    4.7658    2.8088    2.1232    387.8680    3.7469      202217924.9175
    28.508    5.9869    3.5285    2.6673    387.8680    3.7469      202217924.9175
    48.810    5.9869    3.5285    2.6673    469.5723    3.7468      405121385.2994
    48.810    7.9960    4.5409    3.5191    469.5723    3.7468      405121385.2994
    58.424    7.9880    4.5311    3.5187    508.2622    3.7400      531882193.0716
    68.039    7.9799    4.5212    3.5183    546.9522    3.7333      658399445.8855
    77.653    7.9713    4.5110    3.5179    585.6421    3.7265      784671942.8025
    87.267    7.9623    4.5008    3.5173    624.3320    3.7198      910697530.6372
    96.881    7.9536    4.4908    3.5168    663.0219    3.7131     1036476550.6776
   106.495    7.9448    4.4808    3.5162    701.7118    3.7065     1162010348.4277
   116.109    7.9359    4.4707    3.5157    740.4017    3.6998     1287298923.1378
   125.723    7.9266    4.4607    3.5150    779.0916    3.6932     1412341349.7477
   135.338    7.9176    4.4506    3.5143    817.7816    3.6867     1537137150.5332
   144.952    7.9083    4.4407    3.5136    856.4715    3.6801     1661686656.0991
   154.566    7.8989    4.4307    3.5128    895.1614    3.6736     1785988958.6693
   164.180    7.8898    4.4209    3.5121    933.8513    3.6671     1910044974.7093
   173.794    7.8806    4.4111    3.5114    972.5412    3.6607     2033856096.3691
   183.408    7.8714    4.4012    3.5106   1011.2311    3.6543     2157422679.7086
   193.022    7.8619    4.3914    3.5097   1049.9210    3.6479     2280743713.4062
   202.636    7.8526    4.3816    3.5089   1088.6110    3.6416     2403819442.3089
   212.251    7.8433    4.3718    3.5080   1127.3009    3.6353     2526651753.8848
   221.865    7.8339    4.3621    3.5071   1165.9908    3.6290     2649241253.3751
   231.479    7.8244    4.3523    3.5062   1204.6807    3.6228     2771587697.5257
   241.093    7.8149    4.3425    3.5052   1243.3706    3.6166     2893691228.7911
   250.707    7.8051    4.3325    3.5043   1282.0605    3.6104     3015553399.6793
   260.321    7.7958    4.3227    3.5034   1320.7504    3.6043     3137175462.7511
   269.935    7.7875    4.3137    3.5024   1359.4404    3.5982     3258558557.0593
   279.550    7.7782    4.3039    3.5014   1398.1303    3.5922     3379702577.1070
   289.164    7.7693    4.2946    3.5004   1436.8202    3.5862     3500608293.6128
   298.778    7.7606    4.2853    3.4995   1475.5101    3.5802     3621278628.3387
   308.392    7.7514    4.2756    3.4985   1514.2000    3.5743     3741715007.7380
   318.006    7.7421    4.2659    3.4974   1552.8899    3.5684     3861916170.3720
   327.620    7.7331    4.2564    3.4964   1591.5799    3.5626     3981884355.4879
   337.234    7.7234    4.2467    3.4953   1630.2698    3.5568     4101620641.8599
   346.848    7.7148    4.2374    3.4943   1668.9597    3.5510     4221125927.9062
   356.463    7.7053    4.2277    3.4932   1707.6496    3.5453     4340402073.8107
   366.077    7.6953    4.2177    3.4920   1746.3395    3.5396     4459447461.2903
   375.691    7.6868    4.2084    3.4911   1785.0294    3.5340     4578266117.6690
   385.305    7.6769    4.1984    3.4899   1823.7193    3.5284     4696860059.8482
   394.919    7.6676    4.1888    3.4888   1862.4093    3.5229     4815227638.2066
   404.533    7.6578    4.1790    3.4877   1901.0992    3.5174     4933371106.4991
   414.147    7.6483    4.1692    3.4865   1939.7891    3.5119     5051292923.1429
   423.762    7.6387    4.1594    3.4853   1978.4790    3.5066     5168992961.0737
   433.376    7.6292    4.1496    3.4842   2017.1689    3.5012     5286472565.5204
   456.707    7.6585    4.1588    3.4928   2021.9944    3.4883     5571436820.8716
   480.038    7.6872    4.1679    3.5012   2026.7491    3.4755     5856045656.9701
   503.369    7.7150    4.1766    3.5096   2031.4347    3.4628     6140290612.9772
   526.701    7.7423    4.1852    3.5177   2035.9166    3.4501     6424161850.8338
   550.032    7.7685    4.1933    3.5258   2040.3609    3.4376     6707650784.9277
   573.363    7.7947    4.2016    3.5339   2044.6471    3.4251     6990754674.7546
   596.694    7.8205    4.2096    3.5419   2048.9485    3.4128     7273474170.5729
   620.025    7.8458    4.2175    3.5498   2053.1989    3.4006     7555808941.5523
   643.357    7.8707    4.2253    3.5575   2057.1779    3.3885     7837754269.1898
   666.688    7.8957    4.2331    3.5654   2061.2633    3.3765     8119313730.0158
   690.019    7.9201    4.2407    3.5732   2065.2260    3.3647     8400493457.8789
   713.350    7.9446    4.2484    3.5810   2069.1143    3.3530     8681298642.0980
   736.681    7.9692    4.2562    3.5887   2072.9080    3.3414     8961737323.1172
   760.013    7.9939    4.2642    3.5965   2076.6921    3.3301     9241818060.2086
   783.344    8.0182    4.2719    3.6043   2080.3489    3.3189     9521549714.7179
   806.675    8.0421    4.2795    3.6120   2083.9491    3.3079     9800941367.8778
   830.006    8.0672    4.2878    3.6200   2087.5101    3.2970    10080014452.2548
   853.338    8.0927    4.2964    3.6281   2091.1002    3.2864    10358793358.4808
   876.669    8.1181    4.3050    3.6363   2094.5500    3.2760    10637298670.2899
   900.000    8.1443    4.3141    3.6447   2097.9798    3.2658    10915554621.1551
   917.154    8.1638    4.3210    3.6510   2100.4528    3.2584    11119917021.0172
   934.309    8.1840    4.3283    3.6576   2102.9350    3.2511    11324176549.3681
   951.463    8.2051    4.3362    3.6644   2105.3824    3.2440    11528354092.5349
   968.618    8.2269    4.3446    3.6714   2107.8647    3.2370    11732469088.9870
   985.772    8.2483    4.3526    3.6785   2110.3661    3.2301    11936534404.2665
  1002.927    8.2738    4.3633    3.6867   2112.9028    3.2233    12140589967.6006
  1020.081    8.2925    4.3696    3.6934   2115.5626    3.2167    12344630164.0753
  1037.236    8.3100    4.3752    3.6996   2118.0803    3.2102    12548606542.6750
  1054.390    8.3300    4.3825    3.7068   2120.9162    3.2039    12752541016.7603
  1071.545    8.3474    4.3883    3.7131   2123.4574    3.1977    12956442132.2521
  1088.699    8.3631    4.3932    3.7186   2125.8953    3.1917    13160275296.0495
  1105.853    8.3805    4.3993    3.7250   2127.8870    3.1859    13364052607.6287
  1123.008    8.4037    4.4094    3.7338   2129.2922    3.1802    13567872732.1429
  1140.162    8.5314    4.4889    3.7688   2142.9388    3.1745    13772526792.1404
  1157.317    8.6985    4.5950    3.8128   2160.9125    3.1686    13978966655.6874
  1174.471    8.8789    4.7102    3.8587   2173.7447    3.1622    14187460906.4288
  1191.626    8.8935    4.7146    3.8640   2175.8636    3.1558    14396925908.8817
  1208.780    8.9077    4.7188    3.8693   2178.0247    3.1496    14606250536.6261
  1225.935    8.9219    4.7229    3.8747   2179.9761    3.1435    14815450330.4329
  1243.089    8.9357    4.7269    3.8799   2182.0107    3.1378    15024537871.3777
  1260.244    8.9496    4.7309    3.8853   2183.9223    3.1322    15233525695.9118
  1277.398    8.9633    4.7350    3.8906   2185.7861    3.1269    15442431425.2912
  1294.552    8.9765    4.7388    3.8959   2187.5611    3.1218    15651266812.1292
  1311.707    8.9898    4.7424    3.9013   2189.2182    3.1171    15860049595.2464
  1328.861    9.0030    4.7463    3.9066   2190.9215    3.1125    16068798386.1420
  1346.016    9.0158    4.7498    3.9120   2192.3557    3.1083    16277531005.2290
  1363.170    9.0285    4.7535    3.9173   2193.8246    3.1043    16486265654.3770
  1380.325    9.0414    4.7573    3.9227   2195.1046    3.1007    16695020350.1560
  1397.479    9.0539    4.7608    3.9280   2196.3631    3.0974    16903814239.5580
  1414.634    9.0658    4.7637    3.9337   2197.7669    3.0944    17112674078.6731
  1431.788    9.0780    4.7670    3.9392   2198.9765    3.0917    17321628836.4453
  1448.943    9.1067    4.7809    3.9480   2201.9197    3.0893    17530783102.9015
  1466.097    9.1462    4.8020    3.9592   2206.6510    3.0873    17740306504.8349
  1483.251    9.1874    4.8244    3.9710   2210.9452    3.0856    17950300271.4787
  1500.406    9.2259    4.8450    3.9829   2215.6095    3.0841    18160802868.3509
  1517.560    9.2681    4.8686    3.9956   2220.1738    3.0830    18371857785.9934
  1534.715    9.3048    4.8889    4.0072   2224.5749    3.0822    18583477091.6881
  1551.869    9.3168    4.8929    4.0117   2226.4037    3.0817    18795465414.2371
  1569.024    9.3300    4.8979    4.0165   2228.4881    3.0818    19007671126.8416
  1569.024    5.0101    0.0000    4.0299         nan    3.0818    19007671126.8416
  1587.619    5.0261    0.0000    4.0360         nan    3.0822    19238789783.1821
  1606.215    5.0422    0.0000    4.0422         nan    3.0831    19470289849.5953
  1624.810    5.0582    0.0000    4.0483         nan    3.0847    19702214633.0700
  1643.406    5.0737    0.0000    4.0543         nan    3.0869    19934604384.0274
  1662.001    5.0890    0.0000    4.0601         nan    3.0897    20167498595.5793
  1680.597    5.1042    0.0000    4.0660         nan    3.0933    20400944589.9026
  1699.192    5.1193    0.0000    4.0718         nan    3.0976    20634993459.6766
  1717.788    5.1337    0.0000    4.0774         nan    3.1026    20869692943.3525
  1736.384    5.1482    0.0000    4.0829         nan    3.1084    21105095782.8502
  1736.384    5.2737    0.0000    6.5002         nan    3.1084    21105095782.8502
  1793.388    5.3359    0.0000    6.5406         nan    3.0114    22260468495.5275
  1850.392    5.3950    0.0000    6.5791         nan    2.9132    23386556519.4568
  1907.396    5.4510    0.0000    6.6157         nan    2.8139    24482166041.2932
  1964.400    5.5042    0.0000    6.6506         nan    2.7136    25546161153.3361
  2021.404    5.5546    0.0000    6.6837         nan    2.6122    26577461054.8763
  2078.408    5.6024    0.0000    6.7151         nan    2.5099    27575037578.7253
  2135.412    5.6476    0.0000    6.7449         nan    2.4066    28537912977.4546
  2192.416    5.6904    0.0000    6.7732         nan    2.3025    29465157912.1474
  2249.420    5.7307    0.0000    6.7999         nan    2.1975    30355889588.9369
  2306.424    5.7688    0.0000    6.8251         nan    2.0918    31209269987.5121
  2363.428    5.8046    0.0000    6.8489         nan    1.9853    32024504120.0896
  2420.432    5.8382    0.0000    6.8712         nan    1.8780    32800838250.7253
  2477.436    5.8696    0.0000    6.8921         nan    1.7701    33537557978.0000
  2534.440    5.8989    0.0000    6.9116         nan    1.6615    34233986053.5023
  2591.444    5.9262    0.0000    6.9298         nan    1.5523    34889479742.7437
  2648.448    5.9514    0.0000    6.9467         nan    1.4424    35503427433.1254
  2705.452    5.9746    0.0000    6.9622         nan    1.3319    36075244013.6768
  2762.456    5.9959    0.0000    6.9764         nan    1.2206    36604364230.1348
  2819.460    6.0152    0.0000    6.9894         nan    1.1086    37090232618.6542
  2876.464    6.0326    0.0000    7.0010         nan    0.9956    37532287461.9924
  2933.468    6.0482    0.0000    7.0115         nan    0.8815    37929933831.9054
  2990.472    6.0619    0.0000    7.0206         nan    0.7657    38282495562.9605
  3047.476    6.0737    0.0000    7.0285         nan    0.6473    38589123655.8713
  3104.480    6.0836    0.0000    7.0352         nan    0.5242    38848606369.0240
  3161.484    6.0918    0.0000    7.0407         nan    0.3915    39058930931.7487
  3218.488    6.0981    0.0000    7.0449         nan    0.2346    39216114106.4340
  3275.492    6.1026    0.0000    7.0480         nan   -0.0056    39310349676.0746
  3332.496    6.1053    0.0000    7.0498         nan   -0.8086    39308119063.3119
  3389.500    6.1062    0.0000    7.0504         nan    0.0000    38983172131.9381
