# Depth[km]  Vp[km/s]  Vs[km/s] Rho[g/cm3]    T[K]     g[m/s2]         P[Pa]        
     0.000    3.8687    2.3009    1.7713    273.1500    3.7291              0.0000
    12.123    3.8687    2.3009    1.7713    318.1847    3.7378       80072808.9219
    12.123    4.8478    2.8832    2.2196    318.1847    3.7378       80072808.9219
    28.802    4.8478    2.8832    2.2196    380.1524    3.7438      218451507.4732
    28.802    6.3119    3.7540    2.8900    380.1524    3.7438      218451507.4732
    45.287    6.3119    3.7540    2.8900    441.3990    3.7407      396812274.4925
    45.287    7.9533    4.5331    3.4846    441.3990    3.7407      396812274.4925
    55.213    7.9482    4.5255    3.4848    478.2793    3.7339      526207088.1403
    65.140    7.9429    4.5177    3.4849    515.1596    3.7271      655372789.1783
    75.067    7.9372    4.5097    3.4850    552.0398    3.7204      784307633.0193
    84.993    7.9312    4.5015    3.4850    588.9201    3.7136      913009882.5853
    94.920    7.9244    4.4930    3.4848    625.8004    3.7069     1041476313.8818
   104.847    7.9182    4.4848    3.4847    662.6806    3.7003     1169706977.2508
   114.773    7.9119    4.4764    3.4846    699.5609    3.6937     1297703758.7547
   124.700    7.9055    4.4682    3.4845    736.4412    3.6871     1425466616.6357
   134.627    7.8985    4.4596    3.4842    773.3214    3.6805     1552993276.9066
   144.553    7.8921    4.4513    3.4840    810.2017    3.6739     1680283592.3920
   154.480    7.8854    4.4429    3.4837    847.0820    3.6674     1807339411.3001
   164.407    7.8782    4.4343    3.4833    883.9622    3.6609     1934157711.7813
   174.333    7.8712    4.4258    3.4829    920.8425    3.6545     2060737373.1563
   184.260    7.8649    4.4177    3.4827    957.7228    3.6481     2187082190.8461
   194.187    7.8579    4.4092    3.4822    994.6030    3.6417     2313192075.7809
   204.113    7.8508    4.4007    3.4817   1031.4833    3.6353     2439064582.6587
   214.040    7.8443    4.3926    3.4813   1068.3636    3.6290     2564700657.7548
   223.967    7.8370    4.3839    3.4807   1105.2438    3.6228     2690100803.9153
   233.893    7.8301    4.3755    3.4803   1142.1241    3.6165     2815266014.7917
   243.820    7.8231    4.3671    3.4797   1179.0044    3.6103     2940197523.7173
   253.746    7.8167    4.3589    3.4792   1215.8846    3.6041     3064896472.0689
   263.673    7.8094    4.3503    3.4786   1252.7649    3.5980     3189362179.6977
   273.600    7.8027    4.3420    3.4781   1289.6452    3.5919     3313595620.4231
   283.526    7.7959    4.3337    3.4775   1326.5254    3.5859     3437599717.4231
   293.453    7.7894    4.3255    3.4770   1363.4057    3.5799     3561374901.6738
   303.380    7.7827    4.3172    3.4764   1400.2860    3.5739     3684921973.5991
   313.306    7.7754    4.3088    3.4756   1437.1662    3.5680     3808239706.6771
   323.233    7.7688    4.3006    3.4750   1474.0465    3.5621     3931328312.4776
   333.160    7.7619    4.2923    3.4744   1510.9268    3.5562     4054191750.1982
   343.086    7.7546    4.2837    3.4736   1547.8070    3.5504     4176829573.9740
   353.013    7.7478    4.2754    3.4730   1584.6873    3.5447     4299242668.9277
   362.940    7.7413    4.2673    3.4723   1621.5675    3.5389     4421434268.7932
   372.866    7.7335    4.2585    3.4715   1658.4478    3.5333     4543402542.1438
   382.793    7.7267    4.2502    3.4709   1695.3281    3.5276     4665149609.2204
   392.720    7.7201    4.2419    3.4702   1732.2083    3.5221     4786679944.1132
   402.646    7.7130    4.2335    3.4694   1769.0886    3.5165     4907991776.0119
   412.573    7.7061    4.2251    3.4687   1805.9689    3.5110     5029085918.6107
   422.500    7.6982    4.2163    3.4678   1842.8491    3.5056     5149963955.7992
   432.426    7.6917    4.2080    3.4671   1879.7294    3.5002     5270627702.8294
   442.353    7.6837    4.1991    3.4662   1916.6097    3.4949     5391078431.7147
   465.235    7.7112    4.2074    3.4743   1920.9891    3.4827     5668598644.1004
   488.118    7.7383    4.2156    3.4822   1925.2610    3.4705     5945786997.2709
   511.000    7.7643    4.2234    3.4901   1929.5451    3.4585     6222638673.3180
   533.882    7.7900    4.2310    3.4980   1933.7523    3.4465     6499152162.6523
   556.765    7.8145    4.2382    3.5055   1937.7063    3.4347     6775317298.1225
   579.647    7.8395    4.2456    3.5132   1941.7655    3.4230     7051131292.1432
   602.529    7.8634    4.2526    3.5206   1945.5840    3.4113     7326594056.2916
   625.412    7.8871    4.2594    3.5281   1949.4990    3.3999     7601703943.8612
   648.294    7.9116    4.2667    3.5356   1953.4389    3.3885     7876471474.5717
   671.176    7.9349    4.2735    3.5430   1957.1210    3.3773     8150899507.7742
   694.059    7.9576    4.2799    3.5502   1960.8017    3.3662     8424983496.4674
   716.941    7.9807    4.2867    3.5575   1964.3804    3.3553     8698726495.7275
   739.824    8.0043    4.2937    3.5648   1968.0916    3.3446     8972143336.5249
   762.706    8.0265    4.3000    3.5720   1971.5749    3.3340     9245240466.2022
   785.588    8.0494    4.3067    3.5792   1975.0497    3.3237     9518023765.4498
   808.471    8.0714    4.3130    3.5862   1978.4513    3.3135     9790500540.2804
   831.353    8.0940    4.3198    3.5934   1981.7559    3.3035    10062680581.0067
   854.235    8.1175    4.3270    3.6008   1985.0879    3.2938    10334593110.7079
   877.118    8.1401    4.3338    3.6080   1988.3364    3.2842    10606255434.4383
   900.000    8.1632    4.3409    3.6154   1991.5692    3.2749    10877680459.6240
   916.706    8.1805    4.3463    3.6209   1993.9039    3.2683    11075634032.2251
   933.412    8.1969    4.3514    3.6261   1996.1929    3.2618    11273478582.1209
   950.118    8.2155    4.3575    3.6320   1998.7021    3.2554    11471233506.4967
   966.824    8.2338    4.3637    3.6378   2000.9653    3.2492    11668920904.7549
   983.531    8.2527    4.3702    3.6439   2003.2591    3.2431    11866551656.4549
  1000.237    8.2715    4.3767    3.6500   2005.5864    3.2371    12064140044.3573
  1016.943    8.2911    4.3837    3.6563   2007.8573    3.2313    12261702596.7002
  1033.649    8.3113    4.3911    3.6629   2010.1877    3.2257    12459260694.4775
  1050.355    8.3270    4.3957    3.6682   2012.3357    3.2202    12656792119.4258
  1067.061    8.3424    4.4003    3.6733   2014.4516    3.2149    12854266645.1380
  1083.767    8.3580    4.4049    3.6786   2016.5442    3.2098    13051694727.9840
  1100.473    8.4510    4.4625    3.7040   2026.0199    3.2047    13249630961.5023
  1117.179    8.5893    4.5507    3.7407   2039.5767    3.1995    13448916746.1580
  1133.886    8.7536    4.6564    3.7831   2057.5574    3.1939    13649991909.9391
  1150.592    8.8210    4.6964    3.8011   2060.4120    3.1882    13852332482.5168
  1167.298    8.8363    4.7005    3.8065   2062.7599    3.1826    14054934606.2681
  1184.004    8.8505    4.7045    3.8114   2065.1016    3.1773    14257456024.3919
  1200.710    8.8669    4.7091    3.8173   2067.4168    3.1721    14459923565.3680
  1217.416    8.8823    4.7134    3.8229   2069.7606    3.1671    14662364506.2213
  1234.122    8.8978    4.7176    3.8285   2072.1123    3.1624    14864783422.3586
  1250.828    8.9129    4.7219    3.8339   2074.4602    3.1579    15067191650.3358
  1267.534    8.9283    4.7263    3.8395   2076.7855    3.1536    15269602805.5224
  1284.241    8.9437    4.7306    3.8451   2079.1558    3.1496    15472035598.3998
  1300.947    8.9588    4.7349    3.8506   2081.5155    3.1459    15674503261.1709
  1317.653    8.9739    4.7392    3.8562   2083.8821    3.1424    15877020941.0479
  1334.359    8.9889    4.7435    3.8617   2086.2289    3.1392    16079605388.9337
  1351.065    9.0064    4.7495    3.8677   2089.1859    3.1362    16282283640.5934
  1367.771    9.0458    4.7693    3.8777   2094.4080    3.1336    16485190081.1392
  1384.477    9.0852    4.7892    3.8877   2100.0222    3.1311    16688448719.2716
  1401.183    9.1243    4.8093    3.8979   2105.7120    3.1290    16892079187.9654
  1417.889    9.1626    4.8291    3.9080   2111.2602    3.1271    17096098204.5672
  1434.596    9.2015    4.8495    3.9185   2117.0230    3.1254    17300532450.7819
  1451.302    9.2409    4.8705    3.9292   2122.7832    3.1241    17505414381.5279
  1468.008    9.2793    4.8911    3.9399   2129.1687    3.1231    17710764528.1217
  1484.714    9.3177    4.9121    3.9507   2134.6165    3.1223    17916605555.3222
  1501.420    9.3319    4.9166    3.9560   2136.8680    3.1219    18122817846.7505
  1518.126    9.3456    4.9209    3.9610   2139.0531    3.1219    18329273268.4127
  1534.832    9.3592    4.9253    3.9660   2141.2228    3.1224    18535992540.6726
  1551.538    9.3725    4.9295    3.9709   2143.3796    3.1233    18743001021.5551
  1551.538    4.8303    0.0000    4.0380         nan    3.1233    18743001021.5551
  1565.786    4.8424    0.0000    4.0431         nan    3.1236    18922812073.4620
  1580.035    4.8545    0.0000    4.0483         nan    3.1243    19102871505.5412
  1594.283    4.8666    0.0000    4.0534         nan    3.1253    19283198266.7112
  1608.531    4.8787    0.0000    4.0586         nan    3.1266    19463812037.9207
  1622.779    4.8905    0.0000    4.0636         nan    3.1284    19644730255.4216
  1637.027    4.9020    0.0000    4.0685         nan    3.1304    19825968747.9709
  1651.276    4.9135    0.0000    4.0734         nan    3.1329    20007547255.1674
  1665.524    4.9250    0.0000    4.0783         nan    3.1358    20189488855.8744
  1679.772    4.9364    0.0000    4.0832         nan    3.1391    20371816980.3428
  1679.772    5.0686    0.0000    6.3171         nan    3.1391    20371816980.3428
  1738.728    5.1530    0.0000    6.3612         nan    3.0426    21545010735.0127
  1797.684    5.2326    0.0000    6.4030         nan    2.9447    22689820147.4705
  1856.640    5.3075    0.0000    6.4424         nan    2.8456    23804848975.6343
  1915.596    5.3781    0.0000    6.4796         nan    2.7454    24888788400.3749
  1974.553    5.4447    0.0000    6.5148         nan    2.6441    25940410764.7525
  2033.509    5.5075    0.0000    6.5480         nan    2.5418    26958564475.0932
  2092.465    5.5666    0.0000    6.5793         nan    2.4386    27942169889.6093
  2151.421    5.6222    0.0000    6.6089         nan    2.3346    28890216066.4448
  2210.377    5.6746    0.0000    6.6367         nan    2.2297    29801758299.8781
  2269.333    5.7237    0.0000    6.6629         nan    2.1242    30675916434.2154
  2328.289    5.7698    0.0000    6.6875         nan    2.0180    31511873987.3481
  2387.246    5.8129    0.0000    6.7105         nan    1.9113    32308878187.9825
  2446.202    5.8531    0.0000    6.7320         nan    1.8041    33066241125.0804
  2505.158    5.8906    0.0000    6.7521         nan    1.6966    33783342341.1715
  2564.114    5.9253    0.0000    6.7707         nan    1.5888    34459633415.3831
  2623.070    5.9574    0.0000    6.7878         nan    1.4810    35094645429.7707
  2682.026    5.9869    0.0000    6.8037         nan    1.3733    35688000804.5694
  2740.982    6.0138    0.0000    6.8181         nan    1.2660    36239432036.5570
  2799.939    6.0383    0.0000    6.8313         nan    1.1595    36748811813.0216
  2858.895    6.0603    0.0000    6.8431         nan    1.0545    37216202732.7000
  2917.851    6.0799    0.0000    6.8536         nan    0.9518    37641942573.0177
  2976.807    6.0972    0.0000    6.8629         nan    0.8533    38026797904.8116
  3035.763    6.1121    0.0000    6.8709         nan    0.7622    38372258782.8901
  3094.719    6.1246    0.0000    6.8776         nan    0.6851    38681151470.1074
  3153.675    6.1349    0.0000    6.8832         nan    0.6381    38959054332.5278
  3212.632    6.1428    0.0000    6.8874         nan    0.6678    39218077654.1696
  3271.588    6.1485    0.0000    6.8905         nan    0.9633    39489317748.4806
  3330.544    6.1519    0.0000    6.8923         nan    3.0580    39880691103.9222
  3389.500    6.1530    0.0000    6.8929         nan    0.0000    41123356990.6984
