# Depth[km]  Vp[km/s]  Vs[km/s] Rho[g/cm3]    T[K]     g[m/s2]         P[Pa]        
     0.000    3.7396    2.2339    1.7919    273.1500    3.7291              0.0000
    11.725    3.7396    2.2339    1.7919    319.0567    3.7373       78350664.9643
    11.725    4.2617    2.5458    2.0421    319.0567    3.7373       78350664.9643
    26.446    4.2617    2.5458    2.0421    376.6941    3.7448      190695411.7000
    26.446    6.2790    3.7509    3.0088    376.6941    3.7448      190695411.7000
    42.340    6.2790    3.7509    3.0088    438.9279    3.7401      369778013.2354
    42.340    7.8391    4.4842    3.4764    438.9279    3.7401      369778013.2354
    51.549    7.8345    4.4775    3.4766    474.9877    3.7339      489526405.8198
    60.759    7.8295    4.4705    3.4768    511.0475    3.7276      609080937.2864
    69.968    7.8242    4.4634    3.4769    547.1073    3.7214      728439982.3188
    79.178    7.8185    4.4560    3.4769    583.1672    3.7152      847601383.0675
    88.387    7.8128    4.4487    3.4769    619.2270    3.7091      966564324.5217
    97.597    7.8060    4.4408    3.4766    655.2868    3.7029     1085325391.3568
   106.806    7.7998    4.4332    3.4765    691.3466    3.6968     1203883359.8011
   116.016    7.7936    4.4255    3.4764    727.4065    3.6907     1322240725.0532
   125.225    7.7873    4.4178    3.4762    763.4663    3.6846     1440397465.1543
   134.435    7.7800    4.4096    3.4758    799.5261    3.6786     1558349441.2875
   143.644    7.7736    4.4019    3.4755    835.5859    3.6726     1676096546.1665
   152.854    7.7664    4.3938    3.4751    871.6458    3.6666     1793639709.1472
   162.063    7.7598    4.3860    3.4747    907.7056    3.6606     1910977496.5950
   171.273    7.7528    4.3779    3.4742    943.7654    3.6547     2028110009.1339
   180.482    7.7454    4.3697    3.4737    979.8252    3.6488     2145035176.8549
   189.692    7.7384    4.3616    3.4731   1015.8850    3.6429     2261753318.3359
   198.901    7.7315    4.3536    3.4726   1051.9449    3.6371     2378265165.2187
   208.111    7.7246    4.3456    3.4720   1088.0047    3.6312     2494570573.4947
   217.320    7.7174    4.3375    3.4713   1124.0645    3.6255     2610669103.8609
   226.530    7.7102    4.3292    3.4707   1160.1243    3.6197     2726562238.9689
   235.739    7.7029    4.3211    3.4701   1196.1842    3.6140     2842251748.8103
   244.949    7.6956    4.3130    3.4695   1232.2440    3.6083     2957737739.5532
   254.158    7.6885    4.3049    3.4688   1268.3038    3.6027     3073020789.1426
   263.368    7.6797    4.2961    3.4679   1304.3636    3.5971     3188096541.8928
   272.577    7.6719    4.2877    3.4672   1340.4235    3.5915     3302966659.1518
   281.787    7.6638    4.2793    3.4666   1376.4833    3.5859     3417638604.9410
   290.996    7.6546    4.2702    3.4659   1412.5431    3.5804     3532111004.3345
   300.206    7.6463    4.2616    3.4652   1448.6029    3.5750     3646384515.7423
   309.415    7.6372    4.2527    3.4645   1484.6628    3.5695     3760460377.7331
   318.625    7.6278    4.2436    3.4637   1520.7226    3.5641     3874336740.6995
   327.834    7.6186    4.2346    3.4629   1556.7824    3.5588     3988014465.1972
   337.044    7.6008    4.2223    3.4607   1592.8422    3.5535     4101472319.9715
   346.253    7.6009    4.2169    3.4614   1628.9021    3.5482     4214736494.4561
   355.463    7.5851    4.2054    3.4595   1664.9619    3.5430     4327813555.6515
   364.672    7.5768    4.1967    3.4589   1701.0217    3.5378     4440683453.8708
   373.882    7.5686    4.1881    3.4583   1737.0815    3.5326     4553367996.6990
   383.091    7.5631    4.1804    3.4581   1773.1414    3.5275     4665875358.9126
   392.301    7.5543    4.1715    3.4574   1809.2012    3.5224     4778204786.9304
   401.510    7.5439    4.1621    3.4564   1845.2610    3.5174     4890344155.0841
   410.720    7.5354    4.1532    3.4557   1881.3208    3.5124     5002295971.5289
   435.184    7.5662    4.1613    3.4643   1885.6970    3.4992     5299603074.9630
   459.648    7.5965    4.1691    3.4728   1890.0072    3.4861     5596529727.3411
   484.112    7.6258    4.1765    3.4811   1895.3853    3.4731     5893063569.8863
   508.576    7.6694    4.1899    3.4916   1899.7938    3.4602     6189291631.6326
   533.040    7.7008    4.1985    3.5003   1904.1956    3.4474     6485228882.1881
   557.504    7.7309    4.2067    3.5086   1908.3462    3.4347     6780784840.0323
   581.968    7.7601    4.2145    3.5169   1912.4781    3.4221     7075948390.2240
   606.432    7.7897    4.2226    3.5251   1916.5851    3.4097     7370721493.2200
   630.896    7.8183    4.2304    3.5332   1920.5154    3.3973     7665100937.1427
   655.360    7.8465    4.2379    3.5412   1924.4413    3.3852     7959084214.0189
   679.824    7.8739    4.2452    3.5490   1928.2327    3.3732     8252671687.7871
   704.288    7.9010    4.2525    3.5568   1931.9419    3.3614     8545862763.8254
   728.752    7.9278    4.2597    3.5645   1935.5942    3.3497     8838662511.4899
   753.216    7.9544    4.2668    3.5721   1939.2176    3.3383     9131077823.0175
   777.680    7.9802    4.2736    3.5796   1942.6687    3.3271     9423112274.7892
   802.144    8.0064    4.2808    3.5872   1946.1578    3.3160     9714776511.9074
   826.608    8.0318    4.2875    3.5946   1949.5254    3.3053    10006082122.0063
   851.072    8.0578    4.2947    3.6021   1952.8962    3.2947    10297043424.3710
   875.536    8.0838    4.3018    3.6096   1956.3484    3.2845    10587683824.6432
   900.000    8.1096    4.3091    3.6171   1959.6599    3.2745    10878021493.1411
   916.016    8.1262    4.3137    3.6219   1961.7244    3.2681    11067839970.9309
   932.031    8.1427    4.3182    3.6268   1963.7896    3.2618    11257542021.4437
   948.047    8.1594    4.3230    3.6317   1965.8355    3.2557    11447135327.3884
   964.063    8.1764    4.3277    3.6367   1968.0139    3.2497    11636630193.3322
   980.079    8.1933    4.3328    3.6417   1970.0300    3.2438    11826035621.7537
   996.094    8.2102    4.3377    3.6467   1972.0584    3.2381    12015359456.1842
  1012.110    8.2272    4.3427    3.6518   1974.0579    3.2325    12204610888.0240
  1028.126    8.2429    4.3471    3.6565   1975.9819    3.2271    12393787847.8149
  1044.142    8.2582    4.3511    3.6610   1977.8984    3.2218    12582886827.1720
  1060.157    8.3050    4.3768    3.6738   1982.5184    3.2167    12772125671.1954
  1076.173    8.4060    4.4397    3.7010   1992.3406    3.2115    12962092561.9609
  1092.189    8.5153    4.5083    3.7301   2005.6383    3.2062    13153201230.5811
  1108.205    8.6217    4.5791    3.7552   2015.2404    3.2007    13345382922.2204
  1124.220    8.6958    4.6427    3.7625   2019.7689    3.1953    13538068140.1927
  1140.236    8.7208    4.6573    3.7676   2027.5422    3.1900    13730744937.4221
  1156.252    8.7353    4.6616    3.7722   2030.0028    3.1849    13923350435.1306
  1172.267    8.7497    4.6657    3.7767   2032.2585    3.1800    14115879733.6455
  1188.283    8.7641    4.6699    3.7812   2034.5568    3.1754    14308342843.4383
  1204.299    8.7785    4.6740    3.7858   2036.8339    3.1709    14500753730.4293
  1220.315    8.7926    4.6779    3.7903   2039.0639    3.1666    14693125610.0464
  1236.330    8.8070    4.6821    3.7949   2041.3368    3.1626    14885470678.2999
  1252.346    8.8232    4.6873    3.7999   2043.7700    3.1588    15077811754.1647
  1268.362    8.8606    4.7050    3.8086   2048.5635    3.1551    15270266887.2583
  1284.378    8.8970    4.7223    3.8173   2053.4399    3.1517    15462943558.2828
  1300.393    8.9320    4.7387    3.8262   2058.3139    3.1485    15655855247.9228
  1316.409    8.9687    4.7561    3.8355   2063.1493    3.1455    15849029121.3538
  1332.425    9.0044    4.7733    3.8448   2068.1168    3.1427    16042485913.5315
  1348.440    9.0423    4.7914    3.8552   2073.1958    3.1401    16236264125.8283
  1364.456    9.0717    4.8037    3.8642   2076.8600    3.1377    16430370229.1485
  1380.472    9.0860    4.8075    3.8692   2078.9086    3.1355    16624680985.4660
  1396.488    9.1019    4.8108    3.8757   2080.7631    3.1337    16819148847.1945
  1412.503    9.1172    4.8139    3.8820   2082.5940    3.1322    17013822595.1518
  1428.519    9.1329    4.8171    3.8887   2084.4368    3.1309    17208725381.8855
  1444.535    9.1492    4.8205    3.8956   2086.3379    3.1300    17403892782.1188
  1460.551    9.1916    4.8383    3.9145   2094.9716    3.1293    17599649692.3693
  1476.566    9.2595    4.8744    3.9422   2104.4563    3.1287    17796529135.7327
  1492.582    9.2855    4.8871    3.9511   2109.8149    3.1283    17994286410.6979
  1508.598    9.3117    4.9006    3.9599   2115.1608    3.1282    18192461101.9194
  1524.614    9.3360    4.9128    3.9679   2119.8906    3.1284    18391052984.4800
  1524.614    4.9671    0.0000    4.0033         nan    3.1284    18391052984.4800
  1541.117    4.9766    0.0000    4.0090         nan    3.1286    18597885783.8425
  1557.620    4.9861    0.0000    4.0146         nan    3.1292    18805021197.2773
  1574.123    4.9956    0.0000    4.0203         nan    3.1302    19012487593.1874
  1590.626    5.0050    0.0000    4.0259         nan    3.1317    19220313974.2458
  1607.129    5.0140    0.0000    4.0313         nan    3.1337    19428525312.6995
  1623.633    5.0231    0.0000    4.0367         nan    3.1362    19637148665.4334
  1640.136    5.0321    0.0000    4.0421         nan    3.1392    19846217966.9549
  1656.639    5.0411    0.0000    4.0475         nan    3.1428    20055767444.3108
  1673.142    5.0497    0.0000    4.0527         nan    3.1469    20265828264.3774
  1673.142    5.3621    0.0000    6.3348         nan    3.1469    20265828264.3774
  1732.327    5.4395    0.0000    6.3747         nan    3.0488    21449394635.4901
  1791.512    5.5126    0.0000    6.4126         nan    2.9496    22603097282.3581
  1850.696    5.5818    0.0000    6.4484         nan    2.8492    23725671752.7663
  1909.881    5.6471    0.0000    6.4824         nan    2.7477    24815925567.2303
  1969.066    5.7089    0.0000    6.5145         nan    2.6453    25872733617.0185
  2028.251    5.7672    0.0000    6.5449         nan    2.5419    26895034271.6087
  2087.435    5.8222    0.0000    6.5737         nan    2.4376    27881826074.4890
  2146.620    5.8742    0.0000    6.6009         nan    2.3325    28832164942.5401
  2205.805    5.9231    0.0000    6.6265         nan    2.2266    29745161806.6074
  2264.990    5.9691    0.0000    6.6506         nan    2.1199    30619980642.1161
  2324.174    6.0122    0.0000    6.6733         nan    2.0126    31455836869.7707
  2383.359    6.0527    0.0000    6.6946         nan    1.9047    32251996122.6162
  2442.544    6.0905    0.0000    6.7145         nan    1.7961    33007773396.2369
  2501.729    6.1257    0.0000    6.7330         nan    1.6871    33722532638.7211
  2560.913    6.1583    0.0000    6.7502         nan    1.5776    34395686882.7175
  2620.098    6.1885    0.0000    6.7662         nan    1.4677    35026699100.1555
  2679.283    6.2163    0.0000    6.7808         nan    1.3575    35615084091.2930
  2738.468    6.2418    0.0000    6.7943         nan    1.2470    36160411949.4813
  2797.652    6.2648    0.0000    6.8065         nan    1.1365    36662314064.9415
  2856.837    6.2856    0.0000    6.8175         nan    1.0259    37120493448.2606
  2916.022    6.3041    0.0000    6.8273         nan    0.9157    37534742828.9522
  2975.207    6.3204    0.0000    6.8359         nan    0.8061    37904977647.2083
  3034.391    6.3345    0.0000    6.8433         nan    0.6980    38231299727.4714
  3093.576    6.3464    0.0000    6.8496         nan    0.5927    38514130056.6796
  3152.761    6.3560    0.0000    6.8548         nan    0.4939    38754516011.3098
  3211.946    6.3636    0.0000    6.8587         nan    0.4116    38954951946.3832
  3271.130    6.3689    0.0000    6.8616         nan    0.3870    39122083439.8451
  3330.315    6.3721    0.0000    6.8633         nan    0.7532    39279265832.9468
  3389.500    6.3732    0.0000    6.8639         nan    0.0000    39585219793.6106
