# Depth[km]  Vp[km/s]  Vs[km/s] Rho[g/cm3]    T[K]     g[m/s2]         P[Pa]        
     0.000    3.4691    2.0988    1.5868    273.1500    3.7291              0.0000
    10.699    3.4691    2.0988    1.5868    317.4075    3.7385       63311424.0349
    10.699    4.6978    2.8422    2.1488    317.4075    3.7385       63311424.0349
    28.890    4.6978    2.8422    2.1488    392.6603    3.7461      209444398.8962
    28.890    6.3006    3.8119    2.8819    392.6603    3.7461      209444398.8962
    44.166    6.3006    3.8119    2.8819    455.8542    3.7433      374363743.3199
    44.166    7.9562    4.5340    3.5028    455.8542    3.7433      374363743.3199
    53.874    7.9479    4.5241    3.5025    496.0122    3.7365      501640885.7128
    63.581    7.9392    4.5140    3.5020    536.1701    3.7297      628673885.1617
    73.289    7.9301    4.5036    3.5016    576.3281    3.7230      755460974.8228
    82.996    7.9203    4.4930    3.5009    616.4861    3.7163      881999027.4819
    92.704    7.9109    4.4827    3.5004    656.6441    3.7096     1008288391.5293
   102.411    7.9013    4.4722    3.4998    696.8021    3.7030     1134330982.0720
   112.119    7.8913    4.4617    3.4991    736.9600    3.6964     1260124648.7464
   121.826    7.8815    4.4513    3.4985    777.1180    3.6898     1385669909.5818
   131.534    7.8710    4.4407    3.4976    817.2760    3.6833     1510965369.1851
   141.241    7.8614    4.4305    3.4970    857.4340    3.6768     1636012137.8189
   150.949    7.8506    4.4197    3.4961    897.5919    3.6703     1760810445.7042
   160.656    7.8401    4.4092    3.4952    937.7499    3.6638     1885356937.6033
   170.364    7.8296    4.3987    3.4943    977.9079    3.6574     2009653331.1527
   180.071    7.8189    4.3882    3.4934   1018.0659    3.6511     2133699680.0530
   189.779    7.8083    4.3777    3.4924   1058.2238    3.6447     2257496350.7438
   199.486    7.7975    4.3672    3.4914   1098.3818    3.6384     2381043982.9878
   209.194    7.7862    4.3563    3.4903   1138.5398    3.6322     2504341153.9812
   218.901    7.7756    4.3459    3.4894   1178.6978    3.6259     2627389604.0247
   228.608    7.7649    4.3354    3.4883   1218.8558    3.6197     2750191063.9630
   238.316    7.7532    4.3246    3.4871   1259.0137    3.6136     2872742759.6298
   248.023    7.7432    4.3145    3.4861   1299.1717    3.6075     2995048819.7377
   257.731    7.7323    4.3040    3.4849   1339.3297    3.6014     3117110540.6268
   267.438    7.7217    4.2936    3.4838   1379.4877    3.5954     3238926547.5983
   277.146    7.7113    4.2835    3.4826   1419.6456    3.5894     3360498555.4540
   286.853    7.7008    4.2731    3.4815   1459.8036    3.5835     3481826870.3418
   296.561    7.6902    4.2629    3.4802   1499.9616    3.5776     3602913134.7464
   306.268    7.6795    4.2525    3.4791   1540.1196    3.5717     3723758492.7436
   315.976    7.6689    4.2422    3.4779   1580.2775    3.5659     3844365020.5007
   325.683    7.6575    4.2316    3.4766   1620.4355    3.5601     3964732141.4009
   335.391    7.6461    4.2209    3.4753   1660.5935    3.5544     4084859160.3266
   345.098    7.6355    4.2106    3.4741   1700.7515    3.5487     4204750174.3315
   354.806    7.6243    4.2000    3.4728   1740.9095    3.5431     4324408021.0588
   364.513    7.6130    4.1895    3.4715   1781.0674    3.5375     4443831333.4003
   374.221    7.6012    4.1786    3.4701   1821.2254    3.5320     4563020194.2153
   383.928    7.5899    4.1680    3.4688   1861.3834    3.5265     4681976374.9490
   393.636    7.5787    4.1574    3.4675   1901.5414    3.5210     4800703168.0962
   403.343    7.5670    4.1466    3.4662   1941.6993    3.5157     4919202229.4151
   413.051    7.5555    4.1359    3.4648   1981.8573    3.5103     5037473390.8732
   422.758    7.5440    4.1251    3.4635   2022.0153    3.5050     5155519879.1906
   432.465    7.5329    4.1146    3.4621   2062.1733    3.4998     5273343257.2891
   455.842    7.5669    4.1247    3.4713   2067.4777    3.4873     5556969796.4998
   479.219    7.5987    4.1340    3.4802   2072.5832    3.4748     5840316992.9172
   502.596    7.6297    4.1432    3.4889   2077.5180    3.4625     6123366298.9912
   525.972    7.6597    4.1521    3.4974   2082.3150    3.4502     6406103087.8733
   549.349    7.6891    4.1607    3.5058   2087.0709    3.4380     6688519775.8278
   572.726    7.7173    4.1690    3.5141   2091.6665    3.4259     6970612750.7699
   596.103    7.7456    4.1774    3.5224   2096.1841    3.4139     7252376094.7236
   619.479    7.7732    4.1855    3.5304   2100.5725    3.4021     7533804566.0990
   642.856    7.7997    4.1932    3.5384   2104.8417    3.3903     7814893784.8492
   666.233    7.8267    4.2013    3.5464   2109.0748    3.3787     8095646574.2845
   689.609    7.8536    4.2093    3.5544   2113.3092    3.3673     8376071270.6559
   712.986    7.8790    4.2167    3.5622   2117.3025    3.3560     8656167410.9339
   736.363    7.9050    4.2245    3.5701   2121.4183    3.3448     8935938467.1304
   759.740    7.9309    4.2323    3.5779   2125.2159    3.3339     9215394020.0836
   783.116    7.9562    4.2398    3.5857   2129.0026    3.3231     9494539594.9688
   806.493    7.9822    4.2478    3.5936   2132.8199    3.3125     9773391660.7137
   829.870    8.0075    4.2555    3.6014   2136.5390    3.3021    10051963340.9386
   853.247    8.0337    4.2638    3.6094   2140.2097    3.2919    10330270720.0787
   876.623    8.0595    4.2720    3.6174   2143.7235    3.2819    10608334113.4879
   900.000    8.0867    4.2809    3.6257   2147.3443    3.2722    10886182068.6029
   916.824    8.1059    4.2872    3.6317   2149.8444    3.2653    11085946811.1298
   933.648    8.1260    4.2941    3.6379   2152.3660    3.2585    11285626979.1403
   950.472    8.1460    4.3010    3.6442   2154.8612    3.2519    11485235480.8687
   967.296    8.1667    4.3083    3.6507   2157.3564    3.2454    11684787555.2510
   984.120    8.1886    4.3163    3.6575   2159.8613    3.2391    11884306206.6156
  1000.944    8.2121    4.3253    3.6649   2162.3619    3.2328    12083821028.2277
  1017.768    8.2341    4.3335    3.6720   2164.8573    3.2267    12283344093.4510
  1034.592    8.2600    4.3442    3.6801   2167.4319    3.2207    12482903211.2033
  1051.416    8.2804    4.3516    3.6867   2169.9479    3.2149    12682492246.2870
  1068.240    8.2986    4.3576    3.6928   2172.2658    3.2092    12882062277.2165
  1085.064    8.3156    4.3630    3.6985   2174.5311    3.2037    13081598039.1982
  1101.887    8.3327    4.3687    3.7042   2176.7454    3.1984    13281097903.1691
  1118.711    8.3496    4.3742    3.7099   2178.9813    3.1933    13480574340.5329
  1135.535    8.3738    4.3845    3.7176   2181.8141    3.1884    13680091171.1150
  1152.359    8.5328    4.4850    3.7601   2197.7517    3.1833    13880645252.9935
  1169.183    8.7190    4.6038    3.8084   2219.0485    3.1780    14083314563.7982
  1186.007    8.8385    4.6783    3.8391   2225.5985    3.1723    14287752160.6181
  1202.831    8.8536    4.6830    3.8442   2228.0295    3.1667    14492782900.5780
  1219.655    8.8699    4.6875    3.8505   2230.8678    3.1613    14697754164.3180
  1236.479    8.8852    4.6921    3.8560   2233.4078    3.1561    14902687706.1987
  1253.303    8.9004    4.6968    3.8614   2235.9210    3.1511    15107573515.3884
  1270.127    8.9153    4.7014    3.8668   2238.4614    3.1464    15312422748.5185
  1286.951    8.9295    4.7061    3.8716   2240.8033    3.1419    15517234654.8942
  1303.775    8.9444    4.7107    3.8769   2243.2710    3.1377    15722023258.7972
  1320.599    8.9586    4.7153    3.8818   2245.5848    3.1337    15926805352.7231
  1337.423    8.9729    4.7200    3.8867   2247.8977    3.1301    16131587309.0995
  1354.247    8.9871    4.7246    3.8916   2250.2105    3.1267    16336389157.0767
  1371.071    9.0022    4.7291    3.8980   2253.3584    3.1236    16541266984.6716
  1387.895    9.0157    4.7338    3.9026   2255.6467    3.1208    16746231862.3380
  1404.719    9.0293    4.7382    3.9074   2258.0065    3.1184    16951262813.8535
  1421.543    9.0427    4.7428    3.9120   2260.2513    3.1163    17156380585.0565
  1438.367    9.0562    4.7470    3.9175   2262.6529    3.1146    17361624987.4019
  1455.191    9.0928    4.7657    3.9273   2267.3376    3.1131    17567155436.7244
  1472.014    9.1328    4.7868    3.9384   2271.6315    3.1120    17773139784.0577
  1488.838    9.1709    4.8070    3.9492   2275.8958    3.1112    17979623966.3042
  1505.662    9.2107    4.8277    3.9614   2280.8986    3.1107    18186656192.8178
  1522.486    9.2490    4.8483    3.9731   2285.2506    3.1106    18394279835.4146
  1539.310    9.2901    4.8710    3.9857   2289.9058    3.1107    18602529614.7234
  1556.134    9.3093    4.8795    3.9927   2292.6473    3.1113    18811302961.1975
  1556.134    5.0418    0.0000    4.0196         nan    3.1113    18811302961.1975
  1571.806    5.0536    0.0000    4.0248         nan    3.1118    19007419712.6808
  1587.477    5.0653    0.0000    4.0299         nan    3.1128    19203821920.9668
  1603.149    5.0770    0.0000    4.0351         nan    3.1142    19400535472.0490
  1618.820    5.0887    0.0000    4.0402         nan    3.1160    19597587336.1491
  1634.492    5.0999    0.0000    4.0451         nan    3.1183    19795000168.2394
  1650.164    5.1110    0.0000    4.0500         nan    3.1210    19992797697.7295
  1665.835    5.1222    0.0000    4.0549         nan    3.1243    20191010432.0469
  1681.507    5.1334    0.0000    4.0598         nan    3.1281    20389670369.0596
  1697.178    5.1440    0.0000    4.0645         nan    3.1324    20588805749.7381
  1697.178    5.1571    0.0000    6.3785         nan    3.1324    20588805749.7381
  1755.534    5.2219    0.0000    6.4213         nan    3.0356    21758671389.8355
  1813.890    5.2834    0.0000    6.4620         nan    2.9375    22899765948.4002
  1872.246    5.3417    0.0000    6.5006         nan    2.8382    24010793170.5513
  1930.602    5.3969    0.0000    6.5374         nan    2.7378    25090521893.9675
  1988.958    5.4492    0.0000    6.5723         nan    2.6363    26137782964.4161
  2047.314    5.4988    0.0000    6.6055         nan    2.5339    27151466606.0051
  2105.670    5.5457    0.0000    6.6369         nan    2.4304    28130520182.2259
  2164.026    5.5900    0.0000    6.6667         nan    2.3261    29073946296.9097
  2222.382    5.6318    0.0000    6.6948         nan    2.2209    29980801199.2629
  2280.737    5.6712    0.0000    6.7214         nan    2.1149    30850193473.0536
  2339.093    5.7082    0.0000    6.7464         nan    2.0082    31681282996.7488
  2397.449    5.7429    0.0000    6.7699         nan    1.9008    32473280186.0323
  2455.805    5.7754    0.0000    6.7919         nan    1.7928    33225445547.6128
  2514.161    5.8057    0.0000    6.8124         nan    1.6842    33937089598.3617
  2572.517    5.8339    0.0000    6.8315         nan    1.5751    34607573253.5461
  2630.873    5.8600    0.0000    6.8492         nan    1.4655    35236308858.1049
  2689.229    5.8840    0.0000    6.8656         nan    1.3556    35822762153.4388
  2747.585    5.9059    0.0000    6.8805         nan    1.2453    36366455689.5672
  2805.941    5.9259    0.0000    6.8941         nan    1.1349    36866974578.8999
  2864.297    5.9439    0.0000    6.9064         nan    1.0245    37323976253.4959
  2922.653    5.9599    0.0000    6.9173         nan    0.9143    37737207446.9559
  2981.009    5.9740    0.0000    6.9269         nan    0.8047    38106535029.1564
  3039.364    5.9862    0.0000    6.9353         nan    0.6963    38432005398.9883
  3097.720    5.9965    0.0000    6.9423         nan    0.5907    38713968216.2911
  3156.076    6.0049    0.0000    6.9480         nan    0.4909    38953362573.9673
  3214.432    6.0114    0.0000    6.9525         nan    0.4066    39152481217.1588
  3272.788    6.0161    0.0000    6.9557         nan    0.3760    39317488867.8851
  3331.144    6.0189    0.0000    6.9576         nan    0.7094    39470117141.0762
  3389.500    6.0198    0.0000    6.9582         nan    0.0000    39758159846.7153
