# Depth[km]  Vp[km/s]  Vs[km/s] Rho[g/cm3]    T[K]     g[m/s2]         P[Pa]        
     0.000    3.5675    2.1494    1.6359    273.1500    3.7291              0.0000
    12.223    3.5675    2.1494    1.6359    322.7800    3.7393       74567889.8054
    12.223    4.6204    2.7838    2.1188    322.7800    3.7393       74567889.8054
    26.302    4.6204    2.7838    2.1188    379.9474    3.7455      186107405.3073
    26.302    5.4435    3.2796    2.4962    379.9474    3.7455      186107405.3073
    46.055    5.4435    3.2796    2.4962    460.1597    3.7483      370796036.0416
    46.055    7.9975    4.5431    3.5191    460.1597    3.7483      370796036.0416
    55.514    7.9896    4.5334    3.5187    498.5691    3.7416      495558765.4279
    64.973    7.9814    4.5236    3.5183    536.9784    3.7350      620084558.9728
    74.432    7.9729    4.5135    3.5178    575.3878    3.7283      744372401.4613
    83.891    7.9638    4.5033    3.5172    613.7971    3.7217      868420024.2560
    93.350    7.9551    4.4932    3.5167    652.2065    3.7151      992227395.9951
   102.809    7.9462    4.4832    3.5161    690.6158    3.7085     1115796128.9039
   112.268    7.9374    4.4733    3.5155    729.0252    3.7020     1239126485.4660
   121.727    7.9281    4.4632    3.5148    767.4345    3.6955     1362216967.3417
   131.186    7.9190    4.4533    3.5141    805.8439    3.6890     1485067175.2545
   140.645    7.9098    4.4434    3.5134    844.2532    3.6826     1607678091.9768
   150.104    7.9001    4.4333    3.5126    882.6626    3.6762     1730047956.3469
   159.563    7.8914    4.4237    3.5119    921.0719    3.6698     1852178728.5723
   169.022    7.8818    4.4137    3.5111    959.4813    3.6634     1974071102.5647
   178.481    7.8723    4.4038    3.5102    997.8906    3.6571     2095723568.4325
   187.940    7.8629    4.3940    3.5094   1036.3000    3.6508     2217136474.7616
   197.399    7.8538    4.3844    3.5085   1074.7093    3.6446     2338310614.5856
   206.858    7.8438    4.3743    3.5076   1113.1187    3.6384     2459246468.0495
   216.317    7.8349    4.3648    3.5067   1151.5280    3.6322     2579945598.8960
   225.776    7.8251    4.3550    3.5057   1189.9374    3.6260     2700407854.2664
   235.235    7.8156    4.3453    3.5048   1228.3467    3.6199     2820633029.0038
   244.694    7.8060    4.3355    3.5038   1266.7561    3.6138     2940623437.0665
   254.153    7.7967    4.3258    3.5029   1305.1654    3.6078     3060380145.3634
   263.611    7.7881    4.3166    3.5019   1343.5747    3.6018     3179903673.2632
   273.070    7.7788    4.3068    3.5009   1381.9841    3.5958     3299194295.6707
   282.529    7.7700    4.2975    3.5000   1420.3934    3.5899     3418254377.9065
   291.988    7.7607    4.2880    3.4989   1458.8028    3.5840     3537083307.4042
   301.447    7.7520    4.2788    3.4979   1497.2121    3.5782     3655681628.0407
   310.906    7.7426    4.2689    3.4968   1535.6215    3.5724     3774051775.9483
   320.365    7.7330    4.2593    3.4957   1574.0308    3.5666     3892193858.0599
   329.824    7.7237    4.2498    3.4946   1612.4402    3.5609     4010108487.8982
   339.283    7.7148    4.2403    3.4936   1650.8495    3.5552     4127798246.3510
   348.742    7.7050    4.2306    3.4925   1689.2589    3.5495     4245263596.7386
   358.201    7.6954    4.2209    3.4913   1727.6682    3.5439     4362503521.6805
   367.660    7.6865    4.2114    3.4903   1766.0776    3.5384     4479521852.6749
   377.119    7.6766    4.2016    3.4891   1804.4869    3.5329     4596319923.3217
   386.578    7.6676    4.1921    3.4880   1842.8963    3.5274     4712897231.7246
   396.037    7.6575    4.1822    3.4868   1881.3056    3.5220     4829255161.8249
   405.496    7.6480    4.1725    3.4856   1919.7150    3.5166     4945395277.7879
   414.955    7.6386    4.1628    3.4844   1958.1243    3.5112     5061318914.9804
   424.414    7.6284    4.1528    3.4832   1996.5337    3.5060     5177026119.1599
   448.193    7.6594    4.1626    3.4921   2001.5470    3.4927     5467789446.4236
   471.972    7.6884    4.1718    3.5007   2006.3127    3.4796     5758183997.6492
   495.752    7.7166    4.1805    3.5092   2011.0037    3.4666     6048191932.9575
   519.531    7.7442    4.1892    3.5174   2015.5158    3.4536     6337801905.1081
   543.310    7.7717    4.1978    3.5258   2020.0531    3.4407     6627011083.4159
   567.090    7.7983    4.2063    3.5339   2024.3488    3.4279     6915813924.3019
   590.869    7.8238    4.2140    3.5420   2028.6950    3.4153     7204206220.6871
   614.648    7.8499    4.2222    3.5501   2032.9413    3.4027     7492191503.0551
   638.428    7.8757    4.2304    3.5581   2037.1030    3.3903     7779770395.9880
   662.207    7.9005    4.2380    3.5660   2041.1052    3.3780     8066941398.7509
   685.986    7.9259    4.2460    3.5740   2045.1785    3.3659     8353708044.8725
   709.766    7.9504    4.2536    3.5818   2049.0330    3.3539     8640076271.1038
   733.545    7.9752    4.2615    3.5897   2052.8212    3.3421     8926051103.1321
   757.324    8.0006    4.2697    3.5977   2056.6848    3.3304     9211647496.6155
   781.103    8.0253    4.2776    3.6056   2060.3504    3.3189     9496875463.6415
   804.883    8.0499    4.2854    3.6135   2063.9703    3.3076     9781745783.5434
   828.662    8.0750    4.2937    3.6215   2067.5387    3.2965    10066274094.8513
   852.441    8.1012    4.3026    3.6298   2071.1700    3.2856    10350485456.6336
   876.221    8.1268    4.3112    3.6380   2074.6091    3.2749    10634401191.1891
   900.000    8.1533    4.3204    3.6466   2078.0468    3.2644    10918045963.2259
   917.202    8.1729    4.3273    3.6530   2080.5422    3.2570    11122997044.4785
   934.404    8.1932    4.3347    3.6595   2082.9634    3.2497    11327842384.7837
   951.606    8.2141    4.3425    3.6663   2085.4136    3.2425    11532600202.4550
   968.807    8.2365    4.3512    3.6736   2087.8622    3.2354    11737296026.3051
   986.009    8.2552    4.3578    3.6797   2090.2627    3.2284    11941917197.5138
  1003.211    8.2834    4.3700    3.6888   2092.8097    3.2216    12146522267.5779
  1020.413    8.3030    4.3768    3.6958   2095.4852    3.2149    12351139241.9495
  1037.615    8.3194    4.3820    3.7017   2097.8562    3.2083    12555685806.3509
  1054.817    8.3407    4.3898    3.7093   2100.8310    3.2019    12760188391.5131
  1072.019    8.3572    4.3951    3.7152   2103.3349    3.1957    12964654905.7150
  1089.221    8.3725    4.3998    3.7207   2105.6380    3.1896    13169036194.9634
  1106.422    8.3883    4.4048    3.7263   2107.8352    3.1837    13373336315.9009
  1123.624    8.4515    4.4415    3.7451   2113.8637    3.1780    13577929489.3768
  1140.826    8.5912    4.5292    3.7830   2129.0831    3.1720    13783698771.1190
  1158.028    8.7884    4.6556    3.8339   2144.2667    3.1658    13991505427.4089
  1175.230    8.8914    4.7189    3.8608   2155.4719    3.1592    14201018920.8708
  1192.432    8.9064    4.7237    3.8661   2157.1104    3.1527    14410974944.4663
  1209.634    8.9211    4.7282    3.8716   2159.2532    3.1464    14620791330.0689
  1226.836    8.9349    4.7322    3.8768   2161.2723    3.1403    14830475564.5515
  1244.037    8.9488    4.7363    3.8820   2163.2958    3.1344    15040034437.1248
  1261.239    8.9625    4.7402    3.8873   2165.1293    3.1288    15249485174.6763
  1278.441    8.9763    4.7444    3.8926   2167.0268    3.1234    15458846219.7211
  1295.643    8.9895    4.7482    3.8978   2168.7609    3.1183    15668131497.6876
  1312.845    9.0023    4.7517    3.9031   2170.3755    3.1134    15877353709.2068
  1330.047    9.0158    4.7558    3.9084   2172.0738    3.1088    16086532160.0282
  1347.249    9.0284    4.7592    3.9138   2173.6198    3.1045    16295687906.5113
  1364.450    9.0409    4.7627    3.9190   2175.0229    3.1005    16504835864.9913
  1381.652    9.0539    4.7666    3.9243   2176.1624    3.0968    16713995519.8303
  1398.854    9.0660    4.7697    3.9297   2177.7944    3.0934    16923191118.9812
  1416.056    9.0785    4.7733    3.9353   2179.0860    3.0903    17132449951.7116
  1433.258    9.0980    4.7813    3.9420   2180.9383    3.0876    17341827533.4500
  1450.460    9.1375    4.8019    3.9535   2185.7879    3.0852    17551502218.6988
  1467.662    9.1776    4.8235    3.9646   2190.2920    3.0830    17761611904.3234
  1484.864    9.2185    4.8460    3.9763   2194.9547    3.0811    17972179943.7004
  1502.065    9.2599    4.8691    3.9886   2199.5325    3.0796    18183254795.9213
  1519.267    9.3023    4.8929    4.0016   2204.6315    3.0783    18394890919.9501
  1536.469    9.3258    4.9044    4.0096   2207.9503    3.0774    18606997352.5461
  1553.671    9.3391    4.9095    4.0141   2209.8016    3.0769    18819373083.5286
  1570.873    9.3518    4.9141    4.0188   2211.8947    3.0769    19031959343.3037
  1570.873    4.7919    0.0000    4.0257         nan    3.0769    19031959343.3037
  1591.441    4.8073    0.0000    4.0332         nan    3.0774    19286965236.8103
  1612.009    4.8227    0.0000    4.0406         nan    3.0786    19542482691.2315
  1632.577    4.8381    0.0000    4.0481         nan    3.0805    19798569756.2422
  1653.145    4.8528    0.0000    4.0552         nan    3.0832    20055277678.8207
  1673.713    4.8674    0.0000    4.0623         nan    3.0867    20312660895.0269
  1694.281    4.8821    0.0000    4.0694         nan    3.0910    20570787894.0778
  1714.849    4.8961    0.0000    4.0762         nan    3.0963    20829722329.7676
  1735.417    4.9101    0.0000    4.0830         nan    3.1025    21089531203.1453
  1755.985    4.9240    0.0000    4.0898         nan    3.1098    21350295496.6976
  1755.985    5.0298    0.0000    6.5579         nan    3.1098    21350295496.6976
  1812.313    5.0990    0.0000    6.6021         nan    3.0138    22502897720.3414
  1868.641    5.1646    0.0000    6.6441         nan    2.9165    23627231464.3638
  1924.969    5.2266    0.0000    6.6839         nan    2.8181    24722001945.9195
  1981.297    5.2853    0.0000    6.7217         nan    2.7185    25785984692.7979
  2037.625    5.3409    0.0000    6.7575         nan    2.6179    26818021759.5564
  2093.953    5.3934    0.0000    6.7915         nan    2.5164    27817018572.4573
  2150.281    5.4431    0.0000    6.8236         nan    2.4139    28781941324.7613
  2206.610    5.4899    0.0000    6.8540         nan    2.3105    29711814862.9366
  2262.938    5.5341    0.0000    6.8827         nan    2.2064    30605721033.1665
  2319.266    5.5757    0.0000    6.9098         nan    2.1015    31462797487.2055
  2375.594    5.6147    0.0000    6.9352         nan    1.9959    32282236968.3356
  2431.922    5.6513    0.0000    6.9591         nan    1.8898    33063287143.0925
  2488.250    5.6856    0.0000    6.9815         nan    1.7830    33805251093.1712
  2544.578    5.7175    0.0000    7.0023         nan    1.6759    34507488663.4480
  2600.906    5.7471    0.0000    7.0217         nan    1.5683    35169418983.3575
  2657.235    5.7745    0.0000    7.0397         nan    1.4605    35790524682.2248
  2713.563    5.7997    0.0000    7.0562         nan    1.3526    36370358666.0537
  2769.891    5.8228    0.0000    7.0714         nan    1.2448    36908554932.8877
  2826.219    5.8438    0.0000    7.0851         nan    1.1372    37404846034.5397
  2882.547    5.8627    0.0000    7.0976         nan    1.0303    37859091986.7992
  2938.875    5.8795    0.0000    7.1086         nan    0.9247    38271329924.8708
  2995.203    5.8943    0.0000    7.1184         nan    0.8215    38641863637.3808
  3051.531    5.9071    0.0000    7.1268         nan    0.7224    38971435403.5513
  3107.859    5.9179    0.0000    7.1339         nan    0.6316    39261583357.7037
  3164.188    5.9267    0.0000    7.1397         nan    0.5583    39515467376.3823
  3220.516    5.9335    0.0000    7.1442         nan    0.5302    39740073920.2763
  3276.844    5.9384    0.0000    7.1474         nan    0.6584    39953480866.0154
  3333.172    5.9413    0.0000    7.1493         nan    1.8457    40218593899.6590
  3389.500    5.9423    0.0000    7.1500         nan    0.0000    40961891356.2232
