# Depth[km]  Vp[km/s]  Vs[km/s] Rho[g/cm3]    T[K]     g[m/s2]         P[Pa]        
     0.000    3.8860    2.3107    1.7634    273.1500    3.7291              0.0000
    11.409    3.8860    2.3107    1.7634    315.0065    3.7374       75024755.9964
    11.409    4.8153    2.8633    2.1851    315.0065    3.7374       75024755.9964
    28.580    4.8153    2.8633    2.1851    378.0098    3.7440      215258860.4358
    28.580    6.2927    3.7418    2.8556    378.0098    3.7440      215258860.4358
    45.123    6.2927    3.7418    2.8556    438.7075    3.7414      392125712.2203
    45.123    7.9544    4.5339    3.4848    438.7075    3.7414      392125712.2203
    55.119    7.9495    4.5264    3.4850    475.3830    3.7345      522454644.5202
    65.115    7.9444    4.5187    3.4852    512.0585    3.7277      652553007.2124
    75.111    7.9389    4.5108    3.4853    548.7340    3.7209      782419117.4630
    85.107    7.9332    4.5027    3.4853    585.4095    3.7141      912051244.5203
    95.103    7.9272    4.4946    3.4854    622.0850    3.7074     1041448537.7632
   105.098    7.9206    4.4862    3.4852    658.7605    3.7007     1170608634.4481
   115.094    7.9145    4.4779    3.4851    695.4360    3.6940     1299531003.7338
   125.090    7.9083    4.4698    3.4851    732.1116    3.6874     1428218254.0098
   135.086    7.9020    4.4615    3.4849    768.7871    3.6808     1556670117.9474
   145.082    7.8952    4.4531    3.4847    805.4626    3.6742     1684883922.8468
   155.078    7.8888    4.4449    3.4845    842.1381    3.6676     1812859768.3297
   165.073    7.8816    4.4362    3.4841    878.8136    3.6611     1940596345.9543
   175.069    7.8755    4.4282    3.4839    915.4891    3.6546     2068094745.7392
   185.065    7.8688    4.4198    3.4835    952.1646    3.6481     2195356982.0468
   195.061    7.8619    4.4114    3.4831    988.8401    3.6417     2322380477.8088
   205.057    7.8558    4.4034    3.4828   1025.5156    3.6353     2449167462.5339
   215.053    7.8491    4.3950    3.4824   1062.1911    3.6289     2575718546.5393
   225.048    7.8418    4.3864    3.4818   1098.8667    3.6226     2702029775.0558
   235.044    7.8351    4.3782    3.4814   1135.5422    3.6163     2828102871.6162
   245.040    7.8281    4.3697    3.4809   1172.2177    3.6101     2953941293.5067
   255.036    7.8223    4.3619    3.4806   1208.8932    3.6039     3079547313.4892
   265.032    7.8160    4.3537    3.4801   1245.5687    3.5977     3204921493.1142
   275.028    7.8090    4.3453    3.4795   1282.2442    3.5916     3330061309.9209
   285.023    7.8020    4.3369    3.4790   1318.9197    3.5855     3454968044.3799
   295.019    7.7958    4.3289    3.4785   1355.5952    3.5794     3579644996.1548
   305.015    7.7890    4.3205    3.4779   1392.2707    3.5734     3704091432.2149
   315.011    7.7815    4.3118    3.4772   1428.9462    3.5674     3828305207.7155
   325.007    7.7757    4.3043    3.4767   1465.6218    3.5615     3952289601.9316
   335.003    7.7690    4.2960    3.4761   1502.2973    3.5556     4076048789.0798
   344.999    7.7629    4.2880    3.4756   1538.9728    3.5497     4199583954.3127
   354.994    7.7554    4.2794    3.4748   1575.6483    3.5439     4322892951.4869
   364.990    7.7491    4.2713    3.4743   1612.3238    3.5382     4445976874.1899
   374.986    7.7424    4.2630    3.4737   1648.9993    3.5324     4568839819.6891
   384.982    7.7347    4.2543    3.4728   1685.6748    3.5268     4691479252.8092
   394.978    7.7285    4.2463    3.4723   1722.3503    3.5211     4813897046.7676
   404.974    7.7223    4.2383    3.4716   1759.0258    3.5156     4936098074.3421
   414.969    7.7150    4.2298    3.4708   1795.7013    3.5100     5058080559.6495
   424.965    7.7080    4.2213    3.4702   1832.3769    3.5045     5179846650.0925
   434.961    7.7006    4.2127    3.4694   1869.0524    3.4991     5301396754.4181
   444.957    7.6944    4.2046    3.4687   1905.7279    3.4937     5422731588.1222
   467.709    7.7210    4.2125    3.4767   1910.0863    3.4816     5698776101.1244
   490.461    7.7478    4.2206    3.4846   1914.3035    3.4695     5974489373.6043
   513.213    7.7728    4.2280    3.4923   1918.3570    3.4575     6249859774.0553
   535.966    7.7981    4.2354    3.5000   1922.5028    3.4456     6524884436.4617
   558.718    7.8223    4.2426    3.5075   1926.3716    3.4338     6799560773.2802
   581.470    7.8472    4.2499    3.5151   1930.3796    3.4221     7073887699.7642
   604.222    7.8712    4.2570    3.5225   1934.1651    3.4106     7347866247.3948
   626.974    7.8956    4.2642    3.5301   1938.1855    3.3991     7621500662.2417
   649.726    7.9188    4.2709    3.5374   1941.8712    3.3878     7894792315.8387
   672.478    7.9419    4.2776    3.5447   1945.5272    3.3767     8167736098.7213
   695.231    7.9644    4.2840    3.5519   1949.1528    3.3657     8440336837.2228
   717.983    7.9882    4.2911    3.5592   1952.8295    3.3548     8712605333.9371
   740.735    8.0107    4.2976    3.5664   1956.3507    3.3441     8984548995.5977
   763.487    8.0330    4.3040    3.5735   1959.8282    3.3336     9256168094.5244
   786.239    8.0558    4.3108    3.5806   1963.1310    3.3233     9527473064.0752
   808.991    8.0786    4.3176    3.5879   1966.5292    3.3131     9798481771.3751
   831.744    8.1006    4.3240    3.5949   1969.8109    3.3032    10069202212.3037
   854.496    8.1235    4.3309    3.6021   1973.0610    3.2935    10339645278.0345
   877.248    8.1460    4.3377    3.6093   1976.3018    3.2839    10609831001.7425
   900.000    8.1692    4.3449    3.6167   1979.4776    3.2747    10879780907.0812
   916.719    8.1861    4.3501    3.6221   1981.7796    3.2680    11077941905.3055
   933.439    8.2026    4.3551    3.6274   1984.0501    3.2615    11275991850.7293
   950.158    8.2220    4.3619    3.6335   1986.5267    3.2551    11473956409.6326
   966.877    8.2400    4.3678    3.6392   1988.7846    3.2488    11671856079.3668
   983.597    8.2582    4.3739    3.6451   1991.0696    3.2427    11869690763.5015
  1000.316    8.2772    4.3805    3.6512   1993.3360    3.2367    12067476124.8376
  1017.035    8.2967    4.3874    3.6576   1995.6164    3.2309    12265234995.7550
  1033.755    8.3169    4.3949    3.6641   1997.9050    3.2252    12462987504.8730
  1050.474    8.3325    4.3995    3.6693   2000.0441    3.2197    12660708990.3907
  1067.193    8.3479    4.4040    3.6745   2002.1482    3.2144    12858371986.1792
  1083.913    8.3636    4.4088    3.6798   2004.2125    3.2092    13055988535.1658
  1100.632    8.4810    4.4829    3.7115   2015.9617    3.2041    13254282637.3725
  1117.351    8.6254    4.5753    3.7496   2029.4554    3.1987    13454130606.2828
  1134.071    8.8043    4.6911    3.7955   2045.2107    3.1930    13655889139.7325
  1150.790    8.8269    4.7004    3.8026   2047.9437    3.1872    13858701788.6160
  1167.510    8.8420    4.7046    3.8078   2050.2657    3.1816    14061473638.2651
  1184.229    8.8575    4.7088    3.8133   2052.5763    3.1762    14264174130.6758
  1200.948    8.8728    4.7132    3.8188   2054.8970    3.1710    14466821349.5254
  1217.668    8.8882    4.7174    3.8244   2057.2507    3.1660    14669428166.8483
  1234.387    8.9034    4.7216    3.8298   2059.5442    3.1612    14872005890.2782
  1251.106    8.9186    4.7259    3.8353   2061.8895    3.1567    15074567716.7205
  1267.826    8.9340    4.7302    3.8408   2064.2081    3.1524    15277131090.0480
  1284.545    8.9493    4.7345    3.8466   2066.5814    3.1483    15479715130.1748
  1301.264    8.9644    4.7388    3.8520   2068.8931    3.1445    15682333006.9200
  1317.984    8.9795    4.7432    3.8576   2071.2423    3.1410    15884997152.9277
  1334.703    8.9946    4.7475    3.8631   2073.5579    3.1377    16087724789.4065
  1351.422    9.0227    4.7601    3.8710   2077.6615    3.1348    16290594163.7444
  1368.142    9.0616    4.7796    3.8810   2083.0658    3.1320    16493738816.0888
  1384.861    9.1011    4.7997    3.8911   2088.6017    3.1295    16697232891.6130
  1401.580    9.1382    4.8185    3.9009   2094.3301    3.1273    16901087070.2345
  1418.300    9.1791    4.8401    3.9118   2099.8446    3.1253    17105336373.0847
  1435.019    9.2172    4.8600    3.9221   2105.6226    3.1236    17310010974.0743
  1451.738    9.2565    4.8810    3.9329   2111.5555    3.1222    17515124770.5079
  1468.458    9.2954    4.9021    3.9438   2117.8060    3.1211    17720711236.0157
  1485.177    9.3238    4.9162    3.9522   2121.6586    3.1203    17926728705.9953
  1501.896    9.3376    4.9206    3.9574   2123.8507    3.1199    18133047431.3918
  1518.616    9.3512    4.9248    3.9623   2126.0044    3.1198    18339601105.6055
  1535.335    9.3650    4.9293    3.9675   2128.1806    3.1203    18546417803.5368
  1552.054    9.3786    4.9338    3.9725   2130.3505    3.1211    18753528642.1835
  1552.054    4.8323    0.0000    4.0310         nan    3.1211    18753528642.1835
  1566.254    4.8438    0.0000    4.0361         nan    3.1215    18932292930.6145
  1580.454    4.8553    0.0000    4.0413         nan    3.1222    19111306392.5127
  1594.654    4.8669    0.0000    4.0464         nan    3.1233    19290587826.9168
  1608.853    4.8784    0.0000    4.0515         nan    3.1247    19470156755.8287
  1623.053    4.8896    0.0000    4.0565         nan    3.1265    19650030609.8552
  1637.253    4.9006    0.0000    4.0613         nan    3.1286    19830225198.1141
  1651.452    4.9116    0.0000    4.0662         nan    3.1311    20010760064.2051
  1665.652    4.9225    0.0000    4.0711         nan    3.1341    20191658081.0019
  1679.852    4.9334    0.0000    4.0760         nan    3.1374    20372942618.3059
  1679.852    5.0337    0.0000    6.3121         nan    3.1374    20372942618.3059
  1738.805    5.1191    0.0000    6.3569         nan    3.0410    21544590496.1281
  1797.758    5.1995    0.0000    6.3991         nan    2.9433    22688021096.9385
  1856.712    5.2752    0.0000    6.4389         nan    2.8443    23801817376.4885
  1915.665    5.3466    0.0000    6.4766         nan    2.7441    24884651502.3205
  1974.619    5.4138    0.0000    6.5121         nan    2.6429    25935278240.7051
  2033.572    5.4772    0.0000    6.5457         nan    2.5406    26952529553.7696
  2092.525    5.5369    0.0000    6.5774         nan    2.4374    27935310212.5518
  2151.479    5.5930    0.0000    6.6073         nan    2.3334    28882594287.1877
  2210.432    5.6458    0.0000    6.6354         nan    2.2285    29793422422.6195
  2269.386    5.6954    0.0000    6.6618         nan    2.1229    30666899872.3828
  2328.339    5.7419    0.0000    6.6866         nan    2.0167    31502195305.9543
  2387.292    5.7853    0.0000    6.7099         nan    1.9098    32298540465.9062
  2446.246    5.8259    0.0000    6.7316         nan    1.8025    33055230837.2923
  2505.199    5.8636    0.0000    6.7518         nan    1.6948    33771627610.2915
  2564.153    5.8986    0.0000    6.7705         nan    1.5868    34447161402.3076
  2623.106    5.9310    0.0000    6.7879         nan    1.4787    35081338508.8061
  2682.059    5.9607    0.0000    6.8038         nan    1.3706    35673750965.7768
  2741.013    5.9878    0.0000    6.8184         nan    1.2628    36224092615.7957
  2799.966    6.0125    0.0000    6.8317         nan    1.1556    36732185049.5247
  2858.919    6.0347    0.0000    6.8436         nan    1.0497    37198020552.1454
  2917.873    6.0544    0.0000    6.8542         nan    0.9457    37621835860.6097
  2976.826    6.0718    0.0000    6.8636         nan    0.8453    38004245147.1844
  3035.780    6.0868    0.0000    6.8717         nan    0.7513    38346495235.4628
  3094.733    6.0994    0.0000    6.8785         nan    0.6694    38650996351.5988
  3153.686    6.1098    0.0000    6.8840         nan    0.6135    38922548701.1029
  3212.640    6.1178    0.0000    6.8883         nan    0.6241    39171616999.9620
  3271.593    6.1235    0.0000    6.8914         nan    0.8649    39425119852.1270
  3330.547    6.1269    0.0000    6.8933         nan    2.6642    39776533389.4891
  3389.500    6.1280    0.0000    6.8939         nan    0.0000    40859275509.4643
