# Depth[km]  Vp[km/s]  Vs[km/s] Rho[g/cm3]    T[K]     g[m/s2]         P[Pa]        
     0.000    3.7601    2.2544    1.7191    273.1500    3.7291              0.0000
    11.653    3.7601    2.2544    1.7191    313.7800    3.7380       74700732.7991
    11.653    4.4414    2.6630    2.0306    313.7800    3.7380       74700732.7991
    28.111    4.4414    2.6630    2.0306    371.1715    3.7465      199626791.6238
    28.111    6.4640    3.8757    2.9553    371.1715    3.7465      199626791.6238
    44.117    6.4640    3.8757    2.9553    426.9865    3.7426      376852448.1827
    44.117    7.8474    4.4883    3.4781    426.9865    3.7426      376852448.1827
    54.419    7.8444    4.4821    3.4788    462.9111    3.7356      510971870.1548
    64.722    7.8412    4.4757    3.4794    498.8358    3.7286      644865411.4322
    75.024    7.8377    4.4691    3.4800    534.7604    3.7217      778531313.4919
    85.326    7.8336    4.4622    3.4804    570.6851    3.7148      911966864.0189
    95.628    7.8295    4.4554    3.4808    606.6097    3.7079     1045170870.0535
   105.931    7.8253    4.4484    3.4812    642.5344    3.7010     1178143320.3058
   116.233    7.8198    4.4408    3.4813    678.4590    3.6942     1310878695.1887
   126.535    7.8154    4.4338    3.4816    714.3837    3.6873     1443377157.8935
   136.837    7.8106    4.4265    3.4819    750.3083    3.6806     1575642321.1032
   147.140    7.8060    4.4193    3.4821    786.2330    3.6738     1707673346.8567
   157.442    7.8003    4.4117    3.4821    822.1576    3.6671     1839466383.2146
   167.744    7.7954    4.4043    3.4823    858.0823    3.6604     1971020906.0809
   178.046    7.7907    4.3971    3.4824    894.0069    3.6537     2102340310.5743
   188.349    7.7850    4.3894    3.4823    929.9316    3.6471     2233421066.5760
   198.651    7.7802    4.3821    3.4824    965.8562    3.6405     2364263705.6692
   208.953    7.7746    4.3745    3.4823   1001.7809    3.6339     2494868731.9779
   219.255    7.7699    4.3672    3.4822   1037.7056    3.6274     2625235710.6137
   229.558    7.7644    4.3596    3.4821   1073.6302    3.6209     2755365311.4561
   239.860    7.7585    4.3519    3.4818   1109.5549    3.6144     2885253115.3982
   250.162    7.7532    4.3443    3.4817   1145.4795    3.6080     3014901985.2258
   260.464    7.7473    4.3364    3.4815   1181.4042    3.6016     3144315801.2243
   270.767    7.7417    4.3289    3.4813   1217.3288    3.5953     3273493761.0758
   281.069    7.7360    4.3212    3.4811   1253.2535    3.5890     3402436377.3371
   291.371    7.7304    4.3136    3.4808   1289.1781    3.5827     3531143870.3312
   301.673    7.7255    4.3063    3.4807   1325.1028    3.5765     3659619999.6092
   311.976    7.7192    4.2984    3.4805   1361.0274    3.5703     3787866881.5659
   322.278    7.7124    4.2901    3.4803   1396.9521    3.5641     3915884475.1361
   332.580    7.7054    4.2819    3.4801   1432.8767    3.5580     4043672826.8880
   342.882    7.6977    4.2734    3.4796   1468.8014    3.5520     4171229216.2659
   353.185    7.6907    4.2651    3.4794   1504.7260    3.5459     4298556564.8908
   363.487    7.6837    4.2568    3.4792   1540.6507    3.5400     4425659185.5314
   373.789    7.6770    4.2487    3.4790   1576.5753    3.5340     4552538822.4182
   384.091    7.6700    4.2404    3.4787   1612.5000    3.5281     4679197405.1691
   394.394    7.6630    4.2321    3.4784   1648.4246    3.5223     4805635503.2624
   404.696    7.6558    4.2237    3.4782   1684.3493    3.5165     4931854380.6907
   414.998    7.6476    4.2149    3.4777   1720.2739    3.5107     5057852819.0640
   425.300    7.6404    4.2065    3.4774   1756.1986    3.5050     5183631896.7228
   435.603    7.6333    4.1982    3.4772   1792.1232    3.4994     5309195955.4038
   445.905    7.6260    4.1897    3.4768   1828.0479    3.4938     5434545998.5714
   456.207    7.6187    4.1812    3.4765   1863.9725    3.4882     5559683300.6977
   478.397    7.6476    4.1890    3.4845   1867.9559    3.4763     5829078706.6335
   500.586    7.6773    4.1972    3.4925   1872.0173    3.4645     6098171398.1815
   522.776    7.7051    4.2048    3.5001   1875.8105    3.4527     6366952369.2481
   544.966    7.7326    4.2123    3.5077   1879.5326    3.4411     6635407239.8338
   567.155    7.7593    4.2195    3.5152   1883.2366    3.4296     6903533433.7296
   589.345    7.7868    4.2270    3.5228   1887.0142    3.4181     7171335304.5180
   611.535    7.8124    4.2339    3.5301   1890.5101    3.4068     7438806977.2225
   633.724    7.8382    4.2408    3.5374   1894.0852    3.3956     7705943276.9610
   655.914    7.8633    4.2476    3.5446   1897.4781    3.3845     7972745471.6263
   678.103    7.8882    4.2543    3.5516   1900.8202    3.3735     8239210279.6294
   700.293    7.9122    4.2607    3.5586   1904.0541    3.3627     8505337001.5035
   722.483    7.9366    4.2673    3.5656   1907.3155    3.3521     8771130781.3006
   744.672    7.9606    4.2737    3.5725   1910.5405    3.3416     9036599728.2356
   766.862    7.9840    4.2799    3.5793   1913.6276    3.3312     9301745059.8057
   789.052    8.0077    4.2863    3.5861   1916.7748    3.3211     9566574272.6358
   811.241    8.0308    4.2925    3.5928   1919.7734    3.3111     9831095359.8053
   833.431    8.0543    4.2988    3.5996   1922.8397    3.3013    10095318446.6378
   855.621    8.0782    4.3056    3.6064   1925.8950    3.2918    10359259846.1844
   877.810    8.1016    4.3121    3.6132   1928.9127    3.2824    10622933403.3993
   900.000    8.1243    4.3183    3.6199   1931.7548    3.2733    10886347838.7489
   916.490    8.1412    4.3229    3.6249   1933.8568    3.2666    11081871961.3138
   932.980    8.1581    4.3277    3.6298   1935.9172    3.2601    11277266432.4773
   949.470    8.1760    4.3330    3.6351   1938.1390    3.2538    11472546381.0796
   965.960    8.1924    4.3374    3.6399   1940.1500    3.2476    11667716247.5574
   982.451    8.2108    4.3431    3.6453   1942.2415    3.2415    11862787916.9207
   998.941    8.2286    4.3485    3.6506   1944.2728    3.2356    12057781804.4800
  1015.431    8.2445    4.3527    3.6554   1946.2522    3.2298    12252686433.6052
  1031.921    8.2603    4.3569    3.6601   1948.1918    3.2242    12447495011.9547
  1048.411    8.2935    4.3732    3.6694   1951.7731    3.2187    12642338014.7858
  1064.901    8.4101    4.4542    3.6958   1966.3573    3.2132    12837799505.9302
  1081.391    8.5932    4.5929    3.7311   1979.5321    3.2076    13034563085.2982
  1097.881    8.6964    4.6564    3.7589   1993.2488    3.2018    13232647329.1553
  1114.371    8.7110    4.6607    3.7633   1995.8823    3.1959    13431221181.6280
  1130.862    8.7264    4.6651    3.7682   1998.2120    3.1903    13629679619.5827
  1147.352    8.7411    4.6693    3.7728   2000.5455    3.1849    13828038745.8545
  1163.842    8.7560    4.6736    3.7774   2002.8929    3.1797    14026302492.3673
  1180.332    8.7709    4.6780    3.7820   2005.2299    3.1746    14224483898.1545
  1196.822    8.7855    4.6821    3.7867   2007.5117    3.1698    14422596491.1137
  1213.312    8.8001    4.6863    3.7914   2009.7635    3.1652    14620653918.8779
  1229.802    8.8148    4.6905    3.7961   2012.0560    3.1609    14818669348.4994
  1246.292    8.8440    4.7033    3.8033   2016.0795    3.1568    15016721797.6373
  1262.782    8.8803    4.7204    3.8119   2020.8885    3.1528    15214928700.5891
  1279.273    8.9182    4.7385    3.8210   2025.8000    3.1491    15413351105.6256
  1295.763    8.9545    4.7557    3.8301   2030.6855    3.1456    15612011061.8119
  1312.253    8.9909    4.7730    3.8395   2035.5660    3.1423    15810927922.2299
  1328.743    9.0275    4.7903    3.8494   2040.4560    3.1392    16010132568.7823
  1345.233    9.0654    4.8084    3.8598   2045.5117    3.1363    16209666022.0329
  1361.723    9.0823    4.8131    3.8658   2047.5276    3.1336    16409441024.8797
  1378.213    9.0975    4.8167    3.8715   2049.5237    3.1313    16609349556.7704
  1394.703    9.1130    4.8201    3.8777   2051.3563    3.1292    16809414462.0171
  1411.194    9.1289    4.8236    3.8840   2053.3439    3.1275    17009670710.8064
  1427.684    9.1447    4.8268    3.8907   2055.1159    3.1261    17210150582.9809
  1444.174    9.1614    4.8300    3.8979   2057.0192    3.1250    17410897746.0669
  1460.664    9.2601    4.8822    3.9400   2073.3730    3.1240    17612846218.2491
  1477.154    9.2885    4.8964    3.9496   2078.9954    3.1230    17816061564.9414
  1493.644    9.3152    4.9098    3.9587   2084.2812    3.1224    18019697475.6939
  1510.134    9.3408    4.9229    3.9671   2089.5423    3.1222    18223743771.5377
  1526.624    9.3657    4.9356    3.9754   2094.4885    3.1223    18428204035.5344
  1543.114    9.3895    4.9475    3.9833   2099.3677    3.1228    18633089071.6002
  1543.114    4.7055    0.0000    4.0240         nan    3.1228    18633089071.6002
  1557.340    4.7187    0.0000    4.0294         nan    3.1230    18811970931.0923
  1571.566    4.7319    0.0000    4.0348         nan    3.1236    18991108308.1713
  1585.792    4.7452    0.0000    4.0403         nan    3.1245    19170519540.0604
  1600.017    4.7584    0.0000    4.0457         nan    3.1258    19350223676.6326
  1614.243    4.7712    0.0000    4.0509         nan    3.1274    19530237381.9664
  1628.469    4.7837    0.0000    4.0561         nan    3.1294    19710575298.3461
  1642.694    4.7962    0.0000    4.0612         nan    3.1317    19891256084.5982
  1656.920    4.8088    0.0000    4.0664         nan    3.1345    20072302115.9851
  1671.146    4.8213    0.0000    4.0715         nan    3.1376    20253736360.5396
  1671.146    5.0964    0.0000    6.2822         nan    3.1376    20253736360.5396
  1730.399    5.1636    0.0000    6.3261         nan    3.0411    21425780649.7036
  1789.653    5.2274    0.0000    6.3677         nan    2.9433    22569479446.2794
  1848.907    5.2878    0.0000    6.4073         nan    2.8443    23683480622.2645
  1908.160    5.3450    0.0000    6.4449         nan    2.7441    24766501768.1000
  1967.414    5.3992    0.0000    6.4806         nan    2.6428    25817326757.5239
  2026.667    5.4504    0.0000    6.5145         nan    2.5404    26834802861.6723
  2085.921    5.4989    0.0000    6.5466         nan    2.4371    27817838336.9516
  2145.175    5.5447    0.0000    6.5770         nan    2.3328    28765400437.3134
  2204.428    5.5878    0.0000    6.6057         nan    2.2277    29676513815.8701
  2263.682    5.6285    0.0000    6.6327         nan    2.1218    30550259301.5260
  2322.935    5.6667    0.0000    6.6582         nan    2.0152    31385773065.1609
  2382.189    5.7026    0.0000    6.6822         nan    1.9079    32182246211.9753
  2441.443    5.7361    0.0000    6.7046         nan    1.8000    32938924874.9526
  2500.696    5.7673    0.0000    6.7255         nan    1.6915    33655110945.0717
  2559.950    5.7964    0.0000    6.7450         nan    1.5826    34330163657.1865
  2619.203    5.8232    0.0000    6.7630         nan    1.4733    34963502401.2139
  2678.457    5.8480    0.0000    6.7796         nan    1.3637    35554611364.9212
  2737.710    5.8706    0.0000    6.7949         nan    1.2540    36103047051.6842
  2796.964    5.8912    0.0000    6.8087         nan    1.1444    36608450520.8177
  2856.218    5.9097    0.0000    6.8212         nan    1.0351    37070567743.7441
  2915.471    5.9262    0.0000    6.8323         nan    0.9266    37489284655.2042
  2974.725    5.9407    0.0000    6.8421         nan    0.8197    37864690439.4865
  3033.978    5.9533    0.0000    6.8506         nan    0.7155    38197199074.9301
  3093.232    5.9639    0.0000    6.8577         nan    0.6171    38487802189.8211
  3152.486    5.9725    0.0000    6.8636         nan    0.5309    38738653510.0762
  3211.739    5.9793    0.0000    6.8681         nan    0.4762    38954629228.2052
  3270.993    5.9840    0.0000    6.8713         nan    0.5309    39148469429.3978
  3330.246    5.9869    0.0000    6.8733         nan    1.3267    39364653928.0730
  3389.500    5.9879    0.0000    6.8739         nan    0.0000    39904983561.5196
