# Depth[km]  Vp[km/s]  Vs[km/s] Rho[g/cm3]    T[K]     g[m/s2]         P[Pa]        
     0.000    3.4115    2.0425    1.6196    273.1500    3.7291              0.0000
    10.121    3.4115    2.0425    1.6196    312.6615    3.7377       61127193.6876
    10.121    5.1005    3.0538    2.4214    312.6615    3.7377       61127193.6876
    27.569    5.1005    3.0538    2.4214    380.7827    3.7409      219040021.5420
    27.569    6.3765    3.8178    3.0273    380.7827    3.7409      219040021.5420
    45.570    6.3765    3.8178    3.0273    451.0647    3.7354      422900913.2778
    45.570    7.9492    4.5303    3.4838    451.0647    3.7354      422900913.2778
    55.371    7.9431    4.5221    3.4838    489.3281    3.7286      550438007.1642
    65.171    7.9369    4.5138    3.4837    527.5915    3.7219      677743422.4636
    74.972    7.9300    4.5051    3.4836    565.8549    3.7153      804815457.7639
    84.772    7.9232    4.4965    3.4834    604.1184    3.7086      931653280.7854
    94.572    7.9155    4.4875    3.4830    642.3818    3.7020     1058253909.8401
   104.373    7.9085    4.4788    3.4828    680.6452    3.6954     1184617047.8644
   114.173    7.9012    4.4699    3.4825    718.9086    3.6888     1310744769.9489
   123.974    7.8932    4.4608    3.4820    757.1720    3.6823     1436633805.1452
   133.774    7.8859    4.4520    3.4816    795.4354    3.6758     1562284378.8402
   143.575    7.8777    4.4428    3.4810    833.6988    3.6693     1687696486.2755
   153.375    7.8702    4.4339    3.4806    871.9622    3.6629     1812869379.0168
   163.175    7.8624    4.4250    3.4800    910.2256    3.6565     1937804036.2797
   172.976    7.8546    4.4160    3.4794    948.4891    3.6501     2062499475.2783
   182.776    7.8473    4.4073    3.4789    986.7525    3.6438     2186957522.8616
   192.577    7.8394    4.3983    3.4782   1025.0159    3.6375     2311178108.2123
   202.377    7.8313    4.3893    3.4774   1063.2793    3.6312     2435157767.7392
   212.177    7.8233    4.3803    3.4767   1101.5427    3.6250     2558897232.0623
   221.978    7.8153    4.3712    3.4760   1139.8061    3.6188     2682399497.3612
   231.778    7.8078    4.3625    3.4753   1178.0695    3.6126     2805665703.2035
   241.579    7.8003    4.3537    3.4746   1216.3329    3.6065     2928696905.7035
   251.379    7.7923    4.3446    3.4738   1254.5963    3.6004     3051492181.4404
   261.180    7.7841    4.3356    3.4730   1292.8598    3.5943     3174051702.1252
   270.980    7.7765    4.3268    3.4722   1331.1232    3.5883     3296378304.9935
   280.780    7.7687    4.3179    3.4713   1369.3866    3.5824     3418471257.6332
   290.581    7.7606    4.3088    3.4704   1407.6500    3.5764     3540329656.6527
   300.381    7.7531    4.3001    3.4697   1445.9134    3.5706     3661957752.0495
   310.182    7.7454    4.2914    3.4687   1484.1768    3.5647     3783356001.9182
   319.982    7.7374    4.2825    3.4679   1522.4402    3.5589     3904523764.7947
   329.782    7.7300    4.2738    3.4671   1560.7036    3.5532     4025464968.0968
   339.583    7.7214    4.2645    3.4660   1598.9670    3.5474     4146178002.8391
   349.383    7.7139    4.2557    3.4652   1637.2305    3.5418     4266663910.3414
   359.184    7.7053    4.2466    3.4641   1675.4939    3.5361     4386924190.4989
   368.984    7.6977    4.2377    3.4633   1713.7573    3.5306     4506960682.6730
   378.785    7.6893    4.2286    3.4622   1752.0207    3.5250     4626774175.7218
   388.585    7.6814    4.2195    3.4613   1790.2841    3.5195     4746365382.3984
   398.385    7.6729    4.2104    3.4602   1828.5475    3.5141     4865736154.6768
   408.186    7.6658    4.2018    3.4593   1866.8109    3.5087     4984888092.7021
   417.986    7.6563    4.1920    3.4581   1905.0743    3.5034     5103822238.2559
   427.787    7.6482    4.1828    3.4573   1943.3377    3.4981     5222540944.9574
   437.587    7.6379    4.1728    3.4562   1981.6012    3.4928     5341046758.3968
   460.708    7.6677    4.1819    3.4645   1986.2297    3.4806     5620491980.2867
   483.828    7.6964    4.1907    3.4727   1990.8261    3.4684     5899619841.0724
   506.949    7.7230    4.1987    3.4806   1995.1790    3.4563     6178415542.8105
   530.070    7.7497    4.2068    3.4885   1999.5581    3.4443     6456870997.5734
   553.190    7.7757    4.2146    3.4964   2003.9283    3.4324     6734989220.1740
   576.311    7.8015    4.2222    3.5042   2008.2852    3.4206     7012771264.6194
   599.432    7.8256    4.2292    3.5118   2012.3958    3.4089     7290209743.8472
   622.552    7.8503    4.2365    3.5195   2016.5914    3.3974     7567303954.2771
   645.673    7.8743    4.2435    3.5270   2020.5378    3.3860     7844057174.5975
   668.794    7.8981    4.2504    3.5345   2024.5711    3.3748     8120468534.9397
   691.914    7.9222    4.2575    3.5421   2028.5921    3.3636     8396548216.5786
   715.035    7.9454    4.2642    3.5495   2032.4280    3.3527     8672301147.8111
   738.155    7.9683    4.2707    3.5568   2036.1952    3.3419     8947726969.9944
   761.276    7.9913    4.2774    3.5641   2039.9118    3.3313     9222833415.4720
   784.397    8.0149    4.2844    3.5716   2043.7831    3.3209     9497637588.4714
   807.517    8.0382    4.2913    3.5789   2047.3694    3.3107     9772151106.7512
   830.638    8.0612    4.2981    3.5862   2050.8715    3.3007    10046379603.6158
   853.759    8.0841    4.3049    3.5936   2054.4244    3.2909    10320339103.2508
   876.879    8.1073    4.3119    3.6009   2057.8493    3.2814    10594046902.5336
   900.000    8.1306    4.3189    3.6084   2061.3228    3.2720    10867524198.4601
   916.719    8.1477    4.3242    3.6139   2063.7518    3.2655    11065077374.3474
   933.439    8.1651    4.3297    3.6194   2066.1834    3.2590    11262532689.3415
   950.158    8.1828    4.3354    3.6251   2068.6258    3.2527    11459902962.4025
   966.877    8.2009    4.3413    3.6309   2071.0146    3.2465    11657201976.5086
   983.597    8.2192    4.3475    3.6367   2073.4147    3.2405    11854443307.0633
  1000.316    8.2380    4.3538    3.6427   2075.9926    3.2346    12051639857.9941
  1017.035    8.2596    4.3619    3.6497   2078.4684    3.2289    12248827998.8183
  1033.755    8.2799    4.3694    3.6562   2080.9024    3.2233    12446029611.8566
  1050.474    8.2963    4.3745    3.6617   2083.1824    3.2178    12643212740.8354
  1067.193    8.3117    4.3789    3.6668   2085.3679    3.2126    12840349168.5990
  1083.913    8.3273    4.3835    3.6721   2087.5553    3.2075    13037443326.4218
  1100.632    8.3428    4.3882    3.6773   2089.7566    3.2026    13234506855.9517
  1117.351    8.4168    4.4327    3.6976   2097.7603    3.1979    13431955332.9764
  1134.071    8.5616    4.5252    3.7358   2112.2313    3.1929    13630674561.0859
  1150.790    8.7322    4.6352    3.7796   2131.5274    3.1877    13831276494.6857
  1167.509    8.8039    4.6775    3.7988   2134.8446    3.1823    14033228729.6259
  1184.228    8.8184    4.6815    3.8038   2137.2923    3.1771    14235483284.5452
  1200.948    8.8349    4.6861    3.8098   2139.7397    3.1720    14437693039.4820
  1217.667    8.8504    4.6904    3.8152   2142.1599    3.1671    14639882591.8845
  1234.386    8.8657    4.6947    3.8207   2144.6316    3.1625    14842053412.2951
  1251.106    8.8812    4.6991    3.8263   2147.0856    3.1581    15044222686.6497
  1267.825    8.8967    4.7035    3.8319   2149.5114    3.1540    15246405395.5267
  1284.544    8.9118    4.7078    3.8373   2151.9719    3.1501    15448612332.5396
  1301.264    8.9270    4.7122    3.8428   2154.4135    3.1464    15650857945.0213
  1317.983    8.9425    4.7166    3.8485   2156.8698    3.1431    15853164873.1844
  1334.702    8.9573    4.7209    3.8539   2159.3383    3.1400    16055546545.0080
  1351.422    8.9727    4.7254    3.8596   2161.8236    3.1372    16258020450.5459
  1368.141    8.9875    4.7298    3.8650   2164.2622    3.1347    16460605040.7271
  1384.860    9.0023    4.7341    3.8705   2166.7389    3.1325    16663313238.7814
  1401.580    9.0365    4.7507    3.8795   2171.7878    3.1306    16866258962.3719
  1418.299    9.0762    4.7710    3.8896   2177.5680    3.1290    17069582748.4818
  1435.018    9.1140    4.7903    3.8996   2183.3182    3.1277    17273327678.4333
  1451.738    9.1541    4.8114    3.9099   2189.3503    3.1267    17477518921.8967
  1468.457    9.1931    4.8323    3.9203   2195.2943    3.1260    17682184436.7845
  1485.176    9.2327    4.8533    3.9311   2201.4493    3.1256    17887355925.3685
  1501.896    9.2725    4.8750    3.9420   2207.8796    3.1255    18093069573.9590
  1518.615    9.3123    4.8971    3.9531   2214.5031    3.1257    18299352932.6760
  1535.334    9.3286    4.9032    3.9588   2216.8532    3.1264    18506092161.5158
  1552.054    9.3421    4.9075    3.9637   2219.0963    3.1275    18713152493.1380
  1552.054    5.2543    0.0000    4.0255         nan    3.1275    18713152493.1380
  1569.066    5.2683    0.0000    4.0306         nan    3.1282    18927470034.7391
  1586.079    5.2822    0.0000    4.0358         nan    3.1294    19142110282.9125
  1603.091    5.2962    0.0000    4.0409         nan    3.1311    19357107092.2555
  1620.104    5.3100    0.0000    4.0460         nan    3.1334    19572494078.9492
  1637.116    5.3233    0.0000    4.0509         nan    3.1362    19788301861.7896
  1654.129    5.3366    0.0000    4.0558         nan    3.1396    20004564591.5351
  1671.141    5.3498    0.0000    4.0607         nan    3.1436    20221322871.4121
  1688.154    5.3628    0.0000    4.0655         nan    3.1482    20438615742.7288
  1705.166    5.3754    0.0000    4.0701         nan    3.1535    20656481456.4465
  1705.166    5.2059    0.0000    6.4568         nan    3.1535    20656481456.4465
  1763.247    5.2829    0.0000    6.4993         nan    3.0558    21842970469.2569
  1821.327    5.3556    0.0000    6.5395         nan    2.9568    23000032261.3396
  1879.408    5.4244    0.0000    6.5775         nan    2.8567    24126350797.6152
  1937.488    5.4893    0.0000    6.6136         nan    2.7555    25220686171.4928
  1995.569    5.5507    0.0000    6.6477         nan    2.6533    26281869848.0757
  2053.649    5.6087    0.0000    6.6800         nan    2.5501    27308800708.0235
  2111.730    5.6634    0.0000    6.7106         nan    2.4460    28300441772.7259
  2169.810    5.7149    0.0000    6.7394         nan    2.3410    29255817536.0610
  2227.890    5.7635    0.0000    6.7666         nan    2.2353    30174011847.3145
  2285.971    5.8091    0.0000    6.7922         nan    2.1289    31054166328.3087
  2344.051    5.8520    0.0000    6.8162         nan    2.0218    31895479341.3223
  2402.132    5.8922    0.0000    6.8388         nan    1.9141    32697205564.1400
  2460.212    5.9297    0.0000    6.8599         nan    1.8059    33458656286.7491
  2518.293    5.9646    0.0000    6.8796         nan    1.6972    34179200627.1592
  2576.373    5.9970    0.0000    6.8978         nan    1.5883    34858267993.9974
  2634.454    6.0270    0.0000    6.9148         nan    1.4790    35495352336.4753
  2692.534    6.0546    0.0000    6.9303         nan    1.3697    36090019080.2197
  2750.615    6.0798    0.0000    6.9446         nan    1.2605    36641916288.0148
  2808.695    6.1027    0.0000    6.9575         nan    1.1516    37150792762.3040
  2866.776    6.1233    0.0000    6.9692         nan    1.0434    37616528092.2200
  2924.856    6.1417    0.0000    6.9796         nan    0.9366    38039184334.6185
  2982.937    6.1578    0.0000    6.9887         nan    0.8321    38419099271.2933
  3041.017    6.1718    0.0000    6.9966         nan    0.7321    38757065461.7455
  3099.098    6.1836    0.0000    7.0033         nan    0.6405    39054702684.3986
  3157.178    6.1932    0.0000    7.0087         nan    0.5670    39315318740.0548
  3215.259    6.2006    0.0000    7.0129         nan    0.5400    39546207587.7438
  3273.339    6.2060    0.0000    7.0159         nan    0.6741    39766221668.6111
  3331.420    6.2092    0.0000    7.0178         nan    1.8987    40040936371.4310
  3389.500    6.2102    0.0000    7.0184         nan    0.0000    40814887965.2781
