# Depth[km]  Vp[km/s]  Vs[km/s] Rho[g/cm3]    T[K]     g[m/s2]         P[Pa]        
     0.000    3.1840    1.9065    1.5285    273.1500    3.7291              0.0000
     9.157    3.1840    1.9065    1.5285    308.6195    3.7375       52192534.0923
     9.157    5.0424    3.0193    2.4206    308.6195    3.7375       52192534.0923
    27.202    5.0424    3.0193    2.4206    378.5266    3.7409      215449652.5241
    27.202    6.4067    3.8362    3.0755    378.5266    3.7409      215449652.5241
    44.951    6.4067    3.8362    3.0755    447.2851    3.7347      419655715.8290
    44.951    7.8388    4.4828    3.4767    447.2851    3.7347      419655715.8290
    54.581    7.8340    4.4759    3.4769    484.5900    3.7282      544694411.5403
    64.210    7.8290    4.4687    3.4771    521.8949    3.7216      669521269.7484
    73.840    7.8233    4.4612    3.4772    559.1998    3.7151      794133516.7444
    83.469    7.8178    4.4537    3.4772    596.5047    3.7086      918529992.2381
    93.099    7.8109    4.4456    3.4770    633.8096    3.7021     1042706866.5832
   102.729    7.8050    4.4379    3.4770    671.1145    3.6957     1166663010.2027
   112.358    7.7987    4.4301    3.4769    708.4194    3.6893     1290401564.0238
   121.988    7.7923    4.4221    3.4768    745.7243    3.6829     1413921890.7990
   131.617    7.7850    4.4138    3.4765    783.0292    3.6765     1537219968.7091
   141.247    7.7785    4.4058    3.4762    820.3341    3.6702     1660294916.6666
   150.877    7.7712    4.3974    3.4758    857.6390    3.6639     1783146387.3597
   160.506    7.7647    4.3894    3.4755    894.9439    3.6576     1905774609.1123
   170.136    7.7574    4.3811    3.4750    932.2488    3.6514     2028179678.8008
   179.765    7.7508    4.3730    3.4747    969.5537    3.6452     2150361239.9065
   189.395    7.7437    4.3648    3.4742   1006.8586    3.6390     2272320379.9210
   199.025    7.7359    4.3562    3.4735   1044.1635    3.6329     2394052523.2254
   208.654    7.7291    4.3480    3.4729   1081.4684    3.6268     2515556749.7980
   218.284    7.7217    4.3396    3.4723   1118.7733    3.6207     2636835552.3250
   227.913    7.7142    4.3310    3.4717   1156.0782    3.6147     2757890746.9801
   237.543    7.7070    4.3228    3.4711   1193.3831    3.6087     2878723409.9711
   247.173    7.6997    4.3144    3.4705   1230.6880    3.6027     2999333868.8881
   256.802    7.6924    4.3061    3.4699   1267.9929    3.5968     3119723389.2730
   266.432    7.6842    4.2973    3.4691   1305.2978    3.5909     3239890553.2983
   276.061    7.6757    4.2885    3.4683   1342.6027    3.5850     3359834489.9831
   285.691    7.6672    4.2796    3.4678   1379.9076    3.5792     3479559594.7581
   295.321    7.6583    4.2706    3.4670   1417.2125    3.5734     3599067548.9732
   304.950    7.6497    4.2616    3.4664   1454.5174    3.5677     3718359315.2163
   314.580    7.6413    4.2527    3.4658   1491.8223    3.5620     3837438231.9635
   324.209    7.6320    4.2435    3.4650   1529.1272    3.5563     3956303107.7164
   333.839    7.6219    4.2339    3.4642   1566.4321    3.5507     4074951518.5867
   343.469    7.6036    4.2213    3.4619   1603.7370    3.5451     4193358927.1023
   353.098    7.6038    4.2157    3.4627   1641.0419    3.5396     4311555249.4641
   362.728    7.5947    4.2065    3.4619   1678.3468    3.5341     4429568213.9725
   372.357    7.5792    4.1949    3.4602   1715.6517    3.5287     4547354981.2804
   381.987    7.5707    4.1859    3.4596   1752.9566    3.5233     4664919758.8830
   391.617    7.5659    4.1783    3.4595   1790.2615    3.5179     4782293744.0490
   401.246    7.5562    4.1689    3.4587   1827.5664    3.5126     4899474271.3223
   410.876    7.5452    4.1589    3.4577   1864.8713    3.5073     5016446218.9143
   420.505    7.5367    4.1499    3.4570   1902.1762    3.5021     5133214308.4576
   430.135    7.5282    4.1408    3.4563   1939.4811    3.4969     5249785890.5038
   453.628    7.5575    4.1484    3.4646   1943.8102    3.4844     5534075402.9669
   477.121    7.5865    4.1560    3.4728   1948.0372    3.4719     5818017375.1838
   500.615    7.6151    4.1634    3.4808   1952.2145    3.4595     6101605938.0081
   524.108    7.6560    4.1757    3.4908   1957.6539    3.4472     6384915698.8629
   547.601    7.6862    4.1840    3.4990   1962.0195    3.4350     6667955947.6143
   571.094    7.7154    4.1919    3.5071   1966.2121    3.4229     6950654050.9535
   594.588    7.7435    4.1993    3.5150   1970.2899    3.4110     7233000989.7536
   618.081    7.7716    4.2070    3.5229   1974.2588    3.3991     7514991871.9179
   641.574    7.7994    4.2145    3.5307   1978.2749    3.3874     7796627537.5760
   665.067    7.8266    4.2218    3.5384   1982.1862    3.3758     8077911044.6720
   688.561    7.8530    4.2289    3.5460   1985.9247    3.3644     8358839230.9736
   712.054    7.8794    4.2360    3.5534   1989.5920    3.3531     8639410055.5859
   735.547    7.9051    4.2428    3.5609   1993.2665    3.3420     8919629517.9048
   759.040    7.9305    4.2495    3.5683   1996.8528    3.3311     9199504445.3826
   782.534    7.9556    4.2563    3.5755   2000.2795    3.3204     9479037227.1939
   806.027    7.9806    4.2628    3.5828   2003.8053    3.3099     9758237694.5381
   829.520    8.0059    4.2698    3.5900   2007.2440    3.2996    10037121021.4567
   853.013    8.0303    4.2764    3.5971   2010.5200    3.2896    10315694154.1485
   876.507    8.0550    4.2830    3.6044   2013.9044    3.2798    10593972471.5932
   900.000    8.0794    4.2897    3.6115   2017.0943    3.2702    10871971931.3247
   916.752    8.0984    4.2953    3.6169   2019.6153    3.2635    11069962082.7777
   933.504    8.1157    4.3000    3.6220   2021.8691    3.2570    11267836272.7141
   950.255    8.1331    4.3049    3.6271   2024.1062    3.2506    11465593957.9567
   967.007    8.1506    4.3099    3.6322   2026.2759    3.2444    11663242173.1378
   983.759    8.1685    4.3151    3.6376   2028.5384    3.2383    11860794863.4211
  1000.511    8.1873    4.3208    3.6431   2030.8581    3.2324    12058272021.2469
  1017.262    8.2029    4.3247    3.6478   2033.0293    3.2266    12255663155.3287
  1034.014    8.2209    4.3301    3.6532   2035.0907    3.2210    12452974430.7767
  1050.766    8.2369    4.3344    3.6579   2037.1777    3.2156    12650216987.4116
  1067.518    8.2528    4.3385    3.6627   2039.2485    3.2103    12847383107.7991
  1084.269    8.3392    4.3911    3.6857   2048.2887    3.2052    13044976632.5265
  1101.021    8.4546    4.4634    3.7163   2059.0904    3.1999    13243690387.5173
  1117.773    8.5922    4.5507    3.7521   2071.9401    3.1944    13443855371.4373
  1134.525    8.6067    4.5540    3.7566   2075.9928    3.1889    13644757564.2457
  1151.276    8.6231    4.5584    3.7616   2078.5524    3.1836    13845567766.0644
  1168.028    8.6386    4.5624    3.7664   2080.8212    3.1785    14046305346.8892
  1184.780    8.6543    4.5666    3.7712   2083.0084    3.1736    14246977580.8284
  1201.532    8.6699    4.5708    3.7760   2085.1861    3.1690    14447597965.5227
  1218.283    8.6855    4.5749    3.7809   2087.3512    3.1646    14648181462.9597
  1235.035    8.7011    4.5794    3.7856   2091.3859    3.1604    14848740057.7187
  1251.787    8.7266    4.5953    3.7903   2098.1020    3.1565    15049284011.1780
  1268.539    8.7765    4.6360    3.7969   2101.9456    3.1528    15249877086.7134
  1285.290    8.8187    4.6672    3.8035   2107.3485    3.1494    15450584730.1355
  1302.042    8.8677    4.6956    3.8134   2112.7177    3.1462    15651511344.9751
  1318.794    8.9059    4.7135    3.8230   2117.9306    3.1432    15852748896.3129
  1335.546    8.9441    4.7316    3.8327   2123.2198    3.1405    16054304747.9656
  1352.298    8.9841    4.7506    3.8433   2128.6336    3.1380    16256219981.4595
  1369.049    9.0247    4.7698    3.8546   2134.1179    3.1357    16458549414.0705
  1385.801    9.0587    4.7864    3.8635   2139.4430    3.1337    16661262466.4936
  1402.553    9.0795    4.7911    3.8723   2141.3060    3.1320    16864308791.5852
  1419.305    9.0962    4.7949    3.8791   2143.4403    3.1305    17067650471.7162
  1436.056    9.1130    4.7982    3.8863   2145.4476    3.1294    17271265233.3112
  1452.808    9.1301    4.8015    3.8938   2147.4696    3.1287    17475193887.8372
  1469.560    9.1482    4.8046    3.9023   2149.4583    3.1283    17679493855.3215
  1486.312    9.2160    4.8376    3.9320   2160.6399    3.1280    17884769167.9012
  1503.063    9.2423    4.8498    3.9414   2166.5541    3.1280    18091053662.6067
  1519.815    9.2682    4.8627    3.9501   2171.6466    3.1284    18297811303.1192
  1536.567    9.2966    4.8777    3.9596   2177.1652    3.1292    18505071070.6073
  1553.319    9.3192    4.8881    3.9675   2182.4943    3.1303    18712836789.7552
  1553.319    4.8983    0.0000    4.0208         nan    3.1303    18712836789.7552
  1570.349    4.9116    0.0000    4.0267         nan    3.1312    18927346031.8347
  1587.379    4.9250    0.0000    4.0327         nan    3.1325    19142231341.3736
  1604.410    4.9383    0.0000    4.0386         nan    3.1344    19357526223.7422
  1621.440    4.9515    0.0000    4.0445         nan    3.1368    19573263672.3720
  1638.470    4.9642    0.0000    4.0501         nan    3.1397    19789473106.7133
  1655.501    4.9769    0.0000    4.0558         nan    3.1432    20006187809.6310
  1672.531    4.9896    0.0000    4.0615         nan    3.1474    20223448154.7257
  1689.561    5.0020    0.0000    4.0670         nan    3.1521    20441292404.8327
  1706.592    5.0141    0.0000    4.0724         nan    3.1575    20659757764.8870
  1706.592    5.1086    0.0000    6.4599         nan    3.1575    20659757764.8870
  1764.623    5.1740    0.0000    6.5041         nan    3.0602    21847486092.2811
  1822.654    5.2360    0.0000    6.5462         nan    2.9616    23006262916.0735
  1880.686    5.2948    0.0000    6.5862         nan    2.8617    24134745446.0853
  1938.717    5.3506    0.0000    6.6242         nan    2.7607    25231658962.6661
  1996.748    5.4034    0.0000    6.6603         nan    2.6586    26295793580.4262
  2054.780    5.4533    0.0000    6.6945         nan    2.5555    27326001513.9630
  2112.811    5.5006    0.0000    6.7270         nan    2.4514    28321194775.5997
  2170.842    5.5452    0.0000    6.7577         nan    2.3464    29280343258.9612
  2228.873    5.5874    0.0000    6.7868         nan    2.2405    30202473173.9840
  2286.905    5.6271    0.0000    6.8142         nan    2.1338    31086665816.1773
  2344.936    5.6644    0.0000    6.8400         nan    2.0264    31932056678.5156
  2402.967    5.6994    0.0000    6.8643         nan    1.9183    32737834932.1370
  2460.999    5.7321    0.0000    6.8870         nan    1.8096    33503243332.4528
  2519.030    5.7626    0.0000    6.9082         nan    1.7003    34227578658.1909
  2577.061    5.7910    0.0000    6.9279         nan    1.5905    34910192859.2269
  2635.093    5.8172    0.0000    6.9462         nan    1.4804    35550495206.3973
  2693.124    5.8414    0.0000    6.9631         nan    1.3699    36147955934.6179
  2751.155    5.8635    0.0000    6.9785         nan    1.2592    36702112222.0584
  2809.187    5.8836    0.0000    6.9926         nan    1.1485    37212577990.6471
  2867.218    5.9017    0.0000    7.0052         nan    1.0380    37679060270.3341
  2925.249    5.9179    0.0000    7.0165         nan    0.9281    38101387440.2400
  2983.281    5.9321    0.0000    7.0264         nan    0.8193    38479560278.5146
  3041.312    5.9443    0.0000    7.0350         nan    0.7128    38813850066.0611
  3099.343    5.9547    0.0000    7.0423         nan    0.6108    39105002737.4424
  3157.375    5.9632    0.0000    7.0482         nan    0.5185    39354710814.7295
  3215.406    5.9697    0.0000    7.0528         nan    0.4516    39566873451.4112
  3273.437    5.9744    0.0000    7.0561         nan    0.4725    39751748361.1162
  3331.469    5.9772    0.0000    7.0581         nan    1.0884    39945232709.6799
  3389.500    5.9782    0.0000    7.0587         nan    0.0000    40391031134.7365
