# Depth[km]  Vp[km/s]  Vs[km/s] Rho[g/cm3]    T[K]     g[m/s2]         P[Pa]        
     0.000    3.4937    2.0518    1.5401    273.1500    3.7291              0.0000
    10.290    3.4937    2.0518    1.5401    313.2583    3.7385       59095499.9053
    10.290    4.6428    2.7267    2.0466    313.2583    3.7385       59095499.9053
    31.616    4.6428    2.7267    2.0466    396.3918    3.7493      222267007.2540
    31.616    5.9521    3.4956    2.6238    396.3918    3.7493      222267007.2540
    48.962    5.9521    3.4956    2.6238    464.0069    3.7500      392896996.1191
    48.962    7.9987    4.5428    3.5196    464.0069    3.7500      392896996.1191
    58.821    7.9914    4.5332    3.5194    502.4390    3.7430      523016950.2726
    68.680    7.9836    4.5235    3.5191    540.8712    3.7361      652886207.2640
    78.539    7.9755    4.5136    3.5188    579.3033    3.7292      782503422.2532
    88.398    7.9671    4.5037    3.5183    617.7355    3.7223      911866799.8132
    98.257    7.9587    4.4937    3.5179    656.1676    3.7155     1040976191.8649
   108.116    7.9504    4.4838    3.5175    694.5997    3.7086     1169832851.9166
   117.975    7.9420    4.4741    3.5171    733.0319    3.7019     1298437329.8727
   127.834    7.9332    4.4641    3.5165    771.4640    3.6951     1426788411.7719
   137.693    7.9248    4.4545    3.5160    809.8962    3.6884     1554886327.2733
   147.552    7.9158    4.4446    3.5154    848.3283    3.6817     1682731167.1974
   157.411    7.9070    4.4348    3.5148    886.7605    3.6750     1810321982.6689
   167.270    7.8983    4.4251    3.5142    925.1926    3.6684     1937660045.4001
   177.129    7.8895    4.4155    3.5135    963.6247    3.6618     2064744722.9501
   186.988    7.8806    4.4058    3.5128   1002.0569    3.6552     2191576598.0407
   196.847    7.8717    4.3962    3.5121   1040.4890    3.6487     2318156284.0013
   206.706    7.8631    4.3867    3.5114   1078.9212    3.6422     2444484667.2151
   216.565    7.8540    4.3769    3.5107   1117.3533    3.6358     2570562712.5267
   226.424    7.8447    4.3672    3.5099   1155.7855    3.6294     2696389590.5902
   236.283    7.8362    4.3579    3.5092   1194.2176    3.6230     2821967528.7501
   246.142    7.8268    4.3480    3.5084   1232.6498    3.6166     2947297703.4112
   256.001    7.8180    4.3385    3.5075   1271.0819    3.6103     3072379444.7204
   265.860    7.8096    4.3292    3.5068   1309.5140    3.6041     3197214512.7418
   275.720    7.8015    4.3202    3.5060   1347.9462    3.5978     3321804614.4497
   285.579    7.7930    4.3107    3.5052   1386.3783    3.5917     3446151037.4814
   295.438    7.7841    4.3014    3.5042   1424.8105    3.5855     3570252584.9546
   305.297    7.7759    4.2924    3.5034   1463.2426    3.5794     3694110742.3223
   315.156    7.7679    4.2833    3.5026   1501.6748    3.5733     3817729141.2877
   325.015    7.7585    4.2734    3.5016   1540.1069    3.5673     3941105901.4509
   334.874    7.7502    4.2642    3.5008   1578.5391    3.5613     4064243457.0454
   344.733    7.7413    4.2549    3.4999   1616.9712    3.5554     4187144499.2496
   354.592    7.7329    4.2457    3.4990   1655.4033    3.5495     4309808548.9318
   364.451    7.7240    4.2363    3.4980   1693.8355    3.5437     4432237158.7400
   374.310    7.7151    4.2269    3.4971   1732.2676    3.5379     4554431294.8074
   384.169    7.7065    4.2175    3.4962   1770.6998    3.5321     4676393167.2388
   394.028    7.6974    4.2078    3.4952   1809.1319    3.5264     4798123497.2764
   403.887    7.6884    4.1984    3.4942   1847.5641    3.5207     4919621851.7281
   413.746    7.6801    4.1891    3.4933   1885.9962    3.5151     5040892607.3432
   423.605    7.6709    4.1795    3.4923   1924.4284    3.5095     5161938218.9221
   433.464    7.6619    4.1699    3.4913   1962.8605    3.5040     5282757187.7526
   443.323    7.6529    4.1604    3.4903   2001.2926    3.4985     5403350387.9799
   466.157    7.6811    4.1693    3.4986   2005.9327    3.4860     5682501863.4401
   488.991    7.7086    4.1779    3.5068   2010.5483    3.4734     5961307894.5773
   511.825    7.7355    4.1864    3.5148   2014.9080    3.4610     6239759374.7298
   534.659    7.7614    4.1945    3.5228   2019.2396    3.4487     6517844684.9085
   557.492    7.7875    4.2027    3.5306   2023.4471    3.4364     6795558855.2641
   580.326    7.8124    4.2103    3.5385   2027.6611    3.4243     7072903563.8046
   603.160    7.8375    4.2182    3.5463   2031.7705    3.4122     7349879773.1031
   625.994    7.8617    4.2257    3.5539   2035.7124    3.4003     7626480890.6668
   648.828    7.8863    4.2334    3.5616   2039.6680    3.3885     7902709109.6960
   671.662    7.9104    4.2409    3.5691   2043.5108    3.3768     8178568927.2707
   694.495    7.9347    4.2486    3.5768   2047.3691    3.3653     8454066039.3486
   717.329    7.9583    4.2560    3.5843   2051.0324    3.3539     8729205211.1921
   740.163    7.9825    4.2638    3.5919   2054.7451    3.3426     9003991143.7275
   762.997    8.0063    4.2714    3.5995   2058.3731    3.3315     9278434527.0277
   785.831    8.0297    4.2787    3.6070   2061.9097    3.3206     9552541605.2277
   808.665    8.0538    4.2866    3.6148   2065.4174    3.3099     9826329984.2511
   831.498    8.0780    4.2946    3.6225   2068.7809    3.2993    10099816076.8791
   854.332    8.1031    4.3031    3.6305   2072.2757    3.2889    10373018613.9900
   877.166    8.1278    4.3114    3.6384   2075.5912    3.2787    10645959898.6018
   900.000    8.1533    4.3203    3.6467   2078.9056    3.2687    10918662588.7262
   917.002    8.1726    4.3271    3.6529   2081.3528    3.2614    11121506809.2509
   934.005    8.1927    4.3344    3.6594   2083.7507    3.2543    11324250895.3134
   951.007    8.2134    4.3421    3.6662   2086.1735    3.2472    11526914897.0381
   968.010    8.2357    4.3508    3.6733   2088.5829    3.2403    11729523782.5469
   985.012    8.2542    4.3573    3.6794   2090.9686    3.2335    11932065199.9543
  1002.015    8.2818    4.3693    3.6883   2093.4655    3.2268    12134592539.0864
  1019.017    8.3014    4.3761    3.6952   2096.1179    3.2202    12337134368.9451
  1036.020    8.3180    4.3813    3.7012   2098.4841    3.2138    12539617578.6140
  1053.022    8.3387    4.3889    3.7086   2101.3719    3.2075    12742062339.2197
  1070.025    8.3552    4.3943    3.7145   2103.9214    3.2014    12944474342.9066
  1087.027    8.3705    4.3990    3.7200   2106.1958    3.1954    13146810895.8351
  1104.030    8.3852    4.4035    3.7252   2108.4484    3.1897    13349062790.7329
  1121.032    8.4308    4.4285    3.7396   2112.2807    3.1840    13551480335.0065
  1138.035    8.5646    4.5123    3.7761   2127.7891    3.1783    13754916536.3118
  1155.037    8.7347    4.6203    3.8207   2146.0643    3.1723    13960178259.1406
  1172.040    8.8889    4.7182    3.8598   2155.7262    3.1659    14167309845.7136
  1189.042    8.9034    4.7226    3.8651   2157.5068    3.1596    14375221312.2197
  1206.045    8.9177    4.7269    3.8703   2159.5453    3.1534    14582994336.2048
  1223.047    8.9319    4.7312    3.8757   2161.6233    3.1474    14790644752.0812
  1240.050    8.9453    4.7351    3.8808   2163.6482    3.1416    14998182136.0658
  1257.052    8.9589    4.7391    3.8859   2165.4610    3.1361    15205614704.9908
  1274.055    8.9720    4.7427    3.8912   2167.2487    3.1308    15412959855.5207
  1291.057    8.9854    4.7467    3.8964   2169.1065    3.1258    15620233233.5462
  1308.060    8.9987    4.7506    3.9016   2170.7175    3.1210    15827449734.0881
  1325.062    9.0114    4.7541    3.9069   2172.4113    3.1165    16034628245.6311
  1342.065    9.0242    4.7578    3.9121   2173.9049    3.1123    16241784854.9272
  1359.067    9.0367    4.7613    3.9174   2175.3571    3.1083    16448938997.5690
  1376.070    9.0490    4.7648    3.9225   2176.6803    3.1047    16656105073.6630
  1393.072    9.0616    4.7683    3.9281   2178.0747    3.1013    16863308268.8297
  1410.075    9.0735    4.7715    3.9334   2179.3916    3.0983    17070574771.4397
  1427.077    9.0855    4.7747    3.9386   2180.5291    3.0956    17277916570.4328
  1444.080    9.1221    4.7938    3.9490   2184.4974    3.0932    17485488565.7230
  1461.082    9.1606    4.8143    3.9600   2189.3077    3.0911    17693461785.0229
  1478.085    9.2010    4.8361    3.9715   2193.8292    3.0893    17901886124.3568
  1495.087    9.2418    4.8588    3.9833   2198.3793    3.0877    18110799580.5603
  1512.090    9.2822    4.8812    3.9957   2203.2353    3.0865    18320243744.7632
  1529.092    9.3208    4.9029    4.0076   2207.5797    3.0856    18530243738.6156
  1546.095    9.3333    4.9073    4.0122   2209.7287    3.0851    18740615176.9078
  1563.097    9.3448    4.9111    4.0166   2211.4686    3.0850    18951186528.1478
  1563.097    4.9723    0.0000    4.0330         nan    3.0850    18951186528.1478
  1579.154    4.9862    0.0000    4.0385         nan    3.0851    19151097801.5224
  1595.211    5.0002    0.0000    4.0439         nan    3.0857    19351286233.7202
  1611.268    5.0142    0.0000    4.0493         nan    3.0867    19551779040.4656
  1627.324    5.0281    0.0000    4.0547         nan    3.0881    19752604121.5857
  1643.381    5.0414    0.0000    4.0599         nan    3.0900    19953784695.7384
  1659.438    5.0546    0.0000    4.0650         nan    3.0924    20155345880.5797
  1675.495    5.0679    0.0000    4.0702         nan    3.0953    20357320179.1074
  1691.552    5.0811    0.0000    4.0753         nan    3.0988    20559740553.7053
  1707.608    5.0937    0.0000    4.0802         nan    3.1028    20762636237.1686
  1707.608    5.2510    0.0000    6.3747         nan    3.1028    20762636237.1686
  1765.605    5.3189    0.0000    6.4153         nan    3.0061    21913416589.0283
  1823.601    5.3831    0.0000    6.4538         nan    2.9082    23035222051.8458
  1881.597    5.4440    0.0000    6.4904         nan    2.8091    24126822534.4242
  1939.593    5.5017    0.0000    6.5252         nan    2.7089    25187050694.7169
  1997.590    5.5563    0.0000    6.5582         nan    2.6077    26214798364.1980
  2055.586    5.6080    0.0000    6.5895         nan    2.5055    27209013399.0793
  2113.582    5.6569    0.0000    6.6192         nan    2.4024    28168696864.7887
  2171.578    5.7031    0.0000    6.6473         nan    2.2984    29092900480.3055
  2229.575    5.7467    0.0000    6.6738         nan    2.1935    29980724238.4094
  2287.571    5.7877    0.0000    6.6987         nan    2.0878    30831314126.7851
  2345.567    5.8262    0.0000    6.7223         nan    1.9814    31643859868.1284
  2403.563    5.8624    0.0000    6.7444         nan    1.8741    32417592573.9058
  2461.560    5.8962    0.0000    6.7650         nan    1.7662    33151782179.1297
  2519.556    5.9277    0.0000    6.7843         nan    1.6575    33845734471.6046
  2577.552    5.9570    0.0000    6.8023         nan    1.5482    34498787440.0846
  2635.549    5.9841    0.0000    6.8189         nan    1.4381    35110306515.8833
  2693.545    6.0090    0.0000    6.8342         nan    1.3273    35679678020.3101
  2751.541    6.0319    0.0000    6.8483         nan    1.2156    36206299665.0233
  2809.537    6.0526    0.0000    6.8610         nan    1.1030    36689566087.7947
  2867.534    6.0713    0.0000    6.8725         nan    0.9893    37128845724.2413
  2925.530    6.0880    0.0000    6.8828         nan    0.8739    37523441867.4797
  2983.526    6.1026    0.0000    6.8918         nan    0.7563    37872523219.3186
  3041.522    6.1153    0.0000    6.8996         nan    0.6350    38174991358.9097
  3099.519    6.1260    0.0000    6.9062         nan    0.5070    38429205885.6275
  3157.515    6.1347    0.0000    6.9115         nan    0.3651    38632349999.7382
  3215.511    6.1415    0.0000    6.9157         nan    0.1882    38778737656.3121
  3273.507    6.1463    0.0000    6.9187         nan   -0.1093    38854236676.3019
  3331.504    6.1492    0.0000    6.9205         nan   -1.2226    38810371993.1473
  3389.500    6.1502    0.0000    6.9211         nan    0.0000    38319652434.3415
