# Depth[km]  Vp[km/s]  Vs[km/s] Rho[g/cm3]    T[K]     g[m/s2]         P[Pa]        
     0.000    3.6894    2.2260    1.6776    273.1500    3.7291              0.0000
    12.240    3.6894    2.2260    1.6776    321.3024    3.7389       76567548.8097
    12.240    4.6348    2.7964    2.1074    321.3024    3.7389       76567548.8097
    29.554    4.6348    2.7964    2.1074    389.4252    3.7467      212994581.3428
    29.554    6.1637    3.7189    2.8026    389.4252    3.7467      212994581.3428
    45.656    6.1637    3.7189    2.8026    452.7794    3.7449      382080876.6157
    45.656    7.9597    4.5356    3.5036    452.7794    3.7449      382080876.6157
    55.415    7.9524    4.5263    3.5035    491.1736    3.7381      510115928.8249
    65.173    7.9449    4.5170    3.5033    529.5679    3.7313      637911749.7513
    74.931    7.9367    4.5071    3.5030    567.9621    3.7245      765466927.4532
    84.690    7.9287    4.4976    3.5027    606.3563    3.7178      892781202.1456
    94.448    7.9198    4.4876    3.5023    644.7506    3.7111     1019851817.1508
   104.207    7.9112    4.4778    3.5019    683.1448    3.7045     1146678131.5952
   113.965    7.9027    4.4681    3.5015    721.5390    3.6978     1273263147.9270
   123.724    7.8935    4.4581    3.5010    759.9333    3.6912     1399604546.3519
   133.482    7.8849    4.4484    3.5005    798.3275    3.6846     1525702299.0615
   143.240    7.8755    4.4386    3.4999    836.7217    3.6781     1651556469.0579
   152.999    7.8665    4.4287    3.4994    875.1160    3.6716     1777166131.0083
   162.757    7.8573    4.4190    3.4988    913.5102    3.6651     1902532953.0926
   172.516    7.8477    4.4090    3.4981    951.9044    3.6586     2027655270.1615
   182.274    7.8385    4.3992    3.4974    990.2987    3.6522     2152533638.4045
   192.032    7.8290    4.3894    3.4967   1028.6929    3.6458     2277169033.1581
   201.791    7.8199    4.3797    3.4961   1067.0871    3.6395     2401561957.3799
   211.549    7.8096    4.3696    3.4952   1105.4814    3.6332     2525710912.7300
   221.308    7.8001    4.3598    3.4944   1143.8756    3.6269     2649615935.9551
   231.066    7.7905    4.3499    3.4937   1182.2698    3.6206     2773280019.0661
   240.825    7.7811    4.3402    3.4929   1220.6641    3.6144     2896703956.8377
   250.583    7.7702    4.3299    3.4918   1259.0583    3.6083     3019883396.4844
   260.341    7.7619    4.3206    3.4912   1297.4525    3.6022     3142823728.8121
   270.100    7.7526    4.3110    3.4903   1335.8468    3.5961     3265529388.1113
   279.858    7.7430    4.3012    3.4894   1374.2410    3.5900     3387995239.9341
   289.617    7.7343    4.2920    3.4886   1412.6352    3.5840     3510224563.9338
   299.375    7.7250    4.2824    3.4877   1451.0295    3.5780     3632219070.5026
   309.133    7.7152    4.2725    3.4867   1489.4237    3.5721     3753977809.1234
   318.892    7.7060    4.2631    3.4857   1527.8179    3.5662     3875501477.1282
   328.650    7.6969    4.2535    3.4849   1566.2122    3.5604     3996792945.2728
   338.409    7.6866    4.2436    3.4838   1604.6064    3.5546     4117852253.9282
   348.167    7.6776    4.2341    3.4829   1643.0006    3.5488     4238681005.3112
   357.926    7.6673    4.2241    3.4819   1681.3949    3.5431     4359280571.1041
   367.684    7.6581    4.2145    3.4810   1719.7891    3.5375     4479652434.3477
   377.442    7.6483    4.2048    3.4800   1758.1833    3.5319     4599798825.3297
   387.201    7.6381    4.1948    3.4789   1796.5776    3.5263     4719718434.6032
   396.959    7.6285    4.1850    3.4780   1834.9718    3.5207     4839414564.1281
   406.718    7.6186    4.1752    3.4769   1873.3660    3.5153     4958889145.5633
   416.476    7.6089    4.1655    3.4759   1911.7603    3.5098     5078142714.4245
   426.234    7.5980    4.1551    3.4748   1950.1545    3.5045     5197175244.2126
   435.993    7.5880    4.1451    3.4738   1988.5487    3.4991     5315987973.1424
   459.193    7.6204    4.1549    3.4826   1993.4436    3.4865     5598351021.7999
   482.394    7.6507    4.1638    3.4912   1998.1224    3.4740     5880403027.8892
   505.594    7.6804    4.1727    3.4996   2002.7606    3.4616     6162127081.1467
   528.794    7.7096    4.1812    3.5080   2007.2345    3.4492     6443516299.7630
   551.995    7.7376    4.1895    3.5161   2011.5755    3.4369     6724559481.4023
   575.195    7.7654    4.1977    3.5242   2015.9263    3.4248     7005250852.5677
   598.395    7.7924    4.2056    3.5323   2020.1016    3.4127     7285590668.6309
   621.596    7.8189    4.2134    3.5401   2024.1476    3.4008     7565572854.8649
   644.796    7.8452    4.2212    3.5480   2028.1518    3.3890     7845195853.2782
   667.996    7.8713    4.2290    3.5558   2032.1370    3.3773     8124463493.8854
   691.197    7.8974    4.2368    3.5636   2035.9946    3.3658     8403379566.6687
   714.397    7.9224    4.2441    3.5712   2039.7532    3.3544     8681944497.6160
   737.597    7.9475    4.2516    3.5789   2043.4111    3.3431     8960161849.6578
   760.798    7.9730    4.2594    3.5866   2047.1749    3.3321     9238045091.8663
   783.998    7.9981    4.2670    3.5943   2050.7639    3.3212     9515605507.8397
   807.199    8.0233    4.2747    3.6020   2054.2762    3.3105     9792852358.0444
   830.399    8.0481    4.2823    3.6097   2057.6969    3.3000    10069796980.3788
   853.599    8.0742    4.2906    3.6175   2061.1834    3.2897    10346458895.4245
   876.800    8.0995    4.2987    3.6255   2064.5529    3.2796    10622860450.0873
   900.000    8.1258    4.3073    3.6337   2067.8531    3.2697    10899027358.3173
   916.991    8.1449    4.3136    3.6397   2070.2898    3.2626    11101061097.1907
   933.981    8.1662    4.3212    3.6462   2072.7002    3.2557    11303005319.3479
   950.972    8.1862    4.3281    3.6524   2075.0433    3.2488    11504870654.0188
   967.963    8.2066    4.3352    3.6589   2077.4557    3.2421    11706662432.5155
   984.953    8.2269    4.3424    3.6654   2079.8172    3.2355    11908396352.2189
  1001.944    8.2518    4.3522    3.6733   2082.2522    3.2291    12110114671.5092
  1018.934    8.2750    4.3613    3.6806   2084.7337    3.2228    12311847450.6015
  1035.925    8.3020    4.3724    3.6893   2087.2955    3.2166    12513624625.7855
  1052.916    8.3193    4.3779    3.6951   2089.4765    3.2105    12715408956.1044
  1069.906    8.3361    4.3833    3.7007   2091.6109    3.2047    12917124911.3481
  1086.897    8.3534    4.3890    3.7065   2093.7488    3.1990    13118783273.7924
  1103.888    8.3702    4.3944    3.7122   2095.8919    3.1934    13320395315.2132
  1120.878    8.4480    4.4404    3.7341   2103.8933    3.1880    13522407432.8167
  1137.869    8.6097    4.5428    3.7773   2119.0666    3.1824    13725837952.3643
  1154.859    8.8057    4.6683    3.8279   2138.8361    3.1763    13931445132.3111
  1171.850    8.8618    4.7004    3.8430   2141.3113    3.1701    14138435148.6677
  1188.841    8.8773    4.7054    3.8483   2143.5968    3.1640    14345569392.3232
  1205.831    8.8936    4.7096    3.8547   2146.4173    3.1582    14552621011.8960
  1222.822    8.9090    4.7142    3.8603   2148.9069    3.1525    14759609833.5765
  1239.813    8.9244    4.7189    3.8658   2151.3338    3.1470    14966525314.2689
  1256.803    8.9396    4.7235    3.8713   2153.7842    3.1418    15173377346.7379
  1273.794    8.9543    4.7280    3.8766   2156.2152    3.1368    15380173466.3720
  1290.784    8.9690    4.7326    3.8818   2158.5426    3.1321    15586920527.3956
  1307.775    8.9838    4.7374    3.8872   2160.9706    3.1276    15793638045.0428
  1324.766    8.9979    4.7419    3.8922   2163.3246    3.1234    16000338424.2134
  1341.756    9.0123    4.7464    3.8975   2165.7468    3.1195    16207032909.2961
  1358.747    9.0258    4.7512    3.9021   2167.8819    3.1159    16413728452.7896
  1375.738    9.0399    4.7557    3.9072   2170.2463    3.1126    16620441139.0652
  1392.728    9.0542    4.7603    3.9122   2172.4435    3.1096    16827201214.3974
  1409.719    9.0894    4.7788    3.9207   2177.3296    3.1069    17034118781.2238
  1426.709    9.1296    4.7997    3.9313   2183.7316    3.1045    17241363046.3271
  1443.700    9.1700    4.8220    3.9411   2189.3276    3.1023    17448985998.6059
  1460.691    9.2086    4.8434    3.9508   2195.2830    3.1005    17656978591.7018
  1477.681    9.2501    4.8659    3.9619   2201.3958    3.0990    17865394840.6938
  1494.672    9.2918    4.8897    3.9727   2207.4466    3.0977    18074285208.6462
  1511.663    9.3333    4.9135    3.9837   2214.0625    3.0969    18283668485.5797
  1528.653    9.3680    4.9328    3.9934   2219.2881    3.0963    18493535986.2619
  1545.644    9.3803    4.9371    3.9976   2221.3226    3.0962    18703732275.6514
  1562.634    9.3928    4.9415    4.0021   2223.3814    3.0965    18914147401.4101
  1562.634    5.1926    0.0000    4.0286         nan    3.0965    18914147401.4101
  1579.927    5.2052    0.0000    4.0340         nan    3.0969    19130008487.5524
  1597.219    5.2179    0.0000    4.0393         nan    3.0979    19346185872.5861
  1614.512    5.2306    0.0000    4.0447         nan    3.0993    19562714674.6977
  1631.804    5.2431    0.0000    4.0499         nan    3.1013    19779629352.9546
  1649.097    5.2552    0.0000    4.0550         nan    3.1039    19996962001.0724
  1666.389    5.2673    0.0000    4.0601         nan    3.1071    20214748886.1944
  1683.682    5.2794    0.0000    4.0652         nan    3.1109    20433032329.8009
  1700.974    5.2911    0.0000    4.0702         nan    3.1153    20651852188.9491
  1718.266    5.3026    0.0000    4.0750         nan    3.1204    20871248682.9799
  1718.266    5.1894    0.0000    6.4422         nan    3.1204    20871248682.9799
  1775.895    5.2638    0.0000    6.4841         nan    3.0236    22033491073.0942
  1833.524    5.3342    0.0000    6.5237         nan    2.9256    23166777556.3344
  1891.153    5.4008    0.0000    6.5613         nan    2.8264    24269836403.6551
  1948.781    5.4637    0.0000    6.5970         nan    2.7262    25341467830.3585
  2006.410    5.5232    0.0000    6.6307         nan    2.6249    26380539651.1198
  2064.039    5.5794    0.0000    6.6627         nan    2.5227    27385983642.2815
  2121.668    5.6325    0.0000    6.6929         nan    2.4196    28356792509.7758
  2179.296    5.6825    0.0000    6.7215         nan    2.3156    29292017383.7734
  2236.925    5.7297    0.0000    6.7484         nan    2.2109    30190765797.2594
  2294.554    5.7740    0.0000    6.7738         nan    2.1054    31052200126.1079
  2352.183    5.8157    0.0000    6.7976         nan    1.9993    31875536494.8443
  2409.811    5.8547    0.0000    6.8200         nan    1.8926    32660044191.7336
  2467.440    5.8912    0.0000    6.8409         nan    1.7854    33405045676.3219
  2525.069    5.9251    0.0000    6.8604         nan    1.6777    34109917331.4855
  2582.698    5.9567    0.0000    6.8785         nan    1.5696    34774091213.7173
  2640.326    5.9858    0.0000    6.8953         nan    1.4613    35397058221.4537
  2697.955    6.0127    0.0000    6.9108         nan    1.3527    35978373384.4060
  2755.584    6.0372    0.0000    6.9249         nan    1.2442    36517664475.8929
  2813.213    6.0595    0.0000    6.9378         nan    1.1358    37014646073.8880
  2870.841    6.0796    0.0000    6.9493         nan    1.0280    37469142986.9767
  2928.470    6.0975    0.0000    6.9597         nan    0.9211    37881130629.4644
  2986.099    6.1132    0.0000    6.9687         nan    0.8161    38250807958.4333
  3043.728    6.1268    0.0000    6.9766         nan    0.7145    38578737592.3556
  3101.356    6.1382    0.0000    6.9832         nan    0.6195    38866137347.8829
  3158.985    6.1476    0.0000    6.9886         nan    0.5389    39115554137.2919
  3216.614    6.1548    0.0000    6.9928         nan    0.4950    39332663200.7942
  3274.243    6.1600    0.0000    6.9958         nan    0.5786    39532196652.2767
  3331.871    6.1631    0.0000    6.9976         nan    1.5251    39765474674.7167
  3389.500    6.1642    0.0000    6.9982         nan    0.0000    40380523685.2194
