# Depth[km]  Vp[km/s]  Vs[km/s] Rho[g/cm3]    T[K]     g[m/s2]         P[Pa]        
     0.000    3.3612    2.0303    1.5253    273.1500    3.7291              0.0000
    10.942    3.3612    2.0303    1.5253    318.2944    3.7392       62234908.5193
    10.942    4.6552    2.8119    2.1125    318.2944    3.7392       62234908.5193
    28.688    4.6552    2.8119    2.1125    391.5205    3.7472      202412486.4228
    28.688    5.6375    3.4052    2.5582    391.5205    3.7472      202412486.4228
    46.515    5.6375    3.4052    2.5582    465.0846    3.7488      373315662.4452
    46.515    7.9954    4.5415    3.5187    465.0846    3.7488      373315662.4452
    56.204    7.9868    4.5313    3.5182    505.0620    3.7420      501105828.6807
    65.892    7.9781    4.5210    3.5177    545.0394    3.7352      628645310.8386
    75.580    7.9690    4.5104    3.5172    585.0168    3.7284      755932857.3068
    85.269    7.9593    4.4998    3.5165    624.9942    3.7216      882966023.7214
    94.957    7.9501    4.4893    3.5159    664.9717    3.7149     1009745285.9519
   104.646    7.9407    4.4788    3.5152    704.9491    3.7082     1136272277.1655
   114.334    7.9309    4.4683    3.5144    744.9265    3.7015     1262545103.5809
   124.022    7.9212    4.4579    3.5137    784.9039    3.6948     1388563876.6552
   133.711    7.9113    4.4474    3.5129    824.8813    3.6882     1514328811.7116
   143.399    7.9018    4.4371    3.5121    864.8588    3.6817     1639840538.4928
   153.087    7.8917    4.4267    3.5112    904.8362    3.6751     1765099189.8182
   162.776    7.8817    4.4163    3.5103    944.8136    3.6686     1890103154.2552
   172.464    7.8715    4.4059    3.5094    984.7910    3.6621     2014852492.0704
   182.152    7.8616    4.3957    3.5084   1024.7684    3.6557     2139348151.4851
   191.841    7.8519    4.3856    3.5075   1064.7458    3.6493     2263591841.8763
   201.529    7.8416    4.3750    3.5065   1104.7233    3.6429     2387583031.7043
   211.217    7.8313    4.3648    3.5054   1144.7007    3.6366     2511321308.3442
   220.906    7.8214    4.3547    3.5045   1184.6781    3.6303     2634809027.9994
   230.594    7.8115    4.3445    3.5034   1224.6555    3.6240     2758046960.8826
   240.282    7.8010    4.3342    3.5023   1264.6329    3.6178     2881035206.0081
   249.971    7.7911    4.3240    3.5013   1304.6103    3.6116     3003775770.8402
   259.659    7.7823    4.3145    3.5003   1344.5878    3.6055     3126270591.6336
   269.347    7.7721    4.3041    3.4991   1384.5652    3.5994     3248518569.1206
   279.036    7.7629    4.2946    3.4980   1424.5426    3.5933     3370520024.8941
   288.724    7.7529    4.2845    3.4968   1464.5200    3.5873     3492277009.5526
   298.412    7.7433    4.2746    3.4957   1504.4974    3.5813     3613790047.1754
   308.101    7.7332    4.2643    3.4945   1544.4748    3.5754     3735060042.0940
   317.789    7.7234    4.2544    3.4934   1584.4523    3.5695     3856088730.2028
   327.477    7.7135    4.2444    3.4922   1624.4297    3.5637     3976877364.2934
   337.166    7.7032    4.2342    3.4910   1664.4071    3.5578     4097426502.5646
   346.854    7.6931    4.2241    3.4897   1704.3845    3.5521     4217737106.1214
   356.542    7.6834    4.2141    3.4885   1744.3619    3.5464     4337811438.0463
   366.231    7.6736    4.2040    3.4873   1784.3394    3.5407     4457651727.1487
   375.919    7.6634    4.1938    3.4861   1824.3168    3.5351     4577257944.2718
   385.607    7.6527    4.1834    3.4848   1864.2942    3.5295     4696630203.7862
   395.296    7.6426    4.1732    3.4834   1904.2716    3.5240     4815769442.1725
   404.984    7.6318    4.1627    3.4822   1944.2490    3.5185     4934678467.3585
   414.672    7.6219    4.1526    3.4809   1984.2264    3.5131     5053359208.0668
   424.361    7.6119    4.1425    3.4795   2024.2039    3.5077     5171811806.6557
   434.049    7.6012    4.1320    3.4781   2064.1813    3.5024     5290036500.0083
   457.347    7.6311    4.1414    3.4869   2069.2348    3.4897     5574198432.4410
   480.644    7.6603    4.1506    3.4954   2074.1664    3.4770     5858029273.8331
   503.942    7.6886    4.1595    3.5038   2078.9792    3.4645     6141517023.4806
   527.239    7.7165    4.1684    3.5121   2083.7379    3.4520     6424656179.5387
   550.537    7.7430    4.1766    3.5203   2088.2980    3.4396     6707437838.2414
   573.834    7.7695    4.1849    3.5283   2092.7641    3.4273     6989855269.4073
   597.132    7.7949    4.1928    3.5363   2097.1897    3.4152     7271905757.1258
   620.429    7.8205    4.2008    3.5443   2101.5147    3.4031     7553588804.1965
   643.727    7.8463    4.2090    3.5522   2105.7977    3.3912     7834908163.9153
   667.025    7.8708    4.2165    3.5600   2109.8977    3.3794     8115862442.7336
   690.322    7.8957    4.2242    3.5679   2114.0502    3.3677     8396457837.0340
   713.620    7.9200    4.2319    3.5756   2118.0195    3.3562     8676699296.9587
   736.917    7.9448    4.2398    3.5835   2122.0225    3.3449     8956590901.7272
   760.215    7.9693    4.2476    3.5912   2125.8409    3.3337     9236142767.3031
   783.512    7.9941    4.2556    3.5991   2129.6471    3.3227     9515366553.6229
   806.810    8.0188    4.2635    3.6071   2133.4865    3.3119     9794282142.3633
   830.107    8.0437    4.2717    3.6150   2137.1278    3.3012    10072902538.5602
   853.405    8.0678    4.2795    3.6228   2140.8002    3.2908    10351233758.3119
   876.702    8.0948    4.2890    3.6314   2144.4054    3.2806    10629313607.5798
   900.000    8.1206    4.2978    3.6397   2147.9719    3.2706    10907173707.4980
   917.270    8.1406    4.3049    3.6460   2150.5236    3.2633    11112930983.8192
   934.540    8.1608    4.3121    3.6526   2153.1332    3.2561    11318593510.4103
   951.810    8.1819    4.3200    3.6594   2155.6735    3.2491    11524181836.9566
   969.080    8.2033    4.3279    3.6663   2158.2498    3.2422    11729712739.8789
   986.350    8.2262    4.3369    3.6737   2160.8584    3.2354    11935207662.7314
  1003.620    8.2499    4.3463    3.6815   2163.4898    3.2288    12140697330.8956
  1020.890    8.2686    4.3525    3.6882   2166.2688    3.2222    12346167532.4824
  1038.160    8.2875    4.3590    3.6949   2169.0329    3.2159    12551595994.4651
  1055.430    8.3065    4.3655    3.7017   2171.8066    3.2097    12756993833.9181
  1072.700    8.3253    4.3720    3.7084   2174.5574    3.2036    12962369215.1294
  1089.970    8.3409    4.3769    3.7140   2176.9843    3.1978    13167698985.6663
  1107.240    8.3647    4.3873    3.7229   2178.3265    3.1921    13373053013.1263
  1124.510    8.3886    4.3975    3.7320   2179.5841    3.1866    13578537183.0905
  1141.780    8.4174    4.4112    3.7423   2181.0624    3.1812    13784199151.6445
  1159.050    8.5699    4.5074    3.7835   2195.9980    3.1757    13990927920.0976
  1176.320    8.7674    4.6336    3.8346   2213.4935    3.1698    14199831016.2081
  1193.590    8.8634    4.6922    3.8599   2222.6832    3.1637    14410440015.5613
  1210.860    8.8780    4.6964    3.8653   2225.1595    3.1577    14621482289.5284
  1228.130    8.8923    4.7005    3.8708   2227.1599    3.1519    14832420924.3020
  1245.400    8.9070    4.7048    3.8763   2229.3372    3.1463    15043271880.4079
  1262.670    8.9214    4.7091    3.8818   2231.1238    3.1410    15254047506.8355
  1279.940    8.9347    4.7126    3.8873   2233.0349    3.1359    15464762367.2173
  1297.210    8.9492    4.7170    3.8930   2235.0367    3.1310    15675438306.8679
  1314.481    8.9628    4.7210    3.8984   2236.6165    3.1265    15886089601.7609
  1331.751    8.9760    4.7244    3.9040   2238.4810    3.1222    16096731786.5760
  1349.021    8.9897    4.7287    3.9095   2240.1651    3.1182    16307386231.4717
  1366.291    9.0021    4.7317    3.9152   2241.2122    3.1145    16518071972.2749
  1383.561    9.0148    4.7350    3.9209   2242.5334    3.1111    16728813663.0578
  1400.831    9.0278    4.7387    3.9266   2243.8378    3.1081    16939632617.3256
  1418.101    9.0404    4.7422    3.9322   2245.0184    3.1053    17150547799.6275
  1435.371    9.0522    4.7452    3.9375   2245.8651    3.1030    17361571402.5842
  1452.641    9.0650    4.7485    3.9440   2247.0054    3.1010    17572750444.1548
  1469.911    9.0871    4.7581    3.9517   2249.2428    3.0993    17784173895.7689
  1487.181    9.1274    4.7794    3.9636   2253.3413    3.0980    17996009655.7993
  1504.451    9.1680    4.8011    3.9758   2257.6411    3.0970    18208399727.1234
  1521.721    9.2099    4.8240    3.9889   2262.1255    3.0963    18421396833.9848
  1538.991    9.2513    4.8468    4.0023   2266.7535    3.0960    18635055774.3474
  1556.261    9.2695    4.8548    4.0087   2269.5495    3.0960    18849219927.6830
  1573.531    9.2818    4.8592    4.0131   2271.3086    3.0965    19063674289.4783
  1573.531    4.6833    0.0000    4.0520         nan    3.0965    19063674289.4783
  1587.567    4.6934    0.0000    4.0574         nan    3.0968    19239902492.7751
  1601.603    4.7034    0.0000    4.0628         nan    3.0975    19416383419.9564
  1615.639    4.7134    0.0000    4.0682         nan    3.0984    19593135370.3095
  1629.675    4.7234    0.0000    4.0736         nan    3.0998    19770177354.0670
  1643.711    4.7332    0.0000    4.0789         nan    3.1014    19947526331.7839
  1657.747    4.7427    0.0000    4.0840         nan    3.1035    20125197682.7069
  1671.783    4.7522    0.0000    4.0892         nan    3.1059    20303210451.9000
  1685.819    4.7618    0.0000    4.0943         nan    3.1087    20481586945.6377
  1699.855    4.7713    0.0000    4.0995         nan    3.1119    20660349950.8291
  1699.855    5.1845    0.0000    6.3496         nan    3.1119    20660349950.8291
  1758.118    5.2503    0.0000    6.3914         nan    3.0156    21815407695.0334
  1816.382    5.3127    0.0000    6.4311         nan    2.9181    22941874743.0518
  1874.646    5.3719    0.0000    6.4688         nan    2.8194    24038495108.9115
  1932.909    5.4280    0.0000    6.5047         nan    2.7197    25104077580.8115
  1991.173    5.4812    0.0000    6.5387         nan    2.6189    26137492661.3833
  2049.436    5.5315    0.0000    6.5710         nan    2.5171    27137670003.2889
  2107.700    5.5791    0.0000    6.6017         nan    2.4144    28103596279.7801
  2165.964    5.6240    0.0000    6.6306         nan    2.3109    29034313445.8896
  2224.227    5.6665    0.0000    6.6580         nan    2.2066    29928917374.6182
  2282.491    5.7064    0.0000    6.6839         nan    2.1015    30786556864.2599
  2340.755    5.7440    0.0000    6.7082         nan    1.9958    31606433041.0912
  2399.018    5.7792    0.0000    6.7311         nan    1.8894    32387799211.1318
  2457.282    5.8121    0.0000    6.7525         nan    1.7825    33129961258.3991
  2515.546    5.8429    0.0000    6.7724         nan    1.6751    33832278753.7583
  2573.809    5.8714    0.0000    6.7910         nan    1.5673    34494167035.7587
  2632.073    5.8979    0.0000    6.8083         nan    1.4592    35115100697.5674
  2690.336    5.9222    0.0000    6.8241         nan    1.3510    35694619201.1919
  2748.600    5.9445    0.0000    6.8387         nan    1.2427    36232335843.4392
  2806.864    5.9647    0.0000    6.8519         nan    1.1346    36727952239.9244
  2865.127    5.9829    0.0000    6.8638         nan    1.0270    37181282311.7342
  2923.391    5.9992    0.0000    6.8744         nan    0.9204    37592293491.7354
  2981.655    6.0135    0.0000    6.8838         nan    0.8157    37961181031.6621
  3039.918    6.0258    0.0000    6.8919         nan    0.7144    38288510622.3632
  3098.182    6.0363    0.0000    6.8987         nan    0.6199    38575515004.9283
  3156.445    6.0448    0.0000    6.9043         nan    0.5400    38824779462.1791
  3214.709    6.0514    0.0000    6.9086         nan    0.4975    39042071860.3193
  3272.973    6.0561    0.0000    6.9117         nan    0.5847    39242372545.4340
  3331.236    6.0589    0.0000    6.9135         nan    1.5507    39477875966.0057
  3389.500    6.0599    0.0000    6.9142         nan    0.0000    40102552876.7768
