# Depth[km]  Vp[km/s]  Vs[km/s] Rho[g/cm3]    T[K]     g[m/s2]         P[Pa]        
     0.000    3.2587    1.9563    1.5314    273.1500    3.7291              0.0000
     9.856    3.2587    1.9563    1.5314    310.0779    3.7382       56285662.3668
     9.856    4.7836    2.8718    2.2481    310.0779    3.7382       56285662.3668
    26.102    4.7836    2.8718    2.2481    370.9554    3.7436      192812881.6753
    26.102    6.2746    3.7669    2.9488    370.9554    3.7436      192812881.6753
    41.904    6.2746    3.7669    2.9488    430.1680    3.7397      367248948.3666
    41.904    7.8427    4.4865    3.4770    430.1680    3.7397      367248948.3666
    51.796    7.8387    4.4798    3.4774    467.2341    3.7330      495880521.7663
    61.687    7.8343    4.4729    3.4778    504.3001    3.7263      624294464.4026
    71.579    7.8295    4.4658    3.4780    541.3661    3.7196      752488603.6339
    81.471    7.8243    4.4584    3.4782    578.4321    3.7129      880460482.8543
    91.363    7.8190    4.4510    3.4784    615.4982    3.7063     1008209034.6016
   101.254    7.8126    4.4431    3.4783    652.5642    3.6997     1135730571.1506
   111.146    7.8068    4.4354    3.4783    689.6302    3.6931     1263023789.0789
   121.038    7.8010    4.4277    3.4783    726.6963    3.6866     1390091280.4068
   130.929    7.7951    4.4199    3.4783    763.7623    3.6800     1516933093.5482
   140.821    7.7885    4.4118    3.4781    800.8283    3.6735     1643545404.7349
   150.713    7.7824    4.4040    3.4780    837.8943    3.6671     1769927798.5369
   160.605    7.7756    4.3958    3.4777    874.9604    3.6606     1896080426.3679
   170.496    7.7695    4.3880    3.4775    912.0264    3.6542     2022002943.4944
   180.388    7.7627    4.3798    3.4771    949.0924    3.6478     2147695458.3781
   190.280    7.7568    4.3720    3.4769    986.1585    3.6415     2273157712.7793
   200.172    7.7502    4.3639    3.4765   1023.2245    3.6352     2398390285.1366
   210.063    7.7431    4.3556    3.4759   1060.2905    3.6289     2523388586.8609
   219.955    7.7362    4.3474    3.4755   1097.3566    3.6227     2648152320.4594
   229.847    7.7294    4.3392    3.4750   1134.4226    3.6165     2772684226.9626
   239.738    7.7233    4.3312    3.4747   1171.4886    3.6103     2896989018.5255
   249.630    7.7165    4.3231    3.4742   1208.5546    3.6042     3021068103.5265
   259.522    7.7094    4.3148    3.4736   1245.6207    3.5981     3144917307.7541
   269.414    7.7022    4.3064    3.4730   1282.6867    3.5920     3268536420.9462
   279.305    7.6953    4.2983    3.4725   1319.7527    3.5860     3391928110.3400
   289.197    7.6868    4.2893    3.4719   1356.8188    3.5800     3515092981.3020
   299.089    7.6790    4.2807    3.4714   1393.8848    3.5741     3638033159.6560
   308.980    7.6706    4.2718    3.4709   1430.9508    3.5682     3760750894.1298
   318.872    7.6624    4.2630    3.4703   1468.0168    3.5623     3883246917.3547
   328.764    7.6543    4.2543    3.4698   1505.0829    3.5565     4005523531.8012
   338.656    7.6464    4.2456    3.4693   1542.1489    3.5507     4127582316.9330
   348.547    7.6376    4.2366    3.4687   1579.2149    3.5450     4249422371.7921
   358.439    7.6283    4.2273    3.4680   1616.2810    3.5393     4371042289.7868
   368.331    7.6194    4.2182    3.4673   1653.3470    3.5336     4492442950.6218
   378.223    7.6112    4.2094    3.4668   1690.4130    3.5280     4613628244.3518
   388.114    7.6028    4.2004    3.4662   1727.4790    3.5225     4734601904.3917
   398.006    7.5864    4.1884    3.4644   1764.5451    3.5170     4855343078.6651
   407.898    7.5841    4.1818    3.4647   1801.6111    3.5115     4975869867.4070
   417.789    7.5753    4.1726    3.4641   1838.6771    3.5061     5096205390.8968
   427.681    7.5623    4.1619    3.4628   1875.7432    3.5007     5216322375.7671
   437.573    7.5543    4.1530    3.4623   1912.8092    3.4954     5336223931.3782
   460.694    7.5830    4.1605    3.4704   1916.9290    3.4830     5616366037.1085
   483.816    7.6113    4.1678    3.4784   1920.9970    3.4708     5896164824.8590
   506.937    7.6514    4.1799    3.4881   1926.2433    3.4586     6175689023.1590
   530.058    7.6820    4.1884    3.4963   1930.5511    3.4465     6454950594.7855
   553.180    7.7106    4.1960    3.5043   1934.6761    3.4344     6733882164.8641
   576.301    7.7389    4.2037    3.5122   1938.6109    3.4225     7012470598.0553
   599.422    7.7658    4.2109    3.5199   1942.4551    3.4107     7290706682.1027
   622.544    7.7938    4.2185    3.5277   1946.4176    3.3991     7568594270.1893
   645.665    7.8204    4.2256    3.5352   1950.1685    3.3875     7846134935.3567
   668.786    7.8473    4.2330    3.5428   1953.8947    3.3762     8123325597.5062
   691.908    7.8730    4.2398    3.5502   1957.5268    3.3649     8400167887.8820
   715.029    7.8986    4.2467    3.5575   1961.0734    3.3538     8676661586.2614
   738.150    7.9239    4.2534    3.5648   1964.5867    3.3429     8952811263.8119
   761.272    7.9486    4.2600    3.5720   1967.9661    3.3322     9228620622.5510
   784.393    7.9734    4.2666    3.5791   1971.3681    3.3216     9504095790.8629
   807.515    7.9984    4.2735    3.5862   1974.6932    3.3113     9779247676.7753
   830.636    8.0222    4.2797    3.5933   1977.9698    3.3012    10054084493.5750
   853.757    8.0467    4.2864    3.6004   1981.2093    3.2913    10328619131.9073
   876.879    8.0708    4.2929    3.6074   1984.3645    3.2816    10602866749.4456
   900.000    8.0960    4.3002    3.6146   1987.7189    3.2721    10876848544.1967
   916.714    8.1133    4.3049    3.6197   1989.9296    3.2655    11074666425.0766
   933.427    8.1306    4.3097    3.6248   1992.1130    3.2589    11272358089.5334
   950.141    8.1479    4.3146    3.6299   1994.2968    3.2526    11469931592.7341
   966.854    8.1649    4.3193    3.6349   1996.4751    3.2463    11667393508.6088
   983.568    8.1840    4.3252    3.6405   1998.7480    3.2402    11864764296.7209
  1000.281    8.2019    4.3305    3.6458   2000.8945    3.2343    12062059886.2518
  1016.995    8.2188    4.3352    3.6509   2003.0092    3.2285    12259274955.1155
  1033.708    8.2353    4.3397    3.6558   2005.0223    3.2229    12456407645.3005
  1050.422    8.2509    4.3438    3.6604   2007.1014    3.2175    12653456140.6831
  1067.135    8.2929    4.3659    3.6720   2011.4566    3.2122    12850608821.1040
  1083.849    8.3978    4.4312    3.7000   2021.3314    3.2069    13048499210.1375
  1100.562    8.5187    4.5073    3.7320   2034.2626    3.2014    13247670608.9354
  1117.276    8.6051    4.5597    3.7547   2042.5318    3.1958    13447966158.3863
  1133.989    8.6210    4.5638    3.7596   2045.8452    3.1903    13648650690.2305
  1150.703    8.6364    4.5677    3.7644   2048.2092    3.1850    13849247140.5867
  1167.416    8.6532    4.5736    3.7690   2054.5448    3.1799    14049756769.8770
  1184.130    8.7002    4.6106    3.7749   2060.5318    3.1750    14250224945.2028
  1200.843    8.7588    4.6600    3.7816   2064.6432    3.1703    14450719773.2968
  1217.557    8.7764    4.6671    3.7865   2066.9764    3.1658    14651224513.9339
  1234.270    8.7913    4.6713    3.7913   2069.3907    3.1616    14851702520.5977
  1250.984    8.8062    4.6757    3.7960   2071.7793    3.1576    15052163916.8979
  1267.698    8.8247    4.6818    3.8017   2074.4589    3.1539    15252646587.8076
  1284.411    8.8615    4.6990    3.8104   2079.5213    3.1504    15453271236.1883
  1301.125    8.9014    4.7181    3.8200   2084.7512    3.1471    15654157102.1551
  1317.838    8.9391    4.7360    3.8296   2089.8625    3.1440    15855339413.0598
  1334.552    8.9760    4.7535    3.8391   2095.0374    3.1412    16056827038.1115
  1351.265    9.0141    4.7714    3.8494   2100.2488    3.1386    16258652618.3370
  1367.979    9.0554    4.7908    3.8612   2105.9829    3.1362    16460890884.4342
  1384.692    9.0754    4.7984    3.8674   2108.4855    3.1341    16663446573.5016
  1401.406    9.0925    4.8015    3.8747   2110.3448    3.1323    16866218381.6650
  1418.119    9.1092    4.8050    3.8816   2112.3609    3.1308    17069245180.7756
  1434.833    9.1256    4.8085    3.8884   2114.3561    3.1297    17272533987.1420
  1451.546    9.1427    4.8117    3.8961   2116.3081    3.1288    17476126387.5695
  1468.260    9.1737    4.8222    3.9104   2121.4728    3.1283    17680240082.7549
  1484.973    9.2438    4.8590    3.9392   2132.8059    3.1280    17885448094.6286
  1501.687    9.2703    4.8719    3.9484   2138.6550    3.1278    18091627117.6128
  1518.400    9.2969    4.8854    3.9572   2143.7722    3.1280    18298267798.5517
  1535.114    9.3228    4.8986    3.9660   2149.1102    3.1286    18505382892.8323
  1551.827    9.3474    4.9111    3.9741   2154.1487    3.1297    18712979767.3542
  1551.827    4.9691    0.0000    4.0063         nan    3.1297    18712979767.3542
  1566.811    4.9811    0.0000    4.0114         nan    3.1305    18900973417.2741
  1581.795    4.9930    0.0000    4.0164         nan    3.1318    19089255611.9134
  1596.779    5.0050    0.0000    4.0215         nan    3.1334    19277849204.0095
  1611.763    5.0170    0.0000    4.0265         nan    3.1355    19466777959.4804
  1626.747    5.0285    0.0000    4.0313         nan    3.1379    19656062380.3554
  1641.731    5.0399    0.0000    4.0361         nan    3.1408    19845722767.3132
  1656.715    5.0513    0.0000    4.0409         nan    3.1442    20035784755.3388
  1671.699    5.0627    0.0000    4.0457         nan    3.1480    20226276333.9939
  1686.683    5.0738    0.0000    4.0504         nan    3.1524    20417223750.7520
  1686.683    5.2243    0.0000    6.3831         nan    3.1524    20417223750.7520
  1745.400    5.2946    0.0000    6.4253         nan    3.0548    21602631133.7677
  1804.118    5.3611    0.0000    6.4653         nan    2.9559    22758709659.7370
  1862.836    5.4242    0.0000    6.5033         nan    2.8559    23884153160.0687
  1921.554    5.4838    0.0000    6.5394         nan    2.7547    24977725236.5291
  1980.272    5.5403    0.0000    6.5736         nan    2.6525    26038255517.4588
  2038.990    5.5937    0.0000    6.6061         nan    2.5494    27064636500.1480
  2097.708    5.6442    0.0000    6.6368         nan    2.4453    28055820894.8556
  2156.425    5.6919    0.0000    6.6658         nan    2.3403    29010819415.9990
  2215.143    5.7368    0.0000    6.6933         nan    2.2345    29928698976.7455
  2273.861    5.7791    0.0000    6.7191         nan    2.1279    30808581266.4100
  2332.579    5.8189    0.0000    6.7435         nan    2.0207    31649641718.8713
  2391.297    5.8561    0.0000    6.7663         nan    1.9128    32451108901.3669
  2450.015    5.8910    0.0000    6.7877         nan    1.8043    33212264389.6303
  2508.732    5.9235    0.0000    6.8077         nan    1.6953    33932443247.1699
  2567.450    5.9537    0.0000    6.8262         nan    1.5859    34611035309.3284
  2626.168    5.9816    0.0000    6.8434         nan    1.4761    35247487605.5038
  2684.886    6.0073    0.0000    6.8592         nan    1.3660    35841308476.6708
  2743.604    6.0308    0.0000    6.8737         nan    1.2559    36392074341.2042
  2802.322    6.0521    0.0000    6.8869         nan    1.1457    36899440798.0794
  2861.039    6.0714    0.0000    6.8988         nan    1.0359    37363161177.1062
  2919.757    6.0885    0.0000    6.9094         nan    0.9268    37783118560.5655
  2978.475    6.1036    0.0000    6.9187         nan    0.8191    38159383678.9738
  3037.193    6.1166    0.0000    6.9267         nan    0.7139    38492326182.1377
  3095.911    6.1276    0.0000    6.9335         nan    0.6140    38782846203.4293
  3154.629    6.1366    0.0000    6.9391         nan    0.5252    39032909678.6574
  3213.346    6.1436    0.0000    6.9434         nan    0.4653    39246977641.6211
  3272.064    6.1486    0.0000    6.9465         nan    0.5053    39436715870.5771
  3330.782    6.1515    0.0000    6.9483         nan    1.2231    39642865777.0943
  3389.500    6.1525    0.0000    6.9489         nan    0.0000    40141883274.9822
