# Depth[km]  Vp[km/s]  Vs[km/s] Rho[g/cm3]    T[K]     g[m/s2]         P[Pa]        
     0.000    3.3791    2.0136    1.6317    273.1500    3.7291              0.0000
    10.434    3.3791    2.0136    1.6317    312.9984    3.7378       63489636.5878
    10.434    5.0372    3.0017    2.4323    312.9984    3.7378       63489636.5878
    27.306    5.0372    3.0017    2.4323    377.4366    3.7408      216880368.8695
    27.306    6.3028    3.7558    3.0434    377.4366    3.7408      216880368.8695
    41.969    6.3028    3.7558    3.0434    433.4399    3.7361      383819177.8171
    41.969    7.8412    4.4856    3.4767    433.4399    3.7361      383819177.8171
    51.930    7.8367    4.4786    3.4771    471.4833    3.7293      513208992.6536
    61.890    7.8318    4.4714    3.4773    509.5267    3.7225      642374528.5553
    71.851    7.8265    4.4640    3.4775    547.5701    3.7158      771313765.4483
    81.812    7.8209    4.4563    3.4776    585.6135    3.7090      900024207.3844
    91.772    7.8151    4.4486    3.4777    623.6568    3.7023     1028504985.1761
   101.733    7.8082    4.4404    3.4775    661.7002    3.6957     1156752272.6287
   111.694    7.8022    4.4325    3.4775    699.7436    3.6890     1284764546.8171
   121.655    7.7959    4.4244    3.4774    737.7870    3.6824     1412544561.3611
   131.615    7.7897    4.4165    3.4773    775.8304    3.6758     1540092406.4784
   141.576    7.7823    4.4080    3.4770    813.8738    3.6692     1667403550.4961
   151.537    7.7760    4.3999    3.4768    851.9172    3.6627     1794477469.3345
   161.497    7.7687    4.3914    3.4764    889.9606    3.6562     1921315174.6374
   171.458    7.7616    4.3830    3.4760    928.0040    3.6498     2047913484.2971
   181.419    7.7547    4.3747    3.4756    966.0474    3.6433     2174274041.3868
   191.380    7.7479    4.3664    3.4752   1004.0908    3.6369     2300397855.5207
   201.340    7.7402    4.3577    3.4746   1042.1342    3.6306     2426280860.0122
   211.301    7.7332    4.3494    3.4740   1080.1776    3.6243     2551922291.3376
   221.262    7.7262    4.3410    3.4735   1118.2210    3.6180     2677325371.9829
   231.222    7.7193    4.3325    3.4731   1156.2644    3.6117     2802494321.8760
   241.183    7.7114    4.3239    3.4724   1194.3078    3.6055     2927427248.5226
   251.144    7.7042    4.3154    3.4718   1232.3512    3.5993     3052121577.3645
   261.105    7.6970    4.3070    3.4712   1270.3945    3.5932     3176581207.5855
   271.065    7.6899    4.2986    3.4706   1308.4379    3.5871     3300808272.4641
   281.026    7.6811    4.2895    3.4699   1346.4813    3.5810     3424801615.8795
   290.987    7.6721    4.2803    3.4692   1384.5247    3.5750     3548560175.8888
   300.947    7.6636    4.2712    3.4687   1422.5681    3.5690     3672088578.2866
   310.908    7.6551    4.2622    3.4681   1460.6115    3.5631     3795390438.4353
   320.869    7.6460    4.2529    3.4674   1498.6549    3.5572     3918464245.8983
   330.830    7.6378    4.2440    3.4668   1536.6983    3.5514     4041311487.6899
   340.790    7.6273    4.2341    3.4659   1574.7417    3.5455     4163930241.0995
   350.751    7.6087    4.2212    3.4636   1612.7851    3.5398     4286291875.5097
   360.712    7.6091    4.2155    3.4645   1650.8285    3.5341     4408430445.0399
   370.672    7.6007    4.2065    3.4639   1688.8719    3.5284     4530377174.3926
   380.633    7.5841    4.1943    3.4620   1726.9153    3.5228     4652084157.7576
   390.594    7.5756    4.1852    3.4614   1764.9587    3.5172     4773554017.1983
   400.555    7.5713    4.1777    3.4615   1803.0021    3.5117     4894822238.6794
   410.515    7.5588    4.1670    3.4603   1841.0455    3.5062     5015879235.8188
   420.476    7.5502    4.1579    3.4597   1879.0889    3.5007     5136715342.0613
   430.437    7.5431    4.1492    3.4593   1917.1322    3.4953     5257346250.5639
   440.397    7.5330    4.1394    3.4584   1955.1756    3.4900     5377769665.4225
   463.378    7.5616    4.1468    3.4665   1959.4076    3.4778     5655460105.3169
   486.358    7.5897    4.1540    3.4744   1963.5921    3.4656     5932817833.0956
   509.338    7.6176    4.1613    3.4823   1967.6684    3.4536     6209837300.1749
   532.318    7.6578    4.1734    3.4920   1973.0663    3.4416     6486591920.9045
   555.298    7.6880    4.1818    3.5002   1977.4105    3.4297     6763094469.2785
   578.278    7.7162    4.1894    3.5080   1981.4617    3.4179     7039270837.2460
   601.258    7.7436    4.1967    3.5158   1985.4620    3.4062     7315109433.1265
   624.238    7.7707    4.2039    3.5234   1989.4148    3.3947     7590609089.3820
   647.219    7.7972    4.2110    3.5309   1993.1989    3.3833     7865766528.6271
   670.199    7.8244    4.2185    3.5385   1997.1044    3.3720     8140585607.8357
   693.179    7.8507    4.2256    3.5460   2000.8614    3.3609     8415072178.3235
   716.159    7.8762    4.2323    3.5534   2004.5254    3.3499     8689224374.4901
   739.139    7.9013    4.2389    3.5606   2008.1327    3.3391     8963043873.4982
   762.119    7.9265    4.2458    3.5678   2011.6444    3.3284     9236535628.5134
   785.099    7.9508    4.2522    3.5749   2015.0636    3.3180     9509702089.5183
   808.079    7.9756    4.2589    3.5820   2018.4982    3.3077     9782552652.0089
   831.060    8.0002    4.2655    3.5892   2021.8883    3.2977    10055102041.2319
   854.040    8.0241    4.2719    3.5961   2025.1327    3.2879    10327357268.0943
   877.020    8.0485    4.2787    3.6032   2028.4437    3.2783    10599332268.0119
   900.000    8.0722    4.2850    3.6102   2031.6373    3.2689    10871042276.0900
   916.492    8.0901    4.2901    3.6154   2034.0645    3.2624    11065809013.4575
   932.984    8.1081    4.2953    3.6205   2036.3998    3.2559    11260463978.6834
   949.476    8.1253    4.3001    3.6256   2038.6103    3.2496    11455010542.5938
   965.968    8.1423    4.3048    3.6307   2040.8191    3.2435    11649452137.8222
   982.460    8.1596    4.3098    3.6357   2042.9865    3.2375    11843796802.7492
   998.952    8.1785    4.3156    3.6413   2045.2949    3.2316    12038065990.4356
  1015.444    8.1959    4.3206    3.6465   2047.4749    3.2259    12232270247.3696
  1031.936    8.2118    4.3248    3.6512   2049.5566    3.2204    12426396761.7323
  1048.428    8.2277    4.3290    3.6560   2051.6192    3.2150    12620442881.2689
  1064.920    8.2436    4.3334    3.6607   2053.6664    3.2099    12814416307.5269
  1081.412    8.2907    4.3590    3.6736   2058.9920    3.2048    13008542543.3162
  1097.903    8.3973    4.4255    3.7017   2070.4071    3.1997    13203447791.7132
  1114.395    8.5197    4.5026    3.7339   2084.8409    3.1945    13399635916.8154
  1130.887    8.5967    4.5485    3.7542   2090.6034    3.1891    13596884780.6695
  1147.379    8.6128    4.5529    3.7591   2092.9544    3.1839    13794465929.1803
  1163.871    8.6281    4.5570    3.7639   2095.1647    3.1788    13991974835.8869
  1180.363    8.6435    4.5610    3.7685   2097.2989    3.1740    14189417030.7192
  1196.855    8.6589    4.5651    3.7733   2099.4567    3.1693    14386805132.7957
  1213.347    8.6743    4.5691    3.7781   2101.6332    3.1649    14584155107.1239
  1229.839    8.6893    4.5729    3.7828   2103.7702    3.1608    14781478431.8404
  1246.331    8.7045    4.5769    3.7875   2105.9158    3.1568    14978788529.8391
  1262.823    8.7205    4.5815    3.7926   2108.0807    3.1532    15176109723.7444
  1279.315    8.7352    4.5853    3.7973   2111.8145    3.1497    15373454488.5455
  1295.807    8.7751    4.6122    3.8042   2117.8413    3.1466    15570886781.3190
  1312.299    8.8481    4.6669    3.8151   2124.7377    3.1436    15768581548.1600
  1328.791    8.8784    4.6783    3.8235   2134.5628    3.1409    15966590413.6773
  1345.283    8.9510    4.7316    3.8355   2140.0126    3.1384    16164956357.8162
  1361.775    8.9906    4.7504    3.8462   2145.3246    3.1361    16363750724.8256
  1378.267    9.0282    4.7683    3.8565   2150.8179    3.1340    16562941277.1780
  1394.759    9.0650    4.7843    3.8678   2155.4150    3.1322    16762559514.8680
  1411.251    9.0812    4.7880    3.8743   2157.5078    3.1306    16962522735.3954
  1427.743    9.0976    4.7913    3.8812   2159.5402    3.1294    17162732596.6996
  1444.235    9.1146    4.7946    3.8887   2161.5690    3.1285    17363234867.1650
  1460.727    9.1319    4.7979    3.8965   2163.5376    3.1279    17564073248.8184
  1477.219    9.1499    4.8012    3.9048   2165.6085    3.1277    17765290328.9904
  1493.710    9.2141    4.8328    3.9326   2176.5402    3.1276    17967422871.6845
  1510.202    9.2395    4.8447    3.9416   2182.1533    3.1278    18170500533.0531
  1526.694    9.2663    4.8582    3.9507   2187.4278    3.1284    18374057627.7105
  1543.186    9.2908    4.8704    3.9590   2192.7534    3.1293    18578101037.5361
  1543.186    5.0653    0.0000    4.0068         nan    3.1293    18578101037.5361
  1562.065    5.0805    0.0000    4.0129         nan    3.1302    18814995544.9105
  1580.944    5.0956    0.0000    4.0191         nan    3.1316    19052315881.9578
  1599.823    5.1107    0.0000    4.0252         nan    3.1337    19290107393.5123
  1618.701    5.1254    0.0000    4.0311         nan    3.1364    19528412439.3931
  1637.580    5.1398    0.0000    4.0370         nan    3.1398    19767272752.3154
  1656.459    5.1543    0.0000    4.0428         nan    3.1439    20006738023.5651
  1675.338    5.1685    0.0000    4.0486         nan    3.1487    20246861733.0907
  1694.216    5.1822    0.0000    4.0542         nan    3.1544    20487694159.5660
  1713.095    5.1959    0.0000    4.0598         nan    3.1609    20729290771.7451
  1713.095    5.1519    0.0000    6.4946         nan    3.1609    20729290771.7451
  1770.902    5.2117    0.0000    6.5382         nan    3.0633    21919969396.8654
  1828.709    5.2686    0.0000    6.5798         nan    2.9645    23081448438.0231
  1886.516    5.3225    0.0000    6.6194         nan    2.8645    24212421083.1408
  1944.323    5.3737    0.0000    6.6571         nan    2.7634    25311642824.8783
  2002.130    5.4222    0.0000    6.6930         nan    2.6611    26377929055.0727
  2059.938    5.4682    0.0000    6.7271         nan    2.5579    27410153038.4188
  2117.745    5.5118    0.0000    6.7595         nan    2.4537    28407244219.8727
  2175.552    5.5530    0.0000    6.7902         nan    2.3486    29368186840.0148
  2233.359    5.5919    0.0000    6.8192         nan    2.2426    30292018836.5562
  2291.166    5.6285    0.0000    6.8467         nan    2.1359    31177831034.6133
  2348.973    5.6630    0.0000    6.8725         nan    2.0284    32024766639.0825
  2406.780    5.6954    0.0000    6.8968         nan    1.9202    32832021067.3365
  2464.587    5.7257    0.0000    6.9196         nan    1.8114    33598842195.7844
  2522.394    5.7540    0.0000    6.9409         nan    1.7021    34324531136.6027
  2580.201    5.7803    0.0000    6.9608         nan    1.5923    35008443739.6133
  2638.008    5.8046    0.0000    6.9792         nan    1.4821    35649993138.6127
  2695.815    5.8270    0.0000    6.9961         nan    1.3716    36248653872.8248
  2753.622    5.8475    0.0000    7.0117         nan    1.2609    36803968487.1040
  2811.429    5.8662    0.0000    7.0258         nan    1.1502    37315558209.3008
  2869.236    5.8830    0.0000    7.0386         nan    1.0398    37783140647.0126
  2927.043    5.8980    0.0000    7.0499         nan    0.9300    38206560199.6889
  2984.851    5.9112    0.0000    7.0600         nan    0.8215    38585842910.4785
  3042.658    5.9226    0.0000    7.0686         nan    0.7153    38921301754.4140
  3100.465    5.9322    0.0000    7.0760         nan    0.6141    39213755616.6896
  3158.272    5.9401    0.0000    7.0819         nan    0.5233    39465035374.8230
  3216.079    5.9462    0.0000    7.0866         nan    0.4596    39679334980.2468
  3273.886    5.9506    0.0000    7.0899         nan    0.4900    39867663207.2145
  3331.693    5.9532    0.0000    7.0919         nan    1.1578    40068516663.7507
  3389.500    5.9540    0.0000    7.0926         nan    0.0000    40543200336.7595
