# Depth[km]  Vp[km/s]  Vs[km/s] Rho[g/cm3]    T[K]     g[m/s2]         P[Pa]        
     0.000    3.9370    2.3774    1.7849    273.1500    3.7291              0.0000
    17.007    3.9370    2.3774    1.7849    341.0303    3.7412      113199171.5502
    17.007    4.2946    2.5933    1.9471    341.0303    3.7412      113199171.5502
    27.587    4.2946    2.5933    1.9471    383.2623    3.7474      190269142.6289
    27.587    6.0180    3.6340    2.7284    383.2623    3.7474      190269142.6289
    45.504    6.0180    3.6340    2.7284    454.7815    3.7465      373466161.6986
    45.504    7.9586    4.5349    3.5034    454.7815    3.7465      373466161.6986
    55.182    7.9511    4.5255    3.5032    493.4121    3.7398      500490647.2970
    64.860    7.9432    4.5159    3.5030    532.0426    3.7330      627278141.4828
    74.538    7.9349    4.5062    3.5026    570.6732    3.7264      753827259.8618
    84.216    7.9259    4.4961    3.5022    609.3038    3.7197      880135054.4144
    93.893    7.9175    4.4863    3.5018    647.9343    3.7131     1006201451.4589
   103.571    7.9086    4.4764    3.5013    686.5649    3.7065     1132028316.8717
   113.249    7.8999    4.4666    3.5009    725.1954    3.6999     1257616117.4660
   122.927    7.8904    4.4565    3.5003    763.8260    3.6933     1382962590.0935
   132.605    7.8816    4.4467    3.4998    802.4566    3.6868     1508067758.0466
   142.283    7.8720    4.4367    3.4992    841.0871    3.6804     1632932189.8132
   151.961    7.8620    4.4264    3.4984    879.7177    3.6739     1757552038.2241
   161.639    7.8531    4.4167    3.4979    918.3482    3.6675     1881930328.3796
   171.317    7.8434    4.4067    3.4971    956.9788    3.6611     2006068256.8426
   180.994    7.8339    4.3969    3.4964    995.6094    3.6548     2129964376.2597
   190.672    7.8242    4.3870    3.4956   1034.2399    3.6484     2253619392.5333
   200.350    7.8143    4.3769    3.4948   1072.8705    3.6422     2377032719.7435
   210.028    7.8040    4.3668    3.4939   1111.5011    3.6359     2500203917.1751
   219.706    7.7946    4.3570    3.4932   1150.1316    3.6297     2623135193.0584
   229.384    7.7846    4.3469    3.4923   1188.7622    3.6235     2745828035.2781
   239.062    7.7751    4.3372    3.4915   1227.3927    3.6174     2868282887.7751
   248.740    7.7638    4.3265    3.4904   1266.0233    3.6113     2990496930.8348
   258.418    7.7547    4.3171    3.4896   1304.6539    3.6053     3112471433.5584
   268.095    7.7456    4.3076    3.4887   1343.2844    3.5992     3234212001.6798
   277.773    7.7360    4.2978    3.4877   1381.9150    3.5933     3355717356.3170
   287.451    7.7261    4.2880    3.4867   1420.5455    3.5873     3476985532.4310
   297.129    7.7168    4.2784    3.4858   1459.1761    3.5814     3598019643.7545
   306.807    7.7071    4.2686    3.4848   1497.8067    3.5756     3718821700.6958
   316.485    7.6972    4.2587    3.4837   1536.4372    3.5697     3839390469.1772
   326.163    7.6873    4.2490    3.4827   1575.0678    3.5640     3959727527.9924
   335.841    7.6775    4.2391    3.4817   1613.6984    3.5582     4079834994.8030
   345.519    7.6669    4.2290    3.4806   1652.3289    3.5526     4199712489.5732
   355.196    7.6577    4.2194    3.4796   1690.9595    3.5469     4319362942.2059
   364.874    7.6474    4.2094    3.4785   1729.5900    3.5413     4438788133.8843
   374.552    7.6372    4.1994    3.4774   1768.2206    3.5358     4557986763.7040
   384.230    7.6271    4.1895    3.4764   1806.8512    3.5303     4676962239.5786
   393.908    7.6171    4.1796    3.4753   1845.4817    3.5248     4795716261.7493
   403.586    7.6061    4.1692    3.4742   1884.1123    3.5194     4914248773.3607
   413.264    7.5964    4.1595    3.4731   1922.7428    3.5140     5032561898.9600
   422.942    7.5854    4.1490    3.4719   1961.3734    3.5087     5150655929.3499
   432.620    7.5757    4.1392    3.4709   2000.0040    3.5035     5268533804.5253
   455.989    7.6082    4.1490    3.4798   2004.9688    3.4908     5553068803.4726
   479.358    7.6394    4.1583    3.4885   2009.7452    3.4783     5837297655.5104
   502.727    7.6693    4.1670    3.4970   2014.4359    3.4658     6121204819.4275
   526.096    7.6981    4.1754    3.5054   2018.9831    3.4534     6404777708.5980
   549.465    7.7267    4.1839    3.5136   2023.4312    3.4412     6688008161.9462
   572.834    7.7552    4.1923    3.5219   2027.8261    3.4290     6970893173.7444
   596.203    7.7823    4.2003    3.5300   2032.1166    3.4169     7253430479.7481
   619.572    7.8094    4.2082    3.5380   2036.3237    3.4049     7535616715.7004
   642.941    7.8363    4.2163    3.5459   2040.4184    3.3931     7817451418.3239
   666.310    7.8622    4.2238    3.5538   2044.3930    3.3814     8098932782.7124
   689.679    7.8885    4.2317    3.5616   2048.3852    3.3699     8380063152.4485
   713.048    7.9143    4.2394    3.5694   2052.2506    3.3585     8660850939.2945
   736.417    7.9396    4.2470    3.5771   2055.9889    3.3473     8941298766.6943
   759.786    7.9653    4.2547    3.5849   2059.7663    3.3362     9221415561.3687
   783.155    7.9906    4.2623    3.5927   2063.4448    3.3253     9501213085.0966
   806.524    8.0157    4.2700    3.6004   2066.9566    3.3146     9780696959.3814
   829.893    8.0409    4.2777    3.6081   2070.4774    3.3041    10059881136.4158
   853.262    8.0676    4.2863    3.6162   2074.0208    3.2939    10338794145.4366
   876.631    8.0933    4.2948    3.6241   2077.3433    3.2838    10617451680.7579
   900.000    8.1194    4.3030    3.6324   2080.8225    3.2740    10895876979.7689
   916.477    8.1381    4.3092    3.6382   2083.1240    3.2671    11091986037.6876
   932.955    8.1566    4.3153    3.6439   2085.4694    3.2605    11287999260.2668
   949.432    8.1776    4.3228    3.6505   2087.8399    3.2539    11483942075.9667
   965.910    8.1977    4.3299    3.6568   2090.2157    3.2475    11679835874.0762
   982.387    8.2186    4.3376    3.6634   2092.5188    3.2411    11875688383.8397
   998.864    8.2409    4.3461    3.6705   2094.8465    3.2350    12071525065.3385
  1015.342    8.2645    4.3555    3.6779   2097.2852    3.2289    12267374060.2366
  1031.819    8.2907    4.3662    3.6864   2099.7457    3.2229    12463278487.8899
  1048.297    8.3088    4.3724    3.6923   2102.0131    3.2171    12659203324.1837
  1064.774    8.3250    4.3775    3.6977   2104.1130    3.2114    12855073482.6366
  1081.251    8.3421    4.3830    3.7035   2106.2114    3.2060    13050895266.8316
  1097.729    8.3583    4.3883    3.7089   2108.3120    3.2006    13246678913.5577
  1114.206    8.3751    4.3938    3.7147   2110.3648    3.1955    13442431649.7829
  1130.684    8.4998    4.4715    3.7486   2123.2830    3.1903    13638915213.2696
  1147.161    8.6747    4.5829    3.7947   2139.5347    3.1849    13837185773.0180
  1163.638    8.8477    4.6932    3.8391   2153.6225    3.1791    14037490363.6248
  1180.116    8.8632    4.6984    3.8441   2155.8543    3.1732    14238721719.8609
  1196.593    8.8782    4.7031    3.8492   2158.0830    3.1675    14439845616.2378
  1213.071    8.8943    4.7073    3.8556   2160.9039    3.1620    14640911082.2314
  1229.548    8.9090    4.7117    3.8609   2163.3046    3.1567    14841932794.4135
  1246.025    8.9236    4.7163    3.8661   2165.6364    3.1516    15042889425.5294
  1262.503    8.9385    4.7208    3.8716   2168.0443    3.1467    15243798919.1762
  1278.980    8.9519    4.7253    3.8761   2170.2178    3.1421    15444657155.5478
  1295.458    8.9673    4.7299    3.8819   2172.6779    3.1377    15645486067.8271
  1311.935    8.9815    4.7343    3.8870   2175.0547    3.1336    15846317070.1983
  1328.412    8.9952    4.7387    3.8918   2177.2773    3.1297    16047139634.7817
  1344.890    9.0094    4.7433    3.8971   2179.7256    3.1261    16247974108.4773
  1361.367    9.0232    4.7477    3.9021   2182.0652    3.1228    16448842190.2226
  1377.845    9.0359    4.7521    3.9064   2184.1709    3.1197    16649735770.1457
  1394.322    9.0497    4.7565    3.9112   2186.3134    3.1170    16850669085.3698
  1410.799    9.0739    4.7682    3.9177   2189.9674    3.1146    17051715962.3669
  1427.277    9.1159    4.7904    3.9285   2196.0971    3.1124    17253050180.1077
  1443.754    9.1535    4.8108    3.9377   2201.5793    3.1106    17454758488.4478
  1460.232    9.1918    4.8321    3.9471   2207.2026    3.1090    17656822107.3593
  1476.709    9.2304    4.8536    3.9568   2213.0110    3.1077    17859270994.1801
  1493.186    9.2694    4.8747    3.9676   2219.2997    3.1067    18062159144.5792
  1509.664    9.3099    4.8978    3.9781   2225.4964    3.1060    18265529886.5350
  1526.141    9.3484    4.9192    3.9899   2231.1735    3.1056    18469425880.0759
  1542.619    9.3677    4.9285    3.9956   2233.0087    3.1056    18673743746.8042
  1542.619    4.5316    0.0000    3.9818         nan    3.1056    18673743746.8042
  1558.471    4.5453    0.0000    3.9882         nan    3.1062    18869927470.5728
  1574.323    4.5591    0.0000    3.9946         nan    3.1071    19066461376.5897
  1590.175    4.5728    0.0000    4.0010         nan    3.1085    19263370539.2816
  1606.027    4.5865    0.0000    4.0074         nan    3.1103    19460681133.0372
  1621.879    4.5996    0.0000    4.0135         nan    3.1125    19658413013.3768
  1637.731    4.6126    0.0000    4.0196         nan    3.1152    19856587218.9064
  1653.583    4.6257    0.0000    4.0256         nan    3.1184    20055233639.3371
  1669.435    4.6387    0.0000    4.0317         nan    3.1221    20254383616.0678
  1685.287    4.6511    0.0000    4.0375         nan    3.1263    20454062809.1804
  1685.287    5.2539    0.0000    6.3281         nan    3.1263    20454062809.1804
  1744.053    5.3285    0.0000    6.3691         nan    3.0294    21620422669.5857
  1802.819    5.3991    0.0000    6.4079         nan    2.9312    22757727162.8143
  1861.585    5.4658    0.0000    6.4447         nan    2.8320    23864709522.0063
  1920.351    5.5289    0.0000    6.4796         nan    2.7317    24940174848.5129
  1979.117    5.5885    0.0000    6.5127         nan    2.6303    25982995977.4423
  2037.883    5.6449    0.0000    6.5440         nan    2.5281    26992110054.7342
  2096.649    5.6981    0.0000    6.5736         nan    2.4249    27966515733.8730
  2155.415    5.7483    0.0000    6.6016         nan    2.3210    28905270937.8338
  2214.181    5.7956    0.0000    6.6280         nan    2.2163    29807491151.7866
  2272.947    5.8401    0.0000    6.6529         nan    2.1109    30672348251.6931
  2331.713    5.8819    0.0000    6.6763         nan    2.0048    31499069907.2284
  2390.479    5.9210    0.0000    6.6982         nan    1.8983    32286939643.8281
  2449.245    5.9576    0.0000    6.7187         nan    1.7912    33035297718.2265
  2508.011    5.9917    0.0000    6.7379         nan    1.6838    33743543059.5766
  2566.777    6.0234    0.0000    6.7557         nan    1.5761    34411136687.8478
  2625.543    6.0527    0.0000    6.7721         nan    1.4682    35037607279.2240
  2684.309    6.0796    0.0000    6.7873         nan    1.3603    35622559988.0755
  2743.075    6.1042    0.0000    6.8012         nan    1.2526    36165690420.0192
  2801.840    6.1266    0.0000    6.8138         nan    1.1455    36666807095.3238
  2860.606    6.1468    0.0000    6.8251         nan    1.0394    37125868548.5005
  2919.372    6.1647    0.0000    6.8353         nan    0.9350    37543046962.8829
  2978.138    6.1805    0.0000    6.8442         nan    0.8336    37918842826.8463
  3036.904    6.1941    0.0000    6.8519         nan    0.7377    38254304903.1254
  3095.670    6.2057    0.0000    6.8584         nan    0.6523    38551487609.3241
  3154.436    6.2150    0.0000    6.8637         nan    0.5895    38814507962.0782
  3213.202    6.2223    0.0000    6.8678         nan    0.5843    39052367174.9316
  3271.968    6.2275    0.0000    6.8707         nan    0.7787    39288247573.0900
  3330.734    6.2307    0.0000    6.8725         nan    2.3244    39602685477.8082
  3389.500    6.2317    0.0000    6.8731         nan    0.0000    40541473175.1725
