# Depth[km]  Vp[km/s]  Vs[km/s] Rho[g/cm3]    T[K]     g[m/s2]         P[Pa]        
     0.000    3.4495    2.0886    1.5911    273.1500    3.7291              0.0000
    13.801    3.4495    2.0886    1.5911    329.0376    3.7411       81889221.5572
    13.801    4.8358    2.9279    2.2305    329.0376    3.7411       81889221.5572
    26.024    4.8358    2.9279    2.2305    378.5370    3.7454      183886880.6232
    26.024    6.3075    3.8190    2.9094    378.5370    3.7454      183886880.6232
    46.135    6.3075    3.8190    2.9094    459.9801    3.7413      403033588.1883
    46.135    7.9569    4.5334    3.5032    459.9801    3.7413      403033588.1883
    55.971    7.9489    4.5237    3.5029    499.8112    3.7344      531937879.6653
    65.807    7.9406    4.5137    3.5026    539.6423    3.7275      660594304.2984
    75.642    7.9318    4.5035    3.5022    579.4734    3.7207      789001093.9538
    85.478    7.9223    4.4931    3.5016    619.3045    3.7139      917155177.5794
    95.313    7.9133    4.4830    3.5012    659.1356    3.7072     1045056988.7956
   105.149    7.9040    4.4727    3.5007    698.9666    3.7004     1172708481.6698
   114.984    7.8948    4.4625    3.5002    738.7977    3.6937     1300109465.0180
   124.820    7.8849    4.4521    3.4995    778.6288    3.6871     1427258342.5703
   134.656    7.8748    4.4416    3.4987    818.4599    3.6804     1554152054.9873
   144.491    7.8655    4.4316    3.4982    858.2910    3.6738     1680793725.0956
   154.327    7.8551    4.4210    3.4974    898.1221    3.6673     1807183203.7538
   164.162    7.8449    4.4106    3.4966    937.9532    3.6607     1933317242.1556
   173.998    7.8348    4.4003    3.4958    977.7842    3.6542     2059197786.6024
   183.833    7.8249    4.3902    3.4950   1017.6153    3.6478     2184826204.2230
   193.669    7.8143    4.3797    3.4941   1057.4464    3.6413     2310201885.0408
   203.505    7.8037    4.3693    3.4931   1097.2775    3.6349     2435323525.6785
   213.340    7.7935    4.3589    3.4923   1137.1086    3.6286     2560193752.8679
   223.176    7.7832    4.3486    3.4913   1176.9397    3.6223     2684814092.4059
   233.011    7.7724    4.3382    3.4903   1216.7707    3.6160     2809182539.5806
   242.847    7.7615    4.3276    3.4892   1256.6018    3.6098     2933298263.0199
   252.683    7.7517    4.3176    3.4884   1296.4329    3.6036     3057165360.2237
   262.518    7.7419    4.3076    3.4874   1336.2640    3.5974     3180786997.9792
   272.354    7.7316    4.2974    3.4863   1376.0951    3.5913     3304160622.6763
   282.189    7.7217    4.2874    3.4852   1415.9262    3.5852     3427286447.4760
   292.025    7.7110    4.2771    3.4841   1455.7573    3.5792     3550165622.5691
   301.860    7.7013    4.2672    3.4831   1495.5883    3.5732     3672800406.8766
   311.696    7.6910    4.2570    3.4820   1535.4194    3.5672     3795192174.8693
   321.532    7.6801    4.2466    3.4808   1575.2505    3.5613     3917338893.7735
   331.367    7.6703    4.2366    3.4798   1615.0816    3.5555     4039245065.8763
   341.203    7.6591    4.2260    3.4785   1654.9127    3.5497     4160912188.9524
   351.038    7.6488    4.2159    3.4774   1694.7438    3.5439     4282339737.8433
   360.874    7.6380    4.2055    3.4763   1734.5749    3.5382     4403530944.1164
   370.709    7.6273    4.1952    3.4751   1774.4059    3.5325     4524485054.4856
   380.545    7.6168    4.1849    3.4739   1814.2370    3.5269     4645203890.2882
   390.381    7.6059    4.1745    3.4727   1854.0681    3.5213     4765689153.9110
   400.216    7.5945    4.1638    3.4714   1893.8992    3.5158     4885940975.4773
   410.052    7.5836    4.1534    3.4702   1933.7303    3.5103     5005962054.2790
   419.887    7.5727    4.1429    3.4690   1973.5614    3.5049     5125753870.3102
   429.723    7.5612    4.1322    3.4677   2013.3924    3.4995     5245316532.7493
   439.559    7.5509    4.1220    3.4665   2053.2235    3.4942     5364653752.1902
   462.581    7.5832    4.1315    3.4754   2058.3295    3.4818     5643870870.0819
   485.603    7.6147    4.1409    3.4841   2063.2666    3.4695     5922803425.1944
   508.625    7.6447    4.1497    3.4926   2068.1020    3.4573     6201439001.2946
   531.647    7.6742    4.1584    3.5010   2072.7670    3.4452     6479764945.3180
   554.669    7.7023    4.1666    3.5092   2077.3245    3.4331     6757769201.5457
   577.691    7.7301    4.1748    3.5173   2081.7841    3.4212     7035447128.6965
   600.713    7.7576    4.1830    3.5253   2086.1204    3.4093     7312795301.8495
   623.735    7.7844    4.1909    3.5333   2090.4364    3.3976     7589809715.0463
   646.757    7.8112    4.1988    3.5412   2094.6156    3.3860     7866491890.6270
   669.779    7.8371    4.2064    3.5490   2098.7212    3.3746     8142841295.2523
   692.801    7.8629    4.2141    3.5567   2102.7617    3.3632     8418858818.8047
   715.823    7.8884    4.2216    3.5645   2106.8234    3.3521     8694553022.4724
   738.845    7.9142    4.2293    3.5723   2110.6691    3.3410     8969930791.3406
   761.868    7.9393    4.2369    3.5799   2114.4209    3.3302     9244992893.3446
   784.890    7.9644    4.2445    3.5875   2118.1139    3.3195     9519746221.0762
   807.912    7.9897    4.2522    3.5953   2121.7903    3.3090     9794207408.1026
   830.934    8.0146    4.2598    3.6029   2125.4324    3.2987    10068387076.2001
   853.956    8.0403    4.2679    3.6108   2128.9738    3.2886    10342302095.3323
   876.978    8.0660    4.2761    3.6188   2132.5013    3.2787    10615977494.2283
   900.000    8.0923    4.2847    3.6269   2135.9885    3.2690    10889436010.0190
   917.254    8.1121    4.2912    3.6330   2138.5371    3.2619    11094182924.3419
   934.509    8.1326    4.2982    3.6394   2141.1141    3.2549    11298835744.1652
   951.763    8.1532    4.3053    3.6458   2143.6660    3.2481    11503410474.7592
   969.018    8.1746    4.3130    3.6525   2146.1420    3.2414    11707924122.4612
   986.272    8.1972    4.3213    3.6596   2148.7351    3.2348    11912400091.5291
  1003.527    8.2202    4.3300    3.6669   2151.2622    3.2283    12116860924.7620
  1020.781    8.2439    4.3391    3.6744   2153.8303    3.2220    12321327151.7347
  1038.035    8.2701    4.3497    3.6828   2156.4782    3.2159    12525835626.2701
  1055.290    8.2899    4.3565    3.6892   2158.8873    3.2098    12730363322.7830
  1072.544    8.3081    4.3626    3.6953   2161.2582    3.2040    12934855980.1414
  1089.799    8.3258    4.3683    3.7012   2163.5431    3.1983    13139307867.3090
  1107.053    8.3430    4.3740    3.7071   2165.8103    3.1929    13343722395.5899
  1124.308    8.3603    4.3795    3.7129   2168.1015    3.1876    13548108673.6901
  1141.562    8.4529    4.4356    3.7384   2177.9352    3.1824    13753019672.5351
  1158.816    8.6363    4.5522    3.7867   2195.8868    3.1769    13959621506.2402
  1176.071    8.8345    4.6792    3.8372   2212.3900    3.1711    14168576177.4769
  1193.325    8.8499    4.6840    3.8424   2214.8846    3.1651    14378667556.4979
  1210.580    8.8654    4.6889    3.8476   2217.3021    3.1593    14588648293.6505
  1227.834    8.8822    4.6933    3.8542   2220.2805    3.1538    14798570603.5633
  1245.088    8.8977    4.6981    3.8598   2222.8531    3.1485    15008455655.1128
  1262.343    8.9132    4.7028    3.8654   2225.4382    3.1434    15218290048.4003
  1279.597    8.9281    4.7075    3.8705   2227.8889    3.1386    15428078122.2299
  1296.852    8.9423    4.7124    3.8753   2230.2231    3.1340    15637815100.7392
  1314.106    8.9578    4.7170    3.8809   2232.7432    3.1298    15847529158.3205
  1331.361    8.9723    4.7217    3.8859   2235.1020    3.1258    16057243287.5491
  1348.615    8.9873    4.7267    3.8912   2237.4412    3.1221    16266967729.5865
  1365.869    9.0021    4.7311    3.8972   2240.5604    3.1188    16476750778.7008
  1383.124    9.0162    4.7358    3.9023   2242.9984    3.1157    16686605933.1122
  1400.378    9.0308    4.7407    3.9074   2245.3576    3.1130    16896529263.3615
  1417.633    9.0442    4.7452    3.9120   2247.6486    3.1106    17106530531.2246
  1434.887    9.0599    4.7508    3.9177   2250.8559    3.1086    17316648678.6743
  1452.142    9.1000    4.7721    3.9275   2256.5005    3.1070    17527048242.0188
  1469.396    9.1396    4.7932    3.9382   2260.8849    3.1057    17737885844.3990
  1486.650    9.1810    4.8153    3.9499   2265.5462    3.1046    17949234278.2908
  1503.905    9.2192    4.8349    3.9617   2270.7722    3.1039    18161142489.2618
  1521.159    9.2600    4.8572    3.9739   2275.2695    3.1036    18373644330.8217
  1538.414    9.3010    4.8798    3.9865   2279.6756    3.1036    18586787044.8214
  1555.668    9.3207    4.8886    3.9935   2282.9363    3.1040    18800455400.4827
  1572.923    9.3349    4.8941    3.9980   2285.0506    3.1048    19014458399.8148
  1572.923    5.4209    0.0000    4.0090         nan    3.1048    19014458399.8148
  1589.610    5.4322    0.0000    4.0137         nan    3.1060    19222292505.2422
  1606.297    5.4436    0.0000    4.0183         nan    3.1077    19430446065.7819
  1622.985    5.4549    0.0000    4.0230         nan    3.1099    19638952495.0849
  1639.672    5.4661    0.0000    4.0276         nan    3.1126    19847845381.1832
  1656.359    5.4770    0.0000    4.0320         nan    3.1159    20057155921.3113
  1673.047    5.4878    0.0000    4.0365         nan    3.1197    20266918288.0410
  1689.734    5.4986    0.0000    4.0409         nan    3.1242    20477172348.9072
  1706.421    5.5092    0.0000    4.0453         nan    3.1293    20687957221.6240
  1723.109    5.5195    0.0000    4.0495         nan    3.1351    20899311315.2161
  1723.109    5.3039    0.0000    6.4986         nan    3.1351    20899311315.2161
  1780.570    5.3618    0.0000    6.5392         nan    3.0375    22073678944.2290
  1838.032    5.4168    0.0000    6.5780         nan    2.9387    23218418886.2605
  1895.494    5.4691    0.0000    6.6149         nan    2.8388    24332327480.4952
  1952.956    5.5188    0.0000    6.6501         nan    2.7379    25414257095.7397
  2010.417    5.5660    0.0000    6.6836         nan    2.6359    26463113980.6294
  2067.879    5.6107    0.0000    6.7155         nan    2.5330    27477856399.3291
  2125.341    5.6530    0.0000    6.7457         nan    2.4291    28457493009.7597
  2182.803    5.6931    0.0000    6.7744         nan    2.3244    29401081453.4950
  2240.265    5.7309    0.0000    6.8016         nan    2.2189    30307727128.0880
  2297.726    5.7666    0.0000    6.8272         nan    2.1126    31176582119.0531
  2355.188    5.8002    0.0000    6.8514         nan    2.0056    32006844278.3811
  2412.650    5.8318    0.0000    6.8742         nan    1.8979    32797756437.9189
  2470.112    5.8613    0.0000    6.8955         nan    1.7896    33548605752.0087
  2527.573    5.8889    0.0000    6.9154         nan    1.6807    34258723170.4028
  2585.035    5.9145    0.0000    6.9340         nan    1.5712    34927483052.9452
  2642.497    5.9382    0.0000    6.9512         nan    1.4613    35554302951.3700
  2699.959    5.9601    0.0000    6.9671         nan    1.3509    36138643604.6945
  2757.421    5.9801    0.0000    6.9816         nan    1.2400    36680009235.6547
  2814.882    5.9984    0.0000    6.9949         nan    1.1288    37177948305.4109
  2872.344    6.0148    0.0000    7.0068         nan    1.0173    37632055023.0313
  2929.806    6.0294    0.0000    7.0175         nan    0.9056    38041972186.3115
  2987.268    6.0423    0.0000    7.0269         nan    0.7938    38407396545.8027
  3044.729    6.0534    0.0000    7.0350         nan    0.6820    38728089339.3516
  3102.191    6.0628    0.0000    7.0419         nan    0.5704    39003898441.6077
  3159.653    6.0705    0.0000    7.0475         nan    0.4598    39234809801.3835
  3217.115    6.0765    0.0000    7.0518         nan    0.3519    39421085027.0860
  3274.576    6.0807    0.0000    7.0549         nan    0.2536    39563715021.4207
  3332.038    6.0833    0.0000    7.0568         nan    0.2209    39666526945.9050
  3389.500    6.0841    0.0000    7.0574         nan    0.0000    39756091724.1691
