# Depth[km]  Vp[km/s]  Vs[km/s] Rho[g/cm3]    T[K]     g[m/s2]         P[Pa]        
     0.000    3.6156    2.1897    1.6528    273.1500    3.7291              0.0000
    13.262    3.6156    2.1897    1.6528    326.2942    3.7400       81735323.9330
    13.262    4.6808    2.8349    2.1397    326.2942    3.7400       81735323.9330
    31.217    4.6808    2.8349    2.1397    398.2519    3.7477      225419150.1366
    31.217    5.5679    3.3721    2.5452    398.2519    3.7477      225419150.1366
    46.634    5.5679    3.3721    2.5452    460.0412    3.7493      372482957.8814
    46.634    7.9979    4.5433    3.5192    460.0412    3.7493      372482957.8814
    56.467    7.9899    4.5333    3.5188    499.4460    3.7423      502207935.0530
    66.299    7.9817    4.5233    3.5184    538.8509    3.7354      631679219.4027
    76.132    7.9731    4.5130    3.5180    578.2558    3.7285      760895574.3798
    85.964    7.9641    4.5027    3.5174    617.6607    3.7216      889854827.1992
    95.796    7.9551    4.4924    3.5169    657.0656    3.7148     1018557036.1749
   105.629    7.9463    4.4822    3.5164    696.4705    3.7080     1147003624.5350
   115.461    7.9374    4.4721    3.5158    735.8753    3.7012     1275194920.3448
   125.293    7.9279    4.4618    3.5152    775.2802    3.6945     1403129456.6175
   135.126    7.9188    4.4516    3.5145    814.6851    3.6877     1530806444.8876
   144.958    7.9093    4.4414    3.5138    854.0900    3.6811     1658226693.2326
   154.791    7.8998    4.4313    3.5130    893.4949    3.6744     1785389548.2894
   164.623    7.8905    4.4213    3.5123    932.8998    3.6678     1912295641.0761
   174.455    7.8813    4.4113    3.5116    972.3047    3.6612     2038946426.2354
   184.288    7.8720    4.4013    3.5108   1011.7095    3.6547     2165342407.7129
   194.120    7.8623    4.3913    3.5099   1051.1144    3.6481     2291482420.9019
   203.952    7.8531    4.3814    3.5090   1090.5193    3.6417     2417366716.4026
   213.785    7.8436    4.3715    3.5082   1129.9242    3.6352     2542997600.1140
   223.617    7.8336    4.3613    3.5073   1169.3291    3.6288     2668374333.5479
   233.450    7.8245    4.3516    3.5064   1208.7340    3.6225     2793497539.6558
   243.282    7.8148    4.3416    3.5055   1248.1389    3.6161     2918369306.0331
   253.114    7.8049    4.3313    3.5045   1287.5437    3.6099     3042989717.9747
   262.947    7.7956    4.3217    3.5036   1326.9486    3.6036     3167359835.3632
   272.779    7.7872    4.3124    3.5026   1366.3535    3.5974     3291480986.6834
   282.611    7.7775    4.3024    3.5016   1405.7584    3.5912     3415353568.0977
   292.444    7.7689    4.2930    3.5006   1445.1633    3.5851     3538978929.9049
   302.276    7.7600    4.2835    3.4996   1484.5682    3.5790     3662358989.0073
   312.109    7.7504    4.2734    3.4986   1523.9731    3.5730     3785494853.5445
   321.941    7.7407    4.2636    3.4975   1563.3779    3.5670     3908385773.0483
   331.773    7.7322    4.2543    3.4966   1602.7828    3.5610     4031034325.0840
   341.606    7.7223    4.2443    3.4955   1642.1877    3.5551     4153442265.7204
   351.438    7.7134    4.2348    3.4944   1681.5926    3.5493     4275609375.9666
   361.270    7.7040    4.2250    3.4934   1720.9975    3.5434     4397538237.8142
   371.103    7.6943    4.2150    3.4922   1760.4024    3.5377     4519228863.4931
   380.935    7.6847    4.2052    3.4911   1799.8072    3.5319     4640682418.4005
   390.768    7.6752    4.1953    3.4901   1839.2121    3.5263     4761901532.0240
   400.600    7.6656    4.1854    3.4889   1878.6170    3.5206     4882886948.7707
   410.432    7.6561    4.1756    3.4878   1918.0219    3.5150     5003640362.0284
   420.265    7.6465    4.1656    3.4867   1957.4268    3.5095     5124163219.7535
   430.097    7.6367    4.1556    3.4855   1996.8317    3.5040     5244456495.4987
   439.929    7.6268    4.1455    3.4843   2036.2366    3.4986     5364521222.9290
   462.933    7.6559    4.1547    3.4928   2041.0916    3.4860     5645277365.8882
   485.936    7.6842    4.1636    3.5011   2045.8000    3.4734     5925693844.5603
   508.940    7.7121    4.1725    3.5094   2050.4622    3.4609     6205763963.6549
   531.944    7.7384    4.1806    3.5174   2054.9288    3.4485     6485477509.1868
   554.947    7.7643    4.1887    3.5254   2059.3359    3.4363     6764824758.9810
   577.951    7.7900    4.1967    3.5333   2063.6677    3.4241     7043806659.1352
   600.954    7.8158    4.2049    3.5412   2067.8778    3.4120     7322422027.5061
   623.958    7.8408    4.2127    3.5490   2072.0999    3.4000     7600668954.9630
   646.961    7.8652    4.2202    3.5568   2076.1237    3.3882     7878550476.0384
   669.965    7.8898    4.2280    3.5645   2080.1646    3.3764     8156065377.6204
   692.968    7.9139    4.2354    3.5721   2084.0485    3.3649     8433215450.8049
   715.972    7.9383    4.2431    3.5799   2088.0190    3.3534     8710011362.5453
   738.975    7.9624    4.2508    3.5875   2091.7606    3.3421     8986458849.4892
   761.979    7.9864    4.2584    3.5951   2095.4674    3.3310     9262563349.7500
   784.982    8.0111    4.2665    3.6029   2099.2006    3.3201     9538339016.0898
   807.986    8.0347    4.2739    3.6106   2102.8292    3.3093     9813798306.9463
   830.989    8.0595    4.2821    3.6185   2106.3776    3.2987    10088958551.8333
   853.993    8.0841    4.2903    3.6264   2109.8347    3.2883    10363835858.8942
   876.996    8.1099    4.2991    3.6346   2113.4108    3.2781    10638455712.5496
   900.000    8.1355    4.3081    3.6428   2116.7884    3.2681    10912845371.2714
   916.955    8.1550    4.3149    3.6491   2119.3104    3.2609    11114871080.9113
   933.910    8.1748    4.3221    3.6555   2121.7804    3.2538    11316800293.0853
   950.865    8.1953    4.3296    3.6622   2124.2725    3.2468    11518650481.2046
   967.820    8.2162    4.3375    3.6689   2126.7175    3.2399    11720436442.7301
   984.774    8.2389    4.3464    3.6763   2129.2441    3.2332    11922182331.8489
  1001.729    8.2633    4.3564    3.6843   2131.7373    3.2265    12123928887.2432
  1018.684    8.2819    4.3626    3.6909   2134.4411    3.2200    12325659321.3860
  1035.639    8.2998    4.3686    3.6973   2137.0232    3.2137    12527336924.5376
  1052.594    8.3192    4.3754    3.7042   2139.7787    3.2075    12728979732.4286
  1069.549    8.3371    4.3816    3.7105   2142.3587    3.2014    12930594519.4405
  1086.504    8.3523    4.3863    3.7160   2144.6983    3.1955    13132150306.4941
  1103.459    8.3708    4.3932    3.7227   2146.6823    3.1898    13333666061.4105
  1120.413    8.3934    4.4029    3.7313   2148.0224    3.1843    13535235613.2936
  1137.368    8.4632    4.4439    3.7519   2154.1753    3.1788    13737242691.0229
  1154.323    8.6099    4.5365    3.7910   2169.6114    3.1732    13940509745.4464
  1171.278    8.8212    4.6720    3.8454   2186.1562    3.1671    14145931479.0276
  1188.233    8.8785    4.7050    3.8611   2193.0059    3.1609    14352844347.9263
  1205.188    8.8932    4.7094    3.8665   2195.1323    3.1548    14559914999.8411
  1222.143    8.9067    4.7131    3.8717   2197.2380    3.1489    14766870282.0243
  1239.098    8.9212    4.7176    3.8771   2199.4132    3.1432    14973719450.4418
  1256.053    8.9353    4.7218    3.8825   2201.3229    3.1378    15180484216.7130
  1273.007    8.9487    4.7256    3.8878   2203.1950    3.1325    15387175136.3728
  1289.962    8.9619    4.7293    3.8930   2204.9600    3.1276    15593799344.4907
  1306.917    8.9750    4.7330    3.8982   2206.6984    3.1228    15800372812.0193
  1323.872    8.9884    4.7370    3.9036   2208.1249    3.1184    16006916299.3414
  1340.827    9.0013    4.7406    3.9090   2209.8672    3.1142    16213451330.4181
  1357.782    9.0136    4.7438    3.9145   2211.1511    3.1103    16419995711.6324
  1374.737    9.0266    4.7476    3.9199   2212.7152    3.1067    16626567644.0826
  1391.692    9.0390    4.7511    3.9253   2213.8773    3.1034    16833184627.0704
  1408.646    9.0509    4.7543    3.9305   2214.8444    3.1004    17039859970.8710
  1425.601    9.0632    4.7578    3.9358   2216.0755    3.0978    17246614155.4501
  1442.556    9.0754    4.7609    3.9418   2217.3446    3.0955    17453489709.2589
  1459.511    9.1048    4.7751    3.9511   2220.4793    3.0935    17660611126.1694
  1476.466    9.1436    4.7956    3.9624   2225.0023    3.0918    17868138448.3003
  1493.421    9.1837    4.8171    3.9742   2229.3827    3.0904    18076159669.6717
  1510.376    9.2248    4.8399    3.9864   2233.7504    3.0893    18284717049.0867
  1527.331    9.2660    4.8628    3.9993   2238.4600    3.0885    18493856512.5555
  1544.286    9.2924    4.8763    4.0083   2241.5962    3.0881    18703514876.6741
  1561.240    9.3055    4.8812    4.0127   2243.7736    3.0880    18913494532.4403
  1561.240    5.1738    0.0000    4.0348         nan    3.0880    18913494532.4403
  1579.023    5.1876    0.0000    4.0403         nan    3.0882    19135214712.5132
  1596.806    5.2014    0.0000    4.0459         nan    3.0889    19357250374.5384
  1614.589    5.2152    0.0000    4.0514         nan    3.0901    19579639068.9345
  1632.373    5.2287    0.0000    4.0568         nan    3.0919    19802416974.8719
  1650.156    5.2419    0.0000    4.0621         nan    3.0942    20025618420.1964
  1667.939    5.2550    0.0000    4.0674         nan    3.0972    20249282995.2221
  1685.722    5.2682    0.0000    4.0727         nan    3.1009    20473456230.0110
  1703.505    5.2808    0.0000    4.0778         nan    3.1052    20698179711.3598
  1721.288    5.2933    0.0000    4.0829         nan    3.1103    20923496820.3959
  1721.288    5.2094    0.0000    6.4368         nan    3.1103    20923496820.3959
  1778.812    5.2833    0.0000    6.4781         nan    3.0136    22078849222.5822
  1836.337    5.3532    0.0000    6.5173         nan    2.9157    23205261100.4006
  1893.861    5.4193    0.0000    6.5544         nan    2.8167    24301482175.6614
  1951.386    5.4818    0.0000    6.5896         nan    2.7166    25366332187.8345
  2008.910    5.5409    0.0000    6.6229         nan    2.6155    26398696633.8486
  2066.435    5.5967    0.0000    6.6545         nan    2.5134    27397523170.4226
  2123.960    5.6494    0.0000    6.6843         nan    2.4105    28361818573.9375
  2181.484    5.6992    0.0000    6.7125         nan    2.3067    29290646185.1286
  2239.009    5.7460    0.0000    6.7391         nan    2.2022    30183123779.3711
  2296.533    5.7901    0.0000    6.7642         nan    2.0969    31038421833.2742
  2354.058    5.8315    0.0000    6.7878         nan    1.9909    31855762174.0440
  2411.582    5.8703    0.0000    6.8099         nan    1.8844    32634417020.6716
  2469.107    5.9065    0.0000    6.8305         nan    1.7772    33373708461.4572
  2526.632    5.9403    0.0000    6.8498         nan    1.6696    34073008451.4032
  2584.156    5.9716    0.0000    6.8677         nan    1.5615    34731739476.7261
  2641.681    6.0006    0.0000    6.8843         nan    1.4531    35349376139.9568
  2699.205    6.0273    0.0000    6.8996         nan    1.3443    35925448093.1680
  2756.730    6.0517    0.0000    6.9136         nan    1.2354    36459545054.9793
  2814.254    6.0738    0.0000    6.9263         nan    1.1265    36951325217.4772
  2871.779    6.0938    0.0000    6.9377         nan    1.0178    37400529451.6145
  2929.303    6.1116    0.0000    6.9479         nan    0.9095    37807005980.9783
  2986.828    6.1272    0.0000    6.9569         nan    0.8023    38170755139.5127
  3044.353    6.1407    0.0000    6.9646         nan    0.6971    38492015537.9095
  3101.877    6.1521    0.0000    6.9712         nan    0.5960    38771443529.5572
  3159.402    6.1614    0.0000    6.9765         nan    0.5036    39010528242.8833
  3216.926    6.1687    0.0000    6.9807         nan    0.4339    39212699875.5535
  3274.451    6.1738    0.0000    6.9836         nan    0.4430    39386981800.1088
  3331.975    6.1769    0.0000    6.9854         nan    0.9855    39564950637.3162
  3389.500    6.1779    0.0000    6.9860         nan    0.0000    39960977692.7757
