# Depth[km]  Vp[km/s]  Vs[km/s] Rho[g/cm3]    T[K]     g[m/s2]         P[Pa]        
     0.000    3.3166    2.0082    1.5286    273.1500    3.7291              0.0000
    10.799    3.3166    2.0082    1.5286    316.1532    3.7391       61556753.7100
    10.799    4.7289    2.8634    2.1795    316.1532    3.7391       61556753.7100
    25.040    4.7289    2.8634    2.1795    372.8669    3.7446      177609350.5331
    25.040    5.7233    3.4656    2.6379    372.8669    3.7446      177609350.5331
    45.978    5.7233    3.4656    2.6379    456.2543    3.7451      384435231.7561
    45.978    7.9585    4.5346    3.5035    456.2543    3.7451      384435231.7561
    55.490    7.9511    4.5254    3.5033    494.1343    3.7384      509231040.2102
    65.001    7.9434    4.5160    3.5030    532.0143    3.7318      633797962.5675
    74.513    7.9353    4.5064    3.5027    569.8943    3.7253      758134721.9118
    84.024    7.9272    4.4969    3.5024    607.7742    3.7187      882240835.3220
    93.536    7.9182    4.4869    3.5019    645.6542    3.7122     1006113796.4091
   103.047    7.9097    4.4773    3.5015    683.5342    3.7057     1129753112.0688
   112.559    7.9011    4.4676    3.5011    721.4142    3.6992     1253161630.8404
   122.071    7.8918    4.4577    3.5005    759.2942    3.6928     1376337086.0786
   131.582    7.8832    4.4481    3.5000    797.1742    3.6864     1499279437.8400
   141.094    7.8737    4.4383    3.4993    835.0542    3.6800     1621988659.9320
   150.605    7.8652    4.4288    3.4988    872.9341    3.6736     1744465175.0190
   160.117    7.8554    4.4189    3.4981    910.8141    3.6673     1866709142.8188
   169.628    7.8459    4.4090    3.4974    948.6941    3.6610     1988717610.7756
   179.140    7.8365    4.3993    3.4967    986.5741    3.6548     2110492148.5486
   188.652    7.8271    4.3896    3.4960   1024.4541    3.6486     2232034120.3766
   198.163    7.8173    4.3797    3.4952   1062.3341    3.6424     2353342805.6140
   207.675    7.8072    4.3697    3.4943   1100.2141    3.6362     2474416621.1604
   217.186    7.7980    4.3601    3.4936   1138.0940    3.6301     2595258290.1514
   226.698    7.7882    4.3503    3.4927   1175.9740    3.6240     2715869743.5309
   236.209    7.7789    4.3408    3.4920   1213.8540    3.6180     2836251154.9154
   245.721    7.7693    4.3311    3.4911   1251.7340    3.6120     2956403363.3795
   255.232    7.7595    4.3212    3.4902   1289.6140    3.6060     3076325910.4665
   264.744    7.7498    4.3116    3.4892   1327.4940    3.6000     3196017781.1519
   274.256    7.7409    4.3023    3.4883   1365.3740    3.5941     3315480622.0645
   283.767    7.7316    4.2927    3.4874   1403.2539    3.5883     3434716946.9448
   293.279    7.7224    4.2833    3.4866   1441.1339    3.5825     3553728173.2416
   302.790    7.7128    4.2737    3.4855   1479.0139    3.5767     3672514377.9351
   312.302    7.7030    4.2639    3.4845   1516.8939    3.5709     3791074750.5975
   321.813    7.6934    4.2544    3.4835   1554.7739    3.5652     3909410435.9835
   331.325    7.6839    4.2448    3.4825   1592.6539    3.5596     4027522900.5190
   340.837    7.6743    4.2352    3.4815   1630.5339    3.5539     4145414324.8512
   350.348    7.6645    4.2255    3.4806   1668.4138    3.5484     4263086203.4717
   359.860    7.6547    4.2158    3.4795   1706.2938    3.5428     4380539215.4354
   369.371    7.6454    4.2063    3.4785   1744.1738    3.5373     4497774415.7835
   378.883    7.6349    4.1963    3.4774   1782.0538    3.5319     4614792780.4034
   388.394    7.6251    4.1866    3.4764   1819.9338    3.5265     4731595733.6688
   397.906    7.6149    4.1767    3.4753   1857.8138    3.5211     4848184317.6071
   407.418    7.6051    4.1669    3.4743   1895.6938    3.5158     4964560053.5027
   416.929    7.5945    4.1570    3.4732   1933.5737    3.5106     5080724483.9330
   426.441    7.5842    4.1469    3.4720   1971.4537    3.5053     5196677460.8478
   450.119    7.6168    4.1566    3.4810   1976.4261    3.4924     5485226848.3117
   473.797    7.6488    4.1661    3.4899   1981.2670    3.4796     5773454916.0378
   497.475    7.6793    4.1752    3.4986   1985.9421    3.4669     6061346666.6064
   521.153    7.7093    4.1841    3.5071   1990.5163    3.4542     6348888263.4963
   544.831    7.7377    4.1924    3.5154   1994.8865    3.4416     6636066750.6559
   568.508    7.7661    4.2007    3.5237   1999.2923    3.4292     6922876621.2950
   592.186    7.7939    4.2090    3.5318   2003.5418    3.4168     7209316159.2238
   615.864    7.8207    4.2169    3.5399   2007.6494    3.4046     7495378708.2129
   639.542    7.8475    4.2247    3.5479   2011.7085    3.3925     7781063262.1681
   663.220    7.8739    4.2326    3.5558   2015.7052    3.3805     8066371684.0337
   686.898    7.9002    4.2404    3.5637   2019.6585    3.3687     8351308465.5029
   710.576    7.9260    4.2480    3.5715   2023.4572    3.3570     8635875742.5534
   734.254    7.9521    4.2559    3.5795   2027.2507    3.3455     8920082430.6174
   757.932    7.9775    4.2634    3.5872   2030.9625    3.3342     9203936111.1066
   781.610    8.0030    4.2711    3.5950   2034.5841    3.3230     9487441731.9143
   805.288    8.0289    4.2792    3.6029   2038.1574    3.3121     9770617381.8624
   828.966    8.0544    4.2871    3.6107   2041.6045    3.3013    10053477072.0263
   852.644    8.0803    4.2951    3.6187   2045.1286    3.2908    10336037075.1010
   876.322    8.1065    4.3036    3.6268   2048.5106    3.2805    10618321169.2533
   900.000    8.1334    4.3125    3.6351   2051.8621    3.2704    10900355765.3159
   917.181    8.1529    4.3189    3.6412   2054.2160    3.2632    11104780044.6524
   934.362    8.1746    4.3268    3.6479   2056.6712    3.2561    11309113475.5249
   951.543    8.1941    4.3333    3.6541   2059.0160    3.2492    11513364846.4781
   968.725    8.2150    4.3408    3.6607   2061.4599    3.2424    11717539927.1687
   985.906    8.2353    4.3479    3.6672   2063.7771    3.2358    11921653060.8305
  1003.087    8.2592    4.3572    3.6747   2066.3198    3.2292    12125736945.8749
  1020.268    8.2869    4.3687    3.6836   2068.7663    3.2228    12329863291.2999
  1037.449    8.3106    4.3780    3.6912   2071.2657    3.2166    12534041766.8533
  1054.630    8.3277    4.3834    3.6969   2073.4376    3.2105    12738191474.2135
  1071.811    8.3451    4.3889    3.7028   2075.5882    3.2045    12942272334.5602
  1088.992    8.3622    4.3944    3.7086   2077.7288    3.1988    13146297184.0424
  1106.174    8.3796    4.4002    3.7144   2079.8679    3.1932    13350275170.6223
  1123.355    8.5084    4.4803    3.7497   2092.5936    3.1876    13555025311.6787
  1140.536    8.6819    4.5907    3.7955   2109.9237    3.1817    13761637668.6952
  1157.717    8.8538    4.6999    3.8398   2122.8662    3.1755    13970332653.1819
  1174.898    8.8718    4.7065    3.8456   2125.1476    3.1691    14179982375.0649
  1192.079    8.8873    4.7114    3.8509   2127.4322    3.1630    14389514759.4958
  1209.260    8.9039    4.7156    3.8576   2130.3693    3.1571    14598967927.1749
  1226.441    8.9195    4.7204    3.8632   2132.8094    3.1513    14808361701.1275
  1243.623    8.9345    4.7249    3.8686   2135.2604    3.1458    15017674220.7204
  1260.804    8.9500    4.7297    3.8741   2137.6288    3.1406    15226917248.8274
  1277.985    8.9652    4.7343    3.8798   2140.1493    3.1356    15436112866.1621
  1295.166    8.9801    4.7391    3.8850   2142.4768    3.1308    15645269109.6198
  1312.347    8.9945    4.7435    3.8903   2144.9435    3.1264    15854390903.0449
  1329.528    9.0093    4.7483    3.8957   2147.3390    3.1222    16063500110.6198
  1346.709    9.0231    4.7530    3.9004   2149.5583    3.1183    16272600710.9991
  1363.890    9.0376    4.7576    3.9057   2151.9061    3.1147    16481706701.5594
  1381.072    9.0507    4.7621    3.9101   2154.0595    3.1114    16690829644.3484
  1398.253    9.0812    4.7768    3.9180   2158.1658    3.1084    16900063269.3616
  1415.434    9.1225    4.7985    3.9288   2164.7767    3.1057    17109598272.5373
  1432.615    9.1636    4.8211    3.9388   2170.3479    3.1033    17319506698.7829
  1449.796    9.2049    4.8441    3.9490   2176.1389    3.1012    17529790199.1544
  1466.977    9.2441    4.8659    3.9589   2182.1323    3.0994    17740465016.2411
  1484.158    9.2876    4.8898    3.9708   2188.4177    3.0979    17951596362.7320
  1501.339    9.3289    4.9134    3.9818   2194.8826    3.0967    18163234754.1209
  1518.521    9.3669    4.9350    3.9921   2200.6763    3.0958    18375359368.1891
  1535.702    9.3797    4.9395    3.9966   2202.7855    3.0954    18587819807.5668
  1552.883    9.3925    4.9439    4.0011   2204.8434    3.0954    18800487737.9212
  1570.064    9.4052    4.9485    4.0056   2206.8982    3.0959    19013395856.2121
  1570.064    4.9427    0.0000    4.0211         nan    3.0959    19013395856.2121
  1585.573    4.9522    0.0000    4.0264         nan    3.0966    19206600082.9633
  1601.083    4.9617    0.0000    4.0316         nan    3.0977    19400099226.6703
  1616.593    4.9712    0.0000    4.0369         nan    3.0992    19593918694.4866
  1632.102    4.9808    0.0000    4.0422         nan    3.1011    19788084958.3398
  1647.612    4.9899    0.0000    4.0472         nan    3.1035    19982620543.5212
  1663.121    4.9989    0.0000    4.0523         nan    3.1063    20177548973.7823
  1678.631    5.0080    0.0000    4.0573         nan    3.1097    20372900132.9913
  1694.140    5.0171    0.0000    4.0624         nan    3.1136    20568705420.1292
  1709.650    5.0258    0.0000    4.0672         nan    3.1179    20764992833.8466
  1709.650    5.2370    0.0000    6.4074         nan    3.1179    20764992833.8466
  1767.575    5.3033    0.0000    6.4485         nan    3.0211    21925939684.5414
  1825.501    5.3661    0.0000    6.4876         nan    2.9230    23057832353.4038
  1883.427    5.4257    0.0000    6.5248         nan    2.8237    24159430451.6552
  1941.353    5.4821    0.0000    6.5601         nan    2.7234    25229557006.8166
  1999.279    5.5356    0.0000    6.5937         nan    2.6220    26267095248.4186
  2057.205    5.5862    0.0000    6.6255         nan    2.5197    27270985845.6269
  2115.131    5.6341    0.0000    6.6556         nan    2.4165    28240224525.5363
  2173.057    5.6793    0.0000    6.6842         nan    2.3124    29173860016.9234
  2230.982    5.7220    0.0000    6.7111         nan    2.2075    30070992276.0208
  2288.908    5.7622    0.0000    6.7366         nan    2.1018    30930770962.5588
  2346.834    5.8000    0.0000    6.7605         nan    1.9954    31752394139.4841
  2404.760    5.8354    0.0000    6.7830         nan    1.8883    32535107189.8502
  2462.686    5.8686    0.0000    6.8041         nan    1.7806    33278201942.9519
  2520.612    5.8995    0.0000    6.8238         nan    1.6723    33981016020.7978
  2578.538    5.9282    0.0000    6.8421         nan    1.5635    34642932438.7415
  2636.464    5.9548    0.0000    6.8590         nan    1.4543    35263379516.8671
  2694.389    5.9793    0.0000    6.8746         nan    1.3445    35841831212.6108
  2752.315    6.0017    0.0000    6.8889         nan    1.2345    36377808065.0601
  2810.241    6.0220    0.0000    6.9019         nan    1.1241    36870879097.9342
  2868.167    6.0404    0.0000    6.9136         nan    1.0135    37320665325.3872
  2926.093    6.0567    0.0000    6.9241         nan    0.9028    37726846114.1672
  2984.019    6.0711    0.0000    6.9333         nan    0.7921    38089170987.9318
  3041.945    6.0835    0.0000    6.9413         nan    0.6818    38407482611.8529
  3099.871    6.0940    0.0000    6.9480         nan    0.5725    38681764926.0159
  3157.796    6.1026    0.0000    6.9535         nan    0.4653    38912254728.0604
  3215.722    6.1093    0.0000    6.9577         nan    0.3642    39099739928.5559
  3273.648    6.1140    0.0000    6.9608         nan    0.2840    39246542700.5960
  3331.574    6.1168    0.0000    6.9626         nan    0.3470    39361085551.6167
  3389.500    6.1178    0.0000    6.9632         nan    0.0000    39501032994.6974
