# Depth[km]  Vp[km/s]  Vs[km/s] Rho[g/cm3]    T[K]     g[m/s2]         P[Pa]        
     0.000    3.7240    2.2517    1.7122    273.1500    3.7291              0.0000
    12.068    3.7240    2.2517    1.7122    319.1117    3.7384       77054350.1004
    12.068    4.5251    2.7361    2.0805    319.1117    3.7384       77054350.1004
    30.057    4.5251    2.7361    2.0805    387.6290    3.7470      216968312.9354
    30.057    5.3807    3.2535    2.4739    387.6290    3.7470      216968312.9354
    44.552    5.3807    3.2535    2.4739    442.8390    3.7493      351334436.0531
    44.552    7.9633    4.5384    3.5042    442.8390    3.7493      351334436.0531
    54.301    7.9567    4.5297    3.5042    479.9712    3.7425      479416376.0824
    64.049    7.9499    4.5207    3.5041    517.1034    3.7358      607265256.2330
    73.798    7.9427    4.5116    3.5040    554.2355    3.7290      734879946.7683
    83.547    7.9353    4.5024    3.5038    591.3677    3.7223      862259321.5977
    93.296    7.9270    4.4928    3.5035    628.4999    3.7156      989400263.0494
   103.045    7.9194    4.4836    3.5033    665.6320    3.7090     1116303192.4213
   112.793    7.9115    4.4742    3.5030    702.7642    3.7024     1242970192.4865
   122.542    7.9037    4.4650    3.5028    739.8963    3.6958     1369401490.3064
   132.291    7.8951    4.4555    3.5023    777.0285    3.6892     1495595062.8967
   142.040    7.8873    4.4464    3.5020    814.1607    3.6827     1621551119.4273
   151.788    7.8784    4.4368    3.5015    851.2928    3.6761     1747269584.3773
   161.537    7.8701    4.4274    3.5011    888.4250    3.6697     1872749156.1037
   171.286    7.8616    4.4180    3.5006    925.5572    3.6632     1997991396.4486
   181.035    7.8529    4.4086    3.5001    962.6893    3.6568     2122995703.1791
   190.784    7.8448    4.3995    3.4996    999.8215    3.6504     2247764106.9977
   200.532    7.8361    4.3901    3.4991   1036.9537    3.6441     2372297368.5061
   210.281    7.8271    4.3808    3.4984   1074.0858    3.6378     2496592517.6243
   220.030    7.8181    4.3712    3.4978   1111.2180    3.6315     2620650130.3390
   229.779    7.8092    4.3618    3.4972   1148.3501    3.6252     2744471844.2064
   239.528    7.8005    4.3524    3.4966   1185.4823    3.6190     2868058521.4473
   249.276    7.7921    4.3434    3.4960   1222.6145    3.6129     2991412345.8778
   259.025    7.7828    4.3338    3.4952   1259.7466    3.6067     3114532116.7493
   268.774    7.7742    4.3246    3.4946   1296.8788    3.6006     3237418608.6745
   278.523    7.7659    4.3156    3.4939   1334.0110    3.5946     3360073888.2462
   288.272    7.7579    4.3068    3.4932   1371.1431    3.5886     3482498322.6916
   298.020    7.7489    4.2973    3.4924   1408.2753    3.5826     3604691410.4113
   307.769    7.7407    4.2883    3.4917   1445.4075    3.5766     3726655102.5765
   317.518    7.7316    4.2791    3.4909   1482.5396    3.5707     3848390271.7709
   327.267    7.7230    4.2698    3.4901   1519.6718    3.5649     3969896736.2733
   337.016    7.7147    4.2607    3.4894   1556.8039    3.5591     4091178028.4472
   346.764    7.7058    4.2516    3.4886   1593.9361    3.5533     4212234364.9296
   356.513    7.6971    4.2424    3.4878   1631.0683    3.5476     4333066265.3361
   366.262    7.6881    4.2331    3.4870   1668.2004    3.5419     4453674988.8611
   376.011    7.6797    4.2240    3.4862   1705.3326    3.5362     4574063264.3399
   385.760    7.6709    4.2147    3.4854   1742.4648    3.5306     4694232975.4089
   395.508    7.6619    4.2054    3.4845   1779.5969    3.5251     4814183110.1319
   405.257    7.6526    4.1959    3.4837   1816.7291    3.5195     4933915390.2195
   415.006    7.6439    4.1867    3.4829   1853.8613    3.5141     5053432299.9844
   424.755    7.6349    4.1774    3.4821   1890.9934    3.5087     5172735426.3065
   434.504    7.6260    4.1681    3.4813   1928.1256    3.5033     5291827192.7594
   457.778    7.6569    4.1773    3.4899   1932.7023    3.4905     5576038023.6360
   481.053    7.6865    4.1860    3.4983   1937.1196    3.4779     5859907078.2221
   504.328    7.7152    4.1944    3.5066   1941.4910    3.4653     6143422521.9793
   527.603    7.7439    4.2029    3.5149   1945.7774    3.4528     6426580449.3325
   550.878    7.7712    4.2109    3.5230   1949.9828    3.4404     6709373171.2103
   574.153    7.7991    4.2192    3.5311   1954.1295    3.4281     6991797711.7900
   597.427    7.8259    4.2271    3.5390   1958.1110    3.4159     7273851672.0208
   620.702    7.8520    4.2347    3.5468   1961.9525    3.4038     7555527660.1668
   643.977    7.8780    4.2424    3.5547   1965.8960    3.3919     7836828177.1804
   667.252    7.9042    4.2503    3.5624   1969.6612    3.3801     8117756731.4539
   690.527    7.9294    4.2577    3.5701   1973.3386    3.3684     8398312740.3217
   713.801    7.9547    4.2653    3.5777   1977.0362    3.3569     8678500001.9825
   737.076    7.9796    4.2727    3.5854   1980.5083    3.3455     8958328203.9797
   760.351    8.0042    4.2800    3.5929   1984.0145    3.3343     9237800030.1675
   783.626    8.0299    4.2881    3.6006   1987.3348    3.3233     9516925587.1103
   806.901    8.0551    4.2957    3.6084   1990.9419    3.3125     9795729445.6293
   830.176    8.0799    4.3034    3.6161   1994.2329    3.3018    10074223876.5901
   853.450    8.1053    4.3115    3.6239   1997.5082    3.2914    10352420158.7821
   876.725    8.1308    4.3197    3.6318   2000.6417    3.2812    10630337304.5810
   900.000    8.1566    4.3281    3.6398   2003.8422    3.2712    10907998942.6643
   916.687    8.1758    4.3346    3.6459   2006.1541    3.2642    11106853528.1373
   933.375    8.1952    4.3413    3.6519   2008.3806    3.2572    11305610521.8236
   950.062    8.2153    4.3483    3.6582   2010.6061    3.2504    11504282624.3948
   966.750    8.2341    4.3547    3.6642   2012.8338    3.2438    11702873188.4045
   983.437    8.2579    4.3641    3.6717   2015.1460    3.2372    11901421385.1630
  1000.125    8.2808    4.3729    3.6790   2017.4063    3.2308    12099969510.8869
  1016.812    8.3065    4.3835    3.6872   2019.8446    3.2245    12298541010.7696
  1033.500    8.3284    4.3919    3.6944   2022.0853    3.2183    12497138514.6099
  1050.187    8.3449    4.3971    3.6999   2024.1224    3.2123    12695696334.9437
  1066.875    8.3615    4.4024    3.7054   2026.1528    3.2064    12894176750.8289
  1083.562    8.3781    4.4077    3.7111   2028.1675    3.2007    13092594338.0285
  1100.250    8.4330    4.4387    3.7270   2033.7382    3.1951    13291234799.8374
  1116.937    8.5778    4.5299    3.7662   2047.1106    3.1894    13490995510.3305
  1133.625    8.7511    4.6400    3.8118   2064.5085    3.1833    13692657096.3410
  1150.312    8.8677    4.7125    3.8423   2072.4045    3.1770    13895958007.0508
  1167.000    8.8857    4.7200    3.8478   2074.3758    3.1707    14099806710.1046
  1183.687    8.9025    4.7243    3.8545   2077.0286    3.1645    14303572591.0652
  1200.375    8.9180    4.7289    3.8602   2079.3639    3.1585    14507269627.0653
  1217.062    8.9330    4.7333    3.8656   2081.6999    3.1528    14710874300.1664
  1233.750    8.9481    4.7379    3.8711   2083.9907    3.1472    14914393492.3096
  1250.437    8.9629    4.7424    3.8764   2086.2778    3.1418    15117836523.9663
  1267.125    8.9773    4.7468    3.8816   2088.5888    3.1367    15321210755.0171
  1283.812    8.9919    4.7513    3.8869   2090.8723    3.1318    15524528550.0893
  1300.500    9.0061    4.7557    3.8920   2093.1388    3.1272    15727801995.3870
  1317.187    9.0203    4.7602    3.8972   2095.4063    3.1228    15931043844.2089
  1333.875    9.0335    4.7647    3.9018   2097.5160    3.1187    16134255603.8752
  1350.562    9.0464    4.7692    3.9062   2099.5443    3.1149    16337432839.1409
  1367.250    9.0723    4.7809    3.9133   2102.9604    3.1113    16540660625.0210
  1383.937    9.1090    4.8004    3.9221   2108.1035    3.1080    16744069423.8168
  1400.625    9.1477    4.8209    3.9316   2114.2121    3.1050    16947736696.1716
  1417.312    9.1889    4.8428    3.9429   2119.5507    3.1022    17151743017.5923
  1434.000    9.2284    4.8648    3.9527   2125.0792    3.0996    17356109859.0940
  1450.687    9.2673    4.8867    3.9626   2130.5578    3.0973    17560818399.5343
  1467.375    9.3064    4.9089    3.9727   2136.8744    3.0953    17765894543.0706
  1484.062    9.3476    4.9315    3.9845   2143.1888    3.0936    17971404217.9743
  1500.750    9.3744    4.9456    3.9923   2146.6291    3.0922    18177304073.5480
  1517.437    9.3867    4.9497    3.9966   2148.6292    3.0912    18383422137.0817
  1534.125    9.3990    4.9541    4.0009   2150.5478    3.0906    18589694186.9933
  1550.812    9.4113    4.9584    4.0053   2152.4808    3.0904    18796147746.5249
  1550.812    4.9911    0.0000    3.9576         nan    3.0904    18796147746.5249
  1566.690    5.0036    0.0000    3.9628         nan    3.0912    18990473772.1912
  1582.569    5.0161    0.0000    3.9680         nan    3.0925    19185108040.1906
  1598.447    5.0287    0.0000    3.9731         nan    3.0943    19380077127.1290
  1614.325    5.0412    0.0000    3.9783         nan    3.0964    19575408692.2632
  1630.203    5.0531    0.0000    3.9832         nan    3.0991    19771125763.7021
  1646.082    5.0650    0.0000    3.9881         nan    3.1022    19967252724.3407
  1661.960    5.0769    0.0000    3.9930         nan    3.1059    20163821141.4545
  1677.838    5.0888    0.0000    3.9980         nan    3.1101    20360863848.0666
  1693.716    5.1002    0.0000    4.0027         nan    3.1148    20558409493.3436
  1693.716    4.8636    0.0000    6.3071         nan    3.1148    20558409493.3436
  1752.191    4.9400    0.0000    6.3544         nan    3.0196    21711493480.2776
  1810.667    5.0121    0.0000    6.3991         nan    2.9229    22837437173.0155
  1869.142    5.0801    0.0000    6.4415         nan    2.8249    23934782840.7937
  1927.617    5.1444    0.0000    6.4816         nan    2.7257    25002155424.9284
  1986.093    5.2051    0.0000    6.5195         nan    2.6253    26038257002.7496
  2044.568    5.2624    0.0000    6.5554         nan    2.5238    27041862133.4820
  2103.043    5.3165    0.0000    6.5894         nan    2.4212    28011813922.3125
  2161.519    5.3674    0.0000    6.6214         nan    2.3177    28947020689.7406
  2219.994    5.4154    0.0000    6.6517         nan    2.2132    29846453147.3607
  2278.469    5.4605    0.0000    6.6801         nan    2.1079    30709142010.3248
  2336.945    5.5028    0.0000    6.7069         nan    2.0017    31534176003.0537
  2395.420    5.5424    0.0000    6.7319         nan    1.8949    32320700229.4687
  2453.895    5.5794    0.0000    6.7554         nan    1.7873    33067914897.2269
  2512.370    5.6139    0.0000    6.7773         nan    1.6791    33775074415.8652
  2570.846    5.6459    0.0000    6.7976         nan    1.5703    34441486920.2592
  2629.321    5.6755    0.0000    6.8164         nan    1.4609    35066514323.3718
  2687.796    5.7027    0.0000    6.8337         nan    1.3512    35649573085.9712
  2746.272    5.7275    0.0000    6.8495         nan    1.2411    36190136039.5482
  2804.747    5.7501    0.0000    6.8639         nan    1.1306    36687735868.0885
  2863.222    5.7705    0.0000    6.8769         nan    1.0201    37141971372.8525
  2921.698    5.7886    0.0000    6.8884         nan    0.9095    37552518709.1107
  2980.173    5.8045    0.0000    6.8986         nan    0.7993    37919152109.4387
  3038.648    5.8183    0.0000    6.9074         nan    0.6898    38241784112.2187
  3097.123    5.8299    0.0000    6.9148         nan    0.5821    38520549680.7459
  3155.599    5.8394    0.0000    6.9208         nan    0.4783    38756001077.0558
  3214.074    5.8467    0.0000    6.9255         nan    0.3850    38949628609.4002
  3272.549    5.8520    0.0000    6.9289         nan    0.3283    39105577026.1712
  3331.025    5.8551    0.0000    6.9309         nan    0.5202    39238616795.2485
  3389.500    5.8562    0.0000    6.9316         nan    0.0000    39449458684.5044
