# Depth[km]  Vp[km/s]  Vs[km/s] Rho[g/cm3]    T[K]     g[m/s2]         P[Pa]        
     0.000    3.5082    2.0853    1.6282    273.1500    3.7291              0.0000
    10.063    3.5082    2.0853    1.6282    310.9667    3.7375       61097867.3716
    10.063    4.8314    2.8718    2.2423    310.9667    3.7375       61097867.3716
    27.460    4.8314    2.8718    2.2423    376.3533    3.7434      206897289.9191
    27.460    6.7205    3.9947    3.1190    376.3533    3.7434      206897289.9191
    45.409    6.7205    3.9947    3.1190    443.8119    3.7365      416461770.0202
    45.409    7.9524    4.5325    3.4845    443.8119    3.7365      416461770.0202
    55.440    7.9471    4.5246    3.4846    481.5154    3.7296      547075055.0957
    65.472    7.9414    4.5166    3.4847    519.2190    3.7228      677451706.6919
    75.504    7.9354    4.5083    3.4847    556.9226    3.7159      807589939.1841
    85.536    7.9290    4.4999    3.4846    594.6262    3.7091      937488194.9065
    95.567    7.9221    4.4912    3.4844    632.3298    3.7023     1067143123.5718
   105.599    7.9156    4.4827    3.4843    670.0333    3.6956     1196554859.5610
   115.631    7.9089    4.4742    3.4841    707.7369    3.6889     1325725345.9751
   125.662    7.9022    4.4656    3.4839    745.4405    3.6822     1454653788.7357
   135.694    7.8947    4.4567    3.4836    783.1441    3.6755     1583338047.4767
   145.726    7.8881    4.4483    3.4833    820.8477    3.6689     1711778644.0151
   155.758    7.8806    4.4395    3.4829    858.5513    3.6623     1839975530.2195
   165.789    7.8736    4.4308    3.4825    896.2548    3.6557     1967927324.9115
   175.821    7.8664    4.4221    3.4821    933.9584    3.6492     2095635361.7607
   185.853    7.8590    4.4135    3.4816    971.6620    3.6427     2223098487.5615
   195.884    7.8523    4.4049    3.4812   1009.3656    3.6362     2350318289.4172
   205.916    7.8453    4.3964    3.4807   1047.0692    3.6298     2477296190.3574
   215.948    7.8375    4.3875    3.4801   1084.7728    3.6234     2604028296.5644
   225.980    7.8301    4.3788    3.4795   1122.4763    3.6171     2730515463.7334
   236.011    7.8227    4.3700    3.4789   1160.1799    3.6107     2856760586.4123
   246.043    7.8160    4.3616    3.4784   1197.8835    3.6045     2982765208.0110
   256.075    7.8090    4.3532    3.4778   1235.5871    3.5982     3108530627.0852
   266.106    7.8022    4.3448    3.4771   1273.2907    3.5920     3234054951.1489
   276.138    7.7946    4.3359    3.4766   1310.9943    3.5858     3359339962.4952
   286.170    7.7876    4.3274    3.4760   1348.6978    3.5797     3484388895.1408
   296.202    7.7808    4.3189    3.4753   1386.4014    3.5736     3609201773.3439
   306.233    7.7727    4.3100    3.4745   1424.1050    3.5676     3733775914.3330
   316.265    7.7658    4.3015    3.4738   1461.8086    3.5616     3858113045.5446
   326.297    7.7593    4.2934    3.4732   1499.5122    3.5557     3982218363.0596
   336.328    7.7515    4.2845    3.4724   1537.2157    3.5497     4106090140.6783
   346.360    7.7443    4.2759    3.4716   1574.9193    3.5439     4229728245.8175
   356.392    7.7374    4.2675    3.4709   1612.6229    3.5380     4353136552.8893
   366.424    7.7297    4.2587    3.4701   1650.3265    3.5323     4476314663.2782
   376.455    7.7229    4.2502    3.4694   1688.0301    3.5265     4599264208.9035
   386.487    7.7147    4.2412    3.4685   1725.7337    3.5209     4721985895.0951
   396.519    7.7077    4.2327    3.4677   1763.4372    3.5152     4844480473.2320
   406.550    7.7004    4.2240    3.4670   1801.1408    3.5096     4966751936.1671
   416.582    7.6928    4.2153    3.4661   1838.8444    3.5041     5088799682.9853
   426.614    7.6856    4.2066    3.4652   1876.5480    3.4986     5210624681.5187
   436.646    7.6775    4.1975    3.4644   1914.2516    3.4932     5332228908.6268
   446.677    7.6695    4.1884    3.4636   1951.9552    3.4878     5453615036.8816
   469.343    7.6977    4.1971    3.4716   1956.3567    3.4757     5727744830.7172
   492.010    7.7245    4.2052    3.4795   1960.7281    3.4637     6001553651.8383
   514.676    7.7497    4.2126    3.4872   1964.8574    3.4518     6275028426.9324
   537.342    7.7755    4.2204    3.4949   1969.0646    3.4400     6548164569.9171
   560.008    7.8007    4.2279    3.5026   1973.2911    3.4283     6820967566.2584
   582.674    7.8247    4.2349    3.5101   1977.2185    3.4167     7093430340.8464
   605.340    7.8489    4.2419    3.5176   1981.2977    3.4052     7365551646.5993
   628.006    7.8729    4.2491    3.5250   1985.1125    3.3938     7637335206.5507
   650.673    7.8960    4.2557    3.5324   1989.0235    3.3826     7908779064.7444
   673.339    7.9195    4.2625    3.5398   1992.9588    3.3715     8179889348.1850
   696.005    7.9425    4.2693    3.5470   1996.6572    3.3605     8450668253.3664
   718.671    7.9652    4.2758    3.5542   2000.3034    3.3497     8721117593.3492
   741.337    7.9875    4.2822    3.5613   2003.9355    3.3391     8991242603.2596
   764.003    8.0109    4.2891    3.5687   2007.6465    3.3286     9261058641.1330
   786.669    8.0332    4.2957    3.5757   2011.1141    3.3184     9530573330.0179
   809.335    8.0560    4.3025    3.5829   2014.5543    3.3083     9799791489.2330
   832.002    8.0781    4.3087    3.5901   2018.0160    3.2984    10068729408.3411
   854.668    8.1006    4.3155    3.5972   2021.3229    3.2887    10337396886.7791
   877.334    8.1235    4.3224    3.6045   2024.6680    3.2793    10605812433.0923
   900.000    8.1463    4.3295    3.6118   2027.9254    3.2700    10873998945.8356
   916.548    8.1633    4.3348    3.6172   2030.2834    3.2634    11069582985.3904
   933.095    8.1806    4.3403    3.6227   2032.6589    3.2570    11265066701.4940
   949.643    8.1978    4.3458    3.6282   2034.9879    3.2506    11460460251.7296
   966.190    8.2158    4.3517    3.6340   2037.3462    3.2444    11655778828.2234
   982.738    8.2351    4.3584    3.6401   2039.8261    3.2384    11851044035.1438
   999.285    8.2542    4.3651    3.6462   2042.1791    3.2325    12046271363.8880
  1015.833    8.2735    4.3720    3.6525   2044.5110    3.2267    12241472946.3889
  1032.380    8.2941    4.3796    3.6591   2046.8649    3.2211    12436670577.2706
  1048.928    8.3096    4.3841    3.6643   2049.0792    3.2156    12631843278.9555
  1065.475    8.3250    4.3887    3.6695   2051.1920    3.2103    12826959036.5280
  1082.023    8.3403    4.3933    3.6746   2053.3558    3.2052    13022025787.3535
  1098.571    8.3561    4.3983    3.6799   2055.5100    3.2002    13217057465.7720
  1115.118    8.4761    4.4743    3.7121   2067.9363    3.1953    13412780886.8696
  1131.666    8.6306    4.5733    3.7526   2082.8297    3.1901    13610125800.9816
  1148.213    8.8019    4.6838    3.7964   2097.4123    3.1846    13809376149.1710
  1164.761    8.8171    4.6879    3.8016   2099.9492    3.1791    14009574527.3073
  1181.308    8.8316    4.6919    3.8067   2102.3346    3.1737    14209695287.4683
  1197.856    8.8475    4.6963    3.8124   2104.7147    3.1685    14409761380.9059
  1214.403    8.8628    4.7006    3.8179   2107.0629    3.1636    14609794649.9662
  1230.951    8.8781    4.7049    3.8233   2109.4181    3.1588    14809800217.3236
  1247.498    8.8931    4.7091    3.8287   2111.8067    3.1543    15009789104.5683
  1264.046    8.9082    4.7133    3.8342   2114.1617    3.1500    15209774740.5147
  1280.594    8.9235    4.7176    3.8397   2116.5665    3.1460    15409775581.0284
  1297.141    8.9386    4.7220    3.8452   2118.9275    3.1422    15609807601.2031
  1313.689    8.9536    4.7263    3.8508   2121.3373    3.1386    15809884918.6972
  1330.236    8.9685    4.7306    3.8562   2123.6999    3.1354    16010022215.6789
  1346.784    8.9837    4.7350    3.8618   2126.1070    3.1324    16210237473.4755
  1363.331    8.9984    4.7393    3.8672   2128.4652    3.1297    16410546907.4273
  1379.879    9.0278    4.7529    3.8753   2132.8823    3.1273    16611033725.0786
  1396.426    9.0674    4.7731    3.8853   2138.4524    3.1251    16811833190.4044
  1412.974    9.1051    4.7923    3.8951   2144.0320    3.1232    17013005815.3704
  1429.521    9.1439    4.8124    3.9052   2149.8221    3.1216    17214571916.2161
  1446.069    9.1824    4.8326    3.9156   2155.5383    3.1202    17416561529.0082
  1462.617    9.2213    4.8533    3.9261   2161.3699    3.1192    17619001282.0099
  1479.164    9.2600    4.8742    3.9366   2167.4829    3.1184    17821915381.8968
  1495.712    9.2994    4.8958    3.9476   2173.9006    3.1179    18025336017.4104
  1512.259    9.3245    4.9079    3.9553   2177.5297    3.1178    18229209929.1127
  1528.807    9.3380    4.9121    3.9603   2179.7538    3.1181    18433403075.7306
  1545.354    9.3516    4.9165    3.9653   2181.9593    3.1188    18637871833.9703
  1545.354    5.0006    0.0000    3.9806         nan    3.1188    18637871833.9703
  1564.171    5.0174    0.0000    3.9868         nan    3.1199    18871658501.3444
  1582.988    5.0341    0.0000    3.9929         nan    3.1216    19105891012.4841
  1601.804    5.0509    0.0000    3.9991         nan    3.1240    19340614347.9382
  1620.621    5.0671    0.0000    4.0051         nan    3.1270    19575870292.8888
  1639.438    5.0831    0.0000    4.0110         nan    3.1306    19811699770.4390
  1658.254    5.0990    0.0000    4.0169         nan    3.1350    20048151828.7335
  1677.071    5.1147    0.0000    4.0227         nan    3.1401    20285279527.6611
  1695.888    5.1298    0.0000    4.0283         nan    3.1461    20523132323.4770
  1714.704    5.1449    0.0000    4.0338         nan    3.1528    20761764797.1729
  1714.704    5.0469    0.0000    6.4717         nan    3.1528    20761764797.1729
  1772.456    5.0953    0.0000    6.5170         nan    3.0561    21944256739.4015
  1830.208    5.1414    0.0000    6.5603         nan    2.9581    23098293257.9858
  1887.959    5.1851    0.0000    6.6017         nan    2.8588    24222557957.1534
  1945.711    5.2268    0.0000    6.6413         nan    2.7584    25315788078.9899
  2003.462    5.2663    0.0000    6.6791         nan    2.6568    26376773381.2568
  2061.214    5.3037    0.0000    6.7152         nan    2.5542    27404355231.6042
  2118.965    5.3393    0.0000    6.7495         nan    2.4505    28397425896.2546
  2176.717    5.3729    0.0000    6.7822         nan    2.3459    29354928001.6222
  2234.469    5.4046    0.0000    6.8131         nan    2.2403    30275854166.2465
  2292.220    5.4346    0.0000    6.8425         nan    2.1339    31159246801.5369
  2349.972    5.4628    0.0000    6.8702         nan    2.0267    32004198095.1269
  2407.723    5.4892    0.0000    6.8963         nan    1.9188    32809850205.6447
  2465.475    5.5140    0.0000    6.9208         nan    1.8101    33575395713.8271
  2523.226    5.5372    0.0000    6.9438         nan    1.7008    34300078409.8886
  2580.978    5.5587    0.0000    6.9652         nan    1.5910    34983194549.6482
  2638.730    5.5786    0.0000    6.9851         nan    1.4807    35624094791.3363
  2696.481    5.5970    0.0000    7.0035         nan    1.3699    36222187165.2518
  2754.233    5.6138    0.0000    7.0204         nan    1.2589    36776941680.4117
  2811.984    5.6291    0.0000    7.0358         nan    1.1476    37287897632.6050
  2869.736    5.6429    0.0000    7.0496         nan    1.0364    37754675572.7114
  2927.487    5.6552    0.0000    7.0620         nan    0.9254    38176997731.0939
  2985.239    5.6660    0.0000    7.0730         nan    0.8152    38554724708.0298
  3042.991    5.6754    0.0000    7.0824         nan    0.7064    38887925747.9847
  3100.742    5.6833    0.0000    7.0904         nan    0.6008    39177024735.3917
  3158.494    5.6897    0.0000    7.0969         nan    0.5020    39423137434.0721
  3216.245    5.6947    0.0000    7.1020         nan    0.4213    39628971620.3599
  3273.997    5.6983    0.0000    7.1056         nan    0.4030    39801792753.7005
  3331.748    5.7004    0.0000    7.1078         nan    0.8088    39967195634.6841
  3389.500    5.7012    0.0000    7.1085         nan    0.0000    40299219547.6938
