# Depth[km]  Vp[km/s]  Vs[km/s] Rho[g/cm3]    T[K]     g[m/s2]         P[Pa]        
     0.000    4.0589    2.4427    1.8461    273.1500    3.7291              0.0000
    13.332    4.0589    2.4427    1.8461    325.1472    3.7379       91777009.8413
    13.332    4.2793    2.5753    1.9463    325.1472    3.7379       91777009.8413
    29.013    4.2793    2.5753    1.9463    386.3152    3.7471      205862561.7940
    29.013    5.9614    3.5876    2.7113    386.3152    3.7471      205862561.7940
    45.393    5.9614    3.5876    2.7113    450.2062    3.7465      372277857.8691
    45.393    7.9607    4.5364    3.5038    450.2062    3.7465      372277857.8691
    55.191    7.9536    4.5272    3.5037    488.4211    3.7397      500883995.4219
    64.988    7.9462    4.5179    3.5035    526.6360    3.7329      629250474.4920
    74.785    7.9385    4.5084    3.5033    564.8509    3.7261      757376572.6085
    84.582    7.9304    4.4988    3.5030    603.0658    3.7193      885261319.0341
    94.380    7.9216    4.4888    3.5026    641.2807    3.7126     1012901432.5646
   104.177    7.9134    4.4792    3.5023    679.4956    3.7059     1140297499.8311
   113.974    7.9050    4.4695    3.5019    717.7105    3.6993     1267451764.7460
   123.771    7.8959    4.4596    3.5014    755.9254    3.6926     1394361389.7624
   133.569    7.8874    4.4500    3.5010    794.1403    3.6860     1521026830.6467
   143.366    7.8781    4.4401    3.5004    832.3552    3.6795     1647448171.9502
   153.163    7.8696    4.4306    3.5000    870.5701    3.6729     1773626248.5503
   162.960    7.8601    4.4206    3.4994    908.7851    3.6664     1899560942.5218
   172.758    7.8511    4.4109    3.4988    947.0000    3.6599     2025249968.2147
   182.555    7.8422    4.4013    3.4982    985.2149    3.6535     2150696174.0830
   192.352    7.8329    4.3916    3.4975   1023.4298    3.6471     2275899930.5249
   202.149    7.8234    4.3818    3.4968   1061.6447    3.6407     2400859513.2853
   211.947    7.8138    4.3719    3.4961   1099.8596    3.6344     2525574947.1759
   221.744    7.8045    4.3621    3.4954   1138.0745    3.6281     2650047534.7489
   231.541    7.7951    4.3524    3.4947   1176.2894    3.6218     2774278945.3064
   241.338    7.7858    4.3428    3.4939   1214.5043    3.6156     2898270201.2926
   251.136    7.7765    4.3331    3.4931   1252.7192    3.6094     3022021043.4644
   260.933    7.7664    4.3231    3.4922   1290.9341    3.6033     3145530180.3245
   270.730    7.7576    4.3138    3.4914   1329.1490    3.5972     3268799176.3295
   280.527    7.7486    4.3044    3.4906   1367.3639    3.5911     3391829990.8396
   290.325    7.7397    4.2949    3.4898   1405.5789    3.5851     3514624194.0220
   300.122    7.7298    4.2851    3.4888   1443.7938    3.5791     3637181107.7705
   309.919    7.7213    4.2759    3.4880   1482.0087    3.5731     3759502499.6547
   319.716    7.7125    4.2665    3.4871   1520.2236    3.5672     3881591457.3636
   329.514    7.7028    4.2567    3.4862   1558.4385    3.5614     4003446899.7045
   339.311    7.6934    4.2471    3.4853   1596.6534    3.5555     4125070306.7178
   349.108    7.6840    4.2376    3.4844   1634.8683    3.5498     4246463267.3956
   358.905    7.6745    4.2279    3.4834   1673.0832    3.5440     4367626649.5096
   368.703    7.6648    4.2181    3.4825   1711.2981    3.5384     4488561234.6514
   378.500    7.6553    4.2085    3.4815   1749.5130    3.5327     4609268781.2752
   388.297    7.6457    4.1988    3.4806   1787.7279    3.5271     4729751142.7830
   398.094    7.6362    4.1892    3.4796   1825.9428    3.5216     4850009752.2814
   407.892    7.6259    4.1791    3.4785   1864.1577    3.5161     4970044027.9106
   417.689    7.6168    4.1696    3.4777   1902.3727    3.5106     5089857928.1085
   427.486    7.6062    4.1594    3.4766   1940.5876    3.5052     5209453032.3618
   437.283    7.5967    4.1496    3.4756   1978.8025    3.4999     5328827649.9883
   460.419    7.6283    4.1591    3.4844   1983.6418    3.4873     5610609801.2282
   483.555    7.6589    4.1682    3.4930   1988.3498    3.4748     5892082378.6630
   506.691    7.6879    4.1767    3.5013   1992.8392    3.4624     6173226484.3199
   529.827    7.7166    4.1852    3.5095   1997.2200    3.4501     6454029154.8220
   552.963    7.7447    4.1935    3.5177   2001.5805    3.4379     6734487089.6046
   576.098    7.7719    4.2015    3.5257   2005.8150    3.4257     7014595436.4052
   599.234    7.7991    4.2096    3.5337   2009.9550    3.4137     7294350700.6738
   622.370    7.8253    4.2172    3.5415   2013.9528    3.4018     7573748505.1592
   645.506    7.8518    4.2251    3.5494   2018.0136    3.3900     7852790275.7029
   668.642    7.8772    4.2325    3.5571   2021.8609    3.3784     8131476779.1121
   691.778    7.9032    4.2404    3.5648   2025.6849    3.3669     8409808389.1124
   714.913    7.9282    4.2477    3.5725   2029.4077    3.3556     8687792012.6808
   738.049    7.9536    4.2554    3.5802   2033.1445    3.3444     8965435802.9137
   761.185    7.9787    4.2629    3.5878   2036.7717    3.3333     9242747636.1853
   784.321    8.0037    4.2705    3.5954   2040.2975    3.3225     9519733423.8971
   807.457    8.0287    4.2781    3.6031   2043.8261    3.3118     9796406065.7491
   830.593    8.0542    4.2863    3.6108   2047.2165    3.3014    10072780744.5644
   853.728    8.0788    4.2937    3.6186   2050.6922    3.2911    10348871356.7852
   876.864    8.1048    4.3022    3.6266   2053.9582    3.2810    10624702870.6554
   900.000    8.1308    4.3106    3.6346   2057.2461    3.2712    10900301043.7084
   916.598    8.1499    4.3171    3.6406   2059.5632    3.2643    11097806185.1296
   933.196    8.1706    4.3245    3.6470   2061.8935    3.2575    11295228706.4132
   949.794    8.1894    4.3307    3.6529   2064.2326    3.2508    11492573424.4320
   966.392    8.2081    4.3371    3.6588   2066.4779    3.2442    11689832472.2072
   982.990    8.2302    4.3454    3.6658   2068.8097    3.2378    11887040957.0210
   999.588    8.2537    4.3546    3.6733   2071.1887    3.2315    12084247267.7252
  1016.186    8.2777    4.3641    3.6809   2073.6343    3.2253    12281473175.0020
  1032.784    8.3037    4.3748    3.6893   2076.1295    3.2192    12478748740.0025
  1049.381    8.3203    4.3801    3.6948   2078.2432    3.2133    12676023564.2548
  1065.979    8.3369    4.3853    3.7003   2080.3184    3.2075    12873228849.1978
  1082.577    8.3534    4.3907    3.7059   2082.3870    3.2019    13070374959.3292
  1099.175    8.3702    4.3961    3.7116   2084.4863    3.1965    13267476588.3767
  1115.773    8.4312    4.4312    3.7290   2090.6846    3.1912    13464857106.3955
  1132.371    8.5811    4.5257    3.7694   2105.2814    3.1857    13663438596.7828
  1148.969    8.7598    4.6396    3.8159   2125.1494    3.1799    13863979170.0675
  1165.567    8.8602    4.7014    3.8423   2129.6641    3.1738    14066077840.4426
  1182.165    8.8758    4.7068    3.8472   2131.7063    3.1678    14268613428.2587
  1198.763    8.8918    4.7112    3.8535   2134.4095    3.1620    14471060240.2152
  1215.361    8.9072    4.7157    3.8591   2136.8097    3.1564    14673448281.7095
  1231.959    8.9223    4.7203    3.8645   2139.1678    3.1509    14875765334.3618
  1248.557    8.9371    4.7247    3.8699   2141.5479    3.1457    15078016447.2604
  1265.155    8.9517    4.7292    3.8752   2143.9260    3.1407    15280210779.1688
  1281.753    8.9660    4.7337    3.8803   2146.2283    3.1360    15482355355.1708
  1298.351    8.9804    4.7381    3.8855   2148.6125    3.1315    15684463436.5053
  1314.948    8.9946    4.7427    3.8905   2150.8715    3.1272    15886548632.2429
  1331.546    9.0089    4.7472    3.8958   2153.2593    3.1233    16088626642.4108
  1348.144    9.0220    4.7517    3.9003   2155.3848    3.1195    16290700006.6693
  1364.742    9.0359    4.7561    3.9053   2157.6708    3.1161    16492779772.9045
  1381.340    9.0486    4.7605    3.9096   2159.7554    3.1130    16694878757.6947
  1397.938    9.0741    4.7722    3.9166   2163.1632    3.1102    16897067321.0015
  1414.536    9.1145    4.7935    3.9271   2169.5105    3.1076    17099523324.3996
  1431.134    9.1545    4.8153    3.9368   2174.9953    3.1053    17302333783.6687
  1447.732    9.1931    4.8366    3.9464   2180.5173    3.1033    17505490757.6837
  1464.330    9.2307    4.8575    3.9558   2186.2929    3.1015    17709002358.9624
  1480.928    9.2723    4.8803    3.9671   2192.4120    3.1001    17912932284.3757
  1497.526    9.3124    4.9031    3.9776   2198.4937    3.0989    18117329595.0126
  1514.124    9.3513    4.9253    3.9881   2205.0798    3.0981    18322192988.1490
  1530.722    9.3738    4.9365    3.9948   2208.0063    3.0976    18527442450.3147
  1547.320    9.3861    4.9409    3.9991   2209.9953    3.0975    18732942279.7882
  1547.320    5.1653    0.0000    4.0310         nan    3.0975    18732942279.7882
  1565.025    5.1796    0.0000    4.0366         nan    3.0975    18954169668.1453
  1582.731    5.1939    0.0000    4.0422         nan    3.0979    19175697644.3541
  1600.436    5.2082    0.0000    4.0477         nan    3.0989    19397562295.6694
  1618.142    5.2222    0.0000    4.0532         nan    3.1004    19619798496.6380
  1635.847    5.2358    0.0000    4.0585         nan    3.1024    19842438804.0435
  1653.553    5.2494    0.0000    4.0638         nan    3.1051    20065520705.6526
  1671.258    5.2630    0.0000    4.0692         nan    3.1084    20289087911.5191
  1688.964    5.2761    0.0000    4.0743         nan    3.1124    20513180564.9739
  1706.669    5.2890    0.0000    4.0793         nan    3.1171    20737839889.1086
  1706.669    5.2698    0.0000    6.3915         nan    3.1171    20737839889.1086
  1764.698    5.3282    0.0000    6.4322         nan    3.0203    21897609504.9673
  1822.726    5.3838    0.0000    6.4709         nan    2.9224    23028349484.1703
  1880.755    5.4365    0.0000    6.5079         nan    2.8234    24128856743.4697
  1938.784    5.4866    0.0000    6.5430         nan    2.7234    25197985411.7361
  1996.812    5.5342    0.0000    6.5765         nan    2.6223    26234644781.5658
  2054.841    5.5792    0.0000    6.6083         nan    2.5203    27237797596.0147
  2112.870    5.6219    0.0000    6.6385         nan    2.4174    28206458640.9493
  2170.898    5.6623    0.0000    6.6672         nan    2.3136    29139693623.0719
  2228.927    5.7005    0.0000    6.6943         nan    2.2091    30036618328.9470
  2286.956    5.7364    0.0000    6.7199         nan    2.1038    30896398077.5493
  2344.984    5.7703    0.0000    6.7441         nan    1.9979    31718247495.7864
  2403.013    5.8021    0.0000    6.7668         nan    1.8913    32501430676.5163
  2461.042    5.8318    0.0000    6.7881         nan    1.7842    33245261816.7107
  2519.070    5.8596    0.0000    6.8080         nan    1.6767    33949106493.3612
  2577.099    5.8854    0.0000    6.8265         nan    1.5687    34612383831.6270
  2635.128    5.9093    0.0000    6.8437         nan    1.4604    35234569977.1499
  2693.156    5.9314    0.0000    6.8596         nan    1.3519    35815203551.8184
  2751.185    5.9515    0.0000    6.8741         nan    1.2434    36353894253.6857
  2809.213    5.9699    0.0000    6.8873         nan    1.1350    36850336644.8395
  2867.242    5.9864    0.0000    6.8992         nan    1.0270    37304332886.3533
  2925.271    6.0012    0.0000    6.9099         nan    0.9201    37715831700.0131
  2983.299    6.0141    0.0000    6.9193         nan    0.8148    38084998535.2500
  3041.328    6.0253    0.0000    6.9274         nan    0.7128    38412350151.1230
  3099.357    6.0348    0.0000    6.9342         nan    0.6172    38699034416.5715
  3157.385    6.0425    0.0000    6.9398         nan    0.5353    38947476854.0366
  3215.414    6.0486    0.0000    6.9441         nan    0.4886    39163106599.2117
  3273.443    6.0528    0.0000    6.9472         nan    0.5642    39360043235.6527
  3331.471    6.0554    0.0000    6.9491         nan    1.4676    39587505159.5453
  3389.500    6.0563    0.0000    6.9497         nan    0.0000    40179318270.8593
