# Depth[km]  Vp[km/s]  Vs[km/s] Rho[g/cm3]    T[K]     g[m/s2]         P[Pa]        
     0.000    3.3669    2.0363    1.6165    273.1500    3.7291              0.0000
    10.977    3.3669    2.0363    1.6165    314.0396    3.7384       66172920.2105
    10.977    5.0161    3.0338    2.4084    314.0396    3.7384       66172920.2105
    28.108    5.0161    3.0338    2.4084    377.8552    3.7418      220406396.1215
    28.108    5.7307    3.4660    2.7515    377.8552    3.7418      220406396.1215
    46.390    5.7307    3.4660    2.7515    445.9639    3.7405      408638751.0416
    46.390    7.9527    4.5322    3.4846    445.9639    3.7405      408638751.0416
    56.017    7.9477    4.5248    3.4848    481.8243    3.7339      534110399.4848
    65.643    7.9424    4.5171    3.4849    517.6846    3.7273      659365986.4496
    75.269    7.9368    4.5093    3.4849    553.5450    3.7208      784404051.4461
    84.895    7.9309    4.5013    3.4849    589.4054    3.7143      909223249.5629
    94.521    7.9243    4.4931    3.4847    625.2658    3.7078     1033820504.9778
   104.148    7.9182    4.4850    3.4847    661.1262    3.7013     1158195771.7963
   113.774    7.9120    4.4770    3.4845    696.9865    3.6949     1282350891.1723
   123.400    7.9058    4.4689    3.4844    732.8469    3.6885     1406285732.0598
   133.026    7.8995    4.4608    3.4842    768.7073    3.6821     1530000308.9595
   142.652    7.8926    4.4525    3.4839    804.5677    3.6758     1653492277.9951
   152.278    7.8862    4.4443    3.4837    840.4281    3.6695     1776761605.4888
   161.905    7.8790    4.4359    3.4832    876.2884    3.6632     1899807106.9166
   171.531    7.8728    4.4279    3.4830    912.1488    3.6569     2022629622.6976
   181.157    7.8660    4.4196    3.4826    948.0092    3.6507     2145230925.4126
   190.783    7.8592    4.4114    3.4821    983.8696    3.6445     2267608618.6052
   200.409    7.8527    4.4033    3.4818   1019.7299    3.6383     2389764688.1638
   210.036    7.8462    4.3952    3.4813   1055.5903    3.6322     2511699756.7993
   219.662    7.8390    4.3869    3.4807   1091.4507    3.6261     2633410301.1413
   229.288    7.8321    4.3786    3.4802   1127.3111    3.6200     2754897948.2040
   238.914    7.8248    4.3702    3.4797   1163.1715    3.6140     2876165112.0102
   248.540    7.8185    4.3622    3.4792   1199.0318    3.6080     2997212639.9678
   258.167    7.8121    4.3543    3.4787   1234.8922    3.6021     3118041972.3558
   267.793    7.8056    4.3462    3.4781   1270.7526    3.5962     3238653163.8443
   277.419    7.7982    4.3377    3.4775   1306.6130    3.5903     3359046232.8635
   287.045    7.7919    4.3298    3.4770   1342.4734    3.5844     3479222159.0614
   296.671    7.7855    4.3218    3.4764   1378.3337    3.5786     3599183117.3663
   306.298    7.7784    4.3135    3.4757   1414.1941    3.5728     3718927587.6676
   315.924    7.7719    4.3054    3.4751   1450.0545    3.5671     3838456403.7053
   325.550    7.7656    4.2976    3.4745   1485.9149    3.5614     3957773161.3389
   335.176    7.7592    4.2896    3.4739   1521.7753    3.5558     4076879320.4029
   344.802    7.7515    4.2811    3.4732   1557.6356    3.5501     4195773122.3640
   354.429    7.7450    4.2731    3.4725   1593.4960    3.5446     4314454310.7639
   364.055    7.7386    4.2651    3.4719   1629.3564    3.5390     4432927003.1206
   373.681    7.7314    4.2568    3.4710   1665.2168    3.5336     4551190617.9749
   383.307    7.7248    4.2487    3.4704   1701.0772    3.5281     4669246535.0335
   392.933    7.7185    4.2407    3.4698   1736.9375    3.5227     4787099031.6009
   402.559    7.7107    4.2321    3.4689   1772.7979    3.5173     4904745162.8018
   412.186    7.7043    4.2241    3.4682   1808.6583    3.5120     5022186125.5606
   421.812    7.6969    4.2157    3.4674   1844.5187    3.5068     5139424181.2848
   431.438    7.6902    4.2074    3.4667   1880.3790    3.5015     5256460382.0054
   454.866    7.7182    4.2158    3.4749   1884.7791    3.4889     5541187406.8904
   478.294    7.7455    4.2240    3.4831   1889.1354    3.4764     5825559717.2193
   501.722    7.7716    4.2317    3.4910   1893.2399    3.4640     6109564777.5722
   525.150    7.7982    4.2398    3.4990   1897.3858    3.4516     6393197253.4089
   548.579    7.8243    4.2475    3.5069   1901.5179    3.4394     6676461595.5056
   572.007    7.8491    4.2548    3.5145   1905.3927    3.4273     6959348263.6550
   595.435    7.8737    4.2619    3.5223   1909.4413    3.4153     7241855855.0136
   618.863    7.8987    4.2693    3.5300   1913.3900    3.4034     7523992993.0392
   642.291    7.9224    4.2761    3.5375   1917.1935    3.3916     7805755017.1781
   665.719    7.9462    4.2830    3.5450   1920.9067    3.3801     8087142542.3517
   689.147    7.9699    4.2899    3.5524   1924.5156    3.3686     8368158768.4154
   712.575    7.9939    4.2969    3.5599   1928.2862    3.3574     8648813380.7164
   736.003    8.0172    4.3037    3.5673   1931.8640    3.3463     8929116183.4131
   759.431    8.0399    4.3102    3.5745   1935.3761    3.3353     9209063469.2217
   782.860    8.0634    4.3172    3.5820   1938.7820    3.3246     9488669935.2962
   806.288    8.0866    4.3240    3.5893   1942.1963    3.3141     9767953601.4692
   829.716    8.1100    4.3311    3.5967   1945.4959    3.3038    10046924400.1676
   853.144    8.1331    4.3379    3.6040   1948.8160    3.2937    10325597371.4165
   876.572    8.1564    4.3450    3.6114   1952.0725    3.2839    10603988906.9285
   900.000    8.1794    4.3519    3.6187   1955.3088    3.2743    10882113565.9101
   916.460    8.1966    4.3573    3.6243   1957.5573    3.2677    11077297697.7369
   932.921    8.2147    4.3633    3.6300   1959.9297    3.2612    11272390194.9856
   949.381    8.2321    4.3691    3.6355   1962.1522    3.2548    11467397957.9621
   965.842    8.2494    4.3747    3.6411   1964.3648    3.2486    11662324691.9349
   982.302    8.2677    4.3810    3.6469   1966.5802    3.2426    11857183135.8522
   998.763    8.2863    4.3875    3.6528   1968.7423    3.2366    12051990886.1704
  1015.223    8.3082    4.3960    3.6600   1971.0235    3.2308    12246789761.7558
  1031.683    8.3255    4.4017    3.6657   1973.1885    3.2252    12441580389.5848
  1048.144    8.3409    4.4063    3.6707   1975.2340    3.2197    12636316511.1707
  1064.604    8.3562    4.4108    3.6759   1977.2564    3.2144    12830993370.3105
  1081.065    8.3917    4.4292    3.6863   1981.2998    3.2092    13025760342.6368
  1097.525    8.5063    4.5014    3.7174   1995.2291    3.2040    13221309600.4561
  1113.986    8.6545    4.5965    3.7565   2007.6073    3.1985    13418393134.2596
  1130.446    8.8200    4.7041    3.7985   2020.5465    3.1928    13617275714.8268
  1146.906    8.8349    4.7081    3.8038   2022.8200    3.1870    13817042460.5448
  1163.367    8.8495    4.7119    3.8090   2024.9714    3.1813    14016720201.9233
  1179.827    8.8638    4.7156    3.8142   2027.0860    3.1759    14216317809.3440
  1196.288    8.8797    4.7198    3.8200   2029.2617    3.1706    14415862117.7837
  1212.748    8.8946    4.7240    3.8253   2031.4759    3.1656    14615365681.9266
  1229.208    8.9097    4.7282    3.8308   2033.7664    3.1608    14814833046.1137
  1245.669    8.9247    4.7324    3.8362   2036.0397    3.1562    15014280962.9712
  1262.129    8.9398    4.7366    3.8417   2038.2901    3.1518    15213721367.5432
  1278.590    8.9550    4.7408    3.8472   2040.5591    3.1476    15413170669.4393
  1295.050    8.9699    4.7451    3.8528   2042.8341    3.1437    15612644052.8593
  1311.511    8.9847    4.7493    3.8582   2045.1261    3.1401    15812153646.1682
  1327.971    9.0006    4.7542    3.8639   2047.4890    3.1367    16011719061.2136
  1344.431    9.0369    4.7720    3.8731   2052.5352    3.1336    16211455110.8533
  1360.892    9.0758    4.7916    3.8831   2057.8664    3.1306    16411485848.8516
  1377.352    9.1137    4.8108    3.8929   2063.3487    3.1279    16611839631.9129
  1393.813    9.1527    4.8309    3.9033   2068.6647    3.1255    16812542457.3529
  1410.273    9.1910    4.8510    3.9134   2074.1832    3.1233    17013616210.2383
  1426.734    9.2286    4.8706    3.9237   2079.7158    3.1213    17215073280.8396
  1443.194    9.2670    4.8911    3.9343   2085.4487    3.1197    17416941471.7946
  1459.654    9.3056    4.9120    3.9452   2091.8588    3.1183    17619252115.3859
  1476.115    9.3270    4.9214    3.9520   2094.5004    3.1171    17821925267.6654
  1492.575    9.3406    4.9257    3.9571   2096.6163    3.1164    18024832528.3215
  1509.036    9.3542    4.9300    3.9621   2098.7547    3.1161    18227950347.0708
  1525.496    9.3679    4.9344    3.9672   2100.8714    3.1161    18431304367.0932
  1541.957    9.3812    4.9387    3.9721   2102.9569    3.1166    18634918705.1850
  1541.957    4.9990    0.0000    3.9780         nan    3.1166    18634918705.1850
  1557.395    5.0103    0.0000    3.9831         nan    3.1174    18826440131.2496
  1572.833    5.0216    0.0000    3.9882         nan    3.1185    19018253463.7684
  1588.271    5.0329    0.0000    3.9932         nan    3.1201    19210383044.4991
  1603.709    5.0442    0.0000    3.9983         nan    3.1221    19402854212.6745
  1619.147    5.0551    0.0000    4.0032         nan    3.1245    19595688562.4534
  1634.585    5.0658    0.0000    4.0081         nan    3.1274    19788908149.7691
  1650.023    5.0766    0.0000    4.0129         nan    3.1308    19982541037.9741
  1665.462    5.0874    0.0000    4.0178         nan    3.1346    20176617182.9767
  1680.900    5.0978    0.0000    4.0225         nan    3.1390    20371163798.3567
  1680.900    5.1589    0.0000    6.3313         nan    3.1390    20371163798.3567
  1739.817    5.2334    0.0000    6.3742         nan    3.0420    21546058891.6048
  1798.734    5.3038    0.0000    6.4148         nan    2.9437    22692106748.5071
  1857.651    5.3703    0.0000    6.4533         nan    2.8441    23807969867.3899
  1916.569    5.4333    0.0000    6.4897         nan    2.7435    24892384973.6512
  1975.486    5.4928    0.0000    6.5243         nan    2.6417    25944158486.9077
  2034.403    5.5490    0.0000    6.5570         nan    2.5390    26962162687.5153
  2093.320    5.6021    0.0000    6.5880         nan    2.4352    27945332473.1709
  2152.238    5.6522    0.0000    6.6172         nan    2.3306    28892662619.8290
  2211.155    5.6994    0.0000    6.6448         nan    2.2252    29803205479.8425
  2270.072    5.7438    0.0000    6.6708         nan    2.1190    30676069078.2303
  2328.989    5.7855    0.0000    6.6953         nan    2.0120    31510415584.3590
  2387.907    5.8245    0.0000    6.7182         nan    1.9044    32305460157.9232
  2446.824    5.8610    0.0000    6.7397         nan    1.7962    33060470195.7419
  2505.741    5.8950    0.0000    6.7597         nan    1.6874    33774765040.9555
  2564.658    5.9266    0.0000    6.7783         nan    1.5781    34447716269.3828
  2623.576    5.9558    0.0000    6.7955         nan    1.4684    35078748755.5189
  2682.493    5.9827    0.0000    6.8113         nan    1.3584    35667342860.6865
  2741.410    6.0072    0.0000    6.8258         nan    1.2481    36213038338.9014
  2800.327    6.0295    0.0000    6.8390         nan    1.1376    36715441019.7981
  2859.245    6.0496    0.0000    6.8509         nan    1.0273    37174234224.6398
  2918.162    6.0676    0.0000    6.8615         nan    0.9172    37589198710.6329
  2977.079    6.0833    0.0000    6.8708         nan    0.8079    37960248960.0500
  3035.996    6.0969    0.0000    6.8789         nan    0.7002    38287503151.4209
  3094.914    6.1084    0.0000    6.8856         nan    0.5957    38571429002.8157
  3153.831    6.1177    0.0000    6.8912         nan    0.4982    38813181159.4864
  3212.748    6.1250    0.0000    6.8955         nan    0.4188    39015502264.5964
  3271.665    6.1302    0.0000    6.8986         nan    0.4027    39185692342.0763
  3330.583    6.1333    0.0000    6.9004         nan    0.8154    39349398516.3922
  3389.500    6.1344    0.0000    6.9010         nan    0.0000    39680902607.2562
