# Depth[km]  Vp[km/s]  Vs[km/s] Rho[g/cm3]    T[K]     g[m/s2]         P[Pa]        
     0.000    3.5354    2.0866    1.6151    273.1500    3.7291              0.0000
    10.773    3.5354    2.0866    1.6151    313.4295    3.7383       64886230.5209
    10.773    5.1448    3.0366    2.3504    313.4295    3.7383       64886230.5209
    29.082    5.1448    3.0366    2.3504    381.8909    3.7428      225756315.4573
    29.082    6.2669    3.6989    2.8631    381.8909    3.7428      225756315.4573
    43.524    6.2669    3.6989    2.8631    435.8931    3.7404      380516160.7306
    43.524    7.9536    4.5341    3.4844    435.8931    3.7404      380516160.7306
    53.670    7.9483    4.5263    3.4846    473.8314    3.7334      512752527.6644
    63.816    7.9428    4.5183    3.4847    511.7696    3.7265      644748471.3597
    73.962    7.9368    4.5100    3.4848    549.7078    3.7196      776502215.8501
    84.108    7.9306    4.5016    3.4847    587.6461    3.7127      908011937.6600
    94.254    7.9236    4.4928    3.4845    625.5843    3.7059     1039274299.4983
   104.400    7.9171    4.4843    3.4844    663.5225    3.6990     1170289118.3243
   114.546    7.9105    4.4757    3.4843    701.4608    3.6923     1301058348.8071
   124.691    7.9039    4.4672    3.4841    739.3990    3.6855     1431582073.9419
   134.837    7.8965    4.4583    3.4838    777.3372    3.6788     1561857875.7222
   144.983    7.8899    4.4498    3.4836    815.2754    3.6721     1691885706.0148
   155.129    7.8825    4.4410    3.4832    853.2137    3.6654     1821665239.0329
   165.275    7.8753    4.4322    3.4828    891.1519    3.6588     1951194900.7888
   175.421    7.8682    4.4235    3.4824    929.0901    3.6522     2080476467.4536
   185.567    7.8616    4.4150    3.4821    967.0284    3.6456     2209511769.9229
   195.713    7.8544    4.4064    3.4816   1004.9666    3.6391     2338300096.0563
   205.859    7.8471    4.3977    3.4811   1042.9048    3.6326     2466839436.8828
   216.005    7.8393    4.3888    3.4804   1080.8431    3.6262     2595128166.2770
   226.151    7.8322    4.3801    3.4799   1118.7813    3.6198     2723167795.7604
   236.297    7.8245    4.3711    3.4794   1156.7195    3.6134     2850961592.8400
   246.443    7.8179    4.3627    3.4789   1194.6578    3.6071     2978510706.4678
   256.589    7.8110    4.3543    3.4783   1232.5960    3.6008     3105816648.2403
   266.735    7.8038    4.3456    3.4776   1270.5342    3.5945     3232877839.4755
   276.881    7.7967    4.3370    3.4771   1308.4725    3.5883     3359695394.0181
   287.027    7.7898    4.3285    3.4765   1346.4107    3.5821     3486272619.1265
   297.172    7.7828    4.3198    3.4758   1384.3489    3.5760     3612609726.3284
   307.318    7.7752    4.3110    3.4751   1422.2872    3.5699     3738705146.8016
   317.464    7.7680    4.3024    3.4745   1460.2254    3.5638     3864561085.7219
   327.610    7.7615    4.2943    3.4738   1498.1636    3.5578     3990180245.0622
   337.756    7.7537    4.2854    3.4730   1536.1018    3.5519     4115560580.8300
   347.902    7.7469    4.2769    3.4723   1574.0401    3.5460     4240704644.5958
   358.048    7.7397    4.2683    3.4716   1611.9783    3.5401     4365615175.0642
   368.194    7.7318    4.2594    3.4708   1649.9165    3.5343     4490290886.2814
   378.340    7.7252    4.2510    3.4701   1687.8548    3.5285     4614734394.0547
   388.486    7.7183    4.2425    3.4694   1725.7930    3.5228     4738949733.8744
   398.632    7.7100    4.2334    3.4684   1763.7312    3.5171     4862934480.5501
   408.778    7.7031    4.2248    3.4677   1801.6695    3.5115     4986689941.9578
   418.924    7.6954    4.2160    3.4668   1839.6077    3.5059     5110218968.7890
   429.070    7.6886    4.2074    3.4661   1877.5459    3.5004     5233522906.9294
   439.216    7.6800    4.1981    3.4651   1915.4842    3.4949     5356602241.2005
   449.362    7.6723    4.1891    3.4644   1953.4224    3.4895     5479459465.1998
   471.894    7.6999    4.1975    3.4724   1957.7571    3.4775     5752158701.8315
   494.425    7.7266    4.2056    3.4802   1962.1005    3.4656     6024542701.0117
   516.957    7.7516    4.2130    3.4878   1966.1933    3.4539     6296601405.6713
   539.489    7.7773    4.2208    3.4955   1970.3716    3.4422     6568331683.7559
   562.021    7.8023    4.2282    3.5032   1974.5793    3.4306     6839738373.0370
   584.553    7.8261    4.2351    3.5106   1978.4900    3.4191     7110812735.2360
   607.085    7.8501    4.2421    3.5181   1982.5457    3.4078     7381554403.1255
   629.617    7.8740    4.2493    3.5254   1986.3379    3.3966     7651967956.6901
   652.149    7.8969    4.2558    3.5327   1990.2269    3.3855     7922051622.1295
   674.681    7.9204    4.2626    3.5401   1994.1345    3.3745     8191812409.9909
   697.213    7.9432    4.2693    3.5473   1997.8126    3.3637     8461252621.2188
   719.745    7.9657    4.2758    3.5544   2001.4442    3.3530     8730372701.2097
   742.277    7.9879    4.2821    3.5615   2005.0566    3.3425     8999178021.6162
   764.808    8.0112    4.2890    3.5689   2008.7539    3.3322     9267685738.0586
   787.340    8.0330    4.2953    3.5758   2012.2060    3.3221     9535900975.7539
   809.872    8.0560    4.3023    3.5830   2015.6197    3.3121     9803829189.2996
   832.404    8.0779    4.3085    3.5901   2019.0636    3.3024    10071489228.7905
   854.936    8.1004    4.3153    3.5972   2022.3533    3.2928    10338889362.7291
   877.468    8.1233    4.3223    3.6044   2025.6562    3.2835    10606048638.6070
   900.000    8.1459    4.3292    3.6117   2028.9045    3.2744    10872989041.8936
   916.869    8.1631    4.3345    3.6172   2031.3167    3.2678    11072637817.2686
   933.738    8.1808    4.3402    3.6228   2033.7458    3.2612    11272186913.2125
   950.607    8.1983    4.3457    3.6284   2036.1235    3.2549    11471645862.7069
   967.476    8.2165    4.3517    3.6343   2038.5265    3.2486    11671029437.1486
   984.345    8.2364    4.3587    3.6405   2041.0394    3.2425    11870363534.0125
  1001.214    8.2558    4.3655    3.6468   2043.4454    3.2366    12069664763.8069
  1018.083    8.2757    4.3725    3.6533   2045.8133    3.2308    12268947202.4344
  1034.952    8.2961    4.3800    3.6598   2048.2024    3.2251    12468227993.5378
  1051.821    8.3119    4.3846    3.6652   2050.4758    3.2197    12667484834.1791
  1068.690    8.3275    4.3893    3.6703   2052.6268    3.2144    12866688822.9799
  1085.559    8.3431    4.3939    3.6756   2054.8367    3.2092    13065848406.9428
  1102.428    8.3809    4.4137    3.6867   2059.2122    3.2043    13265133535.9819
  1119.297    8.5035    4.4917    3.7193   2072.6179    3.1993    13465290246.1077
  1136.165    8.6725    4.6002    3.7635   2088.9609    3.1941    13667208010.9826
  1153.034    8.8060    4.6847    3.7979   2099.1882    3.1885    13870911914.0503
  1169.903    8.8217    4.6890    3.8034   2101.7205    3.1830    14075336913.1093
  1186.772    8.8354    4.6928    3.8080   2104.1057    3.1777    14279678493.5698
  1203.641    8.8524    4.6976    3.8142   2106.5299    3.1726    14483968495.2567
  1220.510    8.8680    4.7019    3.8198   2108.9646    3.1677    14688247127.4245
  1237.379    8.8837    4.7063    3.8254   2111.3973    3.1630    14892511135.0634
  1254.248    8.8991    4.7107    3.8310   2113.7944    3.1586    15096773307.9042
  1271.117    8.9146    4.7150    3.8366   2116.2221    3.1545    15301047129.3724
  1287.986    8.9298    4.7193    3.8421   2118.6416    3.1505    15505346236.1214
  1304.855    8.9451    4.7237    3.8477   2121.1008    3.1469    15709686468.6576
  1321.724    8.9607    4.7282    3.8534   2123.5279    3.1435    15914091418.9093
  1338.593    8.9756    4.7324    3.8588   2125.9741    3.1404    16118573951.1045
  1355.462    8.9909    4.7369    3.8645   2128.3935    3.1377    16323150084.8546
  1372.331    9.0099    4.7438    3.8708   2131.2456    3.1352    16527861503.9950
  1389.200    9.0496    4.7638    3.8808   2136.9804    3.1330    16732842946.0257
  1406.069    9.0871    4.7827    3.8906   2142.8041    3.1311    16938203135.7337
  1422.938    9.1272    4.8035    3.9010   2148.4717    3.1294    17143968975.8815
  1439.807    9.1670    4.8243    3.9114   2154.2944    3.1281    17350177414.6285
  1456.676    9.2060    4.8449    3.9220   2160.1621    3.1270    17556851103.6738
  1473.545    9.2449    4.8656    3.9326   2166.4249    3.1262    17764013345.5003
  1490.414    9.2854    4.8878    3.9438   2172.9094    3.1258    17971699260.2574
  1507.283    9.3201    4.9063    3.9538   2177.9432    3.1257    18179914103.2835
  1524.152    9.3338    4.9106    3.9588   2180.2183    3.1260    18388519363.6701
  1541.021    9.3476    4.9150    3.9639   2182.4748    3.1268    18597412509.3183
  1557.890    9.3614    4.9195    3.9690   2184.7130    3.1280    18806625260.6410
  1557.890    4.6373    0.0000    4.0038         nan    3.1280    18806625260.6410
  1570.683    4.6453    0.0000    4.0087         nan    3.1289    18966943621.3878
  1583.476    4.6534    0.0000    4.0137         nan    3.1300    19127504551.7925
  1596.269    4.6615    0.0000    4.0186         nan    3.1314    19288322066.8551
  1609.062    4.6696    0.0000    4.0236         nan    3.1331    19449410670.7746
  1621.855    4.6777    0.0000    4.0285         nan    3.1351    19610785111.2356
  1634.648    4.6854    0.0000    4.0332         nan    3.1375    19772456744.5641
  1647.441    4.6931    0.0000    4.0380         nan    3.1401    19934437785.5553
  1660.235    4.7008    0.0000    4.0427         nan    3.1430    20096744986.0724
  1673.028    4.7085    0.0000    4.0475         nan    3.1463    20259395684.8176
  1673.028    5.0221    0.0000    6.3053         nan    3.1463    20259395684.8176
  1732.216    5.0979    0.0000    6.3506         nan    3.0496    21437836271.3082
  1791.405    5.1694    0.0000    6.3935         nan    2.9515    22588009880.2223
  1850.594    5.2370    0.0000    6.4342         nan    2.8521    23708486631.8310
  1909.783    5.3009    0.0000    6.4728         nan    2.7515    24797916000.7725
  1968.971    5.3613    0.0000    6.5093         nan    2.6497    25855021624.2198
  2028.160    5.4183    0.0000    6.5438         nan    2.5468    26878596886.5707
  2087.349    5.4721    0.0000    6.5765         nan    2.4429    27867501133.6951
  2146.537    5.5229    0.0000    6.6074         nan    2.3381    28820656402.3510
  2205.726    5.5707    0.0000    6.6365         nan    2.2323    29737044570.3191
  2264.915    5.6156    0.0000    6.6639         nan    2.1256    30615704851.9841
  2324.103    5.6578    0.0000    6.6897         nan    2.0182    31455731572.3082
  2383.292    5.6973    0.0000    6.7138         nan    1.9099    32256272162.7864
  2442.481    5.7343    0.0000    6.7364         nan    1.8010    33016525325.8076
  2501.670    5.7687    0.0000    6.7575         nan    1.6914    33735739308.0582
  2560.858    5.8006    0.0000    6.7771         nan    1.5811    34413210217.7382
  2620.047    5.8301    0.0000    6.7953         nan    1.4702    35048280300.0734
  2679.236    5.8573    0.0000    6.8119         nan    1.3588    35640336048.4221
  2738.424    5.8821    0.0000    6.8272         nan    1.2468    36188805956.3533
  2797.613    5.9047    0.0000    6.8411         nan    1.1343    36693157585.0407
  2856.802    5.9250    0.0000    6.8536         nan    1.0213    37152893359.0898
  2915.990    5.9431    0.0000    6.8648         nan    0.9078    37567543966.1598
  2975.179    5.9590    0.0000    6.8746         nan    0.7936    37936657059.6432
  3034.368    5.9728    0.0000    6.8831         nan    0.6786    38259776172.5888
  3093.557    5.9844    0.0000    6.8902         nan    0.5624    38536397465.6866
  3152.745    5.9938    0.0000    6.8961         nan    0.4439    38765870388.2395
  3211.934    6.0012    0.0000    6.9006         nan    0.3199    38947133134.9847
  3271.123    6.0064    0.0000    6.9038         nan    0.1774    39077841732.8904
  3330.311    6.0096    0.0000    6.9058         nan   -0.0904    39150326637.3452
  3389.500    6.0106    0.0000    6.9064         nan    0.0000    39113391949.1370
