# Depth[km]  Vp[km/s]  Vs[km/s] Rho[g/cm3]    T[K]     g[m/s2]         P[Pa]        
     0.000    3.3357    2.0159    1.5232    273.1500    3.7291              0.0000
    10.364    3.3357    2.0159    1.5232    315.8743    3.7387       58868715.5754
    10.364    4.3677    2.6396    1.9944    315.8743    3.7387       58868715.5754
    28.502    4.3677    2.6396    1.9944    390.6499    3.7487      194114586.5374
    28.502    5.6924    3.4402    2.5993    390.6499    3.7487      194114586.5374
    43.549    5.6924    3.4402    2.5993    452.6862    3.7495      340736864.8695
    43.549    7.9979    4.5447    3.5188    452.6862    3.7495      340736864.8695
    53.284    7.9896    4.5345    3.5184    492.8194    3.7426      469166986.8010
    63.019    7.9809    4.5242    3.5179    532.9525    3.7357      597343967.2716
    72.754    7.9717    4.5135    3.5173    573.0856    3.7289      725266488.7783
    82.488    7.9622    4.5029    3.5167    613.2187    3.7221      852932331.5866
    92.223    7.9528    4.4924    3.5160    653.3518    3.7153      980341561.2919
   101.958    7.9434    4.4818    3.5154    693.4850    3.7085     1107495751.1769
   111.692    7.9340    4.4714    3.5147    733.6181    3.7018     1234395025.8517
   121.427    7.9241    4.4608    3.5139    773.7512    3.6951     1361038211.6589
   131.162    7.9140    4.4502    3.5131    813.8843    3.6885     1487423173.5088
   140.897    7.9045    4.4399    3.5124    854.0174    3.6818     1613551836.9948
   150.631    7.8944    4.4294    3.5115    894.1505    3.6752     1739424607.3104
   160.366    7.8843    4.4190    3.5106    934.2837    3.6687     1865039811.5714
   170.101    7.8745    4.4087    3.5097    974.4168    3.6622     1990398762.5362
   179.835    7.8643    4.3983    3.5087   1014.5499    3.6557     2115502301.9360
   189.570    7.8544    4.3881    3.5078   1054.6830    3.6492     2240350415.4577
   199.305    7.8445    4.3779    3.5068   1094.8161    3.6428     2364942884.4482
   209.040    7.8346    4.3677    3.5058   1134.9493    3.6364     2489281841.6083
   218.774    7.8239    4.3571    3.5047   1175.0824    3.6301     2613367036.7389
   228.509    7.8139    4.3470    3.5037   1215.2155    3.6238     2737198029.7051
   238.244    7.8037    4.3367    3.5026   1255.3486    3.6175     2860776299.4715
   247.978    7.7936    4.3264    3.5016   1295.4817    3.6113     2984103442.5587
   257.713    7.7842    4.3165    3.5006   1335.6149    3.6051     3107183212.8632
   267.448    7.7748    4.3068    3.4995   1375.7480    3.5989     3230014640.7990
   277.183    7.7651    4.2967    3.4983   1415.8811    3.5928     3352596202.9753
   286.917    7.7551    4.2866    3.4972   1456.0142    3.5868     3474929516.2415
   296.652    7.7452    4.2765    3.4961   1496.1473    3.5807     3597017019.0397
   306.387    7.7354    4.2664    3.4948   1536.2805    3.5747     3718858753.6369
   316.121    7.7257    4.2565    3.4937   1576.4136    3.5688     3840456697.7211
   325.856    7.7158    4.2465    3.4925   1616.5467    3.5629     3961812541.4579
   335.591    7.7057    4.2363    3.4913   1656.6798    3.5571     4082925183.2975
   345.326    7.6954    4.2261    3.4900   1696.8129    3.5513     4203795967.1867
   355.060    7.6859    4.2162    3.4889   1736.9461    3.5455     4324428641.9335
   364.795    7.6755    4.2059    3.4876   1777.0792    3.5398     4444823928.5341
   374.530    7.6652    4.1956    3.4863   1817.2123    3.5341     4564980875.1685
   384.264    7.6551    4.1854    3.4851   1857.3454    3.5285     4684901988.1028
   393.999    7.6450    4.1752    3.4838   1897.4785    3.5229     4804588709.8732
   403.734    7.6342    4.1647    3.4825   1937.6116    3.5174     4924042318.1901
   413.469    7.6239    4.1544    3.4812   1977.7448    3.5119     5043263662.3278
   423.203    7.6142    4.1444    3.4799   2017.8779    3.5065     5162254866.5999
   432.938    7.6035    4.1338    3.4786   2058.0110    3.5011     5281017757.3045
   456.291    7.6336    4.1434    3.4872   2063.0158    3.4883     5565787158.8190
   479.644    7.6627    4.1525    3.4957   2067.9630    3.4756     5850216224.1697
   502.997    7.6906    4.1612    3.5041   2072.7377    3.4630     6134294690.7853
   526.350    7.7189    4.1702    3.5125   2077.4780    3.4504     6418018735.6395
   549.704    7.7454    4.1785    3.5206   2082.0313    3.4380     6701378700.3565
   573.057    7.7714    4.1866    3.5288   2086.5108    3.4256     6984366558.8458
   596.410    7.7972    4.1946    3.5368   2090.9457    3.4133     7266982083.5838
   619.763    7.8230    4.2026    3.5448   2095.2805    3.4012     7549224424.1465
   643.116    7.8486    4.2107    3.5527   2099.5468    3.3892     7831096655.2231
   666.469    7.8732    4.2184    3.5605   2103.6161    3.3773     8112595968.0660
   689.822    7.8983    4.2262    3.5684   2107.7582    3.3656     8393727279.1652
   713.175    7.9227    4.2339    3.5761   2111.6894    3.3540     8674496114.7711
   736.528    7.9477    4.2418    3.5840   2115.6976    3.3426     8954909316.7885
   759.881    7.9720    4.2494    3.5918   2119.5740    3.3313     9234979252.9882
   783.235    7.9973    4.2577    3.5998   2123.4676    3.3202     9514717957.5254
   806.588    8.0216    4.2656    3.6076   2127.1342    3.3093     9794136130.1517
   829.941    8.0464    4.2737    3.6155   2130.7964    3.2986    10073244815.9914
   853.294    8.0710    4.2817    3.6234   2134.4394    3.2880    10352058607.1054
   876.647    8.0976    4.2908    3.6320   2138.0987    3.2777    10630614470.6817
   900.000    8.1237    4.3000    3.6403   2141.5987    3.2676    10908942961.1357
   917.017    8.1430    4.3066    3.6465   2144.1387    3.2604    11111540810.8398
   934.035    8.1634    4.3141    3.6531   2146.6892    3.2533    11314044518.6502
   951.052    8.1841    4.3217    3.6598   2149.1969    3.2463    11516473442.7192
   968.070    8.2053    4.3297    3.6666   2151.7036    3.2394    11718841739.0312
   985.087    8.2279    4.3385    3.6739   2154.2508    3.2327    11921172150.0973
  1002.105    8.2513    4.3479    3.6817   2156.8501    3.2261    12123495016.6669
  1019.122    8.2699    4.3542    3.6882   2159.5598    3.2196    12325795655.7598
  1036.140    8.2884    4.3604    3.6948   2162.2661    3.2132    12528051106.3847
  1053.157    8.3076    4.3671    3.7017   2165.0213    3.2070    12730275637.3072
  1070.175    8.3257    4.3733    3.7082   2167.7144    3.2010    12932473882.0084
  1087.192    8.3414    4.3783    3.7137   2170.1152    3.1952    13134620909.0888
  1104.209    8.3632    4.3873    3.7218   2171.6932    3.1895    13336769599.0626
  1121.227    8.3861    4.3971    3.7305   2172.9751    3.1839    13539013405.5602
  1138.244    8.4101    4.4077    3.7396   2174.3457    3.1785    13741387296.2967
  1155.262    8.5485    4.4944    3.7773   2188.5176    3.1731    13944683151.1725
  1172.279    8.7225    4.6048    3.8231   2208.3773    3.1673    14149885060.0676
  1189.297    8.8631    4.6936    3.8589   2216.2843    3.1612    14356913096.9595
  1206.314    8.8783    4.6982    3.8645   2218.6299    3.1552    14564658868.0335
  1223.332    8.8925    4.7023    3.8699   2220.7675    3.1493    14772300801.0429
  1240.349    8.9070    4.7067    3.8753   2222.7136    3.1437    14979844882.4270
  1257.366    8.9212    4.7109    3.8807   2224.6841    3.1382    15187305761.1200
  1274.384    8.9346    4.7146    3.8860   2226.6097    3.1331    15394695316.8708
  1291.401    8.9482    4.7185    3.8915   2228.2078    3.1282    15602030865.7587
  1308.419    8.9620    4.7226    3.8969   2230.3582    3.1235    15809331415.7394
  1325.436    8.9749    4.7261    3.9024   2231.8350    3.1191    16016613938.1763
  1342.454    8.9874    4.7293    3.9078   2233.1212    3.1150    16223892481.5238
  1359.471    9.0008    4.7332    3.9135   2234.6480    3.1111    16431190440.5620
  1376.489    9.0138    4.7370    3.9190   2236.1677    3.1076    16638528428.5541
  1393.506    9.0263    4.7403    3.9244   2237.4076    3.1043    16845918086.9347
  1410.524    9.0386    4.7436    3.9300   2238.5420    3.1014    17053383505.2785
  1427.541    9.0507    4.7470    3.9353   2239.5209    3.0988    17260940325.2989
  1444.558    9.0624    4.7500    3.9407   2240.5512    3.0966    17468606045.8696
  1461.576    9.0769    4.7544    3.9477   2241.6709    3.0947    17676448562.9645
  1478.593    9.1159    4.7747    3.9591   2245.9430    3.0931    17884648209.7810
  1495.611    9.1555    4.7958    3.9709   2250.4679    3.0919    18093354685.9734
  1512.628    9.1967    4.8184    3.9833   2254.7478    3.0909    18302614710.9547
  1529.646    9.2371    4.8406    3.9957   2259.0913    3.0903    18512462743.4793
  1546.663    9.2695    4.8580    4.0064   2262.6446    3.0900    18722872083.8476
  1563.681    9.2805    4.8612    4.0109   2264.9664    3.0901    18933659563.6537
  1563.681    5.4140    0.0000    3.9614         nan    3.0901    18933659563.6537
  1581.306    5.4230    0.0000    3.9662         nan    3.0915    19149541965.3037
  1598.931    5.4321    0.0000    3.9711         nan    3.0934    19365783529.7970
  1616.556    5.4411    0.0000    3.9759         nan    3.0959    19582422860.0142
  1634.181    5.4500    0.0000    3.9807         nan    3.0989    19799498085.1416
  1651.806    5.4587    0.0000    3.9853         nan    3.1026    20017046226.2353
  1669.431    5.4673    0.0000    3.9900         nan    3.1070    20235108602.9332
  1687.056    5.4760    0.0000    3.9946         nan    3.1120    20453731662.0734
  1704.681    5.4843    0.0000    3.9991         nan    3.1178    20672959570.9101
  1722.306    5.4926    0.0000    4.0036         nan    3.1243    20892838092.0480
  1722.306    5.2391    0.0000    6.4677         nan    3.1243    20892838092.0480
  1779.796    5.3068    0.0000    6.5089         nan    3.0273    22058217911.8160
  1837.285    5.3710    0.0000    6.5481         nan    2.9291    23194410436.1308
  1894.775    5.4319    0.0000    6.5853         nan    2.8298    24300181245.2120
  1952.264    5.4895    0.0000    6.6206         nan    2.7294    25374361389.2844
  2009.754    5.5441    0.0000    6.6542         nan    2.6280    26415844135.9655
  2067.243    5.5958    0.0000    6.6860         nan    2.5257    27423582248.7465
  2124.732    5.6446    0.0000    6.7161         nan    2.4225    28396585734.2723
  2182.222    5.6908    0.0000    6.7446         nan    2.3185    29333920018.6968
  2239.711    5.7343    0.0000    6.7716         nan    2.2137    30234704529.6078
  2297.201    5.7752    0.0000    6.7969         nan    2.1083    31098111687.5181
  2354.690    5.8138    0.0000    6.8208         nan    2.0021    31923366337.0784
  2412.180    5.8499    0.0000    6.8433         nan    1.8954    32709745681.9986
  2469.669    5.8836    0.0000    6.8643         nan    1.7882    33456579838.5936
  2527.158    5.9151    0.0000    6.8839         nan    1.6805    34163253197.3086
  2584.648    5.9444    0.0000    6.9021         nan    1.5725    34829206898.7203
  2642.137    5.9715    0.0000    6.9190         nan    1.4642    35453942926.3243
  2699.627    5.9964    0.0000    6.9346         nan    1.3559    36037030648.3922
  2757.116    6.0192    0.0000    6.9488         nan    1.2475    36578117226.8069
  2814.606    6.0399    0.0000    6.9618         nan    1.1395    37076944395.6191
  2872.095    6.0586    0.0000    6.9735         nan    1.0321    37533376215.1470
  2929.585    6.0752    0.0000    6.9839         nan    0.9259    37947446719.2614
  2987.074    6.0899    0.0000    6.9931         nan    0.8220    38319445807.3052
  3044.563    6.1025    0.0000    7.0010         nan    0.7221    38650084070.9802
  3102.053    6.1132    0.0000    7.0077         nan    0.6300    38940835560.1436
  3159.542    6.1219    0.0000    7.0131         nan    0.5548    39194729912.3579
  3217.032    6.1287    0.0000    7.0174         nan    0.5227    39418467054.0787
  3274.521    6.1335    0.0000    7.0204         nan    0.6402    39629385006.5608
  3332.011    6.1364    0.0000    7.0222         nan    1.7710    39887816950.3249
  3389.500    6.1374    0.0000    7.0228         nan    0.0000    40602804258.8869
