# Depth[km]  Vp[km/s]  Vs[km/s] Rho[g/cm3]    T[K]     g[m/s2]         P[Pa]        
     0.000    3.9917    2.3869    1.7914    273.1500    3.7291              0.0000
    10.621    3.9917    2.3869    1.7914    316.2186    3.7366       70951828.3023
    10.621    4.5767    2.7367    2.0539    316.2186    3.7366       70951828.3023
    30.108    4.5767    2.7367    2.0539    395.2464    3.7463      220509169.9423
    30.108    5.6815    3.3973    2.5497    395.2464    3.7463      220509169.9423
    47.653    5.6815    3.3973    2.5497    466.3967    3.7480      388095267.0141
    47.653    7.9960    4.5415    3.5189    466.3967    3.7480      388095267.0141
    57.417    7.9878    4.5314    3.5186    505.9962    3.7411      516873860.5201
    67.182    7.9793    4.5212    3.5181    545.5957    3.7342      645400178.0090
    76.947    7.9705    4.5108    3.5176    585.1952    3.7274      773672965.5268
    86.711    7.9611    4.5003    3.5170    624.7948    3.7205      901690174.9131
    96.476    7.9522    4.4900    3.5164    664.3943    3.7138     1029451986.1552
   106.241    7.9431    4.4797    3.5158    703.9938    3.7070     1156959814.3934
   116.005    7.9339    4.4695    3.5152    743.5934    3.7003     1284213509.3773
   125.770    7.9242    4.4591    3.5145    783.1929    3.6936     1411212005.0359
   135.535    7.9147    4.4488    3.5137    822.7924    3.6869     1537953814.5763
   145.299    7.9054    4.4387    3.5131    862.3919    3.6803     1664440854.2050
   155.064    7.8956    4.4284    3.5122    901.9915    3.6737     1790673495.9304
   164.829    7.8859    4.4182    3.5114    941.5910    3.6671     1916649955.2497
   174.593    7.8764    4.4082    3.5106    981.1905    3.6606     2042371545.6055
   184.358    7.8666    4.3979    3.5097   1020.7901    3.6541     2167838881.1984
   194.123    7.8570    4.3879    3.5088   1060.3896    3.6476     2293051821.4418
   203.887    7.8473    4.3779    3.5079   1099.9891    3.6412     2418010729.9966
   213.652    7.8378    4.3679    3.5070   1139.5886    3.6348     2542717800.8691
   223.417    7.8278    4.3577    3.5061   1179.1882    3.6284     2667174050.8956
   233.181    7.8187    4.3479    3.5051   1218.7877    3.6221     2791379617.2540
   242.946    7.8084    4.3377    3.5040   1258.3872    3.6159     2915333361.2117
   252.711    7.7986    4.3276    3.5031   1297.9868    3.6096     3039036592.6159
   262.475    7.7894    4.3179    3.5022   1337.5863    3.6034     3162494084.6562
   272.240    7.7801    4.3080    3.5011   1377.1858    3.5973     3285703908.8089
   282.005    7.7712    4.2985    3.5001   1416.7853    3.5912     3408665739.6883
   291.769    7.7619    4.2888    3.4990   1456.3849    3.5851     3531382693.9663
   301.534    7.7525    4.2791    3.4980   1495.9844    3.5790     3653855004.7222
   311.299    7.7429    4.2690    3.4969   1535.5839    3.5730     3776083438.7549
   321.063    7.7331    4.2591    3.4958   1575.1835    3.5671     3898069732.6505
   330.828    7.7234    4.2493    3.4947   1614.7830    3.5612     4019814060.1316
   340.593    7.7141    4.2395    3.4936   1654.3825    3.5553     4141317975.7462
   350.357    7.7046    4.2297    3.4925   1693.9820    3.5495     4262583988.5896
   360.122    7.6945    4.2196    3.4913   1733.5816    3.5437     4383611449.6230
   369.887    7.6856    4.2099    3.4902   1773.1811    3.5380     4504403489.2814
   379.651    7.6755    4.1999    3.4890   1812.7806    3.5323     4624962124.8697
   389.416    7.6653    4.1897    3.4878   1852.3802    3.5267     4745285627.1055
   399.181    7.6556    4.1797    3.4866   1891.9797    3.5211     4865376036.4972
   408.945    7.6458    4.1698    3.4855   1931.5792    3.5156     4985235802.1786
   418.710    7.6357    4.1596    3.4842   1971.1787    3.5101     5104865396.5892
   428.475    7.6259    4.1495    3.4830   2010.7783    3.5047     5224266234.2878
   438.239    7.6159    4.1394    3.4817   2050.3778    3.4993     5343440101.4269
   461.327    7.6449    4.1485    3.4903   2055.2953    3.4867     5625080232.7422
   484.415    7.6739    4.1576    3.4987   2060.0815    3.4741     5906385478.6836
   507.503    7.7017    4.1664    3.5070   2064.8073    3.4616     6187347330.5480
   530.592    7.7283    4.1747    3.5151   2069.3284    3.4492     6467952937.4152
   553.680    7.7551    4.1831    3.5232   2073.9069    3.4369     6748200329.4566
   576.768    7.7806    4.1911    3.5312   2078.3265    3.4247     7028088277.7203
   599.856    7.8066    4.1993    3.5391   2082.6231    3.4126     7307609426.4478
   622.944    7.8313    4.2069    3.5469   2086.7495    3.4006     7586760191.2433
   646.032    7.8566    4.2149    3.5548   2090.9533    3.3887     7865546543.7233
   669.120    7.8813    4.2226    3.5626   2095.0894    3.3770     8143973527.7966
   692.208    7.9054    4.2301    3.5702   2099.0007    3.3654     8422038852.4447
   715.296    7.9302    4.2379    3.5780   2103.0288    3.3540     8699750603.8401
   738.384    7.9543    4.2456    3.5856   2106.8195    3.3427     8977113930.0841
   761.472    7.9784    4.2532    3.5933   2110.5816    3.3315     9254134306.5118
   784.560    8.0031    4.2611    3.6012   2114.4241    3.3206     9530830525.7690
   807.648    8.0276    4.2692    3.6090   2118.0402    3.3098     9807216457.9420
   830.736    8.0517    4.2769    3.6168   2121.6236    3.2992    10083300577.9943
   853.824    8.0761    4.2850    3.6246   2125.1906    3.2888    10359094439.6343
   876.912    8.1024    4.2941    3.6330   2128.7761    3.2786    10634634062.2573
   900.000    8.1283    4.3031    3.6413   2132.2238    3.2686    10909952568.3143
   916.868    8.1475    4.3098    3.6475   2134.7528    3.2614    11110885485.0792
   933.736    8.1674    4.3170    3.6539   2137.2439    3.2544    11311724379.9284
   950.604    8.1878    4.3245    3.6606   2139.7265    3.2475    11512487631.3447
   967.472    8.2089    4.3325    3.6674   2142.1936    3.2407    11713192246.2406
   984.340    8.2314    4.3413    3.6746   2144.6961    3.2340    11913859826.1946
  1001.208    8.2550    4.3508    3.6824   2147.2524    3.2274    12114522660.1396
  1018.075    8.2736    4.3571    3.6889   2149.8914    3.2210    12315166470.7393
  1034.943    8.2904    4.3625    3.6949   2152.4364    3.2147    12515749802.2627
  1051.811    8.3107    4.3698    3.7021   2155.3053    3.2085    12716301135.4890
  1068.679    8.3287    4.3760    3.7086   2157.9473    3.2025    12916840007.3920
  1085.547    8.3443    4.3809    3.7142   2160.3229    3.1967    13117329379.4746
  1102.415    8.3638    4.3885    3.7213   2162.1447    3.1911    13317797778.8766
  1119.283    8.3868    4.3985    3.7300   2163.3482    3.1855    13518337487.3372
  1136.151    8.4105    4.4089    3.7389   2164.7263    3.1802    13719004049.8973
  1153.019    8.5574    4.5014    3.7787   2179.5272    3.1748    13920638943.5761
  1169.887    8.7289    4.6103    3.8237   2199.0570    3.1690    14124199604.7594
  1186.755    8.8673    4.6975    3.8591   2207.1845    3.1630    14329539765.5357
  1203.623    8.8818    4.7018    3.8645   2209.4983    3.1569    14535577439.9963
  1220.491    8.8961    4.7059    3.8700   2211.5919    3.1511    14741512215.3900
  1237.358    8.9103    4.7102    3.8751   2213.7360    3.1454    14947347612.9725
  1254.226    8.9240    4.7142    3.8804   2215.5538    3.1400    15153090922.5561
  1271.094    8.9375    4.7179    3.8858   2217.4169    3.1349    15358763665.4532
  1287.962    8.9508    4.7218    3.8911   2219.2206    3.1299    15564380126.2098
  1304.830    8.9648    4.7261    3.8966   2220.8761    3.1253    15769958055.5981
  1321.698    8.9775    4.7294    3.9019   2222.5431    3.1208    15975514402.8425
  1338.566    8.9903    4.7330    3.9072   2224.0768    3.1167    16181058451.7624
  1355.434    9.0032    4.7366    3.9128   2225.5981    3.1128    16386613415.2307
  1372.302    9.0159    4.7401    3.9182   2227.0016    3.1092    16592202586.5997
  1389.170    9.0281    4.7434    3.9236   2228.3263    3.1060    16797838620.3333
  1406.038    9.0408    4.7469    3.9293   2229.5163    3.1030    17003548286.8630
  1422.906    9.0524    4.7501    3.9343   2230.3724    3.1003    17209341316.7199
  1439.774    9.0642    4.7533    3.9396   2231.2534    3.0980    17415227605.5822
  1456.641    9.0770    4.7566    3.9460   2232.7082    3.0961    17621268686.3356
  1473.509    9.1157    4.7769    3.9571   2236.9164    3.0944    17827637932.8784
  1490.377    9.1573    4.7994    3.9692   2241.1967    3.0931    18034503016.9214
  1507.245    9.1956    4.8200    3.9810   2245.7127    3.0920    18241900984.9475
  1524.113    9.2358    4.8420    3.9936   2249.9847    3.0913    18449863228.3434
  1540.981    9.2737    4.8630    4.0056   2254.1429    3.0908    18658416232.9740
  1557.849    9.2871    4.8680    4.0104   2256.3102    3.0908    18867378986.8338
  1557.849    5.2800    0.0000    4.0390         nan    3.0908    18867378986.8338
  1576.096    5.2926    0.0000    4.0445         nan    3.0908    19095327000.3605
  1594.344    5.3052    0.0000    4.0499         nan    3.0914    19323587339.3879
  1612.591    5.3178    0.0000    4.0554         nan    3.0926    19552200543.7656
  1630.838    5.3301    0.0000    4.0608         nan    3.0943    19781205483.6612
  1649.086    5.3422    0.0000    4.0661         nan    3.0967    20010640051.7323
  1667.333    5.3542    0.0000    4.0713         nan    3.0998    20240548089.2617
  1685.580    5.3662    0.0000    4.0765         nan    3.1035    20470978406.2650
  1703.828    5.3777    0.0000    4.0816         nan    3.1079    20701976159.4464
  1722.075    5.3892    0.0000    4.0866         nan    3.1131    20933589680.2025
  1722.075    5.3077    0.0000    6.4526         nan    3.1131    20933589680.2025
  1779.572    5.3821    0.0000    6.4925         nan    3.0161    22092158078.4296
  1837.070    5.4525    0.0000    6.5303         nan    2.9178    23221337514.9122
  1894.567    5.5191    0.0000    6.5662         nan    2.8185    24319920105.8706
  1952.065    5.5821    0.0000    6.6001         nan    2.7182    25386766430.7325
  2009.562    5.6416    0.0000    6.6323         nan    2.6169    26420801440.5823
  2067.060    5.6979    0.0000    6.6628         nan    2.5146    27421011029.6890
  2124.557    5.7510    0.0000    6.6916         nan    2.4116    28386439174.1078
  2182.054    5.8011    0.0000    6.7188         nan    2.3077    29316185569.4858
  2239.552    5.8483    0.0000    6.7445         nan    2.2031    30209403730.5953
  2297.049    5.8928    0.0000    6.7687         nan    2.0979    31065299530.7450
  2354.547    5.9345    0.0000    6.7915         nan    1.9920    31883130195.3410
  2412.044    5.9735    0.0000    6.8128         nan    1.8855    32662203792.2002
  2469.541    6.0100    0.0000    6.8328         nan    1.7786    33401879304.8890
  2527.039    6.0441    0.0000    6.8514         nan    1.6712    34101567445.2208
  2584.536    6.0757    0.0000    6.8687         nan    1.5634    34760732460.5448
  2642.034    6.1049    0.0000    6.8847         nan    1.4554    35378895357.9053
  2699.531    6.1318    0.0000    6.8994         nan    1.3473    35955639253.6778
  2757.028    6.1563    0.0000    6.9129         nan    1.2391    36490618056.5752
  2814.526    6.1787    0.0000    6.9252         nan    1.1312    36983570619.8739
  2872.023    6.1988    0.0000    6.9362         nan    1.0238    37434344297.7314
  2929.521    6.2167    0.0000    6.9460         nan    0.9174    37842935525.5594
  2987.018    6.2324    0.0000    6.9547         nan    0.8129    38209563109.0181
  3044.516    6.2460    0.0000    6.9622         nan    0.7119    38534809000.8666
  3102.013    6.2575    0.0000    6.9685         nan    0.6176    38819911189.8772
  3159.510    6.2669    0.0000    6.9737         nan    0.5377    39067440706.4215
  3217.008    6.2742    0.0000    6.9777         nan    0.4950    39283109135.9847
  3274.505    6.2794    0.0000    6.9805         nan    0.5808    39481724436.0477
  3332.003    6.2825    0.0000    6.9822         nan    1.5375    39714848772.1276
  3389.500    6.2835    0.0000    6.9828         nan    0.0000    40332113401.7890
