# Depth[km]  Vp[km/s]  Vs[km/s] Rho[g/cm3]    T[K]     g[m/s2]         P[Pa]        
     0.000    3.7828    2.2453    1.7193    273.1500    3.7291              0.0000
    11.666    3.7828    2.2453    1.7193    316.4302    3.7380       74795346.9883
    11.666    4.6740    2.7743    2.1244    316.4302    3.7380       74795346.9883
    27.223    4.6740    2.7743    2.1244    374.1531    3.7448      198334258.1711
    27.223    6.2783    3.7265    2.8535    374.1531    3.7448      198334258.1711
    44.133    6.2783    3.7265    2.8535    436.8925    3.7421      379027044.0542
    44.133    7.9540    4.5341    3.4846    436.8925    3.7421      379027044.0542
    53.875    7.9492    4.5267    3.4848    473.0387    3.7354      506065543.9217
    63.617    7.9440    4.5191    3.4850    509.1849    3.7288      632883838.4932
    73.359    7.9385    4.5112    3.4850    545.3312    3.7222      759480267.8428
    83.101    7.9327    4.5032    3.4850    581.4774    3.7156      885853129.9878
    92.843    7.9267    4.4952    3.4850    617.6236    3.7090     1012001649.9968
   102.585    7.9201    4.4869    3.4848    653.7698    3.7025     1137923503.1066
   112.327    7.9139    4.4787    3.4847    689.9160    3.6960     1263618105.8794
   122.069    7.9076    4.4706    3.4846    726.0622    3.6895     1389087838.0872
   131.811    7.9014    4.4625    3.4844    762.2085    3.6830     1514332444.4844
   141.553    7.8945    4.4541    3.4841    798.3547    3.6766     1639349446.4233
   151.295    7.8880    4.4458    3.4839    834.5009    3.6702     1764138944.5390
   161.037    7.8812    4.4376    3.4836    870.6471    3.6638     1888701201.6407
   170.779    7.8746    4.4293    3.4833    906.7933    3.6575     2013035656.0989
   180.521    7.8678    4.4211    3.4829    942.9396    3.6512     2137142472.2360
   190.263    7.8609    4.4127    3.4824    979.0858    3.6449     2261020754.9291
   200.005    7.8546    4.4047    3.4821   1015.2320    3.6387     2384672801.0332
   209.747    7.8479    4.3965    3.4817   1051.3782    3.6325     2508099432.0923
   219.489    7.8407    4.3881    3.4811   1087.5244    3.6263     2631296781.1501
   229.231    7.8337    4.3797    3.4806   1123.6706    3.6202     2754265840.3744
   238.973    7.8266    4.3713    3.4801   1159.8169    3.6141     2877009736.3365
   248.715    7.8207    4.3634    3.4797   1195.9631    3.6080     2999530958.2000
   258.458    7.8143    4.3554    3.4792   1232.1093    3.6020     3121830704.0585
   268.200    7.8073    4.3471    3.4785   1268.2555    3.5960     3243905827.5565
   277.942    7.8005    4.3389    3.4780   1304.4017    3.5900     3365757607.0358
   287.684    7.7942    4.3309    3.4775   1340.5479    3.5841     3487389067.6756
   297.426    7.7879    4.3229    3.4769   1376.6942    3.5782     3608800924.1813
   307.168    7.7799    4.3142    3.4762   1412.8404    3.5724     3729990431.6655
   316.910    7.7738    4.3062    3.4756   1448.9866    3.5666     3850958285.2694
   326.652    7.7675    4.2984    3.4750   1485.1328    3.5608     3971709653.3944
   336.394    7.7610    4.2903    3.4744   1521.2790    3.5551     4092245931.7708
   346.136    7.7535    4.2818    3.4737   1557.4252    3.5494     4212565349.2837
   355.878    7.7470    4.2737    3.4731   1593.5715    3.5438     4332668944.5146
   365.620    7.7404    4.2656    3.4724   1629.7177    3.5382     4452559704.6200
   375.362    7.7331    4.2572    3.4716   1665.8639    3.5326     4572235743.0784
   385.104    7.7265    4.2491    3.4710   1702.0101    3.5271     4691699443.1236
   394.846    7.7202    4.2411    3.4703   1738.1563    3.5216     4810955423.1116
   404.588    7.7126    4.2325    3.4695   1774.3026    3.5162     4930001425.5165
   414.330    7.7061    4.2244    3.4688   1810.4488    3.5108     5048838231.8768
   424.072    7.6985    4.2158    3.4680   1846.5950    3.5055     5167467241.0515
   433.814    7.6918    4.2075    3.4673   1882.7412    3.5002     5285890030.1596
   457.124    7.7200    4.2161    3.4755   1887.1039    3.4877     5569114804.3281
   480.433    7.7468    4.2240    3.4836   1891.4454    3.4752     5851988676.1502
   503.742    7.7733    4.2320    3.4915   1895.4925    3.4629     6134498605.8851
   527.051    7.7994    4.2398    3.4994   1899.6818    3.4506     6416641270.2100
   550.361    7.8253    4.2474    3.5073   1903.7742    3.4384     6698420809.2802
   573.670    7.8501    4.2548    3.5149   1907.6069    3.4264     6979826139.2465
   596.979    7.8742    4.2617    3.5226   1911.6621    3.4145     7260855079.5861
   620.289    7.8991    4.2691    3.5302   1915.6003    3.4027     7541517638.1461
   643.598    7.9228    4.2759    3.5377   1919.3546    3.3910     7821811791.2570
   666.907    7.9464    4.2827    3.5452   1923.0839    3.3795     8101735995.3430
   690.216    7.9700    4.2896    3.5525   1926.6655    3.3681     8381292777.7189
   713.526    7.9939    4.2966    3.5601   1930.4193    3.3569     8660493192.5820
   736.835    8.0171    4.3033    3.5674   1933.9841    3.3459     8939346272.1089
   760.144    8.0397    4.3099    3.5745   1937.4776    3.3351     9217847211.8048
   783.454    8.0632    4.3168    3.5820   1940.8661    3.3244     9496011497.5885
   806.763    8.0862    4.3235    3.5893   1944.2798    3.3139     9773858201.0968
   830.072    8.1094    4.3306    3.5966   1947.5737    3.3037    10051395657.7225
   853.381    8.1324    4.3373    3.6039   1950.8871    3.2937    10328639803.6849
   876.691    8.1556    4.3444    3.6113   1954.1032    3.2839    10605607061.5595
   900.000    8.1784    4.3512    3.6186   1957.3495    3.2743    10882311279.4838
   916.758    8.1960    4.3568    3.6242   1959.6104    3.2676    11081016404.3960
   933.515    8.2145    4.3631    3.6299   1962.0477    3.2610    11279625226.9037
   950.273    8.2320    4.3686    3.6356   1964.3187    3.2546    11478146546.6166
   967.031    8.2505    4.3749    3.6415   1966.5612    3.2483    11676589819.4566
   983.788    8.2681    4.3807    3.6472   1968.7871    3.2421    11874962413.4446
  1000.546    8.2872    4.3875    3.6533   1970.9866    3.2361    12073279011.5123
  1017.304    8.3094    4.3960    3.6605   1973.3550    3.2302    12271587586.0069
  1034.061    8.3268    4.4017    3.6662   1975.5091    3.2245    12469884062.7755
  1050.819    8.3426    4.4064    3.6715   1977.6124    3.2189    12668126973.4814
  1067.577    8.3579    4.4109    3.6766   1979.6801    3.2135    12866309691.9815
  1084.334    8.4098    4.4404    3.6913   1985.3610    3.2083    13064695554.4847
  1101.092    8.5308    4.5169    3.7241   1999.4352    3.2029    13264032686.5224
  1117.849    8.6831    4.6145    3.7640   2013.2248    3.1973    13464988904.4238
  1134.607    8.8229    4.7045    3.7996   2023.1920    3.1915    13667617499.1174
  1151.365    8.8380    4.7084    3.8050   2025.4059    3.1856    13870971372.9701
  1168.122    8.8528    4.7121    3.8104   2027.5834    3.1799    14074240691.7328
  1184.880    8.8668    4.7161    3.8152   2029.8493    3.1745    14277420219.2948
  1201.638    8.8834    4.7205    3.8214   2032.0717    3.1692    14480542369.3866
  1218.395    8.8988    4.7248    3.8269   2034.3836    3.1642    14683638527.0308
  1235.153    8.9143    4.7290    3.8326   2036.6854    3.1593    14886706803.6082
  1251.911    8.9296    4.7333    3.8381   2038.9673    3.1547    15089759494.2024
  1268.668    8.9449    4.7376    3.8436   2041.2929    3.1504    15292809280.5143
  1285.426    8.9603    4.7420    3.8493   2043.5849    3.1463    15495874921.1723
  1302.184    8.9753    4.7462    3.8548   2045.9236    3.1424    15698970424.3368
  1318.941    8.9904    4.7506    3.8604   2048.2177    3.1388    15902109648.1717
  1335.699    9.0147    4.7606    3.8676   2051.8762    3.1355    16105352023.4044
  1352.457    9.0534    4.7799    3.8774   2057.1338    3.1324    16308825619.2712
  1369.214    9.0930    4.8000    3.8876   2062.5746    3.1296    16512624758.9913
  1385.972    9.1302    4.8188    3.8974   2068.0839    3.1270    16716764553.5592
  1402.730    9.1702    4.8395    3.9081   2073.5746    3.1246    16921271885.4437
  1419.487    9.2092    4.8600    3.9185   2079.2284    3.1225    17126177990.1988
  1436.245    9.2479    4.8805    3.9292   2084.8201    3.1207    17331500614.4022
  1453.002    9.2862    4.9011    3.9398   2091.1848    3.1192    17537259560.6203
  1469.760    9.3206    4.9192    3.9497   2095.7522    3.1180    17743452119.0255
  1486.518    9.3347    4.9235    3.9550   2098.0223    3.1171    17949961093.4433
  1503.275    9.3484    4.9277    3.9601   2100.1680    3.1166    18156683011.4943
  1520.033    9.3625    4.9323    3.9653   2102.3377    3.1165    18363641175.6899
  1536.791    9.3761    4.9367    3.9704   2104.4907    3.1169    18570863357.4668
  1553.548    9.3893    4.9410    3.9752   2106.5783    3.1177    18778367822.9080
  1553.548    4.7917    0.0000    3.9374         nan    3.1177    18778367822.9080
  1567.244    4.8031    0.0000    3.9422         nan    3.1191    18946595153.8885
  1580.940    4.8145    0.0000    3.9470         nan    3.1209    19115104550.5971
  1594.636    4.8259    0.0000    3.9518         nan    3.1230    19283913597.0215
  1608.332    4.8373    0.0000    3.9565         nan    3.1254    19453040519.4673
  1622.028    4.8484    0.0000    3.9612         nan    3.1282    19622502385.8881
  1635.723    4.8592    0.0000    3.9658         nan    3.1314    19792313966.8243
  1649.419    4.8701    0.0000    3.9703         nan    3.1349    19962492639.8871
  1663.115    4.8809    0.0000    3.9749         nan    3.1389    20133059586.2526
  1676.811    4.8917    0.0000    3.9795         nan    3.1432    20304036766.9595
  1676.811    5.0392    0.0000    6.3159         nan    3.1432    20304036766.9595
  1735.869    5.1241    0.0000    6.3608         nan    3.0465    21480646339.8317
  1794.927    5.2040    0.0000    6.4031         nan    2.9483    22628871042.6723
  1853.986    5.2793    0.0000    6.4431         nan    2.8489    23747278978.5828
  1913.044    5.3503    0.0000    6.4809         nan    2.7483    24834526321.2662
  1972.102    5.4172    0.0000    6.5166         nan    2.6466    25889350577.1573
  2031.160    5.4802    0.0000    6.5503         nan    2.5439    26910564982.7289
  2090.219    5.5396    0.0000    6.5821         nan    2.4402    27897053827.7898
  2149.277    5.5955    0.0000    6.6121         nan    2.3355    28847768550.3904
  2208.335    5.6480    0.0000    6.6403         nan    2.2300    29761724482.7010
  2267.393    5.6974    0.0000    6.6669         nan    2.1237    30637998171.5208
  2326.452    5.7436    0.0000    6.6918         nan    2.0166    31475725226.3138
  2385.510    5.7869    0.0000    6.7151         nan    1.9089    32274098680.3056
  2444.568    5.8273    0.0000    6.7369         nan    1.8006    33032367880.3744
  2503.626    5.8649    0.0000    6.7572         nan    1.6917    33749837974.8057
  2562.685    5.8997    0.0000    6.7761         nan    1.5823    34425870131.1014
  2621.743    5.9319    0.0000    6.7935         nan    1.4725    35059882721.4863
  2680.801    5.9615    0.0000    6.8096         nan    1.3623    35651353891.0177
  2739.859    5.9886    0.0000    6.8242         nan    1.2520    36199826227.5888
  2798.918    6.0132    0.0000    6.8375         nan    1.1416    36704914817.2645
  2857.976    6.0353    0.0000    6.8495         nan    1.0314    37166321059.4461
  2917.034    6.0549    0.0000    6.8602         nan    0.9216    37583856850.9366
  2976.092    6.0722    0.0000    6.8696         nan    0.8128    37957488632.0842
  3035.151    6.0872    0.0000    6.8777         nan    0.7059    38287422355.1454
  3094.209    6.0998    0.0000    6.8846         nan    0.6029    38574280625.4004
  3153.267    6.1100    0.0000    6.8902         nan    0.5085    38819512529.7336
  3212.325    6.1180    0.0000    6.8945         nan    0.4361    39026488216.7940
  3271.384    6.1237    0.0000    6.8976         nan    0.4404    39204106011.7412
  3330.442    6.1271    0.0000    6.8994         nan    0.9644    39383543793.0239
  3389.500    6.1283    0.0000    6.9001         nan    0.0000    39776528883.0101
