# Depth[km]  Vp[km/s]  Vs[km/s] Rho[g/cm3]    T[K]     g[m/s2]         P[Pa]        
     0.000    3.5732    2.1226    1.6795    273.1500    3.7291              0.0000
    10.647    3.5732    2.1226    1.6795    312.9443    3.7376       66683791.6521
    10.647    4.9353    2.9317    2.3196    312.9443    3.7376       66683791.6521
    26.879    4.9353    2.9317    2.3196    373.6148    3.7420      207408526.3576
    26.879    6.4761    3.8470    3.0439    373.6148    3.7420      207408526.3576
    45.152    6.4761    3.8470    3.0439    441.9141    3.7361      415536349.5399
    45.152    7.8417    4.4845    3.4772    441.9141    3.7361      415536349.5399
    55.049    7.8377    4.4778    3.4776    478.9070    3.7294      544118463.0002
    64.946    7.8331    4.4708    3.4780    515.8999    3.7227      672481996.2442
    74.843    7.8280    4.4635    3.4781    552.8928    3.7160      800623921.0777
    84.740    7.8230    4.4563    3.4784    589.8857    3.7093      928542964.8418
    94.637    7.8178    4.4489    3.4785    626.8786    3.7026     1056239169.9532
   104.534    7.8113    4.4409    3.4784    663.8715    3.6960     1183707925.3397
   114.431    7.8056    4.4333    3.4785    700.8643    3.6894     1310947956.1678
   124.328    7.7998    4.4255    3.4785    737.8572    3.6829     1437962074.7333
   134.224    7.7941    4.4178    3.4785    774.8501    3.6763     1564750398.1116
   144.121    7.7872    4.4097    3.4782    811.8430    3.6698     1691308262.8631
   154.018    7.7813    4.4019    3.4781    848.8359    3.6634     1817635633.0228
   163.915    7.7744    4.3937    3.4778    885.8288    3.6569     1943733014.2516
   173.812    7.7686    4.3859    3.4776    922.8217    3.6505     2069600025.3834
   183.709    7.7616    4.3777    3.4772    959.8146    3.6441     2195236536.6541
   193.606    7.7551    4.3697    3.4769    996.8075    3.6378     2320639711.5848
   203.503    7.7493    4.3619    3.4766   1033.8003    3.6315     2445813400.9490
   213.400    7.7421    4.3536    3.4760   1070.7932    3.6252     2570754954.2606
   223.297    7.7355    4.3455    3.4756   1107.7861    3.6190     2695461999.1876
   233.194    7.7285    4.3371    3.4751   1144.7790    3.6127     2819937824.1113
   243.091    7.7217    4.3289    3.4747   1181.7719    3.6066     2944183608.1476
   252.988    7.7149    4.3208    3.4742   1218.7648    3.6004     3068200587.8480
   262.885    7.7083    4.3127    3.4737   1255.7577    3.5943     3191989379.2017
   272.782    7.7013    4.3045    3.4732   1292.7506    3.5883     3315550934.8264
   282.679    7.6948    4.2965    3.4727   1329.7435    3.5823     3438886338.7027
   292.576    7.6860    4.2874    3.4721   1366.7363    3.5763     3561995112.2841
   302.473    7.6784    4.2789    3.4717   1403.7292    3.5703     3684879716.7038
   312.370    7.6696    4.2699    3.4710   1440.7221    3.5644     3807541040.8607
   322.267    7.6617    4.2612    3.4705   1477.7150    3.5586     3929980071.8939
   332.164    7.6538    4.2525    3.4701   1514.7079    3.5527     4052200795.3238
   342.061    7.6451    4.2436    3.4694   1551.7008    3.5470     4174201727.2607
   351.958    7.6366    4.2346    3.4689   1588.6937    3.5412     4295983013.6860
   361.855    7.6279    4.2255    3.4682   1625.6866    3.5355     4417546404.8648
   371.752    7.6186    4.2163    3.4676   1662.6795    3.5299     4538891699.9225
   381.649    7.6104    4.2075    3.4670   1699.6724    3.5243     4660021865.4217
   391.546    7.6020    4.1985    3.4665   1736.6652    3.5187     4780940273.3746
   401.443    7.5859    4.1866    3.4646   1773.6581    3.5132     4901625842.8246
   411.340    7.5836    4.1800    3.4650   1810.6510    3.5077     5022097061.4273
   421.237    7.5750    4.1710    3.4644   1847.6439    3.5023     5142377389.8792
   431.134    7.5621    4.1603    3.4631   1884.6368    3.4969     5262439151.3306
   441.031    7.5540    4.1514    3.4626   1921.6297    3.4916     5382285229.7591
   463.979    7.5824    4.1587    3.4706   1925.7657    3.4793     5660052915.1496
   486.928    7.6104    4.1660    3.4785   1929.8218    3.4672     5937481563.0053
   509.876    7.6504    4.1781    3.4882   1935.0259    3.4551     6214638427.0237
   532.825    7.6805    4.1863    3.4964   1939.3392    3.4430     6491535727.2967
   555.773    7.7084    4.1937    3.5042   1943.3860    3.4311     6768104084.3288
   578.722    7.7365    4.2014    3.5120   1947.2997    3.4193     7044329597.2673
   601.670    7.7638    4.2087    3.5197   1951.2281    3.4076     7320211190.1583
   624.618    7.7911    4.2162    3.5273   1955.0590    3.3960     7595748042.8072
   647.567    7.8182    4.2235    3.5350   1958.8867    3.3845     7870941874.3875
   670.515    7.8444    4.2305    3.5424   1962.6387    3.3732     8145793896.0972
   693.464    7.8700    4.2372    3.5498   1966.2816    3.3621     8420302991.1793
   716.412    7.8958    4.2444    3.5571   1969.7698    3.3511     8694468594.8319
   739.361    7.9201    4.2506    3.5642   1973.2010    3.3402     8968289588.3997
   762.309    7.9453    4.2575    3.5714   1976.6330    3.3296     9241774468.3515
   785.258    7.9700    4.2641    3.5785   1980.0426    3.3191     9514933069.3996
   808.206    7.9947    4.2708    3.5857   1983.3939    3.3088     9787773286.8511
   831.155    8.0185    4.2772    3.5926   1986.5965    3.2987    10060301447.3268
   854.103    8.0427    4.2836    3.5997   1989.8952    3.2889    10332530295.0457
   877.052    8.0665    4.2901    3.6066   1993.0311    3.2792    10604473755.3162
   900.000    8.0911    4.2971    3.6137   1996.2723    3.2698    10876148147.4558
   916.738    8.1090    4.3021    3.6189   1998.5885    3.2631    11074069005.9529
   933.476    8.1262    4.3068    3.6240   2000.8185    3.2566    11271865515.9898
   950.214    8.1437    4.3117    3.6291   2003.0147    3.2502    11469543073.1958
   966.952    8.1608    4.3166    3.6341   2005.1615    3.2439    11667107220.4103
   983.690    8.1798    4.3224    3.6397   2007.4637    3.2378    11864578446.5896
  1000.428    8.1977    4.3277    3.6451   2009.6577    3.2318    12061973588.2623
  1017.166    8.2149    4.3326    3.6501   2011.7585    3.2260    12259287020.6737
  1033.904    8.2313    4.3370    3.6551   2013.7954    3.2204    12456516095.0472
  1050.642    8.2471    4.3413    3.6597   2015.8460    3.2149    12653659129.3339
  1067.380    8.2768    4.3548    3.6681   2019.4444    3.2096    12850820000.9313
  1084.118    8.3838    4.4215    3.6967   2028.9817    3.2043    13048647997.2644
  1100.856    8.4997    4.4942    3.7274   2041.5982    3.1989    13247737886.1541
  1117.594    8.6017    4.5573    3.7541   2051.1282    3.1933    13448026235.4476
  1134.332    8.6164    4.5607    3.7586   2054.5844    3.1877    13648800694.0872
  1151.070    8.6327    4.5651    3.7636   2057.0784    3.1824    13849481662.3602
  1167.808    8.6482    4.5690    3.7684   2059.2728    3.1773    14050086255.1771
  1184.546    8.6649    4.5748    3.7730   2064.7333    3.1723    14250617061.5590
  1201.284    8.7040    4.6040    3.7786   2071.0097    3.1676    14451108687.0701
  1218.022    8.7524    4.6429    3.7848   2075.8253    3.1632    14651614310.4625
  1234.760    8.7875    4.6683    3.7905   2078.2058    3.1589    14852149965.5312
  1251.498    8.8021    4.6725    3.7951   2080.5754    3.1549    15052689933.1833
  1268.236    8.8172    4.6766    3.8002   2082.8843    3.1512    15253232590.5567
  1284.974    8.8534    4.6935    3.8089   2087.8084    3.1476    15453898698.8013
  1301.712    8.8911    4.7111    3.8181   2092.8923    3.1443    15654812179.5081
  1318.450    8.9288    4.7290    3.8275   2098.0701    3.1413    15856007243.4607
  1335.188    8.9680    4.7478    3.8375   2103.3688    3.1384    16057515931.9940
  1351.926    9.0070    4.7663    3.8480   2108.5244    3.1358    16259379021.1991
  1368.664    9.0474    4.7851    3.8596   2114.2018    3.1334    16461653161.7163
  1385.402    9.0718    4.7957    3.8666   2117.4955    3.1313    16664261616.3012
  1402.139    9.0893    4.7988    3.8742   2119.4331    3.1295    16867115562.0055
  1418.877    9.1054    4.8020    3.8808   2121.4251    3.1280    17070223298.3935
  1435.615    9.1225    4.8055    3.8882   2123.4541    3.1268    17273599113.0401
  1452.353    9.1395    4.8088    3.8957   2125.3954    3.1259    17477288069.8681
  1469.091    9.1575    4.8118    3.9043   2127.5525    3.1254    17681343881.6466
  1485.829    9.2356    4.8524    3.9372   2141.1581    3.1251    17886452880.6171
  1502.567    9.2629    4.8660    3.9465   2146.5554    3.1250    18092645441.4165
  1519.305    9.2903    4.8801    3.9557   2152.0464    3.1252    18299312037.6623
  1536.043    9.3153    4.8924    3.9642   2157.4638    3.1258    18506453984.2833
  1552.781    9.3393    4.9043    3.9723   2162.4257    3.1268    18714070871.1306
  1552.781    5.2729    0.0000    4.0077         nan    3.1268    18714070871.1306
  1569.718    5.2857    0.0000    4.0128         nan    3.1278    18926448526.9157
  1586.655    5.2985    0.0000    4.0178         nan    3.1293    19139159532.2135
  1603.592    5.3114    0.0000    4.0228         nan    3.1312    19352237625.3116
  1620.529    5.3241    0.0000    4.0278         nan    3.1338    19565716473.2322
  1637.467    5.3363    0.0000    4.0326         nan    3.1368    19779626877.5621
  1654.404    5.3485    0.0000    4.0374         nan    3.1405    19994002958.9484
  1671.341    5.3607    0.0000    4.0423         nan    3.1448    20208885110.6992
  1688.278    5.3727    0.0000    4.0470         nan    3.1497    20424312485.6647
  1705.215    5.3843    0.0000    4.0516         nan    3.1552    20640323373.7182
  1705.215    5.2280    0.0000    6.4625         nan    3.1552    20640323373.7182
  1763.293    5.3000    0.0000    6.5047         nan    3.0574    21828455213.3649
  1821.372    5.3682    0.0000    6.5447         nan    2.9583    22987042625.7864
  1879.451    5.4327    0.0000    6.5827         nan    2.8580    24114785786.2687
  1937.530    5.4938    0.0000    6.6188         nan    2.7567    25210455837.4738
  1995.609    5.5516    0.0000    6.6529         nan    2.6543    26272890866.2083
  2053.687    5.6062    0.0000    6.6853         nan    2.5509    27300992511.0584
  2111.766    5.6578    0.0000    6.7159         nan    2.4467    28293723103.2595
  2169.845    5.7065    0.0000    6.7449         nan    2.3415    29250103282.0232
  2227.924    5.7524    0.0000    6.7722         nan    2.2356    30169210035.4196
  2286.003    5.7956    0.0000    6.7979         nan    2.1289    31050175141.9039
  2344.082    5.8362    0.0000    6.8222         nan    2.0215    31892184014.0474
  2402.160    5.8742    0.0000    6.8449         nan    1.9135    32694474968.3597
  2460.239    5.9098    0.0000    6.8662         nan    1.8049    33456338983.3169
  2518.318    5.9429    0.0000    6.8860         nan    1.6958    34177120059.2737
  2576.397    5.9737    0.0000    6.9045         nan    1.5862    34856216370.7863
  2634.476    6.0022    0.0000    6.9215         nan    1.4763    35493082533.8168
  2692.554    6.0284    0.0000    6.9373         nan    1.3662    36087233527.5057
  2750.633    6.0523    0.0000    6.9517         nan    1.2559    36638251194.2765
  2808.712    6.0741    0.0000    6.9648         nan    1.1457    37145794955.3589
  2866.791    6.0937    0.0000    6.9766         nan    1.0357    37609619758.4622
  2924.870    6.1112    0.0000    6.9871         nan    0.9265    38029607102.7940
  2982.948    6.1266    0.0000    6.9963         nan    0.8185    38405821174.1919
  3041.027    6.1398    0.0000    7.0043         nan    0.7131    38738616773.7455
  3099.106    6.1510    0.0000    7.0111         nan    0.6127    39028863967.7569
  3157.185    6.1602    0.0000    7.0166         nan    0.5232    39278467465.6904
  3215.264    6.1673    0.0000    7.0209         nan    0.4617    39491753399.9459
  3273.342    6.1723    0.0000    7.0239         nan    0.4971    39680038932.7862
  3331.421    6.1754    0.0000    7.0258         nan    1.1900    39882852896.0249
  3389.500    6.1764    0.0000    7.0264         nan    0.0000    40368431222.7702
