# Depth[km]  Vp[km/s]  Vs[km/s] Rho[g/cm3]    T[K]     g[m/s2]         P[Pa]        
     0.000    3.5316    2.1321    1.6162    273.1500    3.7291              0.0000
    10.974    3.5316    2.1321    1.6162    317.1950    3.7384       66138278.4791
    10.974    4.9473    2.9868    2.2641    317.1950    3.7384       66138278.4791
    30.573    4.9473    2.9868    2.2641    395.8683    3.7447      232030220.2066
    30.573    5.8262    3.5174    2.6663    395.8683    3.7447      232030220.2066
    45.991    5.8262    3.5174    2.6663    457.7556    3.7447      385969924.5063
    45.991    7.9575    4.5340    3.5033    457.7556    3.7447      385969924.5063
    55.660    7.9498    4.5245    3.5030    496.5655    3.7380      512805786.5523
    65.329    7.9418    4.5149    3.5027    535.3755    3.7313      639404097.2198
    74.997    7.9334    4.5050    3.5024    574.1854    3.7246      765763204.0271
    84.666    7.9243    4.4949    3.5019    612.9954    3.7179      891880238.0522
    94.334    7.9156    4.4850    3.5015    651.8053    3.7113     1017755372.7957
   104.003    7.9067    4.4750    3.5010    690.6153    3.7047     1143390570.7295
   113.672    7.8979    4.4652    3.5005    729.4252    3.6981     1268785914.4639
   123.340    7.8883    4.4550    3.4999    768.2351    3.6916     1393939322.7304
   133.009    7.8792    4.4451    3.4994    807.0451    3.6851     1518850224.6891
   142.677    7.8696    4.4350    3.4987    845.8550    3.6786     1643519608.9517
   152.346    7.8596    4.4248    3.4980    884.6650    3.6721     1767944828.8339
   162.015    7.8506    4.4150    3.4974    923.4749    3.6657     1892128315.8504
   171.683    7.8407    4.4050    3.4966    962.2849    3.6594     2016070944.4559
   181.352    7.8312    4.3951    3.4959   1001.0948    3.6530     2139771342.0011
   191.021    7.8210    4.3849    3.4950   1039.9047    3.6467     2263229095.3349
   200.689    7.8111    4.3749    3.4942   1078.7147    3.6404     2386443852.9739
   210.358    7.8008    4.3647    3.4933   1117.5246    3.6342     2509416840.0015
   220.026    7.7908    4.3546    3.4925   1156.3346    3.6280     2632149336.2338
   229.695    7.7807    4.3446    3.4915   1195.1445    3.6218     2754640446.8040
   239.364    7.7708    4.3347    3.4907   1233.9545    3.6157     2876890681.7057
   249.032    7.7595    4.3239    3.4896   1272.7644    3.6096     2998899765.5726
   258.701    7.7512    4.3148    3.4888   1311.5744    3.6035     3120671308.2915
   268.370    7.7411    4.3049    3.4878   1350.3843    3.5975     3242207857.6731
   278.038    7.7317    4.2952    3.4869   1389.1942    3.5915     3363507583.4678
   287.707    7.7219    4.2854    3.4859   1428.0042    3.5856     3484572360.2089
   297.375    7.7118    4.2755    3.4848   1466.8141    3.5797     3605400435.4765
   307.044    7.7022    4.2657    3.4838   1505.6241    3.5739     3725993878.1551
   316.713    7.6924    4.2559    3.4827   1544.4340    3.5680     3846355402.9134
   326.381    7.6822    4.2459    3.4817   1583.2440    3.5623     3966485087.8578
   336.050    7.6722    4.2360    3.4806   1622.0539    3.5566     4086384164.8939
   345.718    7.6624    4.2261    3.4796   1660.8638    3.5509     4206054604.6681
   355.387    7.6518    4.2160    3.4785   1699.6738    3.5452     4325496541.4009
   365.056    7.6420    4.2061    3.4775   1738.4837    3.5396     4444712489.4152
   374.724    7.6315    4.1961    3.4763   1777.2937    3.5341     4563703326.6502
   384.393    7.6206    4.1858    3.4751   1816.1036    3.5286     4682467414.9094
   394.062    7.6108    4.1759    3.4741   1854.9136    3.5232     4801008981.3827
   403.730    7.5998    4.1655    3.4729   1893.7235    3.5177     4919330658.0658
   413.399    7.5899    4.1557    3.4718   1932.5334    3.5124     5037432571.3217
   423.067    7.5787    4.1451    3.4706   1971.3434    3.5071     5155314419.9852
   432.736    7.5687    4.1353    3.4695   2010.1533    3.5018     5272978392.3279
   456.099    7.6010    4.1448    3.4784   2015.1171    3.4892     5557194263.7492
   479.462    7.6321    4.1540    3.4871   2020.0589    3.4767     5841104409.3102
   502.826    7.6629    4.1631    3.4957   2024.7476    3.4642     6124698152.7896
   526.189    7.6919    4.1716    3.5042   2029.4249    3.4518     6407966183.5549
   549.552    7.7211    4.1803    3.5125   2033.8911    3.4395     6690896753.8976
   572.915    7.7488    4.1884    3.5206   2038.2422    3.4274     6973480833.2791
   596.278    7.7768    4.1967    3.5288   2042.6205    3.4153     7255717440.9241
   619.642    7.8040    4.2048    3.5368   2046.8531    3.4033     7537606624.0487
   643.005    7.8300    4.2124    3.5447   2050.8773    3.3915     7819140490.3669
   666.368    7.8567    4.2203    3.5526   2054.9787    3.3798     8100322064.2058
   689.731    7.8823    4.2278    3.5604   2058.9768    3.3683     8381155869.9957
   713.094    7.9084    4.2357    3.5682   2062.8592    3.3569     8661643674.1343
   736.458    7.9341    4.2433    3.5760   2066.6656    3.3457     8941795059.5021
   759.821    7.9591    4.2507    3.5837   2070.3982    3.3346     9221615724.0691
   783.184    7.9850    4.2587    3.5915   2074.0859    3.3237     9501114177.8255
   806.547    8.0103    4.2664    3.5993   2077.6993    3.3130     9780304093.9959
   829.910    8.0355    4.2741    3.6071   2081.2785    3.3025    10059198663.7769
   853.274    8.0620    4.2826    3.6151   2084.8922    3.2922    10337821586.5220
   876.637    8.0879    4.2910    3.6230   2088.2053    3.2822    10616189881.7749
   900.000    8.1143    4.2995    3.6313   2091.6894    3.2723    10894327367.0352
   917.148    8.1337    4.3059    3.6374   2094.1382    3.2652    11098266194.8806
   934.296    8.1523    4.3119    3.6432   2096.5610    3.2583    11302097139.1717
   951.444    8.1748    4.3201    3.6502   2099.0452    3.2515    11505850312.0887
   968.593    8.1959    4.3276    3.6569   2101.4929    3.2448    11709556581.8693
   985.741    8.2161    4.3347    3.6633   2103.9406    3.2382    11913208727.5356
  1002.889    8.2413    4.3447    3.6712   2106.3962    3.2318    12116846602.1406
  1020.037    8.2640    4.3533    3.6784   2108.8983    3.2255    12320500600.9910
  1037.185    8.2919    4.3649    3.6874   2111.5051    3.2193    12524206867.6750
  1054.333    8.3094    4.3707    3.6931   2113.8424    3.2133    12727929125.9969
  1071.482    8.3271    4.3764    3.6991   2116.0315    3.2075    12931593612.5633
  1088.630    8.3445    4.3819    3.7049   2118.1910    3.2018    13135213027.1389
  1105.778    8.3613    4.3873    3.7106   2120.4640    3.1964    13338788977.0413
  1122.926    8.4060    4.4113    3.7237   2125.2716    3.1911    13542533388.8235
  1140.074    8.5637    4.5109    3.7661   2140.5251    3.1856    13747457033.1972
  1157.222    8.7495    4.6292    3.8145   2162.3713    3.1798    13954510437.6591
  1174.371    8.8535    4.6933    3.8413   2166.3015    3.1738    14163238562.3172
  1191.519    8.8688    4.6982    3.8466   2168.6620    3.1678    14372441884.1039
  1208.667    8.8852    4.7026    3.8530   2171.5230    3.1620    14581565433.6909
  1225.815    8.9010    4.7074    3.8586   2174.0225    3.1564    14790633906.6110
  1242.963    8.9161    4.7119    3.8641   2176.5462    3.1510    14999635068.8340
  1260.111    8.9315    4.7166    3.8696   2179.0392    3.1459    15208579121.8473
  1277.259    8.9458    4.7213    3.8745   2181.3531    3.1411    15417465342.9028
  1294.408    8.9594    4.7260    3.8791   2183.6213    3.1365    15626283657.0371
  1311.556    8.9763    4.7309    3.8855   2186.1992    3.1322    15835092892.5726
  1328.704    8.9908    4.7353    3.8908   2188.7356    3.1281    16043929121.6936
  1345.852    9.0056    4.7401    3.8963   2191.2356    3.1244    16252784238.6363
  1363.000    9.0198    4.7447    3.9014   2193.7097    3.1209    16461673247.4501
  1380.148    9.0330    4.7492    3.9059   2195.9462    3.1178    16670589628.5399
  1397.297    9.0473    4.7538    3.9109   2198.1909    3.1150    16879549659.9113
  1414.445    9.0702    4.7644    3.9173   2201.4851    3.1125    17088626071.8815
  1431.593    9.1095    4.7849    3.9274   2207.9629    3.1104    17297977506.3922
  1448.741    9.1515    4.8080    3.9377   2213.5985    3.1085    17507728947.5937
  1465.889    9.1922    4.8306    3.9477   2219.5680    3.1070    17717897109.4094
  1483.037    9.2331    4.8526    3.9587   2226.0139    3.1058    17928521275.6391
  1500.186    9.2748    4.8762    3.9695   2232.2864    3.1049    18139643397.1709
  1517.334    9.3145    4.8981    3.9812   2237.8551    3.1043    18351302968.3129
  1534.482    9.3505    4.9177    3.9926   2241.8924    3.1041    18563537586.5712
  1551.630    9.3632    4.9222    3.9968   2243.7642    3.1043    18776173084.3934
  1568.778    9.3762    4.9269    4.0014   2245.9532    3.1050    18989057366.0380
  1568.778    4.6421    0.0000    4.0323         nan    3.1050    18989057366.0380
  1582.560    4.6537    0.0000    4.0376         nan    3.1055    19161722391.9237
  1596.342    4.6653    0.0000    4.0429         nan    3.1064    19334646567.9134
  1610.124    4.6769    0.0000    4.0483         nan    3.1076    19507847276.4783
  1623.906    4.6885    0.0000    4.0536         nan    3.1091    19681342561.0550
  1637.688    4.6999    0.0000    4.0589         nan    3.1109    19855148740.6303
  1651.469    4.7109    0.0000    4.0639         nan    3.1132    20029279865.5359
  1665.251    4.7219    0.0000    4.0690         nan    3.1157    20203753215.9595
  1679.033    4.7330    0.0000    4.0741         nan    3.1187    20378589905.0934
  1692.815    4.7440    0.0000    4.0792         nan    3.1221    20553811851.6047
  1692.815    5.0981    0.0000    6.3412         nan    3.1221    20553811851.6047
  1751.321    5.1784    0.0000    6.3846         nan    3.0255    21716065020.3994
  1809.828    5.2541    0.0000    6.4255         nan    2.9277    22849845823.3331
  1868.334    5.3256    0.0000    6.4643         nan    2.8287    23953800725.1366
  1926.841    5.3930    0.0000    6.5010         nan    2.7285    25026655982.0081
  1985.347    5.4567    0.0000    6.5357         nan    2.6273    26067211990.6373
  2043.853    5.5167    0.0000    6.5685         nan    2.5250    27074338538.7141
  2102.360    5.5733    0.0000    6.5994         nan    2.4218    28046970796.0322
  2160.866    5.6267    0.0000    6.6286         nan    2.3177    28984105921.5194
  2219.372    5.6769    0.0000    6.6562         nan    2.2127    29884800190.5064
  2277.879    5.7240    0.0000    6.6821         nan    2.1070    30748166577.6526
  2336.385    5.7683    0.0000    6.7064         nan    2.0005    31573372750.0404
  2394.892    5.8097    0.0000    6.7292         nan    1.8933    32359639445.5262
  2453.398    5.8484    0.0000    6.7506         nan    1.7856    33106239235.8668
  2511.904    5.8844    0.0000    6.7704         nan    1.6772    33812495702.9946
  2570.411    5.9178    0.0000    6.7889         nan    1.5684    34477783095.6968
  2628.917    5.9487    0.0000    6.8060         nan    1.4591    35101526598.3549
  2687.423    5.9771    0.0000    6.8217         nan    1.3494    35683203443.4342
  2745.930    6.0030    0.0000    6.8360         nan    1.2395    36222345278.2282
  2804.436    6.0266    0.0000    6.8491         nan    1.1293    36718542522.1852
  2862.943    6.0478    0.0000    6.8608         nan    1.0190    37171452080.1333
  2921.449    6.0667    0.0000    6.8713         nan    0.9089    37580811067.4201
  2979.955    6.0833    0.0000    6.8805         nan    0.7993    37946462020.5375
  3038.462    6.0977    0.0000    6.8885         nan    0.6906    38268401739.4221
  3096.968    6.1098    0.0000    6.8952         nan    0.5842    38546883323.1375
  3155.474    6.1197    0.0000    6.9007         nan    0.4827    38782652453.0792
  3213.981    6.1273    0.0000    6.9050         nan    0.3939    38977578694.7831
  3272.487    6.1328    0.0000    6.9080         nan    0.3496    39136736171.0682
  3330.994    6.1361    0.0000    6.9098         nan    0.6075    39278066503.6738
  3389.500    6.1372    0.0000    6.9104         nan    0.0000    39523676575.5305
