# Depth[km]  Vp[km/s]  Vs[km/s] Rho[g/cm3]    T[K]     g[m/s2]         P[Pa]        
     0.000    3.7451    2.2531    1.7014    273.1500    3.7291              0.0000
    15.419    3.7451    2.2531    1.7014    335.9654    3.7411       97826807.4908
    15.419    4.8618    2.9250    2.2087    335.9654    3.7411       97826807.4908
    34.724    4.8618    2.9250    2.2087    414.6191    3.7484      257349447.7447
    34.724    5.6254    3.3844    2.5556    414.6191    3.7484      257349447.7447
    47.583    5.6254    3.3844    2.5556    467.0080    3.7496      380527487.8625
    47.583    7.9952    4.5411    3.5187    467.0080    3.7496      380527487.8625
    57.114    7.9872    4.5313    3.5183    505.8392    3.7429      506271049.2085
    66.645    7.9788    4.5212    3.5179    544.6704    3.7362      631774128.3780
    76.176    7.9701    4.5111    3.5174    583.5016    3.7295      757035474.6395
    85.707    7.9608    4.5007    3.5168    622.3328    3.7228      882052852.8324
    95.238    7.9520    4.4907    3.5162    661.1640    3.7162     1006826535.5678
   104.769    7.9430    4.4805    3.5156    699.9952    3.7096     1131358166.9874
   114.300    7.9340    4.4704    3.5150    738.8264    3.7031     1255647375.7437
   123.832    7.9245    4.4603    3.5143    777.6576    3.6965     1379693439.7427
   133.363    7.9153    4.4502    3.5136    816.4888    3.6900     1503495846.2227
   142.894    7.9058    4.4401    3.5128    855.3200    3.6836     1627054666.9712
   152.425    7.8962    4.4300    3.5120    894.1512    3.6771     1750369212.0777
   161.956    7.8869    4.4202    3.5112    932.9823    3.6707     1873440398.5310
   171.487    7.8772    4.4100    3.5103    971.8135    3.6643     1996268224.6123
   181.018    7.8674    4.4000    3.5095   1010.6447    3.6580     2118852163.9499
   190.549    7.8581    4.3902    3.5086   1049.4759    3.6517     2241193539.3158
   200.080    7.8485    4.3803    3.5077   1088.3071    3.6454     2363292487.1839
   209.611    7.8392    4.3705    3.5068   1127.1383    3.6392     2485150922.1760
   219.142    7.8292    4.3604    3.5058   1165.9695    3.6330     2606769450.0256
   228.673    7.8204    4.3510    3.5050   1204.8007    3.6268     2728148858.6186
   238.204    7.8104    4.3409    3.5039   1243.6319    3.6207     2849289451.6494
   247.735    7.8002    4.3308    3.5029   1282.4631    3.6146     2970190303.3741
   257.266    7.7911    4.3211    3.5020   1321.2943    3.6086     3090854859.6677
   266.797    7.7826    4.3119    3.5010   1360.1255    3.6026     3211284542.3123
   276.328    7.7729    4.3020    3.4999   1398.9567    3.5966     3331477038.3742
   285.859    7.7642    4.2928    3.4989   1437.7878    3.5906     3451434220.5298
   295.390    7.7546    4.2830    3.4978   1476.6190    3.5847     3571157467.0552
   304.921    7.7453    4.2734    3.4968   1515.4502    3.5789     3690647814.3670
   314.452    7.7357    4.2635    3.4956   1554.2814    3.5731     3809905968.8768
   323.984    7.7267    4.2541    3.4947   1593.1126    3.5673     3928933595.9388
   333.515    7.7169    4.2443    3.4935   1631.9438    3.5616     4047732538.4080
   343.046    7.7073    4.2345    3.4923   1670.7750    3.5559     4166301216.0955
   352.577    7.6983    4.2250    3.4913   1709.6062    3.5502     4284643208.9890
   362.108    7.6885    4.2151    3.4901   1748.4374    3.5446     4402760065.8809
   371.639    7.6791    4.2054    3.4890   1787.2686    3.5391     4520651365.8817
   381.170    7.6691    4.1955    3.4877   1826.0998    3.5336     4638317628.3368
   390.701    7.6588    4.1853    3.4866   1864.9310    3.5281     4755759842.4292
   400.232    7.6494    4.1756    3.4854   1903.7621    3.5227     4872980844.8247
   409.763    7.6397    4.1658    3.4842   1942.5933    3.5173     4989981791.7442
   419.294    7.6294    4.1557    3.4829   1981.4245    3.5120     5106762558.8510
   428.825    7.6203    4.1460    3.4817   2020.2557    3.5067     5223325687.3483
   452.384    7.6507    4.1556    3.4905   2025.2908    3.4937     5511326133.2152
   475.943    7.6797    4.1648    3.4991   2030.1167    3.4808     5798976720.4636
   499.501    7.7076    4.1735    3.5075   2034.7675    3.4680     6086261723.7174
   523.060    7.7354    4.1822    3.5159   2039.4584    3.4553     6373174972.3089
   546.619    7.7619    4.1904    3.5241   2043.9662    3.4427     6659710675.6433
   570.178    7.7886    4.1988    3.5322   2048.3455    3.4302     6945860306.9040
   593.736    7.8150    4.2073    3.5402   2052.6224    3.4178     7231621989.8815
   617.295    7.8403    4.2150    3.5482   2056.9708    3.4055     7516996685.8650
   640.854    7.8654    4.2228    3.5561   2061.0607    3.3933     7801983988.9920
   664.413    7.8909    4.2308    3.5641   2065.2043    3.3813     8086586382.8132
   687.971    7.9155    4.2385    3.5719   2069.1602    3.3694     8370806301.3112
   711.530    7.9405    4.2464    3.5798   2073.1801    3.3577     8654651002.2590
   735.089    7.9649    4.2540    3.5876   2077.0006    3.3461     8938130227.4276
   758.648    7.9900    4.2621    3.5955   2080.8800    3.3347     9221252497.2025
   782.206    8.0147    4.2700    3.6034   2084.5757    3.3234     9504029333.6333
   805.765    8.0388    4.2776    3.6112   2088.2074    3.3124     9786466191.0568
   829.324    8.0643    4.2861    3.6193   2091.8315    3.3015    10068585638.9571
   852.883    8.0895    4.2945    3.6274   2095.5053    3.2909    10350411194.7769
   876.441    8.1156    4.3034    3.6358   2098.9865    3.2805    10631966060.0599
   900.000    8.1420    4.3126    3.6442   2102.4479    3.2702    10913278805.7635
   917.261    8.1617    4.3195    3.6506   2104.9586    3.2629    11119164875.3479
   934.522    8.1821    4.3270    3.6571   2107.4674    3.2557    11324951535.7601
   951.783    8.2031    4.3348    3.6640   2109.9320    3.2486    11530659376.8386
   969.044    8.2251    4.3432    3.6711   2112.4622    3.2416    11736309093.7277
   986.305    8.2466    4.3513    3.6782   2114.9784    3.2347    11941913446.1626
  1003.566    8.2721    4.3619    3.6864   2117.4795    3.2280    12147512266.6869
  1020.826    8.2910    4.3683    3.6931   2120.2325    3.2214    12353101042.2743
  1038.087    8.3086    4.3740    3.6994   2122.7742    3.2150    12558631481.3156
  1055.348    8.3294    4.3816    3.7068   2125.6489    3.2087    12764131242.5233
  1072.609    8.3465    4.3872    3.7130   2128.1595    3.2026    12969604424.2899
  1089.870    8.3622    4.3920    3.7186   2130.6449    3.1966    13175010367.2710
  1107.131    8.3805    4.3989    3.7253   2132.5152    3.1909    13380374711.5183
  1124.392    8.4039    4.4089    3.7342   2133.9330    3.1853    13585798678.4828
  1141.653    8.5355    4.4912    3.7702   2147.9056    3.1796    13792096945.2773
  1158.914    8.7022    4.5967    3.8143   2166.2377    3.1737    14000230090.8174
  1176.175    8.8778    4.7087    3.8589   2178.1219    3.1674    14210405215.2946
  1193.436    8.8923    4.7130    3.8642   2180.3455    3.1611    14421527494.1578
  1210.697    8.9066    4.7171    3.8696   2182.3888    3.1549    14632519428.7634
  1227.957    8.9208    4.7213    3.8749   2184.4823    3.1490    14843393747.5091
  1245.218    8.9348    4.7254    3.8802   2186.5482    3.1433    15054160515.1526
  1262.479    8.9491    4.7296    3.8857   2188.4881    3.1379    15264839479.0960
  1279.740    8.9631    4.7339    3.8911   2190.2044    3.1327    15475447768.7436
  1297.001    8.9760    4.7372    3.8965   2191.9787    3.1277    15685997090.7940
  1314.262    8.9893    4.7410    3.9019   2193.7213    3.1231    15896504376.1991
  1331.523    9.0027    4.7449    3.9073   2195.3485    3.1187    16106989914.6506
  1348.784    9.0155    4.7485    3.9126   2196.9588    3.1146    16317468890.3718
  1366.045    9.0286    4.7523    3.9183   2198.3695    3.1108    16527964347.4522
  1383.306    9.0415    4.7560    3.9236   2199.7640    3.1073    16738496768.0138
  1400.567    9.0540    4.7596    3.9289   2200.7977    3.1041    16949078383.2701
  1417.828    9.0664    4.7627    3.9347   2202.1574    3.1013    17159743090.3312
  1435.088    9.0779    4.7655    3.9403   2203.3225    3.0988    17370519835.3742
  1452.349    9.1099    4.7815    3.9497   2206.5903    3.0966    17581529341.0386
  1469.610    9.1504    4.8032    3.9612   2211.4190    3.0948    17792951120.6235
  1486.871    9.1902    4.8245    3.9729   2215.9457    3.0932    18004867052.3222
  1504.132    9.2307    4.8465    3.9852   2220.6583    3.0920    18217318560.4030
  1521.393    9.2736    4.8706    3.9984   2225.1568    3.0911    18430363550.5162
  1538.654    9.3037    4.8865    4.0079   2229.0526    3.0905    18643950794.6988
  1555.915    9.3169    4.8914    4.0129   2231.1152    3.0904    18857884825.0993
  1573.176    9.3284    4.8951    4.0173   2232.8478    3.0907    19072058848.5729
  1573.176    4.7600    0.0000    4.0443         nan    3.0907    19072058848.5729
  1586.952    4.7711    0.0000    4.0494         nan    3.0910    19244368114.3813
  1600.729    4.7823    0.0000    4.0545         nan    3.0916    19416911231.6860
  1614.505    4.7934    0.0000    4.0596         nan    3.0926    19589705531.4368
  1628.281    4.8046    0.0000    4.0647         nan    3.0938    19762769000.4405
  1642.058    4.8155    0.0000    4.0696         nan    3.0954    19936118018.3059
  1655.834    4.8261    0.0000    4.0745         nan    3.0974    20109766947.5819
  1669.611    4.8367    0.0000    4.0794         nan    3.0997    20283733248.6801
  1683.387    4.8473    0.0000    4.0842         nan    3.1024    20458037948.0490
  1697.163    4.8579    0.0000    4.0891         nan    3.1056    20632702871.5709
  1697.163    5.0186    0.0000    6.3188         nan    3.1056    20632702871.5709
  1755.520    5.1009    0.0000    6.3629         nan    3.0098    21781851316.4764
  1813.876    5.1784    0.0000    6.4047         nan    2.9127    22903103321.8460
  1872.233    5.2515    0.0000    6.4441         nan    2.8144    23995084883.8352
  1930.589    5.3204    0.0000    6.4814         nan    2.7149    25056505071.9980
  1988.946    5.3855    0.0000    6.5167         nan    2.6143    26086149864.5864
  2047.302    5.4467    0.0000    6.5500         nan    2.5127    27082876999.8967
  2105.658    5.5045    0.0000    6.5814         nan    2.4101    28045611659.1222
  2164.015    5.5589    0.0000    6.6111         nan    2.3066    28973342842.3371
  2222.371    5.6100    0.0000    6.6390         nan    2.2023    29865120328.5788
  2280.728    5.6581    0.0000    6.6652         nan    2.0972    30720052149.3550
  2339.084    5.7031    0.0000    6.6899         nan    1.9914    31537302532.3888
  2397.441    5.7453    0.0000    6.7130         nan    1.8849    32316090295.3417
  2455.797    5.7846    0.0000    6.7346         nan    1.7778    33055687697.5878
  2514.154    5.8213    0.0000    6.7547         nan    1.6701    33755419801.5808
  2572.510    5.8552    0.0000    6.7734         nan    1.5620    34414664444.8295
  2630.866    5.8866    0.0000    6.7906         nan    1.4534    35032853011.9725
  2689.223    5.9155    0.0000    6.8065         nan    1.3445    35609472336.2849
  2747.579    5.9419    0.0000    6.8211         nan    1.2353    36144068304.6158
  2805.936    5.9658    0.0000    6.8343         nan    1.1260    36636252194.9087
  2864.292    5.9874    0.0000    6.8461         nan    1.0167    37085711649.2913
  2922.649    6.0066    0.0000    6.8567         nan    0.9078    37492229978.3397
  2981.005    6.0235    0.0000    6.8660         nan    0.7996    37855721411.9441
  3039.361    6.0380    0.0000    6.8741         nan    0.6930    38176299191.1584
  3097.718    6.0503    0.0000    6.8809         nan    0.5894    38454417615.7647
  3156.074    6.0604    0.0000    6.8864         nan    0.4928    38691200774.8127
  3214.431    6.0681    0.0000    6.8907         nan    0.4141    38889320627.6760
  3272.787    6.0737    0.0000    6.8938         nan    0.3977    39055890773.3298
  3331.144    6.0770    0.0000    6.8956         nan    0.8034    39215905207.2834
  3389.500    6.0781    0.0000    6.8962         nan    0.0000    39539210285.3214
