# Depth[km]  Vp[km/s]  Vs[km/s] Rho[g/cm3]    T[K]     g[m/s2]         P[Pa]        
     0.000    3.3043    1.9954    1.6250    273.1500    3.7291              0.0000
     9.716    3.3043    1.9954    1.6250    310.0756    3.7373       58878028.6648
     9.716    4.8813    2.9477    2.4006    310.0756    3.7373       58878028.6648
    26.635    4.8813    2.9477    2.4006    374.3812    3.7407      210666571.8207
    26.635    6.1133    3.6917    3.0065    374.3812    3.7407      210666571.8207
    42.780    6.1133    3.6917    3.0065    435.7464    3.7360      392243319.3876
    42.780    7.8413    4.4853    3.4769    435.7464    3.7360      392243319.3876
    52.654    7.8369    4.4784    3.4772    473.2760    3.7293      520508309.8497
    62.528    7.8321    4.4713    3.4775    510.8056    3.7226      648553397.8487
    72.402    7.8270    4.4640    3.4777    548.3352    3.7159      776376707.7570
    82.276    7.8215    4.4565    3.4778    585.8648    3.7092      903975897.1679
    92.150    7.8159    4.4488    3.4779    623.3944    3.7026     1031350058.8993
   102.024    7.8092    4.4408    3.4778    660.9240    3.6959     1158495476.8904
   111.897    7.8033    4.4330    3.4777    698.4535    3.6894     1285410716.5051
   121.771    7.7972    4.4251    3.4777    735.9831    3.6828     1412098572.1681
   131.645    7.7911    4.4172    3.4776    773.5127    3.6763     1538559145.9309
   141.519    7.7839    4.4089    3.4773    811.0423    3.6698     1664787788.8423
   151.393    7.7777    4.4009    3.4771    848.5719    3.6633     1790784436.3668
   161.267    7.7706    4.3926    3.4767    886.1015    3.6569     1916549474.7200
   171.141    7.7643    4.3846    3.4765    923.6311    3.6505     2042082479.7818
   181.015    7.7570    4.3762    3.4760    961.1607    3.6441     2167383067.8962
   190.889    7.7501    4.3679    3.4756    998.6903    3.6377     2292448359.4748
   200.763    7.7431    4.3596    3.4752   1036.2199    3.6314     2417280059.9600
   210.637    7.7367    4.3515    3.4747   1073.7495    3.6252     2541878611.5840
   220.511    7.7298    4.3433    3.4741   1111.2791    3.6189     2666243498.0181
   230.385    7.7225    4.3348    3.4736   1148.8087    3.6127     2790375404.2518
   240.259    7.7153    4.3264    3.4731   1186.3383    3.6066     2914275661.6448
   250.133    7.7082    4.3180    3.4725   1223.8679    3.6004     3037945223.0097
   260.007    7.7013    4.3098    3.4720   1261.3975    3.5943     3161385131.0584
   269.881    7.6940    4.3014    3.4714   1298.9271    3.5883     3284596267.4394
   279.755    7.6850    4.2923    3.4705   1336.4567    3.5823     3407574847.3210
   289.629    7.6771    4.2836    3.4700   1373.9862    3.5763     3530323297.7583
   299.503    7.6687    4.2746    3.4695   1411.5158    3.5704     3652848873.9288
   309.377    7.6599    4.2656    3.4688   1449.0454    3.5645     3775149855.7939
   319.251    7.6517    4.2568    3.4683   1486.5750    3.5586     3897227121.7366
   329.124    7.6428    4.2476    3.4676   1524.1046    3.5528     4019082019.6080
   338.998    7.6340    4.2385    3.4670   1561.6342    3.5470     4140715458.2280
   348.872    7.6241    4.2290    3.4661   1599.1638    3.5413     4262125808.7218
   358.746    7.6154    4.2199    3.4655   1636.6934    3.5356     4383314447.7338
   368.620    7.6068    4.2108    3.4649   1674.2230    3.5300     4504287605.0904
   378.494    7.5899    4.1986    3.4630   1711.7526    3.5244     4625022925.8306
   388.368    7.5820    4.1898    3.4624   1749.2822    3.5189     4745523257.1987
   398.242    7.5783    4.1826    3.4626   1786.8118    3.5134     4865827875.2992
   408.116    7.5695    4.1734    3.4619   1824.3414    3.5079     4985936195.9939
   417.990    7.5571    4.1628    3.4608   1861.8710    3.5025     5105826041.3657
   427.864    7.5486    4.1538    3.4602   1899.4006    3.4971     5225500236.6682
   437.738    7.5403    4.1447    3.4596   1936.9302    3.4918     5344970610.4893
   460.851    7.5689    4.1521    3.4676   1941.1386    3.4795     5624506067.9479
   483.964    7.5972    4.1594    3.4756   1945.2711    3.4672     5903700411.0114
   507.077    7.6253    4.1668    3.4836   1949.3560    3.4550     6182548602.3889
   530.190    7.6666    4.1794    3.4934   1954.7593    3.4430     6461128200.5773
   553.304    7.6961    4.1875    3.5015   1958.9994    3.4309     6739447026.5081
   576.417    7.7241    4.1950    3.5094   1963.0318    3.4190     7017426558.1012
   599.530    7.7516    4.2023    3.5171   1967.0157    3.4073     7295059666.0150
   622.643    7.7790    4.2096    3.5249   1970.9703    3.3956     7572346771.1022
   645.756    7.8072    4.2175    3.5327   1974.9503    3.3841     7849293249.2301
   668.869    7.8333    4.2244    3.5401   1978.6690    3.3727     8125895169.1796
   691.982    7.8592    4.2313    3.5475   1982.3323    3.3614     8402145650.6805
   715.095    7.8845    4.2379    3.5549   1985.9817    3.3503     8678049223.9229
   738.208    7.9102    4.2449    3.5622   1989.5204    3.3394     8953610067.5461
   761.321    7.9353    4.2516    3.5694   1993.0173    3.3287     9228833109.5782
   784.435    7.9604    4.2584    3.5766   1996.5014    3.3181     9503727054.7816
   807.548    7.9846    4.2648    3.5837   1999.8375    3.3078     9778296844.9422
   830.661    8.0093    4.2714    3.5908   2003.2350    3.2976    10052552656.0871
   853.774    8.0333    4.2779    3.5978   2006.4380    3.2877    10326505707.0698
   876.887    8.0577    4.2846    3.6049   2009.7381    3.2780    10600169510.8812
   900.000    8.0825    4.2915    3.6121   2013.0509    3.2685    10873567067.7433
   916.817    8.1006    4.2966    3.6173   2015.4121    3.2618    11072255606.7092
   933.634    8.1181    4.3015    3.6225   2017.6673    3.2552    11270820025.8542
   950.451    8.1356    4.3064    3.6276   2019.8822    3.2488    11469264864.3980
   967.267    8.1529    4.3113    3.6327   2022.1156    3.2425    11667597594.1008
   984.084    8.1719    4.3171    3.6383   2024.4350    3.2364    11865837022.1612
  1000.901    8.1898    4.3223    3.6436   2026.6450    3.2304    12063997392.3112
  1017.718    8.2055    4.3263    3.6483   2028.8051    3.2246    12262063027.9782
  1034.535    8.2235    4.3316    3.6537   2030.8962    3.2189    12460045991.0789
  1051.352    8.2395    4.3359    3.6584   2032.9683    3.2135    12657956869.8129
  1068.168    8.2556    4.3402    3.6633   2035.0272    3.2082    12855789127.1735
  1084.985    8.3504    4.3985    3.6885   2044.5488    3.2029    13054106573.8036
  1101.802    8.4712    4.4743    3.7205   2056.3427    3.1976    13253641582.8370
  1118.619    8.5948    4.5521    3.7527   2067.9679    3.1920    13454570181.4614
  1135.436    8.6096    4.5556    3.7573   2071.8230    3.1865    13656138680.2285
  1152.253    8.6261    4.5601    3.7623   2074.3653    3.1811    13857613472.8544
  1169.069    8.6417    4.5642    3.7671   2076.6151    3.1760    14059012320.9674
  1185.886    8.6573    4.5682    3.7720   2078.8295    3.1711    14260343452.9291
  1202.703    8.6729    4.5725    3.7768   2081.0056    3.1664    14461620728.4206
  1219.520    8.6882    4.5763    3.7816   2083.8323    3.1619    14662856991.2062
  1236.337    8.7487    4.6276    3.7884   2086.9343    3.1577    14864119812.1001
  1253.154    8.7688    4.6384    3.7928   2094.2984    3.1537    15065411556.1798
  1269.970    8.8004    4.6600    3.7985   2099.9816    3.1500    15266716471.6911
  1286.787    8.8356    4.6811    3.8056   2103.9675    3.1465    15468122496.9559
  1303.604    8.8755    4.7001    3.8152   2109.2329    3.1433    15669747858.0408
  1320.421    8.9148    4.7187    3.8250   2114.4025    3.1403    15871678100.8215
  1337.238    8.9526    4.7366    3.8347   2119.7664    3.1375    16073929024.8565
  1354.055    8.9917    4.7552    3.8450   2125.0987    3.1349    16276528642.7172
  1370.871    9.0333    4.7747    3.8568   2130.7728    3.1326    16479546304.0908
  1387.688    9.0655    4.7903    3.8654   2135.2984    3.1306    16682951385.4069
  1404.505    9.0837    4.7930    3.8737   2137.1620    3.1288    16886667946.4263
  1421.322    9.1001    4.7968    3.8802   2139.2375    3.1273    17090659242.9070
  1438.139    9.1170    4.8001    3.8875   2141.2842    3.1262    17294919078.0185
  1454.956    9.1347    4.8035    3.8954   2143.2985    3.1254    17499505326.7260
  1471.773    9.1524    4.8066    3.9038   2145.3014    3.1250    17704467524.4517
  1488.589    9.2238    4.8424    3.9345   2157.4339    3.1248    17910428157.3699
  1505.406    9.2507    4.8554    3.9438   2163.3265    3.1247    18117424621.8280
  1522.223    9.2775    4.8686    3.9530   2168.6522    3.1251    18324904670.7294
  1539.040    9.3034    4.8817    3.9616   2173.8744    3.1258    18532877498.0843
  1555.857    9.3274    4.8937    3.9697   2179.3270    3.1270    18741339863.7590
  1555.857    4.9798    0.0000    3.9903         nan    3.1270    18741339863.7590
  1573.616    4.9937    0.0000    3.9962         nan    3.1284    18963100318.4639
  1591.376    5.0077    0.0000    4.0020         nan    3.1303    19185286725.5393
  1609.136    5.0217    0.0000    4.0079         nan    3.1328    19407938042.0733
  1626.896    5.0353    0.0000    4.0137         nan    3.1359    19631091767.5060
  1644.655    5.0486    0.0000    4.0193         nan    3.1396    19854783182.4709
  1662.415    5.0619    0.0000    4.0249         nan    3.1440    20079053042.4348
  1680.175    5.0752    0.0000    4.0305         nan    3.1491    20303948542.8245
  1697.935    5.0879    0.0000    4.0359         nan    3.1548    20529512721.3481
  1715.694    5.1005    0.0000    4.0412         nan    3.1613    20755790206.3918
  1715.694    5.1645    0.0000    6.5103         nan    3.1613    20755790206.3918
  1773.412    5.2297    0.0000    6.5537         nan    3.0636    21947652816.5179
  1831.129    5.2914    0.0000    6.5950         nan    2.9645    23110139172.9343
  1888.847    5.3500    0.0000    6.6343         nan    2.8642    24241932824.7643
  1946.564    5.4055    0.0000    6.6717         nan    2.7628    25341783608.3376
  2004.281    5.4581    0.0000    6.7071         nan    2.6604    26408504442.2067
  2061.999    5.5079    0.0000    6.7408         nan    2.5569    27440968588.8527
  2119.716    5.5550    0.0000    6.7727         nan    2.4524    28438107311.0594
  2177.434    5.5995    0.0000    6.8029         nan    2.3471    29398907869.5606
  2235.151    5.6415    0.0000    6.8315         nan    2.2409    30322411821.8440
  2292.869    5.6811    0.0000    6.8584         nan    2.1338    31207713593.3171
  2350.586    5.7183    0.0000    6.8838         nan    2.0261    32053959309.9117
  2408.304    5.7532    0.0000    6.9076         nan    1.9176    32860345886.9632
  2466.021    5.7858    0.0000    6.9299         nan    1.8085    33626120389.2660
  2523.738    5.8163    0.0000    6.9508         nan    1.6988    34350579702.6748
  2581.456    5.8446    0.0000    6.9702         nan    1.5886    35033070588.6986
  2639.173    5.8708    0.0000    6.9882         nan    1.4779    35672990247.7804
  2696.891    5.8949    0.0000    7.0047         nan    1.3668    36269787611.9912
  2754.608    5.9169    0.0000    7.0199         nan    1.2553    36822965742.5883
  2812.326    5.9370    0.0000    7.0337         nan    1.1436    37332086007.2976
  2870.043    5.9551    0.0000    7.0461         nan    1.0318    37796775285.6792
  2927.760    5.9712    0.0000    7.0572         nan    0.9201    38216738619.0181
  2985.478    5.9853    0.0000    7.0670         nan    0.8087    38591782287.5585
  3043.195    5.9976    0.0000    7.0754         nan    0.6983    38921858366.3614
  3100.913    6.0079    0.0000    7.0826         nan    0.5897    39207157654.3118
  3158.630    6.0163    0.0000    7.0884         nan    0.4855    39448324713.3958
  3216.348    6.0229    0.0000    7.0929         nan    0.3928    39647032245.2216
  3274.065    6.0276    0.0000    7.0961         nan    0.3400    39807873960.5651
  3331.783    6.0304    0.0000    7.0981         nan    0.5584    39947155094.7222
  3389.500    6.0313    0.0000    7.0987         nan    0.0000    40175946809.6809
