# Depth[km]  Vp[km/s]  Vs[km/s] Rho[g/cm3]    T[K]     g[m/s2]         P[Pa]        
     0.000    3.5210    2.0640    1.6513    273.1500    3.7291              0.0000
    10.417    3.5210    2.0640    1.6513    312.2849    3.7376       64149423.5078
    10.417    4.9954    2.9282    2.3428    312.2849    3.7376       64149423.5078
    26.774    4.9954    2.9282    2.3428    373.7401    3.7418      207382700.7507
    26.774    6.5171    3.8202    3.0565    373.7401    3.7418      207382700.7507
    43.218    6.5171    3.8202    3.0565    435.5188    3.7363      395439796.7502
    43.218    7.8421    4.4855    3.4771    435.5188    3.7363      395439796.7502
    53.132    7.8378    4.4787    3.4774    472.7694    3.7295      524252049.4498
    63.047    7.8333    4.4717    3.4778    510.0200    3.7228      652844204.5986
    72.962    7.8285    4.4646    3.4780    547.2707    3.7161      781214668.8274
    82.877    7.8231    4.4571    3.4782    584.5213    3.7094      909360845.1100
    92.791    7.8176    4.4496    3.4783    621.7719    3.7027     1037281720.2781
   102.706    7.8112    4.4416    3.4782    659.0225    3.6961     1164973504.2718
   112.621    7.8054    4.4339    3.4782    696.2731    3.6895     1292434701.8161
   122.535    7.7996    4.4262    3.4782    733.5238    3.6829     1419668249.4301
   132.450    7.7937    4.4184    3.4782    770.7744    3.6763     1546674238.4748
   142.365    7.7866    4.4101    3.4779    808.0250    3.6698     1673448077.4697
   152.280    7.7807    4.4023    3.4778    845.2756    3.6633     1799989747.6769
   162.194    7.7738    4.3941    3.4775    882.5262    3.6568     1926299687.2863
   172.109    7.7678    4.3862    3.4773    919.7768    3.6504     2052377354.5723
   182.024    7.7607    4.3779    3.4769    957.0275    3.6440     2178222800.6729
   191.939    7.7541    4.3698    3.4765    994.2781    3.6376     2303833227.6722
   201.853    7.7481    4.3619    3.4762   1031.5287    3.6313     2429212372.1224
   211.768    7.7408    4.3535    3.4756   1068.7793    3.6250     2554357585.3384
   221.683    7.7342    4.3454    3.4752   1106.0299    3.6187     2679266466.8369
   231.598    7.7271    4.3370    3.4747   1143.2805    3.6125     2803942422.2393
   241.512    7.7202    4.3287    3.4742   1180.5312    3.6063     2928386566.9695
   251.427    7.7133    4.3205    3.4737   1217.7818    3.6002     3052600034.4691
   261.342    7.7066    4.3124    3.4732   1255.0324    3.5941     3176583476.2919
   271.256    7.6994    4.3040    3.4727   1292.2830    3.5880     3300337890.8668
   281.171    7.6927    4.2959    3.4721   1329.5336    3.5819     3423864402.1259
   291.086    7.6838    4.2868    3.4715   1366.7842    3.5759     3547162513.5856
   301.001    7.6753    4.2779    3.4709   1404.0349    3.5700     3670232016.5609
   310.915    7.6672    4.2691    3.4704   1441.2855    3.5640     3793076495.3454
   320.830    7.6591    4.2603    3.4699   1478.5361    3.5582     3915699603.9588
   330.745    7.6503    4.2512    3.4693   1515.7867    3.5523     4038100140.5314
   340.660    7.6423    4.2425    3.4687   1553.0373    3.5465     4160279073.1354
   350.574    7.6330    4.2332    3.4680   1590.2879    3.5408     4282237012.3214
   360.489    7.6140    4.2202    3.4657   1627.5386    3.5351     4403943348.0786
   370.404    7.6148    4.2148    3.4666   1664.7892    3.5294     4525429323.0859
   380.319    7.6064    4.2058    3.4661   1702.0398    3.5238     4646728013.9475
   390.233    7.5904    4.1939    3.4643   1739.2904    3.5182     4767792027.4138
   400.148    7.5823    4.1851    3.4638   1776.5410    3.5127     4888624270.1847
   410.063    7.5793    4.1782    3.4640   1813.7916    3.5072     5009262320.5263
   419.978    7.5665    4.1676    3.4627   1851.0423    3.5017     5129693931.0015
   429.892    7.5580    4.1584    3.4622   1888.2929    3.4964     5249907423.7105
   439.807    7.5499    4.1495    3.4617   1925.5435    3.4910     5369917436.0616
   462.817    7.5785    4.1570    3.4697   1929.6972    3.4787     5648306557.9922
   485.826    7.6067    4.1643    3.4776   1933.7585    3.4665     5926354109.1651
   508.836    7.6463    4.1761    3.4873   1939.0352    3.4544     6204128533.6577
   531.846    7.6767    4.1845    3.4956   1943.3654    3.4423     6481641989.5738
   554.855    7.7053    4.1922    3.5035   1947.3917    3.4303     6758823268.1668
   577.865    7.7329    4.1996    3.5113   1951.3833    3.4184     7035659459.0844
   600.875    7.7607    4.2071    3.5190   1955.3014    3.4067     7312149423.1971
   623.884    7.7879    4.2145    3.5267   1959.1576    3.3951     7588292152.8022
   646.894    7.8150    4.2218    3.5343   1963.0431    3.3836     7864089766.4142
   669.903    7.8409    4.2287    3.5417   1966.7124    3.3722     8139539614.6411
   692.913    7.8666    4.2355    3.5491   1970.3652    3.3610     8414639017.1861
   715.923    7.8923    4.2425    3.5564   1973.8899    3.3499     8689390834.9825
   738.932    7.9173    4.2490    3.5637   1977.4413    3.3390     8963799971.9420
   761.942    7.9428    4.2561    3.5709   1980.8686    3.3283     9237873824.4810
   784.952    7.9675    4.2627    3.5780   1984.3067    3.3178     9511617989.8356
   807.961    7.9916    4.2691    3.5850   1987.5727    3.3075     9785036286.0813
   830.971    8.0160    4.2756    3.5921   1990.9181    3.2974    10058140069.4974
   853.981    8.0402    4.2821    3.5992   1994.2381    3.2874    10330946779.7155
   876.990    8.0644    4.2888    3.6062   1997.3325    3.2778    10603465356.0852
   900.000    8.0889    4.2956    3.6133   2000.6361    3.2683    10875711591.4336
   916.778    8.1068    4.3006    3.6185   2002.9760    3.2616    11073997444.5742
   933.557    8.1242    4.3054    3.6236   2005.2208    3.2550    11272158528.2309
   950.335    8.1417    4.3105    3.6287   2007.4015    3.2486    11470199225.8933
   967.114    8.1587    4.3152    3.6338   2009.5792    3.2423    11668124177.6798
   983.892    8.1779    4.3210    3.6394   2011.8940    3.2361    11865955223.5605
  1000.671    8.1956    4.3262    3.6447   2014.0836    3.2301    12063707297.9146
  1017.449    8.2123    4.3307    3.6497   2016.1461    3.2243    12261372261.3398
  1034.227    8.2294    4.3356    3.6548   2018.2684    3.2186    12458953226.1593
  1051.006    8.2453    4.3399    3.6594   2020.3313    3.2132    12656450579.0392
  1067.784    8.2717    4.3513    3.6670   2023.4416    3.2078    12853940590.6629
  1084.563    8.3749    4.4153    3.6944   2033.0983    3.2025    13052045362.7627
  1101.341    8.4965    4.4918    3.7266   2045.6110    3.1971    13251426028.4215
  1118.120    8.6002    4.5560    3.7538   2055.5448    3.1915    13452058786.4061
  1134.898    8.6150    4.5596    3.7583   2059.0784    3.1859    13653188100.3777
  1151.676    8.6313    4.5640    3.7633   2061.6033    3.1805    13854221637.9337
  1168.455    8.6469    4.5680    3.7682   2063.8213    3.1754    14055179251.7051
  1185.233    8.6623    4.5719    3.7730   2065.9931    3.1704    14256067089.4438
  1202.012    8.7218    4.6216    3.7797   2069.4064    3.1657    14456949049.5844
  1218.790    8.7462    4.6361    3.7846   2076.9880    3.1612    14657839843.6842
  1235.569    8.7827    4.6633    3.7901   2082.7240    3.1569    14858719077.1378
  1252.347    8.8008    4.6711    3.7949   2085.1810    3.1529    15059601571.6919
  1269.125    8.8161    4.6754    3.8000   2087.5096    3.1491    15260489760.3764
  1285.904    8.8501    4.6908    3.8083   2092.1382    3.1456    15461491272.1107
  1302.682    8.8884    4.7090    3.8176   2097.2314    3.1423    15662733509.6481
  1319.461    8.9277    4.7277    3.8274   2102.6749    3.1392    15864267840.2705
  1336.239    8.9648    4.7453    3.8369   2107.7835    3.1364    16066112462.8478
  1353.018    9.0035    4.7635    3.8473   2113.0823    3.1337    16268297488.2394
  1369.796    9.0447    4.7827    3.8592   2118.7680    3.1313    16470899320.6741
  1386.574    9.0708    4.7945    3.8665   2122.2696    3.1292    16673848913.9119
  1403.353    9.0883    4.7973    3.8743   2124.1362    3.1274    16877055346.2596
  1420.131    9.1047    4.8008    3.8810   2126.1313    3.1259    17080522582.9309
  1436.910    9.1215    4.8042    3.8882   2128.1332    3.1247    17284255252.5685
  1453.688    9.1391    4.8076    3.8960   2130.1460    3.1238    17488305247.3342
  1470.467    9.1571    4.8106    3.9046   2132.1254    3.1233    17692730293.4590
  1487.245    9.2324    4.8494    3.9365   2145.6654    3.1230    17898184262.0467
  1504.023    9.2618    4.8647    3.9464   2151.2716    3.1229    18104714338.2710
  1520.802    9.2874    4.8770    3.9552   2156.9832    3.1231    18311724851.8026
  1537.580    9.3128    4.8896    3.9638   2162.0687    3.1237    18519205898.5448
  1554.359    9.3381    4.9028    3.9722   2166.9722    3.1247    18727173877.1885
  1554.359    4.9227    0.0000    4.0133         nan    3.1247    18727173877.1885
  1572.525    4.9370    0.0000    4.0195         nan    3.1257    18955171785.7502
  1590.692    4.9514    0.0000    4.0258         nan    3.1273    19183595772.4388
  1608.859    4.9657    0.0000    4.0320         nan    3.1294    19412486695.6897
  1627.026    4.9797    0.0000    4.0381         nan    3.1321    19641883200.4187
  1645.192    4.9933    0.0000    4.0441         nan    3.1355    19871822164.3998
  1663.359    5.0069    0.0000    4.0500         nan    3.1395    20102347041.6948
  1681.526    5.0206    0.0000    4.0560         nan    3.1442    20333507377.2395
  1699.692    5.0335    0.0000    4.0616         nan    3.1497    20565347530.1050
  1717.859    5.0465    0.0000    4.0673         nan    3.1559    20797914836.0350
  1717.859    5.2798    0.0000    6.5187         nan    3.1559    20797914836.0350
  1775.502    5.3401    0.0000    6.5602         nan    3.0578    21987552473.8775
  1833.145    5.3973    0.0000    6.5998         nan    2.9585    23147347225.8281
  1890.787    5.4517    0.0000    6.6375         nan    2.8579    24276050623.1005
  1948.430    5.5033    0.0000    6.6734         nan    2.7563    25372473279.6155
  2006.073    5.5522    0.0000    6.7076         nan    2.6537    26435482367.9810
  2063.716    5.5986    0.0000    6.7400         nan    2.5501    27463999413.1696
  2121.359    5.6426    0.0000    6.7708         nan    2.4455    28456998349.0026
  2179.001    5.6841    0.0000    6.8000         nan    2.3400    29413503791.4901
  2236.644    5.7233    0.0000    6.8276         nan    2.2337    30332589488.5808
  2294.287    5.7603    0.0000    6.8537         nan    2.1266    31213376907.3874
  2351.930    5.7951    0.0000    6.8782         nan    2.0187    32055033924.2597
  2409.573    5.8278    0.0000    6.9014         nan    1.9102    32856773579.8675
  2467.215    5.8584    0.0000    6.9230         nan    1.8009    33617852851.6673
  2524.858    5.8869    0.0000    6.9433         nan    1.6910    34337571391.2980
  2582.501    5.9135    0.0000    6.9621         nan    1.5805    35015270148.7456
  2640.144    5.9380    0.0000    6.9796         nan    1.4694    35650329768.6733
  2697.786    5.9607    0.0000    6.9957         nan    1.3577    36242168581.9428
  2755.429    5.9814    0.0000    7.0104         nan    1.2455    36790239896.5011
  2813.072    6.0002    0.0000    7.0239         nan    1.1327    37294028075.8114
  2870.715    6.0172    0.0000    7.0360         nan    1.0194    37753042471.4083
  2928.358    6.0323    0.0000    7.0468         nan    0.9054    38166807407.8112
  2986.000    6.0456    0.0000    7.0563         nan    0.7907    38534844519.9141
  3043.643    6.0572    0.0000    7.0646         nan    0.6748    38856639246.4723
  3101.286    6.0669    0.0000    7.0715         nan    0.5571    39131571542.9864
  3158.929    6.0748    0.0000    7.0772         nan    0.4359    39358756163.2360
  3216.572    6.0810    0.0000    7.0816         nan    0.3058    39536616698.9528
  3274.214    6.0854    0.0000    7.0847         nan    0.1459    39661482553.3815
  3331.857    6.0880    0.0000    7.0866         nan   -0.2157    39721074190.4782
  3389.500    6.0889    0.0000    7.0873         nan    0.0000    39632952210.1712
