# Depth[km]  Vp[km/s]  Vs[km/s] Rho[g/cm3]    T[K]     g[m/s2]         P[Pa]        
     0.000    3.2873    1.9662    1.5145    273.1500    3.7291              0.0000
    10.388    3.2873    1.9662    1.5145    311.5976    3.7388       58670010.7791
    10.388    5.0121    2.9978    2.3091    311.5976    3.7388       58670010.7791
    27.715    5.0121    2.9978    2.3091    375.7299    3.7437      208254844.9169
    27.715    6.5926    3.9432    3.0373    375.7299    3.7437      208254844.9169
    44.811    6.5926    3.9432    3.0373    439.0098    3.7383      402650641.5853
    44.811    7.9539    4.5337    3.4847    439.0098    3.7383      402650641.5853
    54.848    7.9489    4.5261    3.4849    476.1589    3.7314      533399118.5462
    64.884    7.9436    4.5182    3.4850    513.3080    3.7246      663913241.9068
    74.921    7.9379    4.5102    3.4851    550.4571    3.7177      794191448.3452
    84.958    7.9319    4.5020    3.4851    587.6062    3.7109      924231954.7069
    94.994    7.9251    4.4934    3.4849    624.7553    3.7041     1054031354.2876
   105.031    7.9189    4.4851    3.4849    661.9044    3.6974     1183589688.9273
   115.067    7.9126    4.4768    3.4848    699.0535    3.6907     1312908934.2405
   125.104    7.9062    4.4684    3.4847    736.2026    3.6840     1441988912.4778
   135.140    7.8992    4.4598    3.4844    773.3517    3.6773     1570827240.2631
   145.177    7.8928    4.4515    3.4842    810.5008    3.6707     1699423905.6627
   155.214    7.8861    4.4430    3.4840    847.6499    3.6641     1827780793.2978
   165.250    7.8789    4.4344    3.4836    884.7990    3.6575     1955894916.7657
   175.287    7.8719    4.4259    3.4832    921.9481    3.6510     2083765065.4072
   185.323    7.8656    4.4176    3.4829    959.0972    3.6445     2211394899.6003
   195.360    7.8586    4.4092    3.4825    996.2463    3.6380     2338784513.0498
   205.396    7.8516    4.4007    3.4820   1033.3954    3.6316     2465931532.3396
   215.433    7.8449    4.3923    3.4816   1070.5445    3.6252     2592836856.7021
   225.470    7.8377    4.3837    3.4810   1107.6936    3.6188     2719500926.5036
   235.506    7.8307    4.3752    3.4806   1144.8427    3.6125     2845924880.7274
   245.543    7.8237    4.3667    3.4801   1181.9918    3.6062     2972109960.5586
   255.579    7.8177    4.3587    3.4796   1219.1409    3.5999     3098057049.5383
   265.616    7.8102    4.3500    3.4789   1256.2900    3.5937     3223765537.3327
   275.653    7.8032    4.3415    3.4784   1293.4391    3.5875     3349236502.2781
   285.689    7.7964    4.3332    3.4779   1330.5882    3.5814     3474473138.3865
   295.726    7.7901    4.3251    3.4773   1367.7373    3.5753     3599475918.2744
   305.762    7.7833    4.3167    3.4767   1404.8864    3.5693     3724245046.2334
   315.799    7.7763    4.3083    3.4760   1442.0355    3.5632     3848779696.9201
   325.835    7.7692    4.2998    3.4754   1479.1846    3.5573     3973080818.0901
   335.872    7.7623    4.2914    3.4748   1516.3337    3.5513     4097151890.8037
   345.909    7.7553    4.2830    3.4740   1553.4828    3.5455     4220991852.3393
   355.945    7.7488    4.2748    3.4734   1590.6319    3.5396     4344601961.8892
   365.982    7.7420    4.2664    3.4728   1627.7810    3.5338     4467986818.8539
   376.018    7.7345    4.2578    3.4719   1664.9301    3.5281     4591143345.5443
   386.055    7.7277    4.2494    3.4713   1702.0792    3.5224     4714072864.6764
   396.091    7.7211    4.2411    3.4707   1739.2283    3.5167     4836781221.8909
   406.128    7.7134    4.2324    3.4698   1776.3774    3.5111     4959266616.2324
   416.165    7.7068    4.2241    3.4692   1813.5265    3.5056     5081530373.6484
   426.201    7.6991    4.2153    3.4683   1850.6756    3.5000     5203572739.4902
   436.238    7.6921    4.2067    3.4676   1887.8247    3.4946     5325395286.1582
   446.274    7.6845    4.1980    3.4667   1924.9738    3.4892     5447000756.8722
   468.961    7.7118    4.2062    3.4747   1929.3112    3.4770     5721729341.6958
   491.647    7.7381    4.2141    3.4826   1933.6028    3.4650     5996128202.9585
   514.333    7.7643    4.2220    3.4904   1937.8233    3.4530     6270192542.3272
   537.019    7.7897    4.2296    3.4982   1942.0172    3.4411     6543920333.7302
   559.706    7.8137    4.2365    3.5057   1945.9533    3.4294     6817302262.6927
   582.392    7.8386    4.2440    3.5132   1949.9575    3.4177     7090334804.3084
   605.078    7.8625    4.2509    3.5206   1953.7843    3.4062     7363019289.7633
   627.765    7.8857    4.2576    3.5280   1957.6945    3.3947     7635354004.3837
   650.451    7.9096    4.2646    3.5355   1961.6099    3.3834     7907347853.5718
   673.137    7.9331    4.2715    3.5428   1965.2920    3.3723     8179003590.7607
   695.823    7.9559    4.2782    3.5500   1968.9137    3.3613     8450317562.9328
   718.510    7.9785    4.2846    3.5571   1972.5118    3.3504     8721293339.7999
   741.196    8.0017    4.2915    3.5644   1976.1972    3.3397     8991944404.0072
   763.882    8.0242    4.2981    3.5715   1979.6313    3.3292     9262276234.1561
   786.569    8.0468    4.3046    3.5787   1983.1274    3.3189     9532297528.9497
   809.255    8.0691    4.3112    3.5858   1986.4700    3.3088     9802018750.0372
   831.941    8.0907    4.3173    3.5928   1989.8461    3.2988    10071442216.4230
   854.627    8.1139    4.3244    3.6001   1993.1325    3.2891    10340590083.2193
   877.314    8.1369    4.3315    3.6073   1996.3468    3.2796    10609486049.7865
   900.000    8.1595    4.3383    3.6146   1999.5712    3.2703    10878145687.2214
   916.872    8.1768    4.3437    3.6201   2001.9946    3.2635    11077735933.7943
   933.744    8.1936    4.3489    3.6255   2004.2911    3.2569    11277213585.6997
   950.615    8.2116    4.3548    3.6312   2006.6277    3.2504    11476591603.4331
   967.487    8.2316    4.3618    3.6376   2009.1599    3.2441    11675903316.7197
   984.359    8.2498    4.3679    3.6434   2011.4799    3.2379    11875158579.1875
  1001.231    8.2690    4.3745    3.6496   2013.8028    3.2318    12074361900.4445
  1018.103    8.2886    4.3816    3.6559   2016.1324    3.2259    12273534319.3731
  1034.975    8.3091    4.3890    3.6626   2018.4711    3.2201    12472696554.3902
  1051.846    8.3249    4.3939    3.6678   2020.6436    3.2145    12671826957.5262
  1068.718    8.3406    4.3984    3.6731   2022.7875    3.2091    12870895594.6063
  1085.590    8.3562    4.4031    3.6783   2024.9224    3.2039    13069913373.7640
  1102.462    8.4479    4.4596    3.7034   2034.4860    3.1987    13269427854.8469
  1119.334    8.5905    4.5506    3.7412   2047.8935    3.1934    13470317859.6527
  1136.205    8.7573    4.6581    3.7842   2066.2776    3.1878    13673048580.8229
  1153.077    8.8196    4.6944    3.8010   2069.0273    3.1820    13877028958.9290
  1169.949    8.8349    4.6986    3.8064   2071.4156    3.1763    14081234921.0118
  1186.821    8.8490    4.7024    3.8113   2073.7804    3.1708    14285351617.5979
  1203.693    8.8660    4.7072    3.8175   2076.1664    3.1656    14489412283.2728
  1220.564    8.8814    4.7115    3.8230   2078.5077    3.1605    14693446081.7320
  1237.436    8.8970    4.7158    3.8286   2080.9191    3.1557    14897451855.4351
  1254.308    8.9125    4.7202    3.8342   2083.2673    3.1511    15101446555.4942
  1271.180    8.9278    4.7246    3.8398   2085.6538    3.1468    15305441296.1430
  1288.052    8.9432    4.7289    3.8454   2088.0323    3.1427    15509451193.5255
  1304.924    8.9585    4.7332    3.8510   2090.4457    3.1389    15713493876.6020
  1321.795    8.9738    4.7376    3.8566   2092.8214    3.1354    15917585830.9399
  1338.667    8.9891    4.7420    3.8623   2095.2520    3.1321    16121746148.5364
  1355.539    9.0070    4.7483    3.8683   2097.9350    3.1291    16326002747.8618
  1372.411    9.0461    4.7677    3.8782   2103.5436    3.1264    16530485608.8681
  1389.283    9.0858    4.7879    3.8884   2109.1703    3.1240    16735321703.0169
  1406.154    9.1262    4.8088    3.8989   2114.9560    3.1218    16940542431.6073
  1423.026    9.1644    4.8284    3.9091   2120.5722    3.1199    17146164725.0878
  1439.898    9.2035    4.8490    3.9195   2126.5562    3.1182    17352204063.0733
  1456.770    9.2436    4.8705    3.9304   2132.3699    3.1169    17558697113.2380
  1473.642    9.2830    4.8918    3.9414   2138.6423    3.1158    17765675885.5278
  1490.514    9.3189    4.9111    3.9517   2144.0444    3.1151    17973143206.1411
  1507.385    9.3328    4.9154    3.9567   2146.2901    3.1147    18180964461.9750
  1524.257    9.3468    4.9199    3.9620   2148.5169    3.1148    18389031926.5927
  1541.129    9.3606    4.9243    3.9670   2150.7356    3.1153    18597374782.0427
  1558.001    9.3741    4.9287    3.9720   2152.9226    3.1163    18806016005.3754
  1558.001    5.1669    0.0000    4.0168         nan    3.1163    18806016005.3754
  1575.641    5.1778    0.0000    4.0223         nan    3.1171    19026972401.6677
  1593.281    5.1886    0.0000    4.0278         nan    3.1185    19248291760.7546
  1610.921    5.1994    0.0000    4.0333         nan    3.1205    19470011944.2784
  1628.560    5.2101    0.0000    4.0387         nan    3.1230    19692169929.4908
  1646.200    5.2204    0.0000    4.0439         nan    3.1261    19914800925.3259
  1663.840    5.2307    0.0000    4.0492         nan    3.1299    20137944868.7621
  1681.480    5.2411    0.0000    4.0544         nan    3.1343    20361647503.0296
  1699.120    5.2510    0.0000    4.0595         nan    3.1394    20585951518.1550
  1716.760    5.2609    0.0000    4.0646         nan    3.1452    20810900964.4507
  1716.760    5.2608    0.0000    6.4944         nan    3.1452    20810900964.4507
  1774.441    5.3399    0.0000    6.5358         nan    3.0473    21992849029.9663
  1832.121    5.4145    0.0000    6.5749         nan    2.9482    23145086258.7263
  1889.802    5.4849    0.0000    6.6120         nan    2.8479    24266330175.3590
  1947.483    5.5515    0.0000    6.6471         nan    2.7466    25355373319.6725
  2005.164    5.6143    0.0000    6.6804         nan    2.6442    26411078181.3264
  2062.844    5.6736    0.0000    6.7118         nan    2.5409    27432372933.7838
  2120.525    5.7296    0.0000    6.7415         nan    2.4368    28418247837.4473
  2178.206    5.7823    0.0000    6.7695         nan    2.3317    29367752212.9640
  2235.886    5.8319    0.0000    6.7959         nan    2.2259    30279991901.1925
  2293.567    5.8786    0.0000    6.8207         nan    2.1194    31154127170.3676
  2351.248    5.9224    0.0000    6.8441         nan    2.0122    31989371040.6382
  2408.928    5.9634    0.0000    6.8660         nan    1.9043    32784988024.1068
  2466.609    6.0017    0.0000    6.8865         nan    1.7959    33540293310.3913
  2524.290    6.0373    0.0000    6.9055         nan    1.6870    34254652464.5829
  2581.970    6.0704    0.0000    6.9233         nan    1.5777    34927481766.9568
  2639.651    6.1010    0.0000    6.9396         nan    1.4679    35558249417.1012
  2697.332    6.1292    0.0000    6.9547         nan    1.3579    36146477985.9793
  2755.012    6.1549    0.0000    6.9685         nan    1.2477    36691748777.9602
  2812.693    6.1782    0.0000    6.9811         nan    1.1374    37193709281.4473
  2870.374    6.1993    0.0000    6.9924         nan    1.0273    37652085885.9795
  2928.055    6.2180    0.0000    7.0024         nan    0.9175    38066706089.4129
  2985.735    6.2345    0.0000    7.0113         nan    0.8087    38437538894.7975
  3043.416    6.2487    0.0000    7.0189         nan    0.7017    38764772692.4501
  3101.097    6.2607    0.0000    7.0254         nan    0.5982    39048977583.2519
  3158.777    6.2705    0.0000    7.0306         nan    0.5026    39291480881.3166
  3216.458    6.2781    0.0000    7.0347         nan    0.4273    39495369971.0552
  3274.139    6.2835    0.0000    7.0377         nan    0.4225    39668797109.5182
  3331.819    6.2868    0.0000    7.0394         nan    0.8955    39840326831.2162
  3389.500    6.2878    0.0000    7.0400         nan    0.0000    40203941011.1808
