# Depth[km]  Vp[km/s]  Vs[km/s] Rho[g/cm3]    T[K]     g[m/s2]         P[Pa]        
     0.000    3.4823    2.0917    1.5704    273.1500    3.7291              0.0000
    12.114    3.4823    2.0917    1.5704    319.3970    3.7399       70944177.7376
    12.114    4.9643    2.9820    2.2388    319.3970    3.7399       70944177.7376
    33.526    4.9643    2.9820    2.2388    401.1418    3.7473      250214707.4516
    33.526    5.3758    3.2292    2.4243    401.1418    3.7473      250214707.4516
    49.998    5.3758    3.2292    2.4243    464.0288    3.7507      399857460.2378
    49.998    7.9999    4.5431    3.5200    464.0288    3.7507      399857460.2378
    59.937    7.9929    4.5338    3.5198    501.9764    3.7437      531080057.2050
    69.877    7.9855    4.5243    3.5196    539.9239    3.7367      662050866.5465
    79.817    7.9777    4.5145    3.5194    577.8715    3.7297      792768894.2908
    89.756    7.9701    4.5050    3.5191    615.8190    3.7228      923233818.7884
    99.696    7.9616    4.4950    3.5187    653.7666    3.7159     1053443892.1669
   109.635    7.9536    4.4853    3.5183    691.7141    3.7091     1183398877.4829
   119.575    7.9458    4.4759    3.5180    729.6617    3.7022     1313101100.1806
   129.515    7.9372    4.4661    3.5175    767.6092    3.6954     1442548860.0357
   139.454    7.9292    4.4567    3.5171    805.5568    3.6887     1571742296.7833
   149.394    7.9206    4.4470    3.5166    843.5043    3.6819     1700682398.5616
   159.333    7.9122    4.4374    3.5161    881.4519    3.6752     1829367914.5788
   169.273    7.9038    4.4280    3.5155    919.3994    3.6685     1957799725.1254
   179.213    7.8955    4.4185    3.5150    957.3470    3.6619     2085978204.2116
   189.152    7.8874    4.4092    3.5144    995.2945    3.6553     2213904658.1703
   199.092    7.8789    4.3998    3.5138   1033.2421    3.6487     2341579536.3506
   209.031    7.8702    4.3904    3.5131   1071.1896    3.6422     2469000774.3877
   218.971    7.8616    4.3809    3.5125   1109.1371    3.6356     2596169734.3661
   228.911    7.8529    4.3714    3.5118   1147.0847    3.6292     2723088158.5080
   238.850    7.8447    4.3622    3.5112   1185.0322    3.6227     2849756974.8746
   248.790    7.8364    4.3530    3.5105   1222.9798    3.6164     2976178109.4768
   258.729    7.8277    4.3436    3.5098   1260.9273    3.6100     3102350899.8340
   268.669    7.8194    4.3344    3.5091   1298.8749    3.6037     3228276852.3102
   278.609    7.8109    4.3250    3.5084   1336.8224    3.5974     3353957013.5634
   288.548    7.8034    4.3164    3.5076   1374.7700    3.5912     3479391131.6064
   298.488    7.7950    4.3070    3.5069   1412.7175    3.5850     3604581328.9601
   308.427    7.7877    4.2985    3.5062   1450.6651    3.5788     3729530118.6883
   318.367    7.7790    4.2892    3.5053   1488.6126    3.5727     3854236326.6164
   328.306    7.7712    4.2802    3.5045   1526.5602    3.5666     3978699954.2791
   338.246    7.7620    4.2704    3.5037   1564.5077    3.5606     4102923907.0756
   348.186    7.7545    4.2617    3.5030   1602.4553    3.5546     4226910585.9406
   358.125    7.7456    4.2524    3.5021   1640.4028    3.5486     4350659488.8415
   368.065    7.7379    4.2435    3.5014   1678.3504    3.5427     4474172539.4973
   378.004    7.7294    4.2343    3.5005   1716.2979    3.5369     4597452483.8020
   387.944    7.7212    4.2252    3.4997   1754.2455    3.5311     4720499445.1457
   397.884    7.7127    4.2159    3.4988   1792.1930    3.5253     4843314706.6515
   407.823    7.7042    4.2066    3.4979   1830.1405    3.5196     4965898003.4663
   417.763    7.6958    4.1974    3.4971   1868.0881    3.5139     5088252110.4751
   427.702    7.6873    4.1882    3.4962   1906.0356    3.5083     5210379793.6989
   437.642    7.6786    4.1788    3.4953   1943.9832    3.5027     5332281566.4295
   447.582    7.6703    4.1696    3.4944   1981.9307    3.4972     5453957961.1429
   470.203    7.6978    4.1782    3.5026   1986.4522    3.4847     5730723651.7693
   492.823    7.7250    4.1868    3.5107   1990.9165    3.4723     6007143738.3843
   515.444    7.7513    4.1951    3.5186   1995.1935    3.4600     6283208329.1750
   538.065    7.7768    4.2030    3.5265   1999.4109    3.4477     6558908608.8608
   560.686    7.8020    4.2108    3.5342   2003.5468    3.4356     6834241376.1442
   583.307    7.8267    4.2186    3.5419   2007.5348    3.4235     7109203373.1833
   605.928    7.8512    4.2263    3.5495   2011.4801    3.4115     7383792265.5573
   628.549    7.8759    4.2340    3.5572   2015.4322    3.3997     7658011460.3458
   651.170    7.8993    4.2412    3.5647   2019.2332    3.3880     7931861611.9274
   673.791    7.9238    4.2489    3.5722   2023.0653    3.3764     8205345146.9791
   696.412    7.9470    4.2561    3.5797   2026.7227    3.3649     8478467482.1644
   719.033    7.9706    4.2636    3.5872   2030.3020    3.3536     8751230563.3744
   741.654    7.9947    4.2713    3.5947   2033.9615    3.3425     9023647097.5223
   764.274    8.0176    4.2785    3.6022   2037.4604    3.3314     9295723784.8793
   786.895    8.0414    4.2862    3.6097   2040.8966    3.3206     9567467651.3840
   809.516    8.0648    4.2938    3.6172   2044.2606    3.3099     9838891875.5665
   832.137    8.0893    4.3020    3.6250   2047.7205    3.2994    10110016985.9522
   854.758    8.1136    4.3102    3.6328   2051.0293    3.2891    10380862710.0726
   877.379    8.1385    4.3186    3.6407   2054.2544    3.2790    10651447058.7907
   900.000    8.1634    4.3272    3.6488   2057.4311    3.2691    10921794050.9422
   916.963    8.1826    4.3341    3.6550   2059.8524    3.2618    11124303433.1514
   933.926    8.2029    4.3415    3.6616   2062.2554    3.2546    11326713858.8412
   950.889    8.2232    4.3490    3.6682   2064.6126    3.2475    11529042474.8848
   967.851    8.2449    4.3574    3.6753   2067.0041    3.2406    11731308901.8529
   984.814    8.2642    4.3645    3.6816   2069.3651    3.2337    11933508475.6873
  1001.777    8.2919    4.3764    3.6905   2071.8404    3.2270    12135700185.0888
  1018.740    8.3115    4.3834    3.6974   2074.3807    3.2204    12337907114.4408
  1035.703    8.3300    4.3899    3.7039   2077.0445    3.2140    12540066273.7811
  1052.666    8.3491    4.3963    3.7109   2079.7107    3.2077    12742186689.3722
  1069.628    8.3647    4.4013    3.7165   2082.0065    3.2016    12944252904.8512
  1086.591    8.3797    4.4058    3.7218   2084.2469    3.1956    13146230671.5120
  1103.554    8.3946    4.4103    3.7272   2086.4920    3.1898    13348123199.5498
  1120.517    8.4791    4.4613    3.7510   2095.8065    3.1841    13550438253.6687
  1137.480    8.6291    4.5561    3.7910   2110.1569    3.1782    13754114109.7259
  1154.443    8.8185    4.6773    3.8398   2126.0905    3.1719    13959806565.7545
  1171.406    8.9024    4.7282    3.8619   2135.2160    3.1654    14166999451.5952
  1188.368    8.9166    4.7324    3.8670   2137.2235    3.1590    14374498618.9274
  1205.331    8.9306    4.7365    3.8723   2139.1604    3.1528    14581854714.8526
  1222.294    8.9443    4.7405    3.8774   2141.1041    3.1467    14789078782.2251
  1239.257    8.9576    4.7444    3.8824   2143.1186    3.1409    14996178322.6860
  1256.220    8.9713    4.7485    3.8877   2144.9807    3.1354    15203172036.1014
  1273.183    8.9844    4.7523    3.8928   2146.7969    3.1301    15410074469.0126
  1290.146    8.9974    4.7560    3.8978   2148.5449    3.1250    15616894041.2541
  1307.108    9.0105    4.7599    3.9031   2150.2015    3.1201    15823650950.7192
  1324.071    9.0231    4.7635    3.9082   2151.8600    3.1156    16030362448.3956
  1341.034    9.0356    4.7670    3.9133   2153.3958    3.1113    16237040807.8069
  1357.997    9.0484    4.7707    3.9186   2154.8855    3.1073    16443709980.2772
  1374.960    9.0607    4.7741    3.9237   2156.2847    3.1036    16650389586.1434
  1391.923    9.0729    4.7776    3.9290   2157.4419    3.1002    16857096150.7071
  1408.885    9.0846    4.7812    3.9336   2158.9127    3.0971    17063835829.2741
  1425.848    9.1113    4.7931    3.9428   2161.8886    3.0943    17270731450.8770
  1442.811    9.1503    4.8140    3.9534   2166.4377    3.0918    17477959800.9654
  1459.774    9.1883    4.8344    3.9639   2170.9371    3.0896    17685574645.9602
  1476.737    9.2280    4.8561    3.9753   2175.5597    3.0877    17893615704.3269
  1493.700    9.2701    4.8798    3.9874   2180.4581    3.0860    18102140943.0341
  1510.663    9.3088    4.9012    3.9993   2185.1568    3.0847    18311183382.3241
  1527.625    9.3411    4.9189    4.0094   2188.7634    3.0836    18520709687.0573
  1544.588    9.3537    4.9235    4.0137   2191.0139    3.0830    18730542750.8398
  1561.551    9.3658    4.9273    4.0190   2193.3272    3.0828    18940583810.5582
  1561.551    5.0109    0.0000    3.9729         nan    3.0828    18940583810.5582
  1577.626    5.0229    0.0000    3.9781         nan    3.0837    19137597843.4143
  1593.702    5.0349    0.0000    3.9833         nan    3.0850    19334924841.3330
  1609.777    5.0469    0.0000    3.9885         nan    3.0867    19532592802.7051
  1625.852    5.0588    0.0000    3.9937         nan    3.0890    19730630470.4765
  1641.927    5.0703    0.0000    3.9986         nan    3.0917    19929062501.1031
  1658.002    5.0817    0.0000    4.0036         nan    3.0949    20127915414.2725
  1674.078    5.0931    0.0000    4.0085         nan    3.0987    20327222548.7119
  1690.153    5.1045    0.0000    4.0135         nan    3.1030    20527017796.4867
  1706.228    5.1154    0.0000    4.0182         nan    3.1079    20727331813.5011
  1706.228    5.3213    0.0000    6.3797         nan    3.1079    20727331813.5011
  1764.272    5.3937    0.0000    6.4192         nan    3.0110    21881742024.9788
  1822.316    5.4622    0.0000    6.4568         nan    2.9130    23006916466.1527
  1880.360    5.5271    0.0000    6.4924         nan    2.8139    24101653598.8520
  1938.404    5.5885    0.0000    6.5261         nan    2.7138    25164818505.6676
  1996.447    5.6465    0.0000    6.5582         nan    2.6127    26195339140.7944
  2054.491    5.7014    0.0000    6.5885         nan    2.5107    27192203184.6279
  2112.535    5.7533    0.0000    6.6172         nan    2.4079    28154455421.4323
  2170.579    5.8022    0.0000    6.6443         nan    2.3043    29081195585.9051
  2228.623    5.8484    0.0000    6.6699         nan    2.1999    29971576643.6039
  2286.667    5.8918    0.0000    6.6940         nan    2.0949    30824803493.4648
  2344.711    5.9326    0.0000    6.7167         nan    1.9892    31640132114.8646
  2402.754    5.9708    0.0000    6.7380         nan    1.8829    32416869206.4760
  2460.798    6.0065    0.0000    6.7579         nan    1.7762    33154372409.6053
  2518.842    6.0398    0.0000    6.7765         nan    1.6690    33852051284.2470
  2576.886    6.0707    0.0000    6.7938         nan    1.5615    34509369304.8301
  2634.930    6.0993    0.0000    6.8097         nan    1.4537    35125847318.7849
  2692.974    6.1257    0.0000    6.8245         nan    1.3458    35701069207.4370
  2751.018    6.1497    0.0000    6.8379         nan    1.2379    36234691008.2988
  2809.061    6.1716    0.0000    6.8502         nan    1.1302    36726455725.7074
  2867.105    6.1913    0.0000    6.8612         nan    1.0232    37176217929.3694
  2925.149    6.2089    0.0000    6.8711         nan    0.9172    37583986079.1275
  2983.193    6.2243    0.0000    6.8797         nan    0.8131    37949998915.4198
  3041.237    6.2376    0.0000    6.8872         nan    0.7127    38274872145.1469
  3099.281    6.2489    0.0000    6.8935         nan    0.6193    38559903575.6218
  3157.325    6.2581    0.0000    6.8987         nan    0.5410    38807778374.0775
  3215.368    6.2652    0.0000    6.9027         nan    0.5013    39024451961.6064
  3273.412    6.2703    0.0000    6.9055         nan    0.5958    39225354149.7869
  3331.456    6.2734    0.0000    6.9072         nan    1.5987    39464200051.2513
  3389.500    6.2744    0.0000    6.9078         nan    0.0000    40105199168.2755
