# Depth[km]  Vp[km/s]  Vs[km/s] Rho[g/cm3]    T[K]     g[m/s2]         P[Pa]        
     0.000    3.5297    2.0888    1.6527    273.1500    3.7291              0.0000
    10.599    3.5297    2.0888    1.6527    312.3483    3.7378       65320507.6294
    10.599    4.5099    2.6689    2.1117    312.3483    3.7378       65320507.6294
    25.257    4.5099    2.6689    2.1117    366.5638    3.7443      181015151.2835
    25.257    6.4452    3.8142    3.0178    366.5638    3.7443      181015151.2835
    43.706    6.4452    3.8142    3.0178    434.7996    3.7388      389480385.2959
    43.706    7.8433    4.4860    3.4773    434.7996    3.7388      389480385.2959
    53.701    7.8393    4.4793    3.4778    471.7678    3.7320      519433938.6252
    63.696    7.8350    4.4724    3.4782    508.7359    3.7252      649166382.7096
    73.690    7.8305    4.4654    3.4785    545.7041    3.7185      778676037.7686
    83.685    7.8254    4.4580    3.4787    582.6723    3.7117      907960370.8875
    93.680    7.8203    4.4507    3.4789    619.6404    3.7050     1037018318.6895
   103.675    7.8140    4.4428    3.4788    656.6086    3.6984     1165846185.6073
   113.670    7.8085    4.4353    3.4789    693.5768    3.6917     1294442493.6096
   123.665    7.8029    4.4276    3.4790    730.5449    3.6851     1422810143.9751
   133.660    7.7972    4.4199    3.4790    767.5131    3.6785     1550949289.7072
   143.655    7.7906    4.4118    3.4788    804.4813    3.6719     1678855838.5928
   153.650    7.7848    4.4041    3.4787    841.4494    3.6654     1806529111.4585
   163.645    7.7781    4.3959    3.4785    878.4176    3.6589     1933968999.3223
   173.640    7.7723    4.3882    3.4783    915.3858    3.6524     2061175536.8510
   183.635    7.7659    4.3802    3.4781    952.3539    3.6460     2188149958.0302
   193.630    7.7600    4.3724    3.4779    989.3221    3.6396     2314891653.2992
   203.625    7.7535    4.3643    3.4775   1026.2903    3.6332     2441400525.2555
   213.620    7.7465    4.3561    3.4770   1063.2584    3.6269     2567672218.0597
   223.615    7.7410    4.3484    3.4767   1100.2266    3.6206     2693709551.4762
   233.610    7.7342    4.3402    3.4763   1137.1948    3.6143     2819515015.3816
   243.605    7.7274    4.3320    3.4759   1174.1629    3.6081     2945087364.5893
   253.600    7.7209    4.3239    3.4755   1211.1311    3.6019     3070428303.7074
   263.595    7.7143    4.3158    3.4750   1248.0993    3.5957     3195538276.9948
   273.590    7.7075    4.3076    3.4745   1285.0674    3.5896     3320418031.7935
   283.585    7.7011    4.2997    3.4741   1322.0356    3.5835     3445068430.8910
   293.579    7.6930    4.2909    3.4735   1359.0038    3.5775     3569489519.5055
   303.574    7.6842    4.2818    3.4729   1395.9719    3.5715     3693680586.0368
   313.569    7.6765    4.2732    3.4725   1432.9401    3.5655     3817645249.7128
   323.564    7.6689    4.2647    3.4721   1469.9083    3.5596     3941387960.1468
   333.559    7.6607    4.2559    3.4715   1506.8764    3.5537     4064908075.9365
   343.554    7.6523    4.2470    3.4710   1543.8446    3.5479     4188205563.9922
   353.549    7.6446    4.2384    3.4705   1580.8128    3.5421     4311283044.6681
   363.544    7.6354    4.2291    3.4699   1617.7809    3.5364     4434139859.7633
   373.539    7.6267    4.2201    3.4693   1654.7491    3.5306     4556774913.1661
   383.534    7.6187    4.2114    3.4688   1691.7173    3.5250     4679192202.9000
   393.529    7.6105    4.2025    3.4683   1728.6854    3.5194     4801395302.9715
   403.524    7.6015    4.1933    3.4676   1765.6536    3.5138     4923383412.5061
   413.519    7.5933    4.1844    3.4671   1802.6218    3.5083     5045157729.3818
   423.514    7.5840    4.1751    3.4664   1839.5899    3.5028     5166718526.7745
   433.509    7.5700    4.1639    3.4650   1876.5581    3.4974     5288053477.5861
   443.504    7.5621    4.1551    3.4645   1913.5263    3.4920     5409168540.4259
   466.329    7.5906    4.1626    3.4725   1917.5574    3.4798     5685622830.9586
   489.153    7.6185    4.1698    3.4803   1921.5614    3.4678     5961740456.0523
   511.978    7.6586    4.1820    3.4900   1926.8072    3.4557     6237593100.8537
   534.803    7.6885    4.1902    3.4981   1931.0680    3.4438     6513192948.1634
   557.628    7.7164    4.1976    3.5059   1935.0278    3.4319     6788466732.0589
   580.453    7.7439    4.2050    3.5137   1938.9230    3.4202     7063401637.6072
   603.277    7.7713    4.2125    3.5213   1942.7744    3.4086     7337996499.7624
   626.102    7.7984    4.2198    3.5290   1946.6446    3.3971     7612252906.5419
   648.927    7.8251    4.2270    3.5365   1950.3737    3.3857     7886170881.3028
   671.752    7.8510    4.2341    3.5438   1953.9803    3.3745     8159745807.3621
   694.577    7.8763    4.2408    3.5511   1957.5404    3.3634     8432977043.9652
   717.402    7.9016    4.2475    3.5583   1961.0285    3.3525     8705867848.1024
   740.226    7.9266    4.2542    3.5655   1964.4875    3.3417     8978423293.9246
   763.051    7.9509    4.2607    3.5726   1967.8197    3.3311     9250647364.8016
   785.876    7.9753    4.2672    3.5796   1971.1724    3.3207     9522545854.2253
   808.701    7.9997    4.2738    3.5867   1974.4886    3.3105     9794129873.0619
   831.526    8.0236    4.2802    3.5936   1977.6872    3.3005    10065407750.5564
   854.350    8.0477    4.2868    3.6006   1980.8806    3.2907    10336390760.2676
   877.175    8.0714    4.2932    3.6075   1983.9944    3.2812    10607092456.2541
   900.000    8.0963    4.3003    3.6147   1987.3070    3.2718    10877534652.5199
   916.282    8.1132    4.3049    3.6196   1989.4598    3.2653    11070228260.3834
   932.564    8.1300    4.3096    3.6246   1991.5877    3.2590    11262801722.4749
   948.846    8.1468    4.3143    3.6295   1993.7123    3.2527    11455262076.4835
   965.128    8.1635    4.3190    3.6345   1995.8379    3.2466    11647616720.0664
   981.410    8.1815    4.3244    3.6397   1998.0299    3.2407    11839880068.0829
   997.692    8.1984    4.3292    3.6448   2000.1328    3.2349    12032062345.9665
  1013.974    8.2162    4.3347    3.6500   2002.2009    3.2292    12224171688.7041
  1030.256    8.2324    4.3391    3.6549   2004.1517    3.2237    12416211257.4228
  1046.538    8.2476    4.3430    3.6594   2006.1795    3.2184    12608170913.0717
  1062.820    8.2691    4.3513    3.6656   2008.6382    3.2132    12800093676.0815
  1079.102    8.3688    4.4132    3.6922   2017.8720    3.2081    12992566451.3654
  1095.384    8.4815    4.4839    3.7222   2029.6958    3.2028    13186208483.2980
  1111.666    8.6005    4.5588    3.7533   2040.8156    3.1973    13381122833.9142
  1127.948    8.6149    4.5621    3.7577   2044.4533    3.1919    13576630817.0225
  1144.230    8.6307    4.5663    3.7626   2046.8814    3.1866    13772047864.2508
  1160.512    8.6449    4.5696    3.7671   2050.6922    3.1816    13967385513.4992
  1176.794    8.7192    4.6344    3.7745   2053.6325    3.1767    14162720895.5433
  1193.076    8.7301    4.6356    3.7784   2062.9614    3.1720    14358048719.5713
  1209.358    8.7692    4.6651    3.7841   2065.4621    3.1675    14553337980.4130
  1225.640    8.7838    4.6693    3.7889   2067.7259    3.1633    14748622713.0527
  1241.922    8.7985    4.6735    3.7935   2070.0437    3.1593    14943887070.7480
  1258.204    8.8122    4.6775    3.7978   2072.3707    3.1555    15139133604.6909
  1274.486    8.8405    4.6894    3.8053   2076.0544    3.1520    15334449194.4831
  1290.769    8.8768    4.7065    3.8140   2081.1089    3.1486    15529961819.6627
  1307.051    8.9142    4.7242    3.8233   2086.0191    3.1455    15725727810.5643
  1323.333    8.9512    4.7416    3.8327   2091.1097    3.1426    15921778513.2757
  1339.615    8.9891    4.7596    3.8427   2096.1267    3.1399    16118145186.6895
  1355.897    9.0264    4.7775    3.8528   2101.3078    3.1374    16314854472.7805
  1372.179    9.0647    4.7954    3.8638   2106.3554    3.1351    16511947156.8071
  1388.461    9.0787    4.7995    3.8684   2108.5919    3.1331    16709297888.3310
  1404.743    9.0959    4.8023    3.8761   2110.2761    3.1314    16906834623.1403
  1421.025    9.1118    4.8057    3.8825   2112.2364    3.1300    17104622851.3573
  1437.307    9.1280    4.8089    3.8896   2114.1188    3.1289    17302667199.0192
  1453.589    9.1448    4.8122    3.8969   2116.0714    3.1282    17501009608.7138
  1469.871    9.1802    4.8255    3.9132   2123.7829    3.1277    17699905407.5592
  1486.153    9.2459    4.8602    3.9399   2132.8717    3.1273    17899864820.3606
  1502.435    9.2716    4.8729    3.9487   2138.5227    3.1272    18100705268.6032
  1518.717    9.2970    4.8855    3.9573   2143.6278    3.1274    18301979276.5665
  1534.999    9.3227    4.8986    3.9659   2148.6426    3.1280    18503707074.3385
  1534.999    5.3055    0.0000    4.0337         nan    3.1280    18503707074.3385
  1552.303    5.3189    0.0000    4.0389         nan    3.1281    18722184829.0395
  1569.607    5.3322    0.0000    4.0441         nan    3.1286    18940949043.7631
  1586.912    5.3456    0.0000    4.0493         nan    3.1297    19160033717.1086
  1604.216    5.3588    0.0000    4.0545         nan    3.1313    19379472445.8094
  1621.520    5.3715    0.0000    4.0594         nan    3.1334    19599296030.8887
  1638.825    5.3842    0.0000    4.0644         nan    3.1361    19819539035.6176
  1656.129    5.3969    0.0000    4.0694         nan    3.1394    20040242343.8381
  1673.433    5.4092    0.0000    4.0742         nan    3.1434    20261444934.7126
  1690.737    5.4214    0.0000    4.0789         nan    3.1480    20483185387.5035
  1690.737    5.2075    0.0000    6.3865         nan    3.1480    20483185387.5035
  1749.315    5.2664    0.0000    6.4289         nan    3.0507    21664773299.4139
  1807.894    5.3224    0.0000    6.4693         nan    2.9521    22817234293.5840
  1866.472    5.3755    0.0000    6.5078         nan    2.8523    23939287293.3164
  1925.050    5.4260    0.0000    6.5445         nan    2.7515    25029711138.1172
  1983.628    5.4739    0.0000    6.5795         nan    2.6495    26087342312.8391
  2042.206    5.5192    0.0000    6.6127         nan    2.5465    27111073012.2517
  2100.784    5.5622    0.0000    6.6442         nan    2.4426    28099849498.3443
  2159.362    5.6029    0.0000    6.6741         nan    2.3378    29052670715.1290
  2217.940    5.6413    0.0000    6.7024         nan    2.2321    29968587137.5118
  2276.518    5.6775    0.0000    6.7291         nan    2.1257    30846699844.9570
  2335.096    5.7115    0.0000    6.7544         nan    2.0184    31686159818.2999
  2393.674    5.7435    0.0000    6.7781         nan    1.9105    32486167471.3374
  2452.252    5.7734    0.0000    6.8003         nan    1.8020    33245972451.6248
  2510.830    5.8013    0.0000    6.8211         nan    1.6928    33964873767.6516
  2569.408    5.8273    0.0000    6.8404         nan    1.5831    34642220342.9494
  2627.986    5.8514    0.0000    6.8584         nan    1.4730    35277412166.7072
  2686.564    5.8735    0.0000    6.8749         nan    1.3625    35869902325.1025
  2745.142    5.8938    0.0000    6.8901         nan    1.2516    36419200400.4192
  2803.720    5.9122    0.0000    6.9039         nan    1.1406    36924878102.3372
  2862.298    5.9288    0.0000    6.9164         nan    1.0296    37386578723.1612
  2920.876    5.9437    0.0000    6.9275         nan    0.9187    37804033504.8025
  2979.454    5.9567    0.0000    6.9373         nan    0.8083    38177091272.0652
  3038.032    5.9680    0.0000    6.9457         nan    0.6992    38505775425.1494
  3096.610    5.9775    0.0000    6.9529         nan    0.5926    38790402585.2260
  3155.188    5.9853    0.0000    6.9587         nan    0.4916    39031856912.2203
  3213.766    5.9913    0.0000    6.9632         nan    0.4053    39232322570.1909
  3272.344    5.9956    0.0000    6.9665         nan    0.3702    39397697303.2073
  3330.922    5.9982    0.0000    6.9684         nan    0.6822    39548800762.4040
  3389.500    5.9990    0.0000    6.9691         nan    0.0000    39827272159.3654
