# Depth[km]  Vp[km/s]  Vs[km/s] Rho[g/cm3]    T[K]     g[m/s2]         P[Pa]        
     0.000    3.3903    2.0076    1.5618    273.1500    3.7291              0.0000
    10.297    3.3903    2.0076    1.5618    311.0810    3.7383       59971909.4185
    10.297    5.0149    2.9697    2.3103    311.0810    3.7383       59971909.4185
    26.507    5.0149    2.9697    2.3103    370.7986    3.7429      199967363.5987
    26.507    6.3704    3.7724    2.9347    370.7986    3.7429      199967363.5987
    42.629    6.3704    3.7724    2.9347    430.1961    3.7391      377065239.3661
    42.629    7.8438    4.4868    3.4773    430.1961    3.7391      377065239.3661
    52.502    7.8400    4.4803    3.4778    466.5667    3.7324      505436021.1578
    62.374    7.8360    4.4736    3.4782    502.9372    3.7257      633591869.5035
    72.247    7.8314    4.4667    3.4785    539.3078    3.7190      761530898.9111
    82.119    7.8266    4.4595    3.4787    575.6783    3.7124      889250643.5696
    91.991    7.8217    4.4523    3.4789    612.0489    3.7058     1016750092.4610
   101.864    7.8156    4.4446    3.4789    648.4194    3.6992     1144025626.8280
   111.736    7.8102    4.4371    3.4790    684.7900    3.6926     1271075910.1878
   121.609    7.8049    4.4297    3.4791    721.1605    3.6860     1397904314.5352
   131.481    7.7994    4.4222    3.4792    757.5311    3.6795     1524510726.4503
   141.353    7.7931    4.4143    3.4790    793.9016    3.6730     1650891090.1103
   151.226    7.7873    4.4066    3.4789    830.2722    3.6666     1777043878.7111
   161.098    7.7816    4.3990    3.4789    866.6427    3.6601     1902972128.5622
   170.970    7.7754    4.3912    3.4787    903.0133    3.6537     2028674420.4146
   180.843    7.7696    4.3835    3.4785    939.3838    3.6473     2154149969.3886
   190.715    7.7628    4.3754    3.4782    975.7544    3.6410     2279397512.3530
   200.588    7.7566    4.3675    3.4778   1012.1249    3.6347     2404415371.5285
   210.460    7.7512    4.3600    3.4776   1048.4955    3.6284     2529207542.7875
   220.332    7.7442    4.3518    3.4771   1084.8660    3.6222     2653770943.4554
   230.205    7.7379    4.3439    3.4767   1121.2366    3.6160     2778102897.9879
   240.077    7.7312    4.3358    3.4763   1157.6071    3.6098     2902207404.0337
   249.950    7.7247    4.3278    3.4759   1193.9777    3.6037     3026086039.5735
   259.822    7.7182    4.3198    3.4755   1230.3482    3.5976     3149739426.4524
   269.694    7.7120    4.3120    3.4751   1266.7188    3.5915     3273168794.6667
   279.567    7.7053    4.3040    3.4746   1303.0893    3.5855     3396375108.5633
   289.439    7.6987    4.2960    3.4742   1339.4599    3.5795     3519358797.2735
   299.311    7.6903    4.2871    3.4736   1375.8304    3.5735     3642119615.3511
   309.184    7.6830    4.2788    3.4732   1412.2010    3.5676     3764660024.6685
   319.056    7.6754    4.2703    3.4728   1448.5715    3.5618     3886983532.7893
   328.929    7.6670    4.2615    3.4722   1484.9421    3.5559     4009088283.7715
   338.801    7.6593    4.2530    3.4718   1521.3126    3.5501     4130975509.9897
   348.673    7.6515    4.2444    3.4714   1557.6832    3.5444     4252649062.8270
   358.546    7.6438    4.2358    3.4709   1594.0537    3.5387     4374109916.0544
   368.418    7.6341    4.2265    3.4701   1630.4243    3.5330     4495353625.2471
   378.291    7.6265    4.2180    3.4697   1666.7948    3.5274     4616381795.0497
   388.163    7.6182    4.2092    3.4692   1703.1654    3.5218     4737200705.3578
   398.035    7.6103    4.2005    3.4687   1739.5359    3.5163     4857811234.9432
   407.908    7.6018    4.1917    3.4681   1775.9065    3.5108     4978212836.9552
   417.780    7.5938    4.1830    3.4676   1812.2770    3.5053     5098407002.1599
   427.652    7.5841    4.1735    3.4669   1848.6476    3.4999     5218393877.0720
   437.525    7.5708    4.1627    3.4655   1885.0181    3.4946     5338160146.3697
   460.649    7.5991    4.1700    3.4736   1889.0883    3.4822     5618526637.2431
   483.772    7.6384    4.1816    3.4832   1894.2246    3.4698     5898609201.4756
   506.896    7.6683    4.1898    3.4914   1898.4075    3.4575     6178412663.8337
   530.020    7.6987    4.1982    3.4996   1902.5885    3.4453     6457881718.9318
   553.144    7.7272    4.2060    3.5075   1906.5287    3.4332     6737007918.9763
   576.267    7.7549    4.2133    3.5153   1910.4237    3.4212     7015777670.6524
   599.391    7.7824    4.2207    3.5231   1914.2737    3.4094     7294189545.9558
   622.515    7.8102    4.2284    3.5308   1918.0950    3.3976     7572244369.4625
   645.639    7.8364    4.2354    3.5383   1921.7365    3.3860     7849938037.4072
   668.762    7.8625    4.2424    3.5457   1925.3039    3.3745     8127265792.2371
   691.886    7.8882    4.2493    3.5531   1928.8667    3.3632     8404230761.5498
   715.010    7.9138    4.2561    3.5604   1932.3262    3.3520     8680836911.3187
   738.134    7.9390    4.2628    3.5677   1935.7722    3.3410     8957088810.7781
   761.257    7.9642    4.2697    3.5749   1939.1604    3.3302     9232992965.5402
   784.381    7.9884    4.2761    3.5819   1942.4102    3.3195     9508552195.1095
   807.505    8.0132    4.2829    3.5890   1945.6876    3.3091     9783775181.6084
   830.629    8.0377    4.2895    3.5962   1948.9670    3.2989    10058677507.1415
   853.752    8.0616    4.2960    3.6031   1952.0743    3.2889    10333266820.4355
   876.876    8.0863    4.3028    3.6103   1955.3115    3.2791    10607558984.3655
   900.000    8.1107    4.3096    3.6173   1958.4375    3.2695    10881574653.8755
   916.835    8.1280    4.3143    3.6224   1960.6313    3.2628    11080825859.1117
   933.670    8.1453    4.3192    3.6275   1962.7663    3.2561    11279942405.8041
   950.505    8.1629    4.3242    3.6327   1964.9113    3.2496    11478933502.3751
   967.341    8.1804    4.3291    3.6378   1967.1814    3.2432    11677809378.4065
   984.176    8.1992    4.3350    3.6434   1969.3109    3.2370    11876587923.3385
  1001.011    8.2174    4.3404    3.6488   1971.4549    3.2310    12075284842.6352
  1017.846    8.2336    4.3447    3.6536   1973.5122    3.2251    12273889116.1211
  1034.681    8.2500    4.3492    3.6585   1975.5112    3.2194    12472394934.9033
  1051.516    8.2660    4.3535    3.6633   1977.5088    3.2138    12670810272.6003
  1068.352    8.3585    4.4102    3.6882   1986.1635    3.2084    12869687761.4465
  1085.187    8.4611    4.4738    3.7158   2001.7394    3.2028    13069645196.2864
  1102.022    8.6017    4.5637    3.7524   2011.6510    3.1970    13270984680.5259
  1118.857    8.6630    4.6127    3.7599   2019.1795    3.1911    13473146448.0796
  1135.692    8.7172    4.6565    3.7665   2025.6345    3.1854    13675316246.1604
  1152.527    8.7323    4.6609    3.7712   2028.1728    3.1799    13877427950.8844
  1169.363    8.7476    4.6654    3.7759   2030.5483    3.1747    14079444314.7711
  1186.198    8.7629    4.6698    3.7808   2032.9714    3.1696    14281381799.4929
  1203.033    8.7779    4.6741    3.7855   2035.3730    3.1648    14483253950.9135
  1219.868    8.7928    4.6782    3.7903   2037.6893    3.1602    14685072525.3839
  1236.703    8.8078    4.6825    3.7951   2040.0635    3.1558    14886853401.8444
  1253.538    8.8262    4.6889    3.8005   2043.1084    3.1517    15088625591.8659
  1270.374    8.8656    4.7077    3.8097   2048.1094    3.1478    15290522678.3492
  1287.209    8.9035    4.7255    3.8190   2053.0560    3.1442    15492663476.6725
  1304.044    8.9417    4.7437    3.8285   2058.1238    3.1407    15695064189.6933
  1320.879    8.9800    4.7619    3.8384   2063.2326    3.1375    15897753515.3206
  1337.714    9.0179    4.7798    3.8486   2068.4441    3.1344    16100764145.1277
  1354.549    9.0580    4.7989    3.8597   2073.8967    3.1316    16304141699.1754
  1371.385    9.0783    4.8055    3.8666   2076.3253    3.1291    16507812410.5462
  1388.220    9.0941    4.8093    3.8726   2078.4184    3.1269    16711657906.7748
  1405.055    9.1101    4.8129    3.8789   2080.4230    3.1250    16915681600.8290
  1421.890    9.1266    4.8162    3.8858   2082.3314    3.1234    17119927165.7289
  1438.725    9.1432    4.8195    3.8929   2084.2483    3.1221    17324439272.2074
  1455.560    9.1607    4.8229    3.9008   2086.2061    3.1212    17529263656.0507
  1472.396    9.2524    4.8708    3.9398   2101.6149    3.1204    17735259547.0834
  1489.231    9.2808    4.8853    3.9493   2107.4323    3.1198    17942478833.8164
  1506.066    9.3073    4.8985    3.9583   2112.9660    3.1195    18150140355.9558
  1522.901    9.3339    4.9122    3.9671   2118.3093    3.1195    18358249430.3980
  1539.736    9.3577    4.9239    3.9752   2123.3270    3.1200    18566806008.7452
  1556.571    9.3819    4.9362    3.9832   2128.2636    3.1209    18775815348.4561
  1556.571    5.2772    0.0000    4.0145         nan    3.1209    18775815348.4561
  1573.216    5.2901    0.0000    4.0194         nan    3.1217    18984477168.6578
  1589.861    5.3030    0.0000    4.0244         nan    3.1231    19193454351.7307
  1606.505    5.3159    0.0000    4.0293         nan    3.1249    19402778912.1269
  1623.150    5.3287    0.0000    4.0342         nan    3.1273    19612483078.2134
  1639.794    5.3410    0.0000    4.0390         nan    3.1302    19822595890.5053
  1656.439    5.3533    0.0000    4.0437         nan    3.1336    20033149209.5324
  1673.083    5.3656    0.0000    4.0484         nan    3.1376    20244181264.9179
  1689.728    5.3777    0.0000    4.0531         nan    3.1423    20455729671.3483
  1706.372    5.3894    0.0000    4.0576         nan    3.1476    20667830462.1373
  1706.372    5.1986    0.0000    6.4514         nan    3.1476    20667830462.1373
  1764.411    5.2754    0.0000    6.4939         nan    3.0500    21850265218.8622
  1822.450    5.3479    0.0000    6.5340         nan    2.9511    23003338231.6542
  1880.489    5.4164    0.0000    6.5721         nan    2.8510    24125733520.6386
  1938.528    5.4812    0.0000    6.6082         nan    2.7499    25216210334.0821
  1996.567    5.5424    0.0000    6.6423         nan    2.6477    26273598309.5574
  2054.606    5.6001    0.0000    6.6746         nan    2.5445    27296793401.9272
  2112.645    5.6547    0.0000    6.7051         nan    2.4404    28284754452.0748
  2170.683    5.7061    0.0000    6.7340         nan    2.3354    29236500298.9833
  2228.722    5.7545    0.0000    6.7612         nan    2.2297    30151107375.3021
  2286.761    5.8000    0.0000    6.7868         nan    2.1231    31027707739.1242
  2344.800    5.8428    0.0000    6.8108         nan    2.0159    31865487521.5194
  2402.839    5.8828    0.0000    6.8334         nan    1.9081    32663685799.5661
  2460.878    5.9202    0.0000    6.8545         nan    1.7996    33421593928.5976
  2518.917    5.9551    0.0000    6.8742         nan    1.6906    34138555416.3766
  2576.956    5.9874    0.0000    6.8924         nan    1.5812    34813966485.0060
  2634.994    6.0173    0.0000    6.9094         nan    1.4714    35447277572.4262
  2693.033    6.0448    0.0000    6.9249         nan    1.3613    36037996201.2830
  2751.072    6.0700    0.0000    6.9392         nan    1.2510    36585691953.9191
  2809.111    6.0928    0.0000    6.9521         nan    1.1407    37090004865.5934
  2867.150    6.1134    0.0000    6.9638         nan    1.0306    37550659656.9231
  2925.189    6.1317    0.0000    6.9742         nan    0.9209    37967490501.5137
  2983.228    6.1478    0.0000    6.9833         nan    0.8122    38340485997.8571
  3041.267    6.1617    0.0000    6.9912         nan    0.7056    38669875791.2567
  3099.306    6.1734    0.0000    6.9979         nan    0.6029    38956311031.4756
  3157.344    6.1830    0.0000    7.0033         nan    0.5090    39201281742.0265
  3215.383    6.1905    0.0000    7.0076         nan    0.4376    39408231401.0213
  3273.422    6.1958    0.0000    7.0106         nan    0.4443    39586229813.7393
  3331.461    6.1990    0.0000    7.0124         nan    0.9808    39767029686.2069
  3389.500    6.2000    0.0000    7.0130         nan    0.0000    40166219875.1805
