# Depth[km]  Vp[km/s]  Vs[km/s] Rho[g/cm3]    T[K]     g[m/s2]         P[Pa]        
     0.000    3.7727    2.2800    1.7381    273.1500    3.7291              0.0000
    12.465    3.7727    2.2800    1.7381    325.9529    3.7384       80793458.9878
    12.465    3.9832    2.4073    1.8351    325.9529    3.7384       80793458.9878
    26.761    3.9832    2.4073    1.8351    386.5130    3.7482      178864487.6560
    26.761    5.3826    3.2530    2.4798    386.5130    3.7482      178864487.6560
    44.191    5.3826    3.2530    2.4798    460.3502    3.7509      340866181.4659
    44.191    7.9950    4.5423    3.5183    460.3502    3.7509      340866181.4659
    53.528    7.9863    4.5321    3.5178    499.9055    3.7443      464079358.7104
    62.865    7.9774    4.5218    3.5172    539.4609    3.7377      587056297.0627
    72.202    7.9681    4.5113    3.5166    579.0162    3.7312      709795915.4371
    81.540    7.9583    4.5007    3.5158    618.5715    3.7247      832295695.8194
    90.877    7.9488    4.4902    3.5151    658.1269    3.7182      954555879.0710
   100.214    7.9392    4.4797    3.5144    697.6822    3.7117     1076578138.6416
   109.551    7.9292    4.4692    3.5135    737.2376    3.7053     1198360931.2059
   118.889    7.9194    4.4588    3.5127    776.7929    3.6989     1319904303.5304
   128.226    7.9092    4.4482    3.5118    816.3482    3.6925     1441207773.3494
   137.563    7.8994    4.4379    3.5110    855.9036    3.6861     1562272020.1840
   146.900    7.8891    4.4275    3.5100    895.4589    3.6798     1683097235.5230
   156.237    7.8789    4.4171    3.5090    935.0142    3.6736     1803681886.5104
   165.575    7.8687    4.4068    3.5080    974.5696    3.6673     1924026907.8737
   174.912    7.8582    4.3963    3.5070   1014.1249    3.6611     2044132160.9001
   184.249    7.8485    4.3864    3.5060   1053.6802    3.6549     2163998706.1863
   193.586    7.8377    4.3759    3.5048   1093.2356    3.6488     2283625805.0402
   202.924    7.8275    4.3658    3.5037   1132.7909    3.6427     2403013436.2817
   212.261    7.8171    4.3554    3.5027   1172.3462    3.6366     2522164973.8279
   221.598    7.8064    4.3450    3.5014   1211.9016    3.6305     2641079376.0760
   230.935    7.7965    4.3350    3.5004   1251.4569    3.6245     2759757476.0510
   240.273    7.7864    4.3249    3.4993   1291.0122    3.6186     2878202748.4100
   249.610    7.7758    4.3145    3.4980   1330.5676    3.6127     2996413879.8235
   258.947    7.7664    4.3049    3.4968   1370.1229    3.6068     3114389256.4577
   268.284    7.7564    4.2948    3.4956   1409.6782    3.6009     3232131776.4000
   277.622    7.7460    4.2847    3.4944   1449.2336    3.5951     3349642906.7489
   286.959    7.7366    4.2750    3.4932   1488.7889    3.5893     3466922799.1014
   296.296    7.7266    4.2651    3.4919   1528.3442    3.5836     3583973230.3762
   305.633    7.7161    4.2548    3.4906   1567.8996    3.5779     3700793984.7176
   314.971    7.7055    4.2445    3.4893   1607.4549    3.5723     3817385285.6600
   324.308    7.6954    4.2345    3.4880   1647.0102    3.5667     3933749758.2525
   333.645    7.6852    4.2244    3.4868   1686.5656    3.5611     4049889717.1741
   342.982    7.6748    4.2142    3.4854   1726.1209    3.5556     4165804705.3856
   352.320    7.6642    4.2040    3.4840   1765.6762    3.5501     4281494446.6767
   361.657    7.6537    4.1937    3.4827   1805.2316    3.5447     4396960394.5432
   370.994    7.6432    4.1835    3.4813   1844.7869    3.5393     4512204319.7684
   380.331    7.6328    4.1733    3.4799   1884.3422    3.5339     4627227505.9743
   389.669    7.6218    4.1628    3.4785   1923.8976    3.5286     4742031339.0002
   399.006    7.6112    4.1525    3.4771   1963.4529    3.5234     4856616881.0801
   408.343    7.6012    4.1424    3.4757   2003.0083    3.5182     4970985612.4253
   417.680    7.5895    4.1316    3.4742   2042.5636    3.5130     5085137194.3569
   441.796    7.6214    4.1417    3.4833   2047.8529    3.4998     5379853257.9816
   465.912    7.6525    4.1515    3.4922   2053.0118    3.4866     5674222980.8167
   490.028    7.6822    4.1609    3.5010   2057.9926    3.4736     5968231933.2953
   514.144    7.7104    4.1698    3.5095   2062.7967    3.4606     6261862695.5924
   538.260    7.7386    4.1785    3.5180   2067.5685    3.4477     6555106594.7894
   562.376    7.7660    4.1872    3.5264   2072.1837    3.4349     6847961248.8337
   586.492    7.7927    4.1954    3.5348   2076.7568    3.4222     7140422524.1437
   610.608    7.8193    4.2038    3.5430   2081.2086    3.4097     7432487081.4831
   634.724    7.8459    4.2122    3.5512   2085.5843    3.3973     7724157827.0910
   658.840    7.8711    4.2199    3.5592   2089.8257    3.3850     8015432708.1563
   682.956    7.8972    4.2282    3.5674   2094.0821    3.3729     8306315267.2676
   707.072    7.9223    4.2360    3.5754   2098.1290    3.3609     8596814170.6121
   731.188    7.9482    4.2442    3.5836   2102.2670    3.3491     8886937451.3215
   755.304    7.9733    4.2522    3.5916   2106.1951    3.3375     9176694031.1817
   779.420    7.9990    4.2604    3.5997   2110.2189    3.3260     9466096052.1833
   803.536    8.0239    4.2683    3.6078   2114.0026    3.3148     9755156415.1169
   827.652    8.0498    4.2769    3.6160   2117.7272    3.3037    10043888354.5804
   851.768    8.0757    4.2855    3.6242   2121.4440    3.2929    10332314324.8567
   875.884    8.1026    4.2947    3.6329   2125.1935    3.2823    10620466115.3441
   900.000    8.1294    4.3039    3.6415   2128.8021    3.2719    10908372741.0907
   917.093    8.1491    4.3110    3.6478   2131.3555    3.2647    11112206028.6239
   934.186    8.1692    4.3182    3.6543   2133.8562    3.2576    11315946227.1938
   951.278    8.1898    4.3258    3.6610   2136.3785    3.2506    11519610626.7663
   968.371    8.2110    4.3337    3.6679   2138.8893    3.2438    11723217027.3414
   985.464    8.2341    4.3429    3.6754   2141.4253    3.2371    11926792366.3837
  1002.557    8.2580    4.3524    3.6832   2143.9809    3.2305    12130369069.5637
  1019.650    8.2765    4.3586    3.6897   2146.6917    3.2240    12333926921.2616
  1036.742    8.2933    4.3640    3.6957   2149.2475    3.2177    12537423448.7866
  1053.835    8.3142    4.3715    3.7032   2152.1760    3.2115    12740893547.3479
  1070.928    8.3325    4.3779    3.7097   2154.8233    3.2055    12944358149.9031
  1088.021    8.3479    4.3826    3.7152   2157.1938    3.1997    13147771004.4679
  1105.114    8.3686    4.3909    3.7229   2158.9310    3.1941    13351173749.7507
  1122.206    8.3918    4.4010    3.7316   2160.1870    3.1886    13554664968.9179
  1139.299    8.4445    4.4306    3.7480   2164.7247    3.1832    13758491303.0425
  1156.392    8.5993    4.5283    3.7896   2180.0406    3.1776    13963550126.0499
  1173.485    8.8045    4.6599    3.8422   2196.8501    3.1717    14170811509.0351
  1190.577    8.8727    4.7001    3.8606   2204.5512    3.1656    14379610184.3563
  1207.670    8.8875    4.7045    3.8661   2206.8694    3.1596    14588649013.1013
  1224.763    8.9018    4.7087    3.8714   2208.9535    3.1537    14797583160.2201
  1241.856    8.9157    4.7126    3.8768   2210.9566    3.1482    15006423713.8801
  1258.949    8.9303    4.7170    3.8824   2213.0873    3.1428    15215189388.3518
  1276.041    8.9438    4.7208    3.8878   2214.8399    3.1377    15423893521.3053
  1293.134    8.9571    4.7245    3.8931   2216.6290    3.1329    15632544331.6717
  1310.227    8.9705    4.7284    3.8984   2218.1803    3.1283    15841157248.6197
  1327.320    8.9840    4.7323    3.9040   2219.8748    3.1239    16049757616.2219
  1344.413    8.9970    4.7359    3.9094   2221.4110    3.1199    16258363357.6582
  1361.505    9.0096    4.7392    3.9149   2222.9176    3.1162    16466990409.6879
  1378.598    9.0224    4.7428    3.9204   2224.2622    3.1127    16675658927.9021
  1395.691    9.0350    4.7463    3.9261   2225.5778    3.1096    16884393287.0114
  1412.784    9.0469    4.7495    3.9312   2226.4843    3.1068    17093206449.3965
  1429.877    9.0592    4.7530    3.9366   2227.5755    3.1043    17302112431.9066
  1446.969    9.0718    4.7561    3.9429   2229.0092    3.1022    17511164673.1844
  1464.062    9.1002    4.7698    3.9519   2231.7640    3.1005    17720478639.5623
  1481.155    9.1398    4.7908    3.9632   2236.0635    3.0990    17930211004.5536
  1498.248    9.1803    4.8126    3.9754   2240.5009    3.0978    18140469081.5883
  1515.341    9.2205    4.8344    3.9880   2245.2540    3.0970    18351305142.2877
  1532.433    9.2605    4.8565    4.0006   2249.8939    3.0965    18562749389.5610
  1549.526    9.2850    4.8688    4.0087   2252.5081    3.0963    18774705132.4216
  1566.619    9.2969    4.8730    4.0130   2254.5479    3.0966    18986980181.3887
  1566.619    4.5774    0.0000    3.9557         nan    3.0966    18986980181.3887
  1579.930    4.5890    0.0000    3.9608         nan    3.0979    19150141544.7132
  1593.241    4.6006    0.0000    3.9659         nan    3.0994    19313577348.6293
  1606.553    4.6122    0.0000    3.9711         nan    3.1012    19477303507.9512
  1619.864    4.6239    0.0000    3.9762         nan    3.1033    19641336516.3231
  1633.175    4.6353    0.0000    3.9812         nan    3.1058    19805692048.2679
  1646.487    4.6464    0.0000    3.9861         nan    3.1086    19970382725.4999
  1659.798    4.6574    0.0000    3.9909         nan    3.1117    20135423301.0115
  1673.109    4.6684    0.0000    3.9958         nan    3.1152    20300832945.1072
  1686.420    4.6795    0.0000    4.0007         nan    3.1191    20466631528.2287
  1686.420    5.1867    0.0000    6.3154         nan    3.1191    20466631528.2287
  1745.147    5.2594    0.0000    6.3573         nan    3.0225    21627308316.0648
  1803.874    5.3282    0.0000    6.3970         nan    2.9247    22759278463.2416
  1862.601    5.3933    0.0000    6.4347         nan    2.8257    23861250337.6073
  1921.328    5.4549    0.0000    6.4704         nan    2.7255    24932003150.1078
  1980.055    5.5132    0.0000    6.5043         nan    2.6244    25970382814.8966
  2038.782    5.5683    0.0000    6.5363         nan    2.5222    26975298450.1082
  2097.509    5.6203    0.0000    6.5667         nan    2.4191    27945719421.0299
  2156.235    5.6694    0.0000    6.5954         nan    2.3152    28880672854.0091
  2214.962    5.7157    0.0000    6.6224         nan    2.2104    29779241567.8148
  2273.689    5.7592    0.0000    6.6479         nan    2.1049    30640562388.3451
  2332.416    5.8001    0.0000    6.6719         nan    1.9987    31463824837.6688
  2391.143    5.8384    0.0000    6.6944         nan    1.8918    32248270209.9662
  2449.870    5.8742    0.0000    6.7155         nan    1.7843    32993191073.4457
  2508.597    5.9076    0.0000    6.7351         nan    1.6764    33697931282.3708
  2567.324    5.9386    0.0000    6.7534         nan    1.5679    34361886646.5221
  2626.051    5.9672    0.0000    6.7703         nan    1.4591    34984506506.9509
  2684.777    5.9936    0.0000    6.7859         nan    1.3499    35565296639.0973
  2743.504    6.0177    0.0000    6.8001         nan    1.2406    36103824209.4635
  2802.231    6.0397    0.0000    6.8131         nan    1.1312    36599726073.2388
  2860.958    6.0594    0.0000    6.8248         nan    1.0220    37052722787.8677
  2919.685    6.0770    0.0000    6.8352         nan    0.9132    37462642946.4173
  2978.412    6.0925    0.0000    6.8443         nan    0.8055    37829467310.7059
  3037.139    6.1058    0.0000    6.8522         nan    0.6997    38153413767.7861
  3095.866    6.1171    0.0000    6.8589         nan    0.5978    38435114268.6510
  3154.592    6.1263    0.0000    6.8644         nan    0.5046    38676024007.9163
  3213.319    6.1335    0.0000    6.8686         nan    0.4336    38879514079.8865
  3272.046    6.1386    0.0000    6.8716         nan    0.4399    39054472040.3295
  3330.773    6.1416    0.0000    6.8734         nan    0.9698    39232022589.9655
  3389.500    6.1426    0.0000    6.8740         nan    0.0000    39623507070.8983
