# Depth[km]  Vp[km/s]  Vs[km/s] Rho[g/cm3]    T[K]     g[m/s2]         P[Pa]        
     0.000    3.8608    2.2892    1.7200    273.1500    3.7291              0.0000
    16.528    3.8608    2.2892    1.7200    338.1431    3.7418      106010100.3082
    16.528    4.5159    2.6776    2.0118    338.1431    3.7418      106010100.3082
    33.525    4.5159    2.6776    2.0118    404.9849    3.7509      233959718.3974
    33.525    6.4919    3.8492    2.8922    404.9849    3.7509      233959718.3974
    50.276    6.4919    3.8492    2.8922    470.8595    3.7478      415679280.8439
    50.276    7.9968    4.5409    3.5194    470.8595    3.7478      415679280.8439
    59.849    7.9893    4.5314    3.5191    508.5063    3.7411      541942945.4912
    69.422    7.9815    4.5218    3.5188    546.1532    3.7343      667968589.5298
    78.995    7.9737    4.5122    3.5184    583.8000    3.7276      793755371.0052
    88.568    7.9650    4.5022    3.5180    621.4468    3.7209      919301113.0859
    98.141    7.9568    4.4925    3.5175    659.0936    3.7143     1044605767.7317
   107.714    7.9486    4.4829    3.5171    696.7404    3.7077     1169671024.9083
   117.287    7.9404    4.4733    3.5166    734.3872    3.7011     1294497243.1394
   126.860    7.9315    4.4635    3.5160    772.0340    3.6945     1419083004.6852
   136.433    7.9232    4.4540    3.5155    809.6808    3.6880     1543428533.9488
   146.006    7.9143    4.4443    3.5149    847.3276    3.6815     1667534013.4672
   155.579    7.9057    4.4347    3.5143    884.9745    3.6750     1791398563.9034
   165.152    7.8970    4.4252    3.5137    922.6213    3.6686     1915023215.7327
   174.725    7.8881    4.4156    3.5129    960.2681    3.6621     2038407382.2767
   184.298    7.8792    4.4060    3.5123    997.9149    3.6558     2161551638.2504
   193.871    7.8704    4.3966    3.5115   1035.5617    3.6494     2284456486.8636
   203.444    7.8616    4.3871    3.5108   1073.2085    3.6431     2407121659.7964
   213.017    7.8527    4.3776    3.5100   1110.8553    3.6368     2529548222.7612
   222.590    7.8438    4.3682    3.5093   1148.5021    3.6306     2651737588.1972
   232.163    7.8352    4.3590    3.5085   1186.1490    3.6244     2773690922.2734
   241.736    7.8265    4.3496    3.5077   1223.7958    3.6182     2895408872.7662
   251.309    7.8177    4.3402    3.5069   1261.4426    3.6121     3016891308.0504
   260.882    7.8086    4.3307    3.5061   1299.0894    3.6060     3138139011.8510
   270.455    7.8002    4.3215    3.5053   1336.7362    3.5999     3259154181.4403
   280.028    7.7920    4.3123    3.5044   1374.3830    3.5939     3379936721.1868
   289.601    7.7831    4.3032    3.5035   1412.0298    3.5879     3500486254.2640
   299.174    7.7754    4.2945    3.5026   1449.6766    3.5819     3620805303.1356
   308.747    7.7669    4.2854    3.5018   1487.3235    3.5760     3740895810.0600
   318.320    7.7586    4.2762    3.5009   1524.9703    3.5701     3860757843.3388
   327.893    7.7496    4.2667    3.5000   1562.6171    3.5643     3980392516.5076
   337.466    7.7410    4.2576    3.4991   1600.2639    3.5585     4099800736.0847
   347.039    7.7325    4.2485    3.4981   1637.9107    3.5528     4218983534.0582
   356.612    7.7237    4.2392    3.4972   1675.5575    3.5471     4337942342.6382
   366.185    7.7154    4.2301    3.4963   1713.2043    3.5414     4456679194.0776
   375.758    7.7064    4.2208    3.4953   1750.8511    3.5358     4575194327.5349
   385.331    7.6976    4.2115    3.4943   1788.4980    3.5302     4693487404.9911
   394.904    7.6886    4.2021    3.4933   1826.1448    3.5247     4811560275.0117
   404.477    7.6800    4.1928    3.4924   1863.7916    3.5192     4929415555.4707
   414.050    7.6709    4.1834    3.4914   1901.4384    3.5137     5047054262.9303
   423.623    7.6618    4.1739    3.4904   1939.0852    3.5083     5164476569.5699
   433.196    7.6528    4.1645    3.4893   1976.7320    3.5030     5281682831.3312
   456.537    7.6822    4.1737    3.4979   1981.5017    3.4900     5567316243.6552
   479.877    7.7102    4.1825    3.5062   1986.1370    3.4771     5852584660.1061
   503.217    7.7376    4.1912    3.5144   1990.5490    3.4643     6137471000.1814
   526.557    7.7641    4.1993    3.5225   1994.9292    3.4516     6421966827.5002
   549.897    7.7905    4.2077    3.5306   1999.2332    3.4390     6706069661.0312
   573.237    7.8164    4.2158    3.5386   2003.4246    3.4264     6989777672.4504
   596.578    7.8419    4.2238    3.5465   2007.5832    3.4140     7273088925.3091
   619.918    7.8674    4.2317    3.5544   2011.6748    3.4017     7556003852.3204
   643.258    7.8921    4.2394    3.5622   2015.6177    3.3895     7838520995.0383
   666.598    7.9169    4.2472    3.5700   2019.5753    3.3775     8120641602.4768
   689.938    7.9410    4.2546    3.5777   2023.3659    3.3656     8402371322.3865
   713.279    7.9654    4.2624    3.5854   2027.0705    3.3538     8683712379.1767
   736.619    7.9901    4.2702    3.5932   2030.8407    3.3422     8964675395.0485
   759.959    8.0140    4.2778    3.6009   2034.4669    3.3307     9245268400.9154
   783.299    8.0385    4.2856    3.6087   2038.0324    3.3195     9525501819.7292
   806.639    8.0628    4.2936    3.6164   2041.4946    3.3084     9805390323.3802
   829.979    8.0877    4.3018    3.6244   2045.0669    3.2974    10084950942.5286
   853.320    8.1125    4.3099    3.6324   2048.3941    3.2867    10364202280.4800
   876.660    8.1381    4.3187    3.6405   2051.8297    3.2762    10643165431.9462
   900.000    8.1639    4.3277    3.6489   2055.1241    3.2659    10921870803.5358
   916.960    8.1835    4.3347    3.6552   2057.5055    3.2586    11124165497.8328
   933.921    8.2039    4.3423    3.6618   2059.8858    3.2513    11326359218.4850
   950.881    8.2242    4.3498    3.6684   2062.2405    3.2442    11528467660.8622
   967.842    8.2456    4.3579    3.6754   2064.6392    3.2372    11730508374.7712
   984.802    8.2650    4.3651    3.6818   2067.0170    3.2304    11932479521.7029
  1001.763    8.2929    4.3771    3.6908   2069.4860    3.2236    12134443756.9057
  1018.723    8.3125    4.3841    3.6976   2072.0318    3.2170    12336419453.8214
  1035.683    8.3310    4.3907    3.7041   2074.6710    3.2105    12538342196.8292
  1052.644    8.3500    4.3971    3.7111   2077.3258    3.2041    12740222602.3440
  1069.604    8.3657    4.4020    3.7167   2079.6228    3.1979    12942045391.7352
  1086.565    8.3806    4.4065    3.7220   2081.8728    3.1919    13143774100.5003
  1103.525    8.3954    4.4110    3.7273   2084.1131    3.1861    13345412066.0227
  1120.486    8.4845    4.4650    3.7523   2093.8915    3.1803    13547499553.5718
  1137.446    8.6327    4.5587    3.7918   2108.2417    3.1743    13750959066.4301
  1154.407    8.8271    4.6831    3.8418   2124.2148    3.1679    13956447118.5399
  1171.367    8.9037    4.7291    3.8622   2132.8178    3.1614    14163413559.8753
  1188.327    8.9178    4.7333    3.8673   2134.8673    3.1549    14370632509.3389
  1205.288    8.9316    4.7373    3.8724   2136.9296    3.1486    14577699194.0009
  1222.248    8.9453    4.7414    3.8775   2138.9666    3.1425    14784625035.1592
  1239.209    8.9591    4.7455    3.8826   2140.8295    3.1366    14991422791.6015
  1256.169    8.9728    4.7496    3.8879   2142.8183    3.1310    15198111238.4974
  1273.130    8.9858    4.7534    3.8929   2144.6145    3.1256    15404702928.7846
  1290.090    8.9990    4.7573    3.8980   2146.3384    3.1204    15611206768.7671
  1307.050    9.0118    4.7609    3.9033   2148.0150    3.1155    15817643351.2950
  1324.011    9.0245    4.7645    3.9083   2149.4908    3.1109    16024028093.5945
  1340.971    9.0369    4.7679    3.9135   2151.0271    3.1065    16230376309.4616
  1357.932    9.0497    4.7717    3.9187   2152.6578    3.1024    16436708725.8043
  1374.892    9.0619    4.7751    3.9239   2153.9461    3.0986    16643041974.3593
  1391.853    9.0742    4.7786    3.9291   2155.3115    3.0951    16849396088.6776
  1408.813    9.0860    4.7822    3.9339   2156.4506    3.0920    17055780176.3546
  1425.774    9.1151    4.7957    3.9435   2159.8113    3.0891    17262328315.1940
  1442.734    9.1516    4.8150    3.9535   2164.4760    3.0865    17469198444.1837
  1459.694    9.1924    4.8373    3.9645   2169.0312    3.0842    17676444446.0553
  1476.655    9.2334    4.8599    3.9761   2173.7901    3.0821    17884126942.8047
  1493.615    9.2734    4.8821    3.9881   2178.3587    3.0804    18092288715.9407
  1510.576    9.3145    4.9054    4.0002   2183.2978    3.0789    18300961237.6352
  1527.536    9.3423    4.9198    4.0095   2187.0287    3.0778    18510093805.2776
  1544.497    9.3550    4.9243    4.0141   2188.7371    3.0770    18719509051.1815
  1561.457    9.3691    4.9298    4.0193   2191.1442    3.0767    18929130408.0207
  1561.457    4.9760    0.0000    4.0395         nan    3.0767    18929130408.0207
  1581.688    4.9928    0.0000    4.0464         nan    3.0766    19180779385.0039
  1601.918    5.0096    0.0000    4.0532         nan    3.0771    19432844607.7839
  1622.149    5.0264    0.0000    4.0601         nan    3.0783    19685380119.7460
  1642.380    5.0425    0.0000    4.0667         nan    3.0803    19938434107.2451
  1662.610    5.0584    0.0000    4.0732         nan    3.0830    20192056945.7580
  1682.841    5.0744    0.0000    4.0797         nan    3.0866    20446311424.0666
  1703.072    5.0898    0.0000    4.0860         nan    3.0909    20701257645.8861
  1723.302    5.1050    0.0000    4.0922         nan    3.0962    20956957381.5798
  1743.533    5.1202    0.0000    4.0984         nan    3.1025    21213484023.5042
  1743.533    5.4088    0.0000    6.5205         nan    3.1025    21213484023.5042
  1800.291    5.4652    0.0000    6.5588         nan    3.0055    22365042744.8141
  1857.048    5.5187    0.0000    6.5954         nan    2.9074    23486983147.9147
  1913.806    5.5697    0.0000    6.6303         nan    2.8083    24578201454.0041
  1970.563    5.6181    0.0000    6.6635         nan    2.7082    25637646090.9486
  2027.321    5.6641    0.0000    6.6951         nan    2.6072    26664315973.3477
  2084.078    5.7077    0.0000    6.7252         nan    2.5053    27657259070.2878
  2140.835    5.7490    0.0000    6.7538         nan    2.4026    28615571239.9984
  2197.593    5.7882    0.0000    6.7809         nan    2.2991    29538395322.4061
  2254.350    5.8252    0.0000    6.8065         nan    2.1949    30424920493.5718
  2311.108    5.8600    0.0000    6.8307         nan    2.0901    31274381901.1681
  2367.865    5.8929    0.0000    6.8536         nan    1.9846    32086060621.5871
  2424.623    5.9237    0.0000    6.8751         nan    1.8786    32859284007.0870
  2481.380    5.9526    0.0000    6.8953         nan    1.7721    33593426532.6210
  2538.138    5.9796    0.0000    6.9141         nan    1.6652    34287911320.2840
  2594.895    6.0046    0.0000    6.9317         nan    1.5579    34942212619.9756
  2651.653    6.0279    0.0000    6.9479         nan    1.4504    35555859697.2851
  2708.410    6.0493    0.0000    6.9630         nan    1.3428    36128442874.8430
  2765.168    6.0689    0.0000    6.9767         nan    1.2351    36659622993.9373
  2821.925    6.0867    0.0000    6.9893         nan    1.1277    37149146528.2057
  2878.683    6.1028    0.0000    7.0006         nan    1.0209    37596870454.3776
  2935.440    6.1171    0.0000    7.0106         nan    0.9152    38002804826.4397
  2992.198    6.1297    0.0000    7.0195         nan    0.8114    38367189402.1289
  3048.955    6.1406    0.0000    7.0272         nan    0.7113    38690640570.3814
  3105.713    6.1498    0.0000    7.0337         nan    0.6181    38974456774.4605
  3162.470    6.1573    0.0000    7.0390         nan    0.5402    39221324218.9647
  3219.228    6.1632    0.0000    7.0431         nan    0.5010    39437200722.7272
  3275.985    6.1673    0.0000    7.0461         nan    0.5963    39637522748.3122
  3332.743    6.1698    0.0000    7.0478         nan    1.6025    39876029405.9524
  3389.500    6.1707    0.0000    7.0484         nan    0.0000    40517094611.6662
