# Depth[km]  Vp[km/s]  Vs[km/s] Rho[g/cm3]    T[K]     g[m/s2]         P[Pa]        
     0.000    3.6049    2.1778    1.6539    273.1500    3.7291              0.0000
     9.672    3.6049    2.1778    1.6539    311.9426    3.7370       59654540.8748
     9.672    4.3130    2.6056    1.9788    311.9426    3.7370       59654540.8748
    27.714    4.3130    2.6056    1.9788    384.3084    3.7471      193065249.9315
    27.714    5.5632    3.3608    2.5523    384.3084    3.7471      193065249.9315
    47.290    5.5632    3.3608    2.5523    462.8311    3.7490      380291222.6978
    47.290    7.9976    4.5427    3.5192    462.8311    3.7490      380291222.6978
    57.017    7.9896    4.5328    3.5189    501.8456    3.7421      508614800.6006
    66.744    7.9815    4.5228    3.5185    540.8602    3.7353      636690026.3022
    76.471    7.9729    4.5126    3.5180    579.8748    3.7284      764515608.6470
    86.197    7.9639    4.5024    3.5175    618.8894    3.7216      892089136.7786
    95.924    7.9551    4.4922    3.5170    657.9040    3.7149     1019410870.9072
   105.651    7.9463    4.4821    3.5164    696.9185    3.7081     1146482509.2580
   115.378    7.9376    4.4721    3.5159    735.9331    3.7014     1273304214.9058
   125.104    7.9282    4.4619    3.5152    774.9477    3.6948     1399874539.9842
   134.831    7.9191    4.4519    3.5146    813.9623    3.6881     1526193014.7291
   144.558    7.9097    4.4417    3.5139    852.9769    3.6815     1652260037.5274
   154.285    7.9002    4.4317    3.5131    891.9914    3.6749     1778074568.9285
   164.011    7.8914    4.4219    3.5125    931.0060    3.6684     1903639217.7098
   173.738    7.8820    4.4119    3.5116    970.0206    3.6619     2028953873.4547
   183.465    7.8726    4.4020    3.5109   1009.0352    3.6554     2154017565.6075
   193.191    7.8631    4.3921    3.5100   1048.0498    3.6490     2278830443.3654
   202.918    7.8539    4.3823    3.5091   1087.0644    3.6425     2403392777.9112
   212.645    7.8445    4.3724    3.5083   1126.0789    3.6362     2527706688.7545
   222.372    7.8349    4.3625    3.5074   1165.0935    3.6298     2651772864.7300
   232.098    7.8254    4.3526    3.5065   1204.1081    3.6235     2775590904.7723
   241.825    7.8160    4.3429    3.5056   1243.1227    3.6173     2899161181.4393
   251.552    7.8061    4.3328    3.5046   1282.1373    3.6111     3022485336.3974
   261.279    7.7972    4.3232    3.5038   1321.1518    3.6049     3145565742.0794
   271.005    7.7885    4.3139    3.5027   1360.1664    3.5987     3268402378.2115
   280.732    7.7792    4.3040    3.5017   1399.1810    3.5926     3390993834.3926
   290.459    7.7708    4.2949    3.5008   1438.1956    3.5866     3513344099.5342
   300.186    7.7615    4.2852    3.4998   1477.2102    3.5805     3635454162.8276
   309.912    7.7525    4.2757    3.4988   1516.2247    3.5745     3757323638.5992
   319.639    7.7431    4.2658    3.4978   1555.2393    3.5686     3878954831.7780
   329.366    7.7338    4.2562    3.4968   1594.2539    3.5627     4000348460.5119
   339.092    7.7243    4.2466    3.4956   1633.2685    3.5568     4121504077.3839
   348.819    7.7157    4.2371    3.4947   1672.2831    3.5510     4242424703.5854
   358.546    7.7058    4.2272    3.4936   1711.2977    3.5453     4363111722.4954
   368.273    7.6964    4.2175    3.4925   1750.3122    3.5395     4483564424.1501
   377.999    7.6873    4.2078    3.4915   1789.3268    3.5339     4603786533.5805
   387.726    7.6779    4.1981    3.4903   1828.3414    3.5282     4723778535.1976
   397.453    7.6681    4.1881    3.4892   1867.3560    3.5226     4843539839.2216
   407.180    7.6583    4.1782    3.4880   1906.3706    3.5171     4963072611.6358
   416.906    7.6488    4.1684    3.4869   1945.3851    3.5116     5082379561.0942
   426.633    7.6390    4.1584    3.4857   1984.3997    3.5062     5201460662.1883
   436.360    7.6299    4.1488    3.4846   2023.4143    3.5008     5320316884.8864
   459.542    7.6591    4.1580    3.4931   2028.2162    3.4880     5603454243.2500
   482.724    7.6873    4.1668    3.5015   2033.0155    3.4753     5886245270.3115
   505.906    7.7152    4.1757    3.5098   2037.6153    3.4627     6168679652.2531
   529.088    7.7418    4.1839    3.5179   2042.1220    3.4502     6450747059.5236
   552.270    7.7680    4.1921    3.5259   2046.5571    3.4378     6732440949.5773
   575.452    7.7939    4.2002    3.5339   2050.8180    3.4255     7013758275.4794
   598.634    7.8195    4.2082    3.5418   2055.0754    3.4132     7294698608.7930
   621.816    7.8449    4.2161    3.5497   2059.2604    3.4011     7575262894.4887
   644.998    7.8694    4.2237    3.5575   2063.2929    3.3892     7855447991.4710
   668.180    7.8945    4.2317    3.5653   2067.3641    3.3773     8135256344.1071
   691.362    7.9185    4.2392    3.5730   2071.2399    3.3656     8414694009.5393
   714.544    7.9431    4.2469    3.5807   2075.1932    3.3540     8693766531.2803
   737.726    7.9672    4.2545    3.5884   2078.9419    3.3426     8972480825.7744
   760.908    7.9920    4.2625    3.5962   2082.7556    3.3314     9250846853.7353
   784.090    8.0161    4.2702    3.6039   2086.3978    3.3203     9528874601.9615
   807.272    8.0403    4.2780    3.6117   2089.9407    3.3094     9806572796.9658
   830.454    8.0650    4.2861    3.6196   2093.5305    3.2987    10083961609.4539
   853.636    8.0902    4.2945    3.6277   2097.1135    3.2882    10361064772.7172
   876.818    8.1154    4.3030    3.6358   2100.5754    3.2779    10637901608.1716
   900.000    8.1415    4.3122    3.6441   2103.9728    3.2678    10914495135.4190
   917.004    8.1608    4.3190    3.6504   2106.4492    3.2605    11117161848.2332
   934.009    8.1810    4.3263    3.6569   2108.9167    3.2534    11319731010.8869
   951.013    8.2015    4.3339    3.6636   2111.3341    3.2463    11522219678.7204
   968.018    8.2233    4.3423    3.6706   2113.8473    3.2394    11724648892.4759
   985.022    8.2450    4.3506    3.6777   2116.2812    3.2326    11927035336.7604
  1002.026    8.2698    4.3608    3.6857   2118.8151    3.2259    12129412969.7515
  1019.031    8.2888    4.3673    3.6925   2121.4994    3.2194    12331779409.7100
  1036.035    8.3061    4.3730    3.6986   2123.9785    3.2130    12534088059.9656
  1053.040    8.3259    4.3801    3.7057   2126.8034    3.2068    12736355807.5675
  1070.044    8.3434    4.3859    3.7120   2129.3386    3.2007    12938595625.3997
  1087.049    8.3589    4.3908    3.7175   2131.7625    3.1947    13140771759.2566
  1104.053    8.3760    4.3968    3.7237   2133.7260    3.1890    13342892036.2432
  1121.057    8.3989    4.4067    3.7324   2135.1195    3.1834    13545052777.9699
  1138.062    8.4977    4.4670    3.7602   2145.3549    3.1779    13747847622.8091
  1155.066    8.6588    4.5692    3.8029   2161.6803    3.1721    13952193556.3563
  1172.071    8.8716    4.7059    3.8571   2179.0664    3.1659    14158779400.7296
  1189.075    8.8873    4.7110    3.8626   2181.0335    3.1595    14366569365.3192
  1206.079    8.9017    4.7152    3.8680   2183.2690    3.1534    14574237213.4616
  1223.084    8.9161    4.7196    3.8733   2185.4011    3.1474    14781786419.5736
  1240.088    8.9296    4.7234    3.8785   2187.2746    3.1417    14989224970.9638
  1257.093    8.9436    4.7277    3.8838   2189.2362    3.1362    15196567024.8367
  1274.097    8.9570    4.7315    3.8890   2191.1566    3.1310    15403825960.4636
  1291.102    8.9701    4.7351    3.8945   2193.0191    3.1259    15611022350.9182
  1308.106    8.9839    4.7394    3.8997   2194.4992    3.1212    15818172102.0256
  1325.110    8.9966    4.7428    3.9050   2196.1428    3.1167    16025284926.6459
  1342.115    9.0099    4.7468    3.9104   2197.8283    3.1125    16232384324.7788
  1359.119    9.0222    4.7499    3.9158   2199.1011    3.1086    16439490090.0510
  1376.124    9.0345    4.7533    3.9210   2200.4703    3.1050    16646614744.5369
  1393.128    9.0466    4.7566    3.9263   2201.6703    3.1016    16853775340.3163
  1410.132    9.0590    4.7602    3.9316   2202.8400    3.0986    17060993297.9654
  1427.137    9.0711    4.7632    3.9373   2204.1914    3.0960    17268301728.4963
  1444.141    9.0862    4.7686    3.9433   2205.4659    3.0936    17475741138.6600
  1461.146    9.1264    4.7898    3.9546   2210.1869    3.0916    17683479661.9401
  1478.150    9.1644    4.8099    3.9659   2214.7620    3.0899    17891675392.4295
  1495.155    9.2057    4.8325    3.9779   2219.1370    3.0885    18100366489.0414
  1512.159    9.2466    4.8551    3.9903   2223.7865    3.0873    18309601443.3481
  1529.163    9.2894    4.8794    4.0034   2228.1245    3.0865    18519428560.8109
  1546.168    9.3065    4.8866    4.0099   2231.1273    3.0860    18729713287.8787
  1563.172    9.3198    4.8918    4.0143   2233.0217    3.0860    18940253517.7046
  1563.172    4.7699    0.0000    4.0439         nan    3.0860    18940253517.7046
  1581.193    4.7878    0.0000    4.0505         nan    3.0860    19165330338.8409
  1599.214    4.8058    0.0000    4.0572         nan    3.0866    19390779234.4110
  1617.235    4.8237    0.0000    4.0638         nan    3.0877    19616638138.9458
  1635.256    4.8412    0.0000    4.0703         nan    3.0893    19842942109.0451
  1653.277    4.8582    0.0000    4.0766         nan    3.0916    20069723609.8089
  1671.298    4.8751    0.0000    4.0829         nan    3.0945    20297022144.1232
  1689.319    4.8921    0.0000    4.0892         nan    3.0980    20524884081.8453
  1707.340    4.9082    0.0000    4.0952         nan    3.1022    20753349207.7501
  1725.361    4.9243    0.0000    4.1012         nan    3.1072    20982460000.0901
  1725.361    5.2094    0.0000    6.4393         nan    3.1072    20982460000.0901
  1782.746    5.2600    0.0000    6.4806         nan    3.0109    22134281095.3353
  1840.130    5.3081    0.0000    6.5202         nan    2.9135    23257414401.3195
  1897.514    5.3538    0.0000    6.5580         nan    2.8149    24350670718.9456
  1954.898    5.3974    0.0000    6.5941         nan    2.7153    25412912088.5075
  2012.282    5.4387    0.0000    6.6285         nan    2.6147    26443050516.1528
  2069.666    5.4779    0.0000    6.6613         nan    2.5131    27440046926.7618
  2127.050    5.5151    0.0000    6.6925         nan    2.4105    28402910319.0539
  2184.434    5.5503    0.0000    6.7221         nan    2.3071    29330697112.1268
  2241.818    5.5836    0.0000    6.7502         nan    2.2029    30222510686.3703
  2299.202    5.6150    0.0000    6.7768         nan    2.0980    31077501125.0958
  2356.586    5.6446    0.0000    6.8019         nan    1.9923    31894865181.8510
  2413.971    5.6724    0.0000    6.8255         nan    1.8860    32673846515.1630
  2471.355    5.6984    0.0000    6.8477         nan    1.7791    33413736262.2237
  2528.739    5.7227    0.0000    6.8685         nan    1.6716    34113874066.7164
  2586.123    5.7453    0.0000    6.8878         nan    1.5637    34773649743.2837
  2643.507    5.7663    0.0000    6.9058         nan    1.4554    35392505874.3208
  2700.891    5.7856    0.0000    6.9224         nan    1.3468    35969941832.4630
  2758.275    5.8032    0.0000    6.9376         nan    1.2380    36505520062.7028
  2815.659    5.8193    0.0000    6.9514         nan    1.1292    36998876097.5660
  2873.043    5.8338    0.0000    6.9639         nan    1.0207    37449735016.0493
  2930.427    5.8467    0.0000    6.9751         nan    0.9127    37857939592.3601
  2987.811    5.8581    0.0000    6.9850         nan    0.8058    38223500931.3548
  3045.195    5.8680    0.0000    6.9935         nan    0.7013    38546695527.6579
  3102.580    5.8763    0.0000    7.0007         nan    0.6012    38828266990.5631
  3159.964    5.8830    0.0000    7.0066         nan    0.5110    39069892107.4272
  3217.348    5.8883    0.0000    7.0111         nan    0.4462    39275424931.5649
  3274.732    5.8921    0.0000    7.0144         nan    0.4696    39454995814.5857
  3332.116    5.8943    0.0000    7.0163         nan    1.0906    39644046249.6947
  3389.500    5.8951    0.0000    7.0170         nan    0.0000    40083171480.2755
