# Depth[km]  Vp[km/s]  Vs[km/s] Rho[g/cm3]    T[K]     g[m/s2]         P[Pa]        
     0.000    3.8459    2.3183    1.7416    273.1500    3.7291              0.0000
    11.851    3.8459    2.3183    1.7416    319.4615    3.7379       76965880.6237
    11.851    4.6928    2.8287    2.1251    319.4615    3.7379       76965880.6237
    29.696    4.6928    2.8287    2.1251    389.2082    3.7458      218725159.8654
    29.696    6.1102    3.6831    2.7670    389.2082    3.7458      218725159.8654
    47.584    6.1102    3.6831    2.7670    459.1160    3.7442      404117272.9826
    47.584    7.9590    4.5342    3.5037    459.1160    3.7442      404117272.9826
    57.392    7.9517    4.5249    3.5036    497.4493    3.7374      532787480.3975
    67.200    7.9442    4.5156    3.5034    535.7825    3.7306      661217075.7033
    77.008    7.9362    4.5059    3.5032    574.1158    3.7238      789404412.9676
    86.816    7.9282    4.4963    3.5029    612.4490    3.7171      917349045.9342
    96.625    7.9193    4.4863    3.5025    650.7823    3.7103     1045048725.5086
   106.433    7.9109    4.4766    3.5021    689.1155    3.7036     1172502843.4092
   116.241    7.9025    4.4670    3.5018    727.4488    3.6970     1299714284.2935
   126.049    7.8933    4.4570    3.5012    765.7820    3.6903     1426680767.7145
   135.858    7.8848    4.4474    3.5008    804.1153    3.6837     1553402341.8529
   145.666    7.8756    4.4376    3.5002    842.4485    3.6772     1679879643.2832
   155.474    7.8666    4.4277    3.4997    880.7818    3.6706     1806110997.6800
   165.282    7.8574    4.4179    3.4991    919.1150    3.6641     1932097502.6027
   175.090    7.8480    4.4081    3.4984    957.4483    3.6576     2057838118.8906
   184.899    7.8389    4.3984    3.4978    995.7815    3.6512     2183333195.6653
   194.707    7.8295    4.3886    3.4972   1034.1148    3.6448     2308584148.0558
   204.515    7.8199    4.3787    3.4964   1072.4480    3.6384     2433589690.7039
   214.323    7.8101    4.3688    3.4956   1110.7813    3.6321     2558349086.1713
   224.131    7.8008    4.3590    3.4949   1149.1145    3.6258     2682864995.8273
   233.940    7.7915    4.3493    3.4942   1187.4478    3.6195     2807139778.7209
   243.748    7.7821    4.3396    3.4934   1225.7810    3.6133     2931173618.6353
   253.556    7.7714    4.3293    3.4924   1264.1143    3.6071     3054962997.9899
   263.364    7.7633    4.3202    3.4918   1302.4475    3.6010     3178512132.2078
   273.173    7.7546    4.3108    3.4910   1340.7808    3.5949     3301825822.5635
   282.981    7.7450    4.3010    3.4902   1379.1140    3.5888     3424901057.5361
   292.789    7.7359    4.2916    3.4892   1417.4473    3.5828     3547736741.2473
   302.597    7.7267    4.2821    3.4884   1455.7805    3.5768     3670334544.2913
   312.405    7.7178    4.2727    3.4875   1494.1138    3.5708     3792697317.6051
   322.214    7.7083    4.2631    3.4866   1532.4470    3.5649     3914825186.8947
   332.022    7.6987    4.2533    3.4856   1570.7803    3.5591     4036718354.1162
   341.830    7.6897    4.2439    3.4848   1609.1135    3.5532     4158380325.7743
   351.638    7.6797    4.2340    3.4838   1647.4468    3.5475     4279811186.2039
   361.446    7.6701    4.2243    3.4828   1685.7800    3.5417     4401009997.1649
   371.255    7.6606    4.2146    3.4819   1724.1133    3.5361     4521979841.9052
   381.063    7.6512    4.2050    3.4809   1762.4465    3.5304     4642721625.3777
   390.871    7.6412    4.1951    3.4799   1800.7798    3.5248     4763237339.1396
   400.679    7.6316    4.1853    3.4790   1839.1130    3.5193     4883529262.1433
   410.488    7.6219    4.1755    3.4780   1877.4463    3.5138     5003598169.7640
   420.296    7.6114    4.1655    3.4769   1915.7795    3.5083     5123444727.4357
   430.104    7.6018    4.1555    3.4759   1954.1128    3.5029     5243070706.7479
   439.912    7.5920    4.1459    3.4749   1992.4460    3.4976     5362478043.3377
   462.917    7.6233    4.1551    3.4836   1997.2805    3.4851     5642420097.4312
   485.921    7.6532    4.1639    3.4921   2001.9142    3.4727     5922052994.5904
   508.925    7.6831    4.1728    3.5006   2006.5389    3.4604     6201368006.2519
   531.930    7.7116    4.1812    3.5088   2010.9450    3.4482     6480356429.2840
   554.934    7.7393    4.1894    3.5168   2015.2600    3.4361     6759002278.8272
   577.939    7.7669    4.1975    3.5248   2019.5528    3.4240     7037303642.6500
   600.943    7.7937    4.2054    3.5328   2023.7138    3.4121     7315262576.4307
   623.947    7.8200    4.2132    3.5406   2027.7219    3.4003     7592872297.5095
   646.952    7.8461    4.2209    3.5484   2031.6863    3.3886     7870129274.3068
   669.956    7.8717    4.2285    3.5561   2035.6586    3.3771     8147037981.9338
   692.960    7.8975    4.2362    3.5638   2039.4882    3.3657     8423602475.3703
   715.965    7.9226    4.2436    3.5714   2043.2202    3.3544     8699825845.2795
   738.969    7.9472    4.2509    3.5790   2046.8738    3.3433     8975712066.4195
   761.974    7.9728    4.2587    3.5867   2050.5907    3.3324     9251272665.0505
   784.978    7.9977    4.2662    3.5943   2054.1246    3.3216     9526517781.2007
   807.982    8.0226    4.2739    3.6019   2057.6367    3.3110     9801455949.4853
   830.987    8.0472    4.2814    3.6096   2061.0342    3.3006    10076100549.7880
   853.991    8.0733    4.2899    3.6174   2064.4562    3.2905    10350469594.6824
   876.996    8.0983    4.2977    3.6253   2067.8464    3.2805    10624586133.2205
   900.000    8.1243    4.3062    3.6334   2071.1049    3.2707    10898473955.4412
   917.044    8.1436    4.3126    3.6394   2073.5614    3.2636    11101189182.9108
   934.088    8.1649    4.3202    3.6460   2075.9949    3.2566    11303817406.7711
   951.132    8.1844    4.3268    3.6521   2078.3082    3.2498    11506363555.1640
   968.176    8.2052    4.3342    3.6587   2080.7827    3.2431    11708835229.2639
   985.221    8.2257    4.3415    3.6652   2083.1418    3.2365    11911251633.1069
  1002.265    8.2506    4.3513    3.6730   2085.5781    3.2301    12113652872.1217
  1019.309    8.2738    4.3603    3.6804   2088.0549    3.2238    12316069790.4226
  1036.353    8.3012    4.3717    3.6892   2090.6467    3.2176    12518535787.5894
  1053.397    8.3182    4.3770    3.6949   2092.8447    3.2115    12721010158.7139
  1070.441    8.3354    4.3825    3.7007   2094.9840    3.2057    12923417453.1858
  1087.485    8.3524    4.3880    3.7064   2097.1650    3.2000    13125768638.9674
  1104.529    8.3693    4.3935    3.7121   2099.3049    3.1945    13328071234.4164
  1121.573    8.4431    4.4369    3.7329   2107.2439    3.1890    13530749558.3792
  1138.618    8.6088    4.5419    3.7771   2122.5166    3.1834    13734852190.2694
  1155.662    8.8083    4.6702    3.8284   2142.3134    3.1774    13941184738.0061
  1172.706    8.8613    4.6996    3.8430   2144.7990    3.1712    14148910780.9166
  1189.750    8.8766    4.7045    3.8482   2147.0977    3.1651    14356766365.4562
  1206.794    8.8930    4.7089    3.8547   2149.9327    3.1593    14564539583.9462
  1223.838    8.9085    4.7134    3.8603   2152.4450    3.1536    14772254755.5500
  1240.882    8.9238    4.7181    3.8658   2154.8711    3.1482    14979896434.9925
  1257.926    8.9390    4.7227    3.8713   2157.3168    3.1430    15187474023.6827
  1274.970    8.9537    4.7272    3.8766   2159.7842    3.1380    15394998686.5635
  1292.015    8.9684    4.7319    3.8817   2162.1085    3.1334    15602476223.3560
  1309.059    8.9836    4.7367    3.8873   2164.5825    3.1289    15809930345.2876
  1326.103    8.9974    4.7412    3.8922   2166.9106    3.1248    16017370756.6684
  1343.147    9.0119    4.7457    3.8975   2169.3246    3.1209    16224805698.0657
  1360.191    9.0253    4.7505    3.9021   2171.4880    3.1173    16432245046.4502
  1377.235    9.0396    4.7551    3.9072   2173.8632    3.1140    16639705841.9999
  1394.279    9.0538    4.7596    3.9122   2176.0693    3.1111    16847218344.9296
  1411.323    9.0891    4.7781    3.9207   2180.7322    3.1085    17054892120.6280
  1428.367    9.1302    4.7997    3.9316   2187.1386    3.1061    17262905377.6870
  1445.412    9.1697    4.8213    3.9412   2192.9529    3.1041    17471303113.5770
  1462.456    9.2083    4.8428    3.9508   2198.7990    3.1023    17680070500.4975
  1479.500    9.2509    4.8660    3.9622   2205.0890    3.1009    17889276406.9364
  1496.544    9.2918    4.8892    3.9729   2211.2582    3.0997    18098968871.0140
  1513.588    9.3334    4.9130    3.9839   2217.8190    3.0989    18309156926.1392
  1530.632    9.3679    4.9323    3.9935   2223.0343    3.0985    18519833414.1374
  1547.676    9.3804    4.9366    3.9978   2225.0832    3.0984    18730846857.4197
  1564.720    9.3930    4.9410    4.0023   2226.9677    3.0989    18942089290.6588
  1564.720    4.9734    0.0000    4.0177         nan    3.0989    18942089290.6588
  1580.520    4.9862    0.0000    4.0230         nan    3.0995    19138934524.5087
  1596.321    4.9990    0.0000    4.0283         nan    3.1005    19336078515.2805
  1612.121    5.0119    0.0000    4.0336         nan    3.1020    19533547950.6676
  1627.921    5.0247    0.0000    4.0388         nan    3.1039    19731370547.8652
  1643.721    5.0368    0.0000    4.0439         nan    3.1063    19929569289.8898
  1659.521    5.0490    0.0000    4.0489         nan    3.1092    20128168598.4685
  1675.321    5.0612    0.0000    4.0540         nan    3.1126    20327200214.1802
  1691.121    5.0734    0.0000    4.0590         nan    3.1165    20526697032.4505
  1706.922    5.0850    0.0000    4.0638         nan    3.1210    20726687741.3866
  1706.922    5.2580    0.0000    6.4038         nan    3.1210    20726687741.3866
  1764.941    5.3185    0.0000    6.4447         nan    3.0240    21889999610.5674
  1822.961    5.3760    0.0000    6.4838         nan    2.9258    23024168311.0372
  1880.981    5.4306    0.0000    6.5209         nan    2.8264    24127968145.7254
  1939.001    5.4824    0.0000    6.5563         nan    2.7260    25200231736.1311
  1997.021    5.5315    0.0000    6.5899         nan    2.6245    26239847506.6575
  2055.041    5.5781    0.0000    6.6219         nan    2.5221    27245757490.0128
  2113.061    5.6222    0.0000    6.6522         nan    2.4187    28216955398.4158
  2171.081    5.6639    0.0000    6.6810         nan    2.3144    29152484919.1583
  2229.101    5.7033    0.0000    6.7082         nan    2.2093    30051438190.0741
  2287.121    5.7404    0.0000    6.7339         nan    2.1034    30912954423.4853
  2345.141    5.7753    0.0000    6.7581         nan    1.9967    31736218643.2312
  2403.161    5.8081    0.0000    6.7808         nan    1.8894    32520460500.3751
  2461.181    5.8388    0.0000    6.8022         nan    1.7813    33264953131.5278
  2519.201    5.8674    0.0000    6.8221         nan    1.6727    33969012012.1765
  2577.221    5.8940    0.0000    6.8407         nan    1.5634    34631993745.3834
  2635.241    5.9187    0.0000    6.8579         nan    1.4536    35253294695.1085
  2693.261    5.9414    0.0000    6.8737         nan    1.3433    35832349326.5170
  2751.281    5.9621    0.0000    6.8882         nan    1.2324    36368628027.0472
  2809.301    5.9810    0.0000    6.9015         nan    1.1210    36861634016.5594
  2867.320    5.9981    0.0000    6.9134         nan    1.0091    37310898633.4741
  2925.340    6.0133    0.0000    6.9240         nan    0.8966    37715973622.4402
  2983.360    6.0266    0.0000    6.9334         nan    0.7835    38076417602.5356
  3041.380    6.0382    0.0000    6.9415         nan    0.6694    38391770467.2781
  3099.400    6.0479    0.0000    6.9484         nan    0.5539    38661500519.0491
  3157.420    6.0559    0.0000    6.9539         nan    0.4356    38884882679.6497
  3215.440    6.0620    0.0000    6.9583         nan    0.3105    39060673764.2838
  3273.460    6.0665    0.0000    6.9614         nan    0.1623    39186042990.0712
  3331.480    6.0691    0.0000    6.9632         nan   -0.1413    39251606060.4027
  3389.500    6.0700    0.0000    6.9639         nan    0.0000    39194507735.9556
