# Depth[km]  Vp[km/s]  Vs[km/s] Rho[g/cm3]    T[K]     g[m/s2]         P[Pa]        
     0.000    3.3080    1.9804    1.4905    273.1500    3.7291              0.0000
    10.393    3.3080    1.9804    1.4905    316.6430    3.7390       57764414.8675
    10.393    4.9485    2.9625    2.2297    316.6430    3.7390       57764414.8675
    27.798    4.9485    2.9625    2.2297    389.4917    3.7451      202870872.4371
    27.798    5.1408    3.0776    2.3163    389.4917    3.7451      202870872.4371
    44.250    5.1408    3.0776    2.3163    458.3516    3.7499      345593085.3274
    44.250    7.9960    4.5429    3.5185    458.3516    3.7499      345593085.3274
    53.448    7.9878    4.5332    3.5181    496.8464    3.7434      466937330.3253
    62.645    7.9792    4.5232    3.5175    535.3413    3.7369      588053935.3124
    71.842    7.9703    4.5130    3.5169    573.8361    3.7305      708941453.7450
    81.040    7.9610    4.5027    3.5162    612.3310    3.7240      829597766.5023
    90.237    7.9518    4.4925    3.5156    650.8259    3.7176      950023117.1969
    99.435    7.9426    4.4823    3.5149    689.3207    3.7113     1070218975.6532
   108.632    7.9334    4.4723    3.5142    727.8156    3.7049     1190185525.9375
   117.829    7.9237    4.4620    3.5134    766.3104    3.6986     1309921332.5696
   127.027    7.9142    4.4520    3.5127    804.8053    3.6923     1429425902.1575
   136.224    7.9046    4.4419    3.5118    843.3001    3.6860     1548700218.0713
   145.422    7.8945    4.4316    3.5109    881.7950    3.6798     1667742613.2482
   154.619    7.8850    4.4218    3.5101    920.2898    3.6736     1786553332.6983
   163.816    7.8750    4.4117    3.5091    958.7847    3.6674     1905133132.7740
   173.014    7.8650    4.4016    3.5081    997.2795    3.6613     2023480965.2425
   182.211    7.8554    4.3917    3.5072   1035.7744    3.6552     2141598015.9401
   191.409    7.8461    4.3819    3.5063   1074.2693    3.6491     2259487180.0213
   200.606    7.8356    4.3717    3.5052   1112.7641    3.6431     2377146877.2891
   209.803    7.8259    4.3619    3.5042   1151.2590    3.6371     2494577010.2875
   219.001    7.8163    4.3521    3.5032   1189.7538    3.6311     2611780469.3695
   228.198    7.8060    4.3422    3.5020   1228.2487    3.6251     2728755135.4687
   237.395    7.7962    4.3323    3.5010   1266.7435    3.6192     2845502401.5439
   246.593    7.7861    4.3222    3.4999   1305.2384    3.6134     2962024560.7652
   255.790    7.7769    4.3128    3.4988   1343.7332    3.6075     3078320404.7670
   264.988    7.7675    4.3030    3.4977   1382.2281    3.6017     3194391804.4217
   274.185    7.7582    4.2937    3.4965   1420.7229    3.5960     3310239635.0353
   283.382    7.7479    4.2835    3.4954   1459.2178    3.5903     3425864310.2154
   292.580    7.7390    4.2743    3.4942   1497.7126    3.5846     3541266889.7627
   301.777    7.7294    4.2646    3.4931   1536.2075    3.5789     3656448207.1922
   310.975    7.7193    4.2547    3.4919   1574.7024    3.5733     3771409305.1861
   320.172    7.7100    4.2451    3.4907   1613.1972    3.5678     3886151651.3491
   329.369    7.6999    4.2352    3.4895   1651.6921    3.5622     4000675783.5512
   338.567    7.6898    4.2254    3.4882   1690.1869    3.5568     4114981523.5773
   347.764    7.6800    4.2156    3.4870   1728.6818    3.5513     4229070518.8116
   356.962    7.6703    4.2057    3.4858   1767.1766    3.5459     4342945495.9437
   366.159    7.6603    4.1959    3.4845   1805.6715    3.5406     4456607213.4925
   375.356    7.6504    4.1860    3.4832   1844.1663    3.5352     4570055410.3081
   384.554    7.6404    4.1761    3.4819   1882.6612    3.5300     4683291556.7364
   393.751    7.6298    4.1661    3.4806   1921.1560    3.5247     4796316459.2701
   402.949    7.6200    4.1562    3.4793   1959.6509    3.5196     4909131275.5200
   412.146    7.6097    4.1461    3.4780   1998.1458    3.5144     5021737267.8491
   436.539    7.6409    4.1559    3.4870   2003.2544    3.5009     5320278448.9708
   460.931    7.6715    4.1656    3.4959   2008.2248    3.4874     5618437122.4702
   485.324    7.7015    4.1751    3.5048   2013.1041    3.4740     5916202903.9926
   509.717    7.7301    4.1840    3.5134   2017.9498    3.4607     6213567115.2741
   534.109    7.7585    4.1929    3.5219   2022.5636    3.4475     6510517901.0586
   558.502    7.7857    4.2014    3.5303   2027.0860    3.4344     6807045608.5437
   582.895    7.8125    4.2097    3.5387   2031.6058    3.4214     7103150417.9717
   607.288    7.8394    4.2181    3.5470   2035.9793    3.4086     7398833391.9462
   631.680    7.8652    4.2262    3.5552   2040.1770    3.3958     7694087797.8163
   656.073    7.8916    4.2344    3.5634   2044.4334    3.3833     7988916065.7350
   680.466    7.9170    4.2424    3.5714   2048.4931    3.3708     8283322062.1737
   704.858    7.9431    4.2507    3.5796   2052.5654    3.3585     8577314206.0439
   729.251    7.9685    4.2587    3.5877   2056.5343    3.3464     8870901568.2422
   753.644    7.9941    4.2668    3.5959   2060.5523    3.3345     9164092184.4987
   778.036    8.0195    4.2749    3.6040   2064.2830    3.3227     9456898969.9044
   802.429    8.0450    4.2832    3.6122   2068.0214    3.3112     9749333132.1625
   826.822    8.0709    4.2917    3.6204   2071.6870    3.2998    10041412766.5229
   851.215    8.0973    4.3005    3.6288   2075.4667    3.2887    10333161912.2241
   875.607    8.1238    4.3094    3.6374   2079.0214    3.2777    10624605975.0630
   900.000    8.1511    4.3189    3.6462   2082.5565    3.2670    10915774951.1535
   917.139    8.1704    4.3257    3.6524   2085.0217    3.2597    11120109725.0815
   934.278    8.1905    4.3330    3.6589   2087.4706    3.2524    11324339243.6617
   951.416    8.2118    4.3411    3.6658   2089.9091    3.2453    11528487837.3317
   968.555    8.2338    4.3495    3.6729   2092.3409    3.2383    11732578144.7882
   985.694    8.2527    4.3563    3.6791   2094.7757    3.2314    11936598674.4369
  1002.833    8.2808    4.3683    3.6882   2097.3128    3.2247    12140608940.5308
  1019.972    8.2997    4.3748    3.6949   2099.9129    3.2180    12344627911.6262
  1037.110    8.3169    4.3803    3.7011   2102.3840    3.2115    12548582842.1324
  1054.249    8.3377    4.3879    3.7085   2105.3026    3.2052    12752501350.5678
  1071.388    8.3546    4.3934    3.7145   2107.8635    3.1990    12956388264.1309
  1088.527    8.3699    4.3981    3.7201   2110.1419    3.1930    13160198995.2718
  1105.666    8.3857    4.4032    3.7257   2112.3509    3.1872    13363933887.2202
  1122.804    8.4311    4.4281    3.7400   2116.4321    3.1815    13567843816.2298
  1139.943    8.5717    4.5164    3.7782   2132.0377    3.1757    13772821094.9539
  1157.082    8.7460    4.6272    3.8238   2150.3958    3.1696    13979706032.1439
  1174.221    8.8882    4.7170    3.8601   2159.2528    3.1632    14188416783.0293
  1191.360    8.9027    4.7214    3.8654   2161.2917    3.1568    14397830528.6058
  1208.498    8.9171    4.7256    3.8707   2163.2678    3.1505    14607103762.0891
  1225.637    8.9313    4.7300    3.8760   2165.3686    3.1445    14816250047.1503
  1242.776    8.9450    4.7339    3.8812   2167.4634    3.1387    15025281227.7419
  1259.915    8.9586    4.7378    3.8866   2169.2788    3.1332    15234212460.8737
  1277.054    8.9720    4.7416    3.8917   2171.1881    3.1279    15443056093.1932
  1294.192    8.9859    4.7459    3.8971   2172.9186    3.1228    15651829248.4485
  1311.331    8.9988    4.7494    3.9024   2174.6378    3.1180    15860549408.8280
  1328.470    9.0118    4.7531    3.9076   2176.0803    3.1135    16069228090.9061
  1345.609    9.0247    4.7568    3.9130   2177.7857    3.1092    16277887962.1199
  1362.748    9.0373    4.7604    3.9183   2179.1277    3.1053    16486547499.2586
  1379.886    9.0498    4.7640    3.9234   2180.5402    3.1016    16695218607.2632
  1397.025    9.0624    4.7674    3.9291   2181.8037    3.0983    16903930840.2582
  1414.164    9.0744    4.7705    3.9345   2183.1645    3.0953    17112713316.8584
  1431.303    9.0865    4.7738    3.9399   2184.3073    3.0926    17321579891.0600
  1448.442    9.1283    4.7963    3.9512   2189.0792    3.0902    17530708533.1936
  1465.580    9.1681    4.8175    3.9626   2193.5938    3.0882    17740279704.9589
  1482.719    9.2081    4.8393    3.9740   2198.1119    3.0864    17950310652.5312
  1499.858    9.2486    4.8615    3.9864   2203.1163    3.0849    18160847206.7925
  1516.997    9.2890    4.8839    3.9988   2207.5941    3.0837    18371938369.2293
  1534.136    9.3205    4.9010    4.0087   2211.2121    3.0828    18583537560.1441
  1551.274    9.3332    4.9055    4.0133   2213.3682    3.0824    18795462409.1411
  1568.413    9.3467    4.9108    4.0179   2215.2252    3.0824    19007602054.3525
  1568.413    5.1093    0.0000    3.9849         nan    3.0824    19007602054.3525
  1586.411    5.1226    0.0000    3.9905         nan    3.0835    19228832978.4803
  1604.410    5.1359    0.0000    3.9961         nan    3.0851    19450449655.5468
  1622.408    5.1492    0.0000    4.0017         nan    3.0872    19672492337.4395
  1640.406    5.1622    0.0000    4.0072         nan    3.0900    19894999647.9000
  1658.404    5.1749    0.0000    4.0126         nan    3.0935    20118008894.8497
  1676.402    5.1876    0.0000    4.0179         nan    3.0975    20341563215.1297
  1694.401    5.2002    0.0000    4.0233         nan    3.1023    20565711329.3162
  1712.399    5.2123    0.0000    4.0284         nan    3.1078    20790497694.5582
  1730.397    5.2244    0.0000    4.0335         nan    3.1141    21015969523.9866
  1730.397    5.4102    0.0000    6.4885         nan    3.1141    21015969523.9866
  1787.607    5.4530    0.0000    6.5272         nan    3.0170    22175414028.9647
  1844.818    5.4939    0.0000    6.5643         nan    2.9187    23305227491.0626
  1902.028    5.5328    0.0000    6.5998         nan    2.8195    24404312250.4552
  1959.239    5.5698    0.0000    6.6338         nan    2.7192    25471613752.9329
  2016.449    5.6050    0.0000    6.6663         nan    2.6179    26506119978.1863
  2073.660    5.6384    0.0000    6.6973         nan    2.5157    27506860995.4465
  2130.870    5.6702    0.0000    6.7269         nan    2.4127    28472908637.1698
  2188.081    5.7003    0.0000    6.7550         nan    2.3089    29403376289.1876
  2245.291    5.7287    0.0000    6.7818         nan    2.2042    30297418799.8741
  2302.501    5.7556    0.0000    6.8071         nan    2.0989    31154232517.2347
  2359.712    5.7809    0.0000    6.8311         nan    1.9929    31973055474.7173
  2416.922    5.8047    0.0000    6.8537         nan    1.8862    32753167759.8157
  2474.133    5.8270    0.0000    6.8749         nan    1.7790    33493892116.8613
  2531.343    5.8478    0.0000    6.8948         nan    1.6712    34194594871.6939
  2588.554    5.8672    0.0000    6.9134         nan    1.5629    34854687312.7906
  2645.764    5.8851    0.0000    6.9306         nan    1.4543    35473627747.8620
  2702.975    5.9017    0.0000    6.9466         nan    1.3453    36050924600.2255
  2760.185    5.9168    0.0000    6.9612         nan    1.2361    36586141158.0560
  2817.395    5.9306    0.0000    6.9746         nan    1.1268    37078903064.1488
  2874.606    5.9431    0.0000    6.9866         nan    1.0176    37528910541.2589
  2931.816    5.9542    0.0000    6.9974         nan    0.9087    37935959216.4968
  2989.027    5.9640    0.0000    7.0069         nan    0.8006    38299977498.0476
  3046.237    5.9724    0.0000    7.0151         nan    0.6941    38621098132.1876
  3103.448    5.9795    0.0000    7.0220         nan    0.5909    38899806834.2253
  3160.658    5.9854    0.0000    7.0277         nan    0.4949    39137285587.1670
  3217.869    5.9899    0.0000    7.0321         nan    0.4176    39336328921.3824
  3275.079    5.9931    0.0000    7.0353         nan    0.4052    39504362760.6491
  3332.290    5.9951    0.0000    7.0372         nan    0.8329    39667463013.2336
  3389.500    5.9957    0.0000    7.0378         nan    0.0000    40002804095.2689
