# Depth[km]  Vp[km/s]  Vs[km/s] Rho[g/cm3]    T[K]     g[m/s2]         P[Pa]        
     0.000    3.3507    1.9946    1.5181    273.1500    3.7291              0.0000
     9.468    3.3507    1.9946    1.5181    312.2381    3.7379       53597385.7300
     9.468    4.8257    2.8726    2.1864    312.2381    3.7379       53597385.7300
    30.352    4.8257    2.8726    2.1864    398.4721    3.7460      224276645.7043
    30.352    5.1281    3.0527    2.3234    398.4721    3.7460      224276645.7043
    44.574    5.1281    3.0527    2.3234    457.1957    3.7501      348056155.5270
    44.574    7.9968    4.5434    3.5187    457.1957    3.7501      348056155.5270
    54.113    7.9885    4.5334    3.5183    496.5836    3.7433      473921667.1416
    63.652    7.9799    4.5232    3.5178    535.9716    3.7366      599544160.1111
    73.192    7.9710    4.5130    3.5172    575.3595    3.7299      724922428.2643
    82.731    7.9615    4.5024    3.5165    614.7475    3.7233      850054183.0997
    92.270    7.9523    4.4921    3.5159    654.1354    3.7166      974939608.4066
   101.809    7.9431    4.4817    3.5153    693.5234    3.7100     1099580228.8477
   111.348    7.9339    4.4715    3.5146    732.9113    3.7034     1223976163.2054
   120.887    7.9240    4.4610    3.5139    772.2993    3.6969     1348126126.7608
   130.427    7.9141    4.4507    3.5130    811.6872    3.6904     1472028011.5810
   139.966    7.9047    4.4405    3.5123    851.0752    3.6839     1595683719.5394
   149.505    7.8948    4.4302    3.5114    890.4631    3.6774     1719093932.3892
   159.044    7.8849    4.4200    3.5105    929.8510    3.6710     1842257156.3158
   168.583    7.8752    4.4099    3.5096    969.2390    3.6646     1965173971.6852
   178.122    7.8652    4.3996    3.5087   1008.6269    3.6582     2087844971.4533
   187.662    7.8556    4.3897    3.5078   1048.0149    3.6519     2210270501.1409
   197.201    7.8456    4.3795    3.5068   1087.4028    3.6456     2332450804.8731
   206.740    7.8359    4.3695    3.5058   1126.7908    3.6394     2454387137.4653
   216.279    7.8258    4.3593    3.5049   1166.1787    3.6332     2576080854.3793
   225.818    7.8157    4.3492    3.5038   1205.5667    3.6270     2697531149.0239
   235.357    7.8057    4.3391    3.5027   1244.9546    3.6208     2818737721.8187
   244.897    7.7957    4.3289    3.5018   1284.3425    3.6147     2939704040.3947
   254.436    7.7860    4.3190    3.5007   1323.7305    3.6087     3060431984.4867
   263.975    7.7771    4.3096    3.4996   1363.1184    3.6026     3180919668.7225
   273.514    7.7671    4.2995    3.4985   1402.5064    3.5967     3301167367.9614
   283.053    7.7579    4.2899    3.4974   1441.8943    3.5907     3421177542.4889
   292.592    7.7482    4.2801    3.4962   1481.2823    3.5848     3540951023.6734
   302.131    7.7385    4.2702    3.4951   1520.6702    3.5789     3660487734.6699
   311.671    7.7290    4.2603    3.4939   1560.0582    3.5731     3779789951.3828
   321.210    7.7189    4.2504    3.4927   1599.4461    3.5673     3898858660.6329
   330.749    7.7098    4.2408    3.4917   1638.8340    3.5616     4017695949.0839
   340.288    7.6995    4.2306    3.4904   1678.2220    3.5559     4136302477.3572
   349.827    7.6892    4.2205    3.4892   1717.6099    3.5502     4254676867.6067
   359.366    7.6793    4.2105    3.4880   1756.9979    3.5446     4372821448.3464
   368.906    7.6692    4.2004    3.4867   1796.3858    3.5390     4490737406.8396
   378.445    7.6597    4.1907    3.4855   1835.7738    3.5335     4608426964.5863
   387.984    7.6497    4.1806    3.4843   1875.1617    3.5281     4725892131.9672
   397.523    7.6392    4.1703    3.4830   1914.5497    3.5226     4843132902.5001
   407.062    7.6291    4.1602    3.4817   1953.9376    3.5172     4960149603.7705
   416.601    7.6185    4.1499    3.4803   1993.3255    3.5119     5076942385.9179
   426.141    7.6083    4.1397    3.4790   2032.7135    3.5066     5193513364.2387
   449.834    7.6397    4.1497    3.4879   2037.8050    3.4936     5482928174.4255
   473.527    7.6690    4.1589    3.4966   2042.7271    3.4806     5771994792.9411
   497.220    7.6978    4.1680    3.5051   2047.5459    3.4678     6060696743.8299
   520.912    7.7254    4.1767    3.5135   2052.2287    3.4550     6349024852.7853
   544.605    7.7528    4.1852    3.5218   2056.9030    3.4423     6636974369.4830
   568.298    7.7795    4.1936    3.5301   2061.3725    3.4297     6924541436.5521
   591.991    7.8058    4.2018    3.5381   2065.7598    3.4172     7211718611.3160
   615.684    7.8312    4.2097    3.5461   2069.9817    3.4048     7498500207.9434
   639.377    7.8570    4.2178    3.5541   2074.2583    3.3926     7784889501.3280
   663.070    7.8825    4.2258    3.5621   2078.4867    3.3805     8070893675.4309
   686.763    7.9075    4.2336    3.5700   2082.4570    3.3685     8356513096.4767
   710.456    7.9327    4.2415    3.5780   2086.5676    3.3567     8641756568.6545
   734.149    7.9572    4.2492    3.5858   2090.4662    3.3451     8926630568.2848
   757.842    7.9819    4.2570    3.5937   2094.2862    3.3336     9211137234.9670
   781.535    8.0074    4.2653    3.6017   2098.1535    3.3223     9495294815.0333
   805.228    8.0321    4.2732    3.6097   2101.8668    3.3112     9779120021.4254
   828.921    8.0571    4.2814    3.6178   2105.5542    3.3003    10062624957.0243
   852.614    8.0827    4.2899    3.6259   2109.1028    3.2896    10345827307.1879
   876.307    8.1091    4.2990    3.6344   2112.7857    3.2791    10628757536.2703
   900.000    8.1355    4.3081    3.6429   2116.2674    3.2688    10911443124.4431
   917.093    8.1550    4.3150    3.6491   2118.8097    3.2615    11115149280.7907
   934.185    8.1751    4.3222    3.6556   2121.2946    3.2543    11318757099.9569
   951.278    8.1957    4.3298    3.6624   2123.8072    3.2473    11522286622.6097
   968.370    8.2167    4.3377    3.6691   2126.2933    3.2404    11725751312.3200
   985.463    8.2395    4.3467    3.6765   2128.8196    3.2336    11929175221.7312
  1002.555    8.2644    4.3569    3.6846   2131.3322    3.2269    12132601519.4901
  1019.648    8.2831    4.3631    3.6913   2134.0708    3.2204    12336015201.9509
  1036.740    8.3008    4.3690    3.6976   2136.6571    3.2140    12539373158.6593
  1053.833    8.3205    4.3759    3.7046   2139.4433    3.2078    12742694870.5134
  1070.925    8.3384    4.3821    3.7110   2142.0493    3.2017    12945990899.8118
  1088.018    8.3537    4.3868    3.7165   2144.3956    3.1958    13149226189.1639
  1105.110    8.3729    4.3941    3.7235   2146.3357    3.1901    13352427910.8456
  1122.203    8.3959    4.4039    3.7322   2147.6653    3.1845    13555694760.4535
  1139.295    8.4788    4.4538    3.7560   2155.4013    3.1790    13759492011.7211
  1156.388    8.6376    4.5542    3.7985   2171.5859    3.1733    13964737223.7196
  1173.480    8.8367    4.6817    3.8496   2190.6775    3.1672    14172150907.1498
  1190.573    8.8807    4.7056    3.8619   2192.9314    3.1609    14380880009.8543
  1207.665    8.8954    4.7102    3.8672   2195.1485    3.1548    14589671185.4552
  1224.758    8.9102    4.7147    3.8728   2197.0878    3.1489    14798351937.5692
  1241.850    8.9242    4.7186    3.8782   2199.1989    3.1432    15006938753.8714
  1258.943    8.9379    4.7227    3.8833   2201.0969    3.1377    15215433423.1434
  1276.035    8.9514    4.7265    3.8888   2203.0085    3.1325    15423849611.6911
  1293.128    8.9648    4.7303    3.8940   2204.8189    3.1276    15632206650.8710
  1310.220    8.9784    4.7343    3.8996   2206.5124    3.1229    15840523523.6254
  1327.313    8.9914    4.7379    3.9049   2208.1904    3.1185    16048816984.4068
  1344.405    9.0044    4.7416    3.9102   2209.6077    3.1143    16257098001.4836
  1361.498    9.0174    4.7453    3.9158   2211.2280    3.1105    16465392812.7542
  1378.590    9.0299    4.7487    3.9211   2212.4348    3.1069    16673721157.2419
  1395.683    9.0420    4.7519    3.9265   2213.5607    3.1037    16882097628.9797
  1412.775    9.0541    4.7552    3.9319   2214.6805    3.1008    17090543433.4607
  1429.868    9.0665    4.7588    3.9371   2215.7419    3.0982    17299073817.7347
  1446.960    9.0786    4.7616    3.9433   2217.1158    3.0960    17507732925.9133
  1464.053    9.1164    4.7813    3.9543   2221.2785    3.0941    17716695896.0665
  1481.145    9.1579    4.8039    3.9659   2225.8339    3.0925    17926126864.7779
  1498.238    9.1978    4.8254    3.9779   2230.2701    3.0912    18136073180.1272
  1515.330    9.2377    4.8471    3.9903   2235.0864    3.0902    18346576396.1641
  1532.423    9.2799    4.8707    4.0036   2239.4139    3.0895    18557691205.6597
  1549.515    9.2974    4.8784    4.0098   2241.8922    3.0892    18769273083.6026
  1566.608    9.3096    4.8827    4.0143   2244.1988    3.0893    18981115883.1115
  1566.608    5.2075    0.0000    4.0564         nan    3.0893    18981115883.1115
  1583.983    5.2211    0.0000    4.0618         nan    3.0894    19198997357.4458
  1601.358    5.2347    0.0000    4.0672         nan    3.0899    19417169839.9067
  1618.733    5.2482    0.0000    4.0726         nan    3.0909    19635668609.9224
  1636.108    5.2616    0.0000    4.0779         nan    3.0925    19854528067.3935
  1653.483    5.2745    0.0000    4.0830         nan    3.0947    20073780304.4834
  1670.858    5.2874    0.0000    4.0882         nan    3.0974    20293461867.3018
  1688.233    5.3003    0.0000    4.0933         nan    3.1008    20513615362.0929
  1705.608    5.3128    0.0000    4.0983         nan    3.1048    20734280503.4886
  1722.983    5.3251    0.0000    4.1032         nan    3.1095    20955497682.0390
  1722.983    5.2435    0.0000    6.4428         nan    3.1095    20955497682.0390
  1780.449    5.3186    0.0000    6.4835         nan    3.0128    22110388612.6483
  1837.915    5.3897    0.0000    6.5221         nan    2.9149    23236232650.8160
  1895.381    5.4568    0.0000    6.5587         nan    2.8159    24331799504.6539
  1952.847    5.5203    0.0000    6.5933         nan    2.7159    25395929552.4116
  2010.313    5.5803    0.0000    6.6261         nan    2.6149    26427529593.6213
  2067.779    5.6370    0.0000    6.6572         nan    2.5130    27425569318.2909
  2125.246    5.6906    0.0000    6.6866         nan    2.4103    28389078392.1568
  2182.712    5.7410    0.0000    6.7143         nan    2.3067    29317144096.0120
  2240.178    5.7886    0.0000    6.7405         nan    2.2024    30208909481.7866
  2297.644    5.8333    0.0000    6.7651         nan    2.0974    31063572034.8426
  2355.110    5.8753    0.0000    6.7883         nan    1.9919    31880382869.2933
  2412.576    5.9146    0.0000    6.8100         nan    1.8857    32658646524.9900
  2470.042    5.9514    0.0000    6.8303         nan    1.7791    33397721491.8209
  2527.508    5.9856    0.0000    6.8493         nan    1.6721    34097021672.9765
  2584.974    6.0174    0.0000    6.8669         nan    1.5648    34756019137.6578
  2642.441    6.0468    0.0000    6.8832         nan    1.4573    35374248733.2734
  2699.907    6.0738    0.0000    6.8982         nan    1.3498    35951315505.7341
  2757.373    6.0986    0.0000    6.9119         nan    1.2423    36486906549.2774
  2814.839    6.1210    0.0000    6.9244         nan    1.1353    36980810145.6205
  2872.305    6.1413    0.0000    6.9356         nan    1.0292    37432947457.1729
  2929.771    6.1593    0.0000    6.9456         nan    0.9244    37843426968.6110
  2987.237    6.1751    0.0000    6.9544         nan    0.8223    38212642657.6538
  3044.703    6.1888    0.0000    6.9620         nan    0.7249    38541462415.0378
  3102.169    6.2003    0.0000    6.9685         nan    0.6365    38831619903.4645
  3159.636    6.2098    0.0000    6.9737         nan    0.5676    39086620172.1055
  3217.102    6.2171    0.0000    6.9778         nan    0.5483    39314157355.7911
  3274.568    6.2223    0.0000    6.9807         nan    0.7012    39534080881.4033
  3332.034    6.2254    0.0000    6.9824         nan    2.0195    39815388970.1652
  3389.500    6.2265    0.0000    6.9830         nan    0.0000    40625747573.9560
