# Depth[km]  Vp[km/s]  Vs[km/s] Rho[g/cm3]    T[K]     g[m/s2]         P[Pa]        
     0.000    3.7149    2.2311    1.6792    273.1500    3.7291              0.0000
    11.228    3.7149    2.2311    1.6792    317.1179    3.7380       70306277.8447
    11.228    4.7776    2.8693    2.1595    317.1179    3.7380       70306277.8447
    29.481    4.7776    2.8693    2.1595    388.6008    3.7455      217650443.6499
    29.481    6.0822    3.6528    2.7492    388.6008    3.7455      217650443.6499
    47.791    6.0822    3.6528    2.7492    460.3066    3.7442      406190292.6732
    47.791    7.9586    4.5339    3.5037    460.3066    3.7442      406190292.6732
    57.496    7.9514    4.5247    3.5036    498.3153    3.7375      533509679.4095
    67.201    7.9440    4.5154    3.5034    536.3240    3.7307      660593241.2843
    76.907    7.9359    4.5058    3.5031    574.3327    3.7240      787439342.2023
    86.612    7.9280    4.4963    3.5028    612.3414    3.7174      914047493.5326
    96.317    7.9192    4.4863    3.5024    650.3501    3.7107     1040415482.6051
   106.023    7.9107    4.4767    3.5020    688.3588    3.7041     1166542736.0271
   115.728    7.9024    4.4671    3.5017    726.3675    3.6975     1292432081.1743
   125.433    7.8933    4.4572    3.5011    764.3762    3.6909     1418081241.9034
   135.139    7.8848    4.4476    3.5007    802.3849    3.6844     1543490208.3950
   144.844    7.8756    4.4379    3.5002    840.3936    3.6779     1668659604.5684
   154.549    7.8667    4.4282    3.4996    878.4023    3.6714     1793587909.5649
   164.255    7.8576    4.4185    3.4990    916.4110    3.6650     1918276316.3523
   173.960    7.8482    4.4087    3.4984    954.4197    3.6586     2042723680.8971
   183.665    7.8391    4.3990    3.4977    992.4284    3.6522     2166930280.4838
   193.371    7.8299    4.3894    3.4971   1030.4371    3.6458     2290897547.1290
   203.076    7.8209    4.3797    3.4964   1068.4458    3.6395     2414626159.9937
   212.781    7.8107    4.3697    3.4956   1106.4545    3.6333     2538114200.3756
   222.487    7.8019    4.3602    3.4950   1144.4632    3.6270     2661363816.4089
   232.192    7.7920    4.3503    3.4941   1182.4719    3.6208     2784375879.3893
   241.897    7.7827    4.3407    3.4933   1220.4806    3.6147     2907149142.8886
   251.603    7.7732    4.3311    3.4925   1258.4893    3.6085     3029685944.9333
   261.308    7.7637    4.3213    3.4917   1296.4980    3.6024     3151986980.4939
   271.013    7.7552    4.3122    3.4909   1334.5067    3.5964     3274054018.6997
   280.719    7.7462    4.3027    3.4901   1372.5154    3.5904     3395887486.6903
   290.424    7.7367    4.2931    3.4891   1410.5240    3.5844     3517486003.3134
   300.129    7.7275    4.2837    3.4883   1448.5327    3.5785     3638850835.6290
   309.835    7.7183    4.2741    3.4874   1486.5414    3.5726     3759985321.8288
   319.540    7.7093    4.2647    3.4865   1524.5501    3.5667     3880889642.8234
   329.245    7.6996    4.2550    3.4855   1562.5588    3.5609     4001563146.8440
   338.951    7.6906    4.2456    3.4847   1600.5675    3.5552     4122009029.7110
   348.656    7.6807    4.2358    3.4836   1638.5762    3.5494     4242227271.7384
   358.361    7.6717    4.2265    3.4828   1676.5849    3.5438     4362219336.0000
   368.067    7.6622    4.2168    3.4819   1714.5936    3.5381     4481988764.8779
   377.772    7.6519    4.2068    3.4808   1752.6023    3.5325     4601533248.8468
   387.477    7.6430    4.1974    3.4799   1790.6110    3.5270     4720855741.4910
   397.183    7.6328    4.1875    3.4789   1828.6197    3.5215     4839957882.8631
   406.888    7.6230    4.1778    3.4779   1866.6284    3.5160     4958839283.7718
   416.593    7.6134    4.1681    3.4769   1904.6371    3.5106     5077503271.6123
   426.299    7.6035    4.1582    3.4759   1942.6458    3.5053     5195951692.5280
   436.004    7.5934    4.1483    3.4748   1980.6545    3.5000     5314183620.9922
   459.204    7.6251    4.1577    3.4836   1985.5093    3.4874     5596692150.0491
   482.403    7.6560    4.1669    3.4923   1990.2740    3.4749     5878890225.1896
   505.603    7.6853    4.1756    3.5007   1994.8179    3.4624     6160761478.4606
   528.803    7.7143    4.1842    3.5089   1999.2057    3.4500     6442292191.1577
   552.003    7.7423    4.1924    3.5171   2003.5937    3.4378     6723475307.0325
   575.203    7.7696    4.2004    3.5251   2007.8370    3.4256     7004305055.9020
   598.403    7.7970    4.2086    3.5332   2012.0053    3.4135     7284779518.0133
   621.602    7.8233    4.2162    3.5410   2015.9706    3.4016     7564894818.5707
   644.802    7.8498    4.2241    3.5489   2020.0810    3.3898     7844651805.1659
   668.002    7.8753    4.2315    3.5567   2023.9664    3.3781     8124052031.6836
   691.202    7.9012    4.2393    3.5644   2027.8361    3.3666     8403095705.3520
   714.402    7.9266    4.2469    3.5721   2031.5341    3.3552     8681788741.4905
   737.601    7.9517    4.2544    3.5798   2035.2254    3.3439     8960136386.0390
   760.801    7.9771    4.2620    3.5875   2038.9342    3.3329     9238149517.0470
   784.001    8.0023    4.2697    3.5951   2042.4875    3.3220     9515836505.1631
   807.201    8.0274    4.2774    3.6028   2046.0053    3.3113     9793207415.6466
   830.401    8.0524    4.2852    3.6105   2049.3577    3.3008    10070274591.0970
   853.600    8.0775    4.2929    3.6183   2052.9067    3.2905    10347055474.7894
   876.800    8.1036    4.3014    3.6263   2056.2171    3.2804    10623578257.4446
   900.000    8.1297    4.3099    3.6344   2059.5115    3.2705    10899865745.4357
   917.087    8.1492    4.3164    3.6405   2061.9081    3.2634    11103133300.0242
   934.173    8.1705    4.3241    3.6471   2064.2853    3.2564    11306312147.5588
   951.260    8.1902    4.3306    3.6533   2066.7121    3.2495    11509411461.3190
   968.346    8.2112    4.3382    3.6599   2069.0738    3.2428    11712436579.7531
   985.433    8.2314    4.3453    3.6664   2071.4073    3.2362    11915401144.5748
  1002.519    8.2572    4.3558    3.6745   2073.8809    3.2297    12118356444.7899
  1019.606    8.2818    4.3654    3.6824   2076.4010    3.2233    12321346558.6465
  1036.692    8.3066    4.3754    3.6903   2078.9137    3.2171    12524372815.6445
  1053.779    8.3239    4.3809    3.6961   2081.0675    3.2110    12727384254.1709
  1070.865    8.3409    4.3863    3.7017   2083.2257    3.2051    12930325121.7438
  1087.952    8.3580    4.3918    3.7076   2085.3522    3.1994    13133208023.0913
  1105.038    8.3752    4.3974    3.7134   2087.5225    3.1939    13336048169.4403
  1122.125    8.4785    4.4606    3.7420   2097.8774    3.1884    13539476001.4798
  1139.211    8.6480    4.5681    3.7870   2113.9245    3.1826    13744557850.7954
  1156.298    8.8489    4.6969    3.8385   2130.4684    3.1764    13951893086.9733
  1173.384    8.8671    4.7036    3.8443   2132.8482    3.1701    14160381911.1117
  1190.471    8.8824    4.7084    3.8496   2135.1364    3.1640    14368757891.1353
  1207.557    8.8991    4.7128    3.8563   2138.0241    3.1581    14577054546.8699
  1224.644    8.9143    4.7174    3.8617   2140.5116    3.1524    14785290481.8861
  1241.730    8.9295    4.7220    3.8672   2142.8831    3.1470    14993444878.8295
  1258.817    8.9449    4.7266    3.8728   2145.3657    3.1417    15201535613.2752
  1275.903    8.9599    4.7314    3.8782   2147.7399    3.1367    15409575445.4223
  1292.990    8.9749    4.7360    3.8836   2150.1761    3.1320    15617574996.8916
  1310.076    8.9894    4.7406    3.8888   2152.5903    3.1275    15825546689.2893
  1327.163    9.0032    4.7451    3.8936   2154.8551    3.1233    16033489403.5847
  1344.249    9.0178    4.7498    3.8990   2157.2545    3.1194    16241424075.4679
  1361.336    9.0324    4.7545    3.9043   2159.6091    3.1158    16449382097.2610
  1378.422    9.0454    4.7590    3.9087   2161.7618    3.1126    16657357707.1004
  1395.509    9.0656    4.7673    3.9147   2164.6062    3.1096    16865392717.4075
  1412.595    9.1088    4.7902    3.9257   2170.9267    3.1069    17073683188.6672
  1429.682    9.1468    4.8106    3.9352   2176.5545    3.1045    17282335892.0118
  1446.768    9.1881    4.8335    3.9452   2182.3791    3.1024    17491342723.8655
  1463.855    9.2285    4.8561    3.9552   2188.2171    3.1006    17700739270.8412
  1480.941    9.2690    4.8780    3.9664   2194.3914    3.0991    17910574005.8540
  1498.028    9.3094    4.9008    3.9770   2200.9399    3.0979    18120882669.6561
  1515.115    9.3510    4.9248    3.9881   2207.6619    3.0970    18331686618.4647
  1532.201    9.3738    4.9362    3.9949   2210.6212    3.0965    18542906594.1782
  1549.288    9.3865    4.9407    3.9994   2212.6770    3.0965    18754391693.3570
  1566.374    9.3991    4.9451    4.0038   2214.7262    3.0969    18966108556.6972
  1566.374    4.9978    0.0000    4.0059         nan    3.0969    18966108556.6972
  1582.218    5.0112    0.0000    4.0111         nan    3.0977    19162787821.1961
  1598.061    5.0246    0.0000    4.0163         nan    3.0989    19359773806.7882
  1613.904    5.0379    0.0000    4.0215         nan    3.1006    19557093685.7318
  1629.748    5.0513    0.0000    4.0267         nan    3.1027    19754775591.5858
  1645.591    5.0640    0.0000    4.0317         nan    3.1053    19952843011.2631
  1661.435    5.0767    0.0000    4.0366         nan    3.1084    20151320979.7611
  1677.278    5.0894    0.0000    4.0416         nan    3.1121    20350241807.3966
  1693.122    5.1021    0.0000    4.0466         nan    3.1162    20549638814.1493
  1708.965    5.1141    0.0000    4.0513         nan    3.1209    20749541299.6364
  1708.965    5.2040    0.0000    6.4025         nan    3.1209    20749541299.6364
  1766.915    5.2586    0.0000    6.4443         nan    3.0244    21911259927.5480
  1824.864    5.3106    0.0000    6.4842         nan    2.9266    23044185635.9102
  1882.814    5.3599    0.0000    6.5223         nan    2.8276    24147090761.1175
  1940.763    5.4068    0.0000    6.5586         nan    2.7276    25218802838.8656
  1998.713    5.4514    0.0000    6.5931         nan    2.6265    26258202885.6410
  2056.662    5.4936    0.0000    6.6261         nan    2.5245    27264223953.5822
  2114.612    5.5337    0.0000    6.6573         nan    2.4215    28235849929.9962
  2172.561    5.5715    0.0000    6.6870         nan    2.3176    29172114562.3109
  2230.511    5.6073    0.0000    6.7152         nan    2.2129    30072100699.2051
  2288.460    5.6411    0.0000    6.7417         nan    2.1074    30934939749.7419
  2346.409    5.6729    0.0000    6.7668         nan    2.0013    31759811375.9408
  2404.359    5.7027    0.0000    6.7904         nan    1.8944    32545943451.8987
  2462.308    5.7307    0.0000    6.8126         nan    1.7869    33292612349.0142
  2520.258    5.7568    0.0000    6.8333         nan    1.6789    33999143643.4868
  2578.207    5.7810    0.0000    6.8526         nan    1.5704    34664913407.1784
  2636.157    5.8035    0.0000    6.8705         nan    1.4615    35289350340.7690
  2694.106    5.8242    0.0000    6.8871         nan    1.3523    35871939178.9871
  2752.056    5.8432    0.0000    6.9022         nan    1.2428    36412226105.9712
  2810.005    5.8604    0.0000    6.9160         nan    1.1333    36909827477.6687
  2867.955    5.8760    0.0000    6.9285         nan    1.0239    37364444241.6427
  2925.904    5.8898    0.0000    6.9396         nan    0.9150    37775886682.5320
  2983.854    5.9020    0.0000    6.9494         nan    0.8071    38144119017.7141
  3041.803    5.9126    0.0000    6.9578         nan    0.7011    38469344962.4068
  3099.753    5.9215    0.0000    6.9650         nan    0.5991    38752185649.9380
  3157.702    5.9288    0.0000    6.9708         nan    0.5057    38994090785.0411
  3215.652    5.9344    0.0000    6.9754         nan    0.4346    39198436251.7031
  3273.601    5.9385    0.0000    6.9786         nan    0.4409    39374140628.7574
  3331.551    5.9409    0.0000    6.9806         nan    0.9720    39552459486.9071
  3389.500    5.9417    0.0000    6.9812         nan    0.0000    39945659396.9727
