# Depth[km]  Vp[km/s]  Vs[km/s] Rho[g/cm3]    T[K]     g[m/s2]         P[Pa]        
     0.000    3.6004    2.1727    1.6423    273.1500    3.7291              0.0000
    11.777    3.6004    2.1727    1.6423    320.6005    3.7389       72127031.3931
    11.777    4.3470    2.6232    1.9828    320.6005    3.7389       72127031.3931
    27.850    4.3470    2.6232    1.9828    385.3608    3.7478      191280034.9697
    27.850    5.2723    3.1815    2.4049    385.3608    3.7478      191280034.9697
    44.270    5.2723    3.1815    2.4049    451.5237    3.7514      339279284.4447
    44.270    7.9995    4.5454    3.5192    451.5237    3.7514      339279284.4447
    54.183    7.9914    4.5353    3.5189    491.4672    3.7444      470148018.0762
    64.097    7.9832    4.5252    3.5185    531.4106    3.7374      600758274.1178
    74.010    7.9743    4.5148    3.5180    571.3541    3.7305      731108812.4873
    83.923    7.9651    4.5042    3.5174    611.2976    3.7236      861197220.3496
    93.836    7.9560    4.4937    3.5169    651.2411    3.7167      991023462.5997
   103.749    7.9469    4.4833    3.5163    691.1846    3.7098     1120589251.5202
   113.663    7.9379    4.4731    3.5157    731.1281    3.7030     1249894852.7543
   123.576    7.9283    4.4627    3.5150    771.0715    3.6962     1378938767.7496
   133.489    7.9190    4.4524    3.5144    811.0150    3.6894     1507720667.6474
   143.402    7.9093    4.4420    3.5136    850.9585    3.6826     1636240869.9795
   153.316    7.8995    4.4316    3.5128    890.9020    3.6759     1764498223.0824
   163.229    7.8900    4.4215    3.5121    930.8455    3.6693     1892493685.2422
   173.142    7.8808    4.4114    3.5113    970.7890    3.6626     2020228666.7456
   183.055    7.8712    4.4013    3.5105   1010.7324    3.6560     2147704176.1574
   192.969    7.8613    4.3910    3.5096   1050.6759    3.6495     2274918853.8739
   202.882    7.8519    4.3810    3.5087   1090.6194    3.6429     2401872693.0374
   212.795    7.8419    4.3708    3.5078   1130.5629    3.6365     2528566635.1887
   222.708    7.8318    4.3605    3.5068   1170.5064    3.6300     2655000765.8647
   232.621    7.8225    4.3506    3.5059   1210.4498    3.6236     2781177813.0191
   242.535    7.8129    4.3406    3.5050   1250.3933    3.6172     2907099400.7947
   252.448    7.8026    4.3302    3.5039   1290.3368    3.6109     3032763895.6266
   262.361    7.7934    4.3204    3.5030   1330.2803    3.6046     3158173243.4267
   272.274    7.7845    4.3106    3.5020   1370.2238    3.5983     3283329503.3058
   282.188    7.7746    4.3007    3.5009   1410.1673    3.5921     3408231192.3889
   292.101    7.7662    4.2914    3.5000   1450.1107    3.5860     3532881620.1683
   302.014    7.7562    4.2813    3.4988   1490.0542    3.5798     3657280757.2157
   311.927    7.7469    4.2712    3.4979   1529.9977    3.5738     3781429528.4249
   321.841    7.7371    4.2614    3.4967   1569.9412    3.5677     3905330046.7396
   331.754    7.7284    4.2519    3.4958   1609.8847    3.5617     4028984272.5076
   341.667    7.7183    4.2417    3.4946   1649.8282    3.5558     4152393388.7728
   351.580    7.7086    4.2318    3.4935   1689.7716    3.5499     4275556539.0615
   361.494    7.6992    4.2219    3.4924   1729.7151    3.5440     4398476944.3569
   371.407    7.6895    4.2119    3.4913   1769.6586    3.5382     4521155116.3815
   381.320    7.6794    4.2017    3.4901   1809.6021    3.5325     4643591802.7925
   391.233    7.6696    4.1916    3.4889   1849.5456    3.5268     4765788006.6488
   401.146    7.6598    4.1816    3.4877   1889.4891    3.5211     4887744980.4195
   411.060    7.6502    4.1716    3.4866   1929.4325    3.5155     5009465606.2528
   420.973    7.6400    4.1614    3.4853   1969.3760    3.5099     5130950477.0004
   430.886    7.6302    4.1512    3.4842   2009.3195    3.5044     5252200804.8077
   440.799    7.6199    4.1409    3.4829   2049.2630    3.4989     5373218802.5127
   463.759    7.6499    4.1504    3.4915   2054.1955    3.4864     5653368050.2206
   486.719    7.6774    4.1590    3.4997   2058.9471    3.4739     5933184735.0405
   509.679    7.7051    4.1677    3.5080   2063.5268    3.4615     6212656445.3937
   532.640    7.7326    4.1765    3.5162   2068.1214    3.4492     6491784072.8521
   555.600    7.7585    4.1845    3.5241   2072.5783    3.4370     6770557545.6232
   578.560    7.7838    4.1924    3.5321   2076.9230    3.4249     7048970568.0351
   601.520    7.8093    4.2003    3.5400   2081.2328    3.4129     7327024418.4414
   624.480    7.8338    4.2080    3.5476   2085.3364    3.4010     7604713229.1212
   647.440    7.8589    4.2159    3.5555   2089.4862    3.3892     7882039850.9912
   670.400    7.8836    4.2236    3.5632   2093.5632    3.3775     8159011003.2205
   693.360    7.9075    4.2311    3.5708   2097.4576    3.3660     8435625767.1467
   716.320    7.9324    4.2390    3.5786   2101.4396    3.3547     8711894544.8111
   739.280    7.9562    4.2465    3.5862   2105.2286    3.3435     8987822651.6404
   762.240    7.9801    4.2540    3.5938   2108.9449    3.3324     9263411743.4437
   785.200    8.0048    4.2620    3.6017   2112.7503    3.3215     9538681991.9471
   808.160    8.0288    4.2698    3.6094   2116.3255    3.3108     9813647808.5817
   831.120    8.0530    4.2777    3.6171   2119.9047    3.3003    10088315336.3434
   854.080    8.0773    4.2857    3.6249   2123.4518    3.2900    10362697614.7017
   877.040    8.1034    4.2947    3.6332   2127.0057    3.2799    10636830868.0284
   900.000    8.1289    4.3035    3.6414   2130.4370    3.2700    10910745602.7199
   916.859    8.1485    4.3105    3.6477   2132.9644    3.2628    11111670423.7452
   933.719    8.1683    4.3176    3.6541   2135.4301    3.2558    11312503965.9535
   950.578    8.1887    4.3251    3.6608   2137.9190    3.2489    11513262999.4588
   967.437    8.2098    4.3331    3.6675   2140.3719    3.2421    11713964610.9377
   984.297    8.2322    4.3419    3.6748   2142.8682    3.2354    11914630288.9722
  1001.156    8.2559    4.3514    3.6825   2145.4194    3.2289    12115292405.0961
  1018.016    8.2744    4.3577    3.6891   2148.0823    3.2225    12315936883.3525
  1034.875    8.2912    4.3631    3.6951   2150.6027    3.2162    12516523128.7045
  1051.734    8.3114    4.3704    3.7023   2153.4627    3.2101    12717078591.7151
  1068.594    8.3294    4.3766    3.7087   2156.0946    3.2041    12917621927.2228
  1085.453    8.3451    4.3815    3.7143   2158.4654    3.1983    13118116920.4202
  1102.312    8.3645    4.3890    3.7215   2160.3156    3.1927    13318591589.3306
  1119.172    8.3874    4.3990    3.7301   2161.5037    3.1872    13519137954.7156
  1136.031    8.4160    4.4127    3.7402   2163.0173    3.1819    13719843475.3336
  1152.891    8.5581    4.5019    3.7789   2177.6969    3.1764    13921519497.7816
  1169.750    8.7299    4.6110    3.8239   2198.1664    3.1707    14125094700.3095
  1186.609    8.8686    4.6985    3.8593   2205.6950    3.1647    14330452748.0973
  1203.469    8.8829    4.7027    3.8646   2207.8708    3.1587    14536505599.2275
  1220.328    8.8974    4.7070    3.8700   2209.9989    3.1528    14742451839.8918
  1237.187    8.9110    4.7108    3.8753   2211.8918    3.1472    14948302901.2266
  1254.047    8.9248    4.7148    3.8806   2213.8988    3.1419    15154068151.8267
  1270.906    8.9383    4.7186    3.8858   2215.7203    3.1367    15359760627.9603
  1287.766    8.9519    4.7227    3.8912   2217.3528    3.1318    15565397543.6915
  1304.625    8.9653    4.7265    3.8966   2219.2697    3.1272    15770998737.3432
  1321.484    8.9783    4.7301    3.9019   2220.8681    3.1228    15976576548.5094
  1338.344    8.9911    4.7338    3.9071   2222.3717    3.1187    16182142138.2238
  1355.203    9.0042    4.7374    3.9128   2223.9674    3.1148    16387723003.8922
  1372.062    9.0166    4.7408    3.9181   2225.1402    3.1113    16593339100.9643
  1388.922    9.0289    4.7441    3.9235   2226.4339    3.1080    16799000638.7278
  1405.781    9.0412    4.7475    3.9292   2227.7910    3.1051    17004736328.6282
  1422.641    9.0529    4.7507    3.9342   2228.6946    3.1025    17210557009.8599
  1439.500    9.0650    4.7541    3.9395   2229.6981    3.1002    17416475558.2307
  1456.359    9.0776    4.7572    3.9460   2231.0313    3.0983    17622553455.7213
  1473.219    9.1178    4.7786    3.9572   2235.3196    3.0966    17828965904.1861
  1490.078    9.1578    4.8000    3.9690   2239.5777    3.0953    18035870860.9950
  1506.937    9.1977    4.8217    3.9810   2244.0721    3.0943    18243308765.4165
  1523.797    9.2381    4.8440    3.9935   2248.5552    3.0936    18451316732.6375
  1540.656    9.2760    4.8649    4.0056   2252.4129    3.0932    18659917679.3587
  1557.516    9.2882    4.8691    4.0103   2254.7407    3.0932    18868930948.1567
  1557.516    4.8023    0.0000    4.0600         nan    3.0932    18868930948.1567
  1573.738    4.8149    0.0000    4.0659         nan    3.0929    19072807866.2290
  1589.961    4.8275    0.0000    4.0719         nan    3.0931    19276968350.6652
  1606.183    4.8400    0.0000    4.0779         nan    3.0937    19481439541.6137
  1622.406    4.8525    0.0000    4.0839         nan    3.0947    19686249066.3212
  1638.629    4.8645    0.0000    4.0896         nan    3.0962    19891419699.4272
  1654.851    4.8765    0.0000    4.0953         nan    3.0982    20096976388.6587
  1671.074    4.8884    0.0000    4.1010         nan    3.1006    20302951718.5762
  1687.296    4.9003    0.0000    4.1067         nan    3.1036    20509378326.4739
  1703.519    4.9116    0.0000    4.1122         nan    3.1072    20716285159.8302
  1703.519    5.1693    0.0000    6.3596         nan    3.1072    20716285159.8302
  1761.656    5.2414    0.0000    6.4015         nan    3.0108    21868893385.2880
  1819.794    5.3096    0.0000    6.4412         nan    2.9131    22992863704.0087
  1877.931    5.3742    0.0000    6.4789         nan    2.8142    24086916571.3744
  1936.068    5.4352    0.0000    6.5146         nan    2.7142    25149841457.8496
  1994.205    5.4930    0.0000    6.5485         nan    2.6131    26180492630.3520
  2052.343    5.5476    0.0000    6.5806         nan    2.5111    27177785521.2141
  2110.480    5.5992    0.0000    6.6110         nan    2.4081    28140693578.1333
  2168.617    5.6479    0.0000    6.6397         nan    2.3042    29068245499.1360
  2226.755    5.6937    0.0000    6.6668         nan    2.1995    29959522783.7701
  2284.892    5.7369    0.0000    6.6923         nan    2.0940    30813657532.6866
  2343.029    5.7775    0.0000    6.7163         nan    1.9877    31629830437.2212
  2401.166    5.8155    0.0000    6.7388         nan    1.8807    32407268900.4465
  2459.304    5.8510    0.0000    6.7599         nan    1.7731    33145245226.1739
  2517.441    5.8841    0.0000    6.7796         nan    1.6647    33843074798.0930
  2575.578    5.9148    0.0000    6.7979         nan    1.5558    34500114149.3173
  2633.715    5.9432    0.0000    6.8148         nan    1.4463    35115758775.9315
  2691.853    5.9694    0.0000    6.8304         nan    1.3363    35689440467.5284
  2749.990    5.9933    0.0000    6.8446         nan    1.2256    36220623787.0495
  2808.127    6.0151    0.0000    6.8576         nan    1.1144    36708801059.6947
  2866.265    6.0347    0.0000    6.8693         nan    1.0026    37153484706.2798
  2924.402    6.0521    0.0000    6.8797         nan    0.8901    37554194678.7894
  2982.539    6.0675    0.0000    6.8889         nan    0.7766    37910436392.5770
  3040.676    6.0807    0.0000    6.8968         nan    0.6619    38221658955.2444
  3098.814    6.0919    0.0000    6.9035         nan    0.5449    38487168883.1387
  3156.951    6.1010    0.0000    6.9089         nan    0.4234    38705931301.5137
  3215.088    6.1081    0.0000    6.9132         nan    0.2909    38876039861.5347
  3273.225    6.1132    0.0000    6.9162         nan    0.1206    38992970873.4735
  3331.363    6.1162    0.0000    6.9180         nan   -0.3045    39041476774.1307
  3389.500    6.1172    0.0000    6.9186         nan    0.0000    38918996385.9514
