# Depth[km]  Vp[km/s]  Vs[km/s] Rho[g/cm3]    T[K]     g[m/s2]         P[Pa]        
     0.000    3.4880    2.0640    1.5963    273.1500    3.7291              0.0000
    10.207    3.4880    2.0640    1.5963    312.1174    3.7379       60757902.1492
    10.207    5.2809    3.1249    2.4168    312.1174    3.7379       60757902.1492
    29.228    5.2809    3.1249    2.4168    384.7464    3.7416      232598207.4493
    29.228    6.1521    3.6405    2.8156    384.7464    3.7416      232598207.4493
    43.591    6.1521    3.6405    2.8156    439.5871    3.7397      383905864.4003
    43.591    7.9519    4.5330    3.4841    439.5871    3.7397      383905864.4003
    53.468    7.9464    4.5251    3.4842    477.3014    3.7330      512607132.2147
    63.346    7.9405    4.5170    3.4842    515.0158    3.7262      641077715.1776
    73.223    7.9343    4.5087    3.4842    552.7302    3.7195      769315789.6579
    83.101    7.9279    4.5003    3.4841    590.4445    3.7128      897319520.8672
    92.978    7.9206    4.4915    3.4838    628.1589    3.7061     1025085753.8035
   102.856    7.9139    4.4829    3.4836    665.8733    3.6995     1152614512.9739
   112.733    7.9070    4.4743    3.4834    703.5876    3.6929     1279907717.5035
   122.610    7.9001    4.4657    3.4832    741.3020    3.6863     1406964684.4321
   132.488    7.8926    4.4569    3.4828    779.0164    3.6798     1533783647.9545
   142.365    7.8857    4.4482    3.4825    816.7307    3.6732     1660364658.6095
   152.243    7.8780    4.4394    3.4820    854.4451    3.6667     1786707290.5899
   162.120    7.8707    4.4306    3.4816    892.1595    3.6603     1912810409.9477
   171.998    7.8634    4.4219    3.4811    929.8738    3.6539     2038675242.4281
   181.875    7.8559    4.4132    3.4805    967.5882    3.6475     2164300840.5854
   191.752    7.8484    4.4044    3.4800   1005.3026    3.6411     2289687245.4930
   201.630    7.8416    4.3959    3.4795   1043.0169    3.6348     2414837402.4645
   211.507    7.8338    4.3871    3.4788   1080.7313    3.6285     2539748973.4315
   221.385    7.8260    4.3781    3.4782   1118.4457    3.6223     2664421123.7851
   231.262    7.8186    4.3695    3.4776   1156.1600    3.6161     2788857019.9269
   241.140    7.8114    4.3608    3.4770   1193.8744    3.6099     2913057480.4077
   251.017    7.8043    4.3523    3.4763   1231.5888    3.6038     3037023487.2286
   260.894    7.7970    4.3437    3.4756   1269.3031    3.5977     3160754277.2501
   270.772    7.7895    4.3349    3.4750   1307.0175    3.5916     3284251618.5356
   280.649    7.7821    4.3264    3.4743   1344.7319    3.5856     3407516914.3849
   290.527    7.7740    4.3173    3.4734   1382.4463    3.5796     3530547417.3025
   300.404    7.7671    4.3089    3.4727   1420.1606    3.5737     3653345326.4369
   310.282    7.7603    4.3005    3.4720   1457.8750    3.5678     3775915272.4046
   320.159    7.7528    4.2919    3.4713   1495.5894    3.5619     3898257673.7543
   330.036    7.7448    4.2830    3.4704   1533.3037    3.5561     4020370603.0292
   339.914    7.7376    4.2745    3.4696   1571.0181    3.5504     4142254828.0827
   349.791    7.7307    4.2660    3.4689   1608.7325    3.5446     4263914607.5658
   359.669    7.7225    4.2570    3.4679   1646.4468    3.5390     4385349601.7048
   369.546    7.7152    4.2483    3.4672   1684.1612    3.5333     4506560767.4806
   379.424    7.7074    4.2395    3.4662   1721.8756    3.5277     4627548420.3788
   389.301    7.7003    4.2310    3.4654   1759.5899    3.5222     4748313987.4576
   399.179    7.6918    4.2219    3.4644   1797.3043    3.5167     4868858811.7938
   409.056    7.6849    4.2133    3.4636   1835.0187    3.5113     4989184710.6475
   418.933    7.6767    4.2042    3.4626   1872.7330    3.5059     5109293587.9524
   428.811    7.6689    4.1953    3.4618   1910.4474    3.5005     5229185982.7072
   438.688    7.6598    4.1858    3.4608   1948.1618    3.4952     5348864001.5580
   461.754    7.6883    4.1945    3.4690   1952.6665    3.4830     5628202329.0647
   484.819    7.7160    4.2029    3.4770   1957.0577    3.4708     5907212163.7097
   507.885    7.7435    4.2113    3.4850   1961.4795    3.4587     6185887313.0467
   530.951    7.7694    4.2190    3.4930   1965.7787    3.4467     6464226722.4798
   554.016    7.7949    4.2265    3.5008   1970.0580    3.4348     6742226639.5430
   577.082    7.8194    4.2337    3.5084   1974.0670    3.4230     7019877597.3588
   600.147    7.8446    4.2412    3.5161   1978.2108    3.4113     7297179509.6500
   623.213    7.8684    4.2481    3.5236   1982.1094    3.3998     7574133521.9867
   646.279    7.8920    4.2549    3.5311   1986.0966    3.3884     7850739534.4038
   669.344    7.9163    4.2620    3.5387   1990.1213    3.3771     8127008304.4183
   692.410    7.9397    4.2689    3.5460   1993.8963    3.3660     8402940475.0195
   715.475    7.9627    4.2755    3.5534   1997.6169    3.3551     8678535081.0357
   738.541    7.9857    4.2821    3.5606   2001.2847    3.3443     8953799337.2727
   761.606    8.0094    4.2891    3.5681   2005.0740    3.3337     9228749637.3246
   784.672    8.0321    4.2957    3.5753   2008.6121    3.3233     9503393430.6023
   807.738    8.0553    4.3026    3.5826   2012.1145    3.3131     9777734053.0012
   830.803    8.0779    4.3092    3.5899   2015.6117    3.3031    10051787719.5415
   853.869    8.1008    4.3160    3.5972   2018.9825    3.2933    10325568391.1449
   876.934    8.1240    4.3230    3.6045   2022.3655    3.2837    10599093388.3797
   900.000    8.1473    4.3302    3.6120   2025.6947    3.2744    10872386640.1581
   916.920    8.1646    4.3356    3.6175   2028.1083    3.2677    11072654362.7106
   933.840    8.1824    4.3413    3.6231   2030.5297    3.2612    11272821242.1295
   950.760    8.1996    4.3466    3.6287   2032.9231    3.2548    11472896322.5987
   967.680    8.2181    4.3528    3.6346   2035.2998    3.2485    11672895017.8082
   984.600    8.2377    4.3594    3.6409   2037.8786    3.2424    11872845172.3865
  1001.520    8.2575    4.3666    3.6471   2040.2392    3.2364    12072761977.0865
  1018.440    8.2774    4.3736    3.6536   2042.6053    3.2306    12272657787.9976
  1035.360    8.2980    4.3812    3.6603   2045.0058    3.2249    12472553536.7847
  1052.280    8.3136    4.3857    3.6656   2047.2759    3.2194    12672425595.0991
  1069.200    8.3293    4.3904    3.6708   2049.4166    3.2141    12872242142.6910
  1086.120    8.3450    4.3950    3.6761   2051.6371    3.2090    13072013821.3973
  1103.040    8.3923    4.4212    3.6896   2056.8393    3.2040    13271979225.3448
  1119.960    8.5170    4.5007    3.7227   2070.3801    3.1990    13472897453.0290
  1136.880    8.6869    4.6097    3.7671   2087.1817    3.1937    13675596288.3227
  1153.800    8.8081    4.6859    3.7984   2096.0684    3.1881    13880004725.6697
  1170.720    8.8238    4.6902    3.8039   2098.5186    3.1826    14085050586.0871
  1187.640    8.8375    4.6941    3.8085   2100.9051    3.1773    14290011893.4672
  1204.560    8.8549    4.6989    3.8149   2103.3622    3.1721    14494926078.8824
  1221.480    8.8705    4.7032    3.8205   2105.7824    3.1672    14699833516.2434
  1238.400    8.8859    4.7076    3.8260   2108.2034    3.1626    14904721791.5140
  1255.320    8.9015    4.7120    3.8317   2110.6141    3.1582    15109606135.9305
  1272.240    8.9170    4.7163    3.8373   2113.0717    3.1540    15314504845.4536
  1289.160    8.9325    4.7207    3.8429   2115.4790    3.1501    15519431758.7010
  1306.080    8.9481    4.7251    3.8487   2117.9685    3.1464    15724407592.5520
  1323.000    8.9632    4.7295    3.8541   2120.3636    3.1431    15929445276.9518
  1339.920    8.9785    4.7340    3.8597   2122.8102    3.1400    16134558193.5341
  1356.840    8.9936    4.7383    3.8654   2125.2792    3.1372    16339769292.4487
  1373.760    9.0179    4.7485    3.8726   2128.8009    3.1347    16545139437.1204
  1390.680    9.0556    4.7674    3.8822   2134.5957    3.1325    16750794277.3095
  1407.600    9.0953    4.7876    3.8924   2140.1762    3.1306    16956831703.0750
  1424.520    9.1354    4.8084    3.9030   2146.0028    3.1290    17163292579.9724
  1441.440    9.1744    4.8287    3.9133   2151.9106    3.1276    17370198357.0894
  1458.360    9.2141    4.8498    3.9240   2157.7651    3.1265    17577571934.9808
  1475.280    9.2540    4.8713    3.9349   2164.1804    3.1258    17785446999.4448
  1492.200    9.2948    4.8937    3.9461   2170.7330    3.1254    17993856436.1569
  1509.120    9.3229    4.9077    3.9546   2174.7640    3.1253    18202757044.1647
  1526.040    9.3371    4.9122    3.9599   2177.0570    3.1257    18412016654.6386
  1542.960    9.3512    4.9168    3.9651   2179.3263    3.1265    18621576650.1011
  1559.880    9.3646    4.9211    3.9700   2181.5719    3.1277    18831458184.7593
  1559.880    4.7185    0.0000    4.0279         nan    3.1277    18831458184.7593
  1572.997    4.7292    0.0000    4.0328         nan    3.1284    18996801153.4827
  1586.113    4.7399    0.0000    4.0377         nan    3.1294    19162382120.3609
  1599.230    4.7505    0.0000    4.0427         nan    3.1306    19328216208.2604
  1612.346    4.7612    0.0000    4.0476         nan    3.1322    19494319080.2510
  1625.463    4.7718    0.0000    4.0525         nan    3.1340    19660706061.1690
  1638.579    4.7820    0.0000    4.0572         nan    3.1362    19827389234.2926
  1651.695    4.7921    0.0000    4.0619         nan    3.1387    19994382244.9450
  1664.812    4.8023    0.0000    4.0666         nan    3.1416    20161703251.8088
  1677.928    4.8124    0.0000    4.0713         nan    3.1448    20329371064.6907
  1677.928    5.1325    0.0000    6.3316         nan    3.1448    20329371064.6907
  1736.948    5.2170    0.0000    6.3749         nan    3.0476    21508577910.8717
  1795.968    5.2965    0.0000    6.4158         nan    2.9491    22658911222.7944
  1854.987    5.3715    0.0000    6.4545         nan    2.8494    23778987837.1953
  1914.007    5.4422    0.0000    6.4911         nan    2.7485    24867509217.9531
  1973.027    5.5088    0.0000    6.5256         nan    2.6465    25923255103.8934
  2032.046    5.5716    0.0000    6.5582         nan    2.5435    26945078213.3273
  2091.066    5.6308    0.0000    6.5890         nan    2.4396    27931899816.7547
  2150.086    5.6865    0.0000    6.6180         nan    2.3348    28882706036.8245
  2209.106    5.7389    0.0000    6.6454         nan    2.2291    29796544760.8799
  2268.125    5.7881    0.0000    6.6711         nan    2.1227    30672523104.9825
  2327.145    5.8343    0.0000    6.6952         nan    2.0156    31509805384.0507
  2386.165    5.8774    0.0000    6.7178         nan    1.9078    32307611576.0371
  2445.185    5.9177    0.0000    6.7389         nan    1.7994    33065216307.3380
  2504.204    5.9552    0.0000    6.7586         nan    1.6905    33781948426.8806
  2563.224    5.9900    0.0000    6.7769         nan    1.5811    34457191308.5764
  2622.244    6.0221    0.0000    6.7938         nan    1.4714    35090384125.6030
  2681.263    6.0517    0.0000    6.8093         nan    1.3613    35681024517.2878
  2740.283    6.0787    0.0000    6.8235         nan    1.2510    36228673382.4682
  2799.303    6.1032    0.0000    6.8364         nan    1.1407    36732963102.0838
  2858.323    6.1252    0.0000    6.8480         nan    1.0306    37193611603.1925
  2917.342    6.1449    0.0000    6.8584         nan    0.9209    37610446943.5144
  2976.362    6.1621    0.0000    6.8675         nan    0.8122    37983452054.6364
  3035.382    6.1770    0.0000    6.8754         nan    0.7056    38312851024.1184
  3094.401    6.1896    0.0000    6.8820         nan    0.6029    38599288944.7807
  3153.421    6.1999    0.0000    6.8874         nan    0.5089    38844247978.1487
  3212.441    6.2078    0.0000    6.8916         nan    0.4373    39051158554.5297
  3271.461    6.2135    0.0000    6.8946         nan    0.4436    39229061223.6755
  3330.480    6.2169    0.0000    6.8964         nan    0.9781    39409612189.1588
  3389.500    6.2181    0.0000    6.8970         nan    0.0000    39807754553.9054
