# Depth[km]  Vp[km/s]  Vs[km/s] Rho[g/cm3]    T[K]     g[m/s2]         P[Pa]        
     0.000    3.6498    2.2040    1.6653    273.1500    3.7291              0.0000
    11.533    3.6498    2.2040    1.6653    318.7555    3.7384       71625070.4733
    11.533    4.7267    2.8544    2.1567    318.7555    3.7384       71625070.4733
    29.045    4.7267    2.8544    2.1567    388.0072    3.7456      212820907.6781
    29.045    5.9306    3.5814    2.7061    388.0072    3.7456      212820907.6781
    46.475    5.9306    3.5814    2.7061    456.9351    3.7450      389491797.8200
    46.475    7.9586    4.5345    3.5036    456.9351    3.7450      389491797.8200
    56.117    7.9513    4.5252    3.5034    495.0646    3.7383      516000943.5719
    65.759    7.9437    4.5158    3.5032    533.1941    3.7316      642275882.5124
    75.401    7.9356    4.5062    3.5029    571.3237    3.7250      768315348.1332
    85.043    7.9275    4.4966    3.5026    609.4532    3.7183      894118878.4807
    94.685    7.9186    4.4867    3.5021    647.5827    3.7117     1019683909.0927
   104.327    7.9100    4.4770    3.5017    685.7123    3.7051     1145009936.6602
   113.969    7.9015    4.4673    3.5013    723.8418    3.6986     1270099662.3524
   123.611    7.8923    4.4574    3.5007    761.9713    3.6921     1394951002.1996
   133.253    7.8836    4.4477    3.5003    800.1009    3.6856     1519563873.5342
   142.895    7.8743    4.4379    3.4997    838.2304    3.6791     1643938727.7475
   152.537    7.8652    4.4281    3.4991    876.3600    3.6727     1768074297.0719
   162.179    7.8560    4.4184    3.4985    914.4895    3.6663     1891971655.7908
   171.821    7.8464    4.4085    3.4978    952.6190    3.6599     2015629670.2957
   181.463    7.8372    4.3988    3.4971    990.7486    3.6536     2139049040.9785
   191.105    7.8278    4.3890    3.4964   1028.8781    3.6473     2262230726.0518
   200.747    7.8180    4.3791    3.4956   1067.0076    3.6410     2385172903.1718
   210.389    7.8081    4.3692    3.4948   1105.1372    3.6348     2507875260.3217
   220.031    7.7987    4.3594    3.4940   1143.2667    3.6286     2630340692.8658
   229.673    7.7890    4.3496    3.4932   1181.3962    3.6224     2752570289.4165
   239.315    7.7799    4.3401    3.4925   1219.5258    3.6163     2874564960.7167
   248.957    7.7688    4.3296    3.4914   1257.6553    3.6102     2996320976.7482
   258.599    7.7604    4.3204    3.4907   1295.7848    3.6041     3117841805.2345
   268.241    7.7507    4.3107    3.4898   1333.9144    3.5981     3239131295.9351
   277.883    7.7419    4.3015    3.4889   1372.0439    3.5922     3360187188.3861
   287.525    7.7329    4.2919    3.4881   1410.1734    3.5862     3481013156.3106
   297.167    7.7237    4.2825    3.4872   1448.3030    3.5803     3601609401.3857
   306.809    7.7136    4.2725    3.4862   1486.4325    3.5745     3721974397.3902
   316.451    7.7046    4.2632    3.4852   1524.5620    3.5687     3842108169.9137
   326.093    7.6952    4.2535    3.4843   1562.6916    3.5629     3962014985.3545
   335.734    7.6852    4.2438    3.4833   1600.8211    3.5572     4081694946.8052
   345.376    7.6761    4.2343    3.4824   1638.9506    3.5515     4201149028.8202
   355.018    7.6657    4.2244    3.4813   1677.0802    3.5458     4320378138.7396
   364.660    7.6565    4.2149    3.4804   1715.2097    3.5402     4439383941.8440
   374.302    7.6466    4.2051    3.4793   1753.3393    3.5347     4558167804.8537
   383.944    7.6365    4.1951    3.4783   1791.4688    3.5292     4676729081.1165
   393.586    7.6268    4.1854    3.4773   1829.5983    3.5237     4795071823.9350
   403.228    7.6169    4.1756    3.4763   1867.7279    3.5183     4913197454.3890
   412.870    7.6068    4.1657    3.4751   1905.8574    3.5129     5031105083.5526
   422.512    7.5967    4.1559    3.4741   1943.9869    3.5076     5148796136.0116
   432.154    7.5859    4.1456    3.4729   1982.1165    3.5023     5266271624.6072
   455.546    7.6182    4.1552    3.4819   1987.0840    3.4896     5551168552.8239
   478.939    7.6499    4.1647    3.4906   1991.8404    3.4770     5835754328.0565
   502.331    7.6797    4.1734    3.4991   1996.5069    3.4645     6120011990.3315
   525.723    7.7092    4.1822    3.5076   2001.0236    3.4520     6403929964.0066
   549.116    7.7372    4.1904    3.5158   2005.4253    3.4396     6687497208.2806
   572.508    7.7654    4.1988    3.5240   2009.7597    3.4273     6970707992.7064
   595.900    7.7926    4.2068    3.5320   2013.9851    3.4152     7253560788.4296
   619.292    7.8192    4.2145    3.5400   2018.0237    3.4031     7536048625.4368
   642.685    7.8456    4.2223    3.5479   2022.1131    3.3912     7818170720.9502
   666.077    7.8720    4.2302    3.5557   2026.0702    3.3795     8099930266.8038
   689.469    7.8982    4.2380    3.5636   2029.9922    3.3678     8381332213.8562
   712.862    7.9236    4.2456    3.5713   2033.7466    3.3563     8662378766.8386
   736.254    7.9489    4.2531    3.5790   2037.4387    3.3450     8943073015.4019
   759.646    7.9745    4.2608    3.5868   2041.2176    3.3339     9223427683.4239
   783.039    8.0000    4.2685    3.5945   2044.7772    3.3229     9503453045.4729
   806.431    8.0253    4.2763    3.6023   2048.3656    3.3121     9783159361.3740
   829.823    8.0505    4.2842    3.6100   2051.7466    3.3015    10062557868.4797
   853.215    8.0760    4.2920    3.6179   2055.3071    3.2911    10341666279.8992
   876.608    8.1020    4.3004    3.6260   2058.6453    3.2810    10620510280.3137
   900.000    8.1285    4.3091    3.6341   2062.0169    3.2710    10899114875.7306
   916.902    8.1477    4.3155    3.6402   2064.3611    3.2640    11100198065.0584
   933.803    8.1689    4.3231    3.6468   2066.7480    3.2571    11301196556.6700
   950.705    8.1884    4.3298    3.6527   2069.0664    3.2503    11502114173.5356
   967.606    8.2091    4.3371    3.6593   2071.4968    3.2436    11702958642.0704
   984.508    8.2293    4.3442    3.6659   2073.8093    3.2371    11903750923.3856
  1001.410    8.2541    4.3540    3.6737   2076.2494    3.2307    12104530942.7693
  1018.311    8.2785    4.3638    3.6814   2078.7125    3.2244    12305338455.9834
  1035.213    8.3038    4.3740    3.6896   2081.2563    3.2182    12506187926.6579
  1052.114    8.3210    4.3795    3.6953   2083.3879    3.2122    12707030309.3384
  1069.016    8.3378    4.3848    3.7009   2085.5192    3.2064    12907804895.5446
  1085.917    8.3549    4.3905    3.7067   2087.6323    3.2007    13108523153.7720
  1102.819    8.3717    4.3958    3.7123   2089.7628    3.1952    13309196479.2527
  1119.721    8.4490    4.4417    3.7341   2098.0150    3.1898    13510267176.8715
  1136.622    8.6101    4.5436    3.7772   2113.3897    3.1842    13712745293.3968
  1153.524    8.8074    4.6698    3.8282   2132.5932    3.1782    13917399088.1245
  1170.425    8.8630    4.7020    3.8430   2135.0278    3.1720    14123436418.6883
  1187.327    8.8785    4.7067    3.8484   2137.3098    3.1660    14329613362.3355
  1204.229    8.8948    4.7111    3.8548   2140.1126    3.1601    14535712643.0449
  1221.130    8.9101    4.7157    3.8604   2142.5595    3.1545    14741751813.7858
  1238.032    8.9253    4.7202    3.8659   2144.9861    3.1490    14947715782.6894
  1254.933    8.9405    4.7248    3.8713   2147.4098    3.1438    15153615783.1885
  1271.835    8.9551    4.7293    3.8766   2149.8210    3.1388    15359460977.1865
  1288.737    8.9699    4.7340    3.8818   2152.1203    3.1341    15565258758.1586
  1305.638    8.9846    4.7386    3.8873   2154.5604    3.1297    15771028851.2957
  1322.540    8.9990    4.7433    3.8923   2156.8171    3.1255    15976783092.3870
  1339.441    9.0131    4.7477    3.8975   2159.2680    3.1215    16182530787.7922
  1356.343    9.0262    4.7523    3.9019   2161.4050    3.1179    16388273561.2171
  1373.244    9.0407    4.7570    3.9072   2163.7291    3.1146    16594033335.3996
  1390.146    9.0548    4.7616    3.9121   2165.9064    3.1116    16799842528.7663
  1407.048    9.0895    4.7798    3.9205   2170.7378    3.1089    17005801506.0128
  1423.949    9.1310    4.8017    3.9313   2177.1553    3.1064    17212084498.1603
  1440.851    9.1703    4.8232    3.9410   2182.6329    3.1043    17418744913.4770
  1457.752    9.2106    4.8456    3.9510   2188.6058    3.1024    17625778086.3135
  1474.654    9.2502    4.8679    3.9609   2194.6650    3.1008    17833208049.9987
  1491.556    9.2914    4.8903    3.9723   2200.7465    3.0996    18041092518.7256
  1508.457    9.3325    4.9138    3.9832   2207.2758    3.0986    18249476646.8115
  1525.359    9.3683    4.9340    3.9932   2212.5249    3.0980    18458344953.2700
  1542.260    9.3803    4.9381    3.9973   2214.5450    3.0978    18667543384.6704
  1559.162    9.3929    4.9425    4.0018   2216.5888    3.0981    18876952595.0313
  1559.162    4.9268    0.0000    4.0133         nan    3.0981    18876952595.0313
  1575.758    4.9407    0.0000    4.0190         nan    3.0986    19083452244.1202
  1592.355    4.9546    0.0000    4.0247         nan    3.0996    19290279325.6561
  1608.951    4.9684    0.0000    4.0304         nan    3.1011    19497464289.3700
  1625.548    4.9822    0.0000    4.0360         nan    3.1030    19705037596.5161
  1642.144    4.9953    0.0000    4.0414         nan    3.1055    19913025641.7845
  1658.741    5.0085    0.0000    4.0468         nan    3.1085    20121457785.2640
  1675.337    5.0217    0.0000    4.0522         nan    3.1121    20330370574.4881
  1691.933    5.0346    0.0000    4.0575         nan    3.1162    20539799590.6475
  1708.530    5.0471    0.0000    4.0626         nan    3.1210    20749778157.4388
  1708.530    5.2082    0.0000    6.4071         nan    3.1210    20749778157.4388
  1766.494    5.2880    0.0000    6.4487         nan    3.0241    21912629370.2677
  1824.459    5.3633    0.0000    6.4880         nan    2.9260    23046466600.1939
  1882.423    5.4344    0.0000    6.5251         nan    2.8268    24150009259.0431
  1940.388    5.5015    0.0000    6.5603         nan    2.7265    25222053112.1622
  1998.352    5.5648    0.0000    6.5936         nan    2.6252    26261465160.9324
  2056.317    5.6246    0.0000    6.6251         nan    2.5229    27267179390.2026
  2114.281    5.6809    0.0000    6.6548         nan    2.4198    28238193252.4638
  2172.246    5.7341    0.0000    6.6828         nan    2.3158    29173564791.4168
  2230.210    5.7840    0.0000    6.7093         nan    2.2111    30072410339.0319
  2288.175    5.8310    0.0000    6.7341         nan    2.1057    30933902764.7402
  2346.139    5.8751    0.0000    6.7575         nan    1.9997    31757270281.0131
  2404.104    5.9164    0.0000    6.7794         nan    1.8930    32541795853.7402
  2462.068    5.9549    0.0000    6.7999         nan    1.7859    33286817320.3206
  2520.033    5.9908    0.0000    6.8190         nan    1.6784    33991728398.7999
  2577.997    6.0241    0.0000    6.8367         nan    1.5705    34655980893.9776
  2635.962    6.0548    0.0000    6.8531         nan    1.4624    35279088608.9841
  2693.926    6.0831    0.0000    6.8682         nan    1.3542    35860633812.1406
  2751.891    6.1090    0.0000    6.8820         nan    1.2460    36400277710.9396
  2809.855    6.1325    0.0000    6.8945         nan    1.1382    36897777502.7642
  2867.820    6.1537    0.0000    6.9058         nan    1.0311    37353014733.5268
  2925.784    6.1725    0.0000    6.9158         nan    0.9252    37766044128.2620
  2983.749    6.1891    0.0000    6.9247         nan    0.8217    38137181757.1301
  3041.713    6.2034    0.0000    6.9323         nan    0.7223    38467174364.2826
  3099.678    6.2154    0.0000    6.9388         nan    0.6310    38757551634.3816
  3157.642    6.2253    0.0000    6.9441         nan    0.5571    39011440420.3098
  3215.607    6.2329    0.0000    6.9481         nan    0.5276    39235738590.2511
  3273.571    6.2384    0.0000    6.9511         nan    0.6522    39448277888.0834
  3331.536    6.2416    0.0000    6.9528         nan    1.8201    39711087021.0279
  3389.500    6.2427    0.0000    6.9534         nan    0.0000    40444665453.2470
