# Depth[km]  Vp[km/s]  Vs[km/s] Rho[g/cm3]    T[K]     g[m/s2]         P[Pa]        
     0.000    3.1582    1.8968    1.4317    273.1500    3.7291              0.0000
     9.307    3.1582    1.8968    1.4317    308.2942    3.7384       49688041.5427
     9.307    4.9230    2.9567    2.2317    308.2942    3.7384       49688041.5427
    26.921    4.9230    2.9567    2.2317    374.8185    3.7446      196648976.3464
    26.921    6.2735    3.7678    2.8440    374.8185    3.7446      196648976.3464
    41.118    6.2735    3.7678    2.8440    428.4375    3.7424      347843150.7886
    41.118    7.9541    4.5355    3.4843    428.4375    3.7424      347843150.7886
    51.111    7.9489    4.5278    3.4844    466.1791    3.7355      478152846.8946
    61.105    7.9433    4.5197    3.4845    503.9206    3.7287      608228550.1718
    71.098    7.9373    4.5115    3.4845    541.6622    3.7219      738068156.3062
    81.091    7.9310    4.5031    3.4845    579.4038    3.7151      867669995.9197
    91.084    7.9246    4.4947    3.4844    617.1453    3.7084      997033091.7413
   101.078    7.9175    4.4859    3.4841    654.8869    3.7017     1126155005.9180
   111.071    7.9107    4.4773    3.4840    692.6284    3.6950     1255035072.5012
   121.064    7.9040    4.4688    3.4838    730.3700    3.6883     1383675807.9341
   131.057    7.8966    4.4599    3.4834    768.1116    3.6817     1512074491.7534
   141.051    7.8898    4.4514    3.4832    805.8531    3.6751     1640230876.9771
   151.044    7.8829    4.4428    3.4829    843.5947    3.6685     1768147700.6733
   161.037    7.8752    4.4339    3.4823    881.3363    3.6620     1895820843.2945
   171.030    7.8679    4.4251    3.4819    919.0778    3.6555     2023249146.2039
   181.024    7.8612    4.4167    3.4816    956.8194    3.6490     2150437199.9894
   191.017    7.8538    4.4079    3.4810    994.5610    3.6426     2277384205.4970
   201.010    7.8463    4.3992    3.4805   1032.3025    3.6362     2404088126.7186
   211.003    7.8388    4.3904    3.4798   1070.0441    3.6298     2530547818.0788
   220.997    7.8315    4.3817    3.4793   1107.7856    3.6235     2656764221.8165
   230.990    7.8238    4.3729    3.4787   1145.5272    3.6172     2782740370.7984
   240.983    7.8167    4.3643    3.4781   1183.2688    3.6110     2908477210.9138
   250.976    7.8102    4.3560    3.4776   1221.0103    3.6047     3033976095.0391
   260.970    7.8025    4.3472    3.4769   1258.7519    3.5986     3159235917.8594
   270.963    7.7952    4.3385    3.4763   1296.4935    3.5924     3284258108.3868
   280.956    7.7883    4.3300    3.4756   1334.2350    3.5863     3409045539.2206
   290.949    7.7814    4.3216    3.4750   1371.9766    3.5803     3533598629.5564
   300.943    7.7737    4.3128    3.4742   1409.7182    3.5743     3657915658.6590
   310.936    7.7664    4.3041    3.4735   1447.4597    3.5683     3781996683.6849
   320.929    7.7597    4.2959    3.4728   1485.2013    3.5624     3905845795.5786
   330.922    7.7519    4.2870    3.4720   1522.9428    3.5565     4029462710.4234
   340.916    7.7449    4.2786    3.4713   1560.6844    3.5507     4152848646.5602
   350.909    7.7378    4.2700    3.4705   1598.4260    3.5449     4276006159.4690
   360.902    7.7296    4.2610    3.4697   1636.1675    3.5391     4398933646.8619
   370.895    7.7227    4.2525    3.4689   1673.9091    3.5334     4521633875.1659
   380.889    7.7157    4.2440    3.4682   1711.6507    3.5278     4644110204.4699
   390.882    7.7078    4.2351    3.4673   1749.3922    3.5222     4766360548.0660
   400.875    7.7004    4.2264    3.4664   1787.1338    3.5166     4888386047.0615
   410.868    7.6926    4.2175    3.4656   1824.8754    3.5111     5010189120.8502
   420.862    7.6853    4.2088    3.4648   1862.6169    3.5056     5131772335.3214
   430.855    7.6780    4.2001    3.4638   1900.3585    3.5002     5253136047.0077
   440.848    7.6701    4.1911    3.4631   1938.1000    3.4948     5374282326.9848
   463.806    7.6983    4.1997    3.4712   1942.5096    3.4826     5652461831.4003
   486.763    7.7250    4.2076    3.4792   1946.9339    3.4705     5930313358.2773
   509.721    7.7511    4.2155    3.4870   1951.1590    3.4584     6207827240.6186
   532.679    7.7765    4.2230    3.4948   1955.3750    3.4465     6484997236.3747
   555.636    7.8022    4.2306    3.5026   1959.5761    3.4346     6761826400.3220
   578.594    7.8266    4.2377    3.5102   1963.5408    3.4229     7038309169.9675
   601.551    7.8512    4.2450    3.5178   1967.6167    3.4113     7314443339.1330
   624.509    7.8754    4.2521    3.5252   1971.4662    3.3998     7590230083.6075
   647.467    7.8990    4.2589    3.5328   1975.5878    3.3884     7865674031.7459
   670.424    7.9227    4.2658    3.5403   1979.4153    3.3772     8140782591.8666
   693.382    7.9460    4.2726    3.5475   1983.0894    3.3662     8415551400.5626
   716.339    7.9692    4.2794    3.5548   1986.7367    3.3553     8689983183.1734
   739.297    7.9921    4.2860    3.5621   1990.3587    3.3445     8964086481.0263
   762.254    8.0163    4.2934    3.5697   1994.1170    3.3340     9237882934.1092
   785.212    8.0382    4.2995    3.5767   1997.6316    3.3236     9511375965.0717
   808.170    8.0610    4.3062    3.5839   2001.0764    3.3134     9784561941.3018
   831.127    8.0835    4.3128    3.5911   2004.5249    3.3035    10057459787.8596
   854.085    8.1061    4.3195    3.5983   2007.8642    3.2937    10330083546.0693
   877.042    8.1296    4.3268    3.6057   2011.2061    3.2842    10602454758.1617
   900.000    8.1524    4.3336    3.6131   2014.5000    3.2749    10874596122.3555
   916.778    8.1696    4.3389    3.6186   2016.8668    3.2683    11073271352.9242
   933.556    8.1871    4.3445    3.6242   2019.2778    3.2618    11271847030.0466
   950.333    8.2044    4.3500    3.6297   2021.6148    3.2554    11470331522.5170
   967.111    8.2237    4.3566    3.6358   2024.0972    3.2492    11668745618.8474
   983.889    8.2423    4.3629    3.6417   2026.4438    3.2431    11867109073.6763
  1000.667    8.2617    4.3697    3.6480   2028.8162    3.2372    12065433280.1716
  1017.444    8.2813    4.3768    3.6543   2031.1391    3.2314    12263735395.9383
  1034.222    8.3017    4.3841    3.6610   2033.5130    3.2258    12462034786.6675
  1051.000    8.3176    4.3890    3.6662   2035.6998    3.2203    12660312062.1710
  1067.778    8.3330    4.3934    3.6714   2037.8422    3.2150    12858535109.4794
  1084.555    8.3485    4.3980    3.6767   2040.0162    3.2099    13056713184.8299
  1101.333    8.4040    4.4299    3.6923   2046.1963    3.2049    13255139465.5068
  1118.111    8.5386    4.5157    3.7282   2059.3528    3.1998    13454642334.7861
  1134.889    8.7000    4.6195    3.7701   2076.3254    3.1945    13655917252.1106
  1151.666    8.8114    4.6891    3.7990   2084.1499    3.1889    13858754623.4723
  1168.444    8.8268    4.6934    3.8044   2086.5962    3.1834    14062155302.9245
  1185.222    8.8407    4.6973    3.8091   2088.9630    3.1780    14265470690.3355
  1202.000    8.8577    4.7019    3.8153   2091.3618    3.1729    14468736404.9086
  1218.777    8.8731    4.7062    3.8208   2093.7739    3.1680    14671988346.4672
  1235.555    8.8884    4.7105    3.8263   2096.1570    3.1633    14875218472.8961
  1252.333    8.9037    4.7148    3.8318   2098.5254    3.1589    15078439235.0450
  1269.111    8.9194    4.7192    3.8376   2100.9439    3.1547    15281673406.1194
  1285.889    8.9345    4.7234    3.8430   2103.3248    3.1507    15484933649.8364
  1302.666    8.9498    4.7278    3.8486   2105.7303    3.1470    15688230698.9603
  1319.444    8.9650    4.7322    3.8542   2108.1243    3.1436    15891584849.7342
  1336.222    8.9801    4.7366    3.8597   2110.5139    3.1405    16095011599.2137
  1353.000    8.9954    4.7410    3.8654   2112.9302    3.1376    16298531378.3117
  1369.777    9.0216    4.7525    3.8729   2116.9275    3.1351    16502214203.2544
  1386.555    9.0619    4.7729    3.8831   2122.4968    3.1328    16706197269.8884
  1403.333    9.1004    4.7925    3.8931   2128.1422    3.1308    16910561535.6206
  1420.111    9.1385    4.8121    3.9031   2133.8124    3.1290    17115317069.5793
  1436.888    9.1787    4.8332    3.9137   2139.6221    3.1276    17320500535.6332
  1453.666    9.2170    4.8535    3.9240   2145.4285    3.1264    17526138375.3622
  1470.444    9.2569    4.8750    3.9350   2151.4972    3.1255    17732256941.4796
  1487.222    9.2958    4.8961    3.9459   2158.2200    3.1249    17938889783.5247
  1503.999    9.3236    4.9099    3.9543   2161.9667    3.1247    18145990273.2988
  1520.777    9.3374    4.9142    3.9593   2164.2274    3.1249    18353429445.6292
  1537.555    9.3515    4.9189    3.9645   2166.4385    3.1255    18561149318.1932
  1554.333    9.3651    4.9233    3.9696   2168.6490    3.1266    18769178383.3138
  1554.333    4.6709    0.0000    4.0138         nan    3.1266    18769178383.3138
  1567.765    4.6817    0.0000    4.0189         nan    3.1273    18937851943.4697
  1581.197    4.6924    0.0000    4.0240         nan    3.1283    19106778885.6480
  1594.629    4.7032    0.0000    4.0292         nan    3.1296    19275975237.3608
  1608.061    4.7139    0.0000    4.0343         nan    3.1312    19445457613.5226
  1621.493    4.7245    0.0000    4.0394         nan    3.1331    19615241790.1824
  1634.926    4.7348    0.0000    4.0443         nan    3.1354    19785340625.2534
  1648.358    4.7450    0.0000    4.0492         nan    3.1380    19955769148.6018
  1661.790    4.7552    0.0000    4.0541         nan    3.1410    20126546693.5955
  1675.222    4.7654    0.0000    4.0590         nan    3.1444    20297693304.5793
  1675.222    5.1540    0.0000    6.3220         nan    3.1444    20297693304.5793
  1734.335    5.2380    0.0000    6.3650         nan    3.0471    21476772543.5299
  1793.448    5.3172    0.0000    6.4056         nan    2.9485    22626906440.6749
  1852.561    5.3918    0.0000    6.4440         nan    2.8488    23746722433.6536
  1911.674    5.4621    0.0000    6.4802         nan    2.7478    24834931536.5704
  1970.787    5.5285    0.0000    6.5145         nan    2.6459    25890322136.0119
  2029.900    5.5911    0.0000    6.5469         nan    2.5429    26911754813.9978
  2089.013    5.6500    0.0000    6.5774         nan    2.4389    27898158016.0877
  2148.126    5.7055    0.0000    6.6063         nan    2.3341    28848524429.0549
  2207.239    5.7577    0.0000    6.6334         nan    2.2285    29761907957.5011
  2266.352    5.8067    0.0000    6.6589         nan    2.1221    30637421240.5740
  2325.465    5.8527    0.0000    6.6829         nan    2.0149    31474233665.9733
  2384.578    5.8957    0.0000    6.7054         nan    1.9072    32271569870.4383
  2443.691    5.9358    0.0000    6.7263         nan    1.7988    33028708754.8926
  2502.804    5.9732    0.0000    6.7459         nan    1.6899    33744983083.4202
  2561.918    6.0079    0.0000    6.7640         nan    1.5806    34419779804.4565
  2621.031    6.0399    0.0000    6.7808         nan    1.4708    35052541338.7748
  2680.144    6.0693    0.0000    6.7962         nan    1.3608    35642768255.4485
  2739.257    6.0963    0.0000    6.8104         nan    1.2505    36190024065.8101
  2798.370    6.1207    0.0000    6.8232         nan    1.1403    36693943437.1738
  2857.483    6.1427    0.0000    6.8347         nan    1.0301    37154246232.9220
  2916.596    6.1623    0.0000    6.8450         nan    0.9205    37570762046.4970
  2975.709    6.1795    0.0000    6.8541         nan    0.8119    37943474845.2050
  3034.822    6.1943    0.0000    6.8619         nan    0.7052    38272609052.9226
  3093.935    6.2069    0.0000    6.8685         nan    0.6026    38558808976.7653
  3153.048    6.2171    0.0000    6.8738         nan    0.5086    38803553885.6889
  3212.161    6.2250    0.0000    6.8780         nan    0.4370    39010266572.6492
  3271.274    6.2307    0.0000    6.8810         nan    0.4431    39187966504.0966
  3330.387    6.2341    0.0000    6.8828         nan    0.9764    39368234937.2688
  3389.500    6.2352    0.0000    6.8834         nan    0.0000    39765504294.8162
