# Depth[km]  Vp[km/s]  Vs[km/s] Rho[g/cm3]    T[K]     g[m/s2]         P[Pa]        
     0.000    3.7330    2.1891    1.6796    273.1500    3.7291              0.0000
    11.235    3.7330    2.1891    1.6796    314.6269    3.7380       70370800.8820
    11.235    4.5321    2.6577    2.0392    314.6269    3.7380       70370800.8820
    26.599    4.5321    2.6577    2.0392    371.3513    3.7459      187483893.7284
    26.599    6.6239    3.8844    2.9804    371.3513    3.7459      187483893.7284
    42.471    6.6239    3.8844    2.9804    429.9512    3.7416      364681171.1725
    42.471    7.9552    4.5356    3.4847    429.9512    3.7416      364681171.1725
    52.529    7.9503    4.5280    3.4849    467.0857    3.7347      495823451.1729
    62.586    7.9451    4.5202    3.4851    504.2202    3.7279      626731481.2880
    72.644    7.9396    4.5122    3.4852    541.3548    3.7210      757403529.4963
    82.702    7.9336    4.5040    3.4852    578.4893    3.7142      887837818.8397
    92.760    7.9276    4.4958    3.4852    615.6238    3.7074     1018033317.3120
   102.818    7.9208    4.4873    3.4850    652.7583    3.7006     1147987614.3666
   112.876    7.9146    4.4790    3.4849    689.8928    3.6939     1277700142.2335
   122.934    7.9082    4.4706    3.4848    727.0273    3.6872     1407173279.6182
   132.992    7.9019    4.4623    3.4847    764.1619    3.6805     1536406722.8327
   143.050    7.8948    4.4536    3.4844    801.2964    3.6739     1665397891.7213
   153.107    7.8883    4.4453    3.4842    838.4309    3.6673     1794147030.4349
   163.165    7.8809    4.4366    3.4837    875.5654    3.6607     1922652658.2000
   173.223    7.8747    4.4284    3.4835    912.6999    3.6541     2050915947.1568
   183.281    7.8678    4.4199    3.4832    949.8344    3.6476     2178938888.1700
   193.339    7.8608    4.4113    3.4827    986.9690    3.6411     2306718799.2900
   203.397    7.8544    4.4031    3.4824   1024.1035    3.6347     2434257893.0810
   213.455    7.8476    4.3947    3.4819   1061.2380    3.6283     2561556932.2828
   223.513    7.8401    4.3860    3.4813   1098.3725    3.6219     2688612151.5974
   233.571    7.8332    4.3776    3.4809   1135.5070    3.6156     2815424975.2840
   243.628    7.8263    4.3691    3.4804   1172.6415    3.6093     2941998978.4624
   253.686    7.8196    4.3608    3.4799   1209.7761    3.6030     3068334730.5985
   263.744    7.8133    4.3526    3.4794   1246.9106    3.5968     3194433026.6481
   273.802    7.8055    4.3437    3.4788   1284.0451    3.5906     3320293416.9836
   283.860    7.7991    4.3356    3.4783   1321.1796    3.5845     3445917258.1844
   293.918    7.7926    4.3273    3.4777   1358.3141    3.5784     3571306636.8052
   303.976    7.7860    4.3190    3.4772   1395.4486    3.5723     3696462334.5411
   314.034    7.7788    4.3105    3.4764   1432.5832    3.5663     3821382992.7383
   324.092    7.7721    4.3023    3.4759   1469.7177    3.5603     3946070071.7047
   334.150    7.7657    4.2942    3.4753   1506.8522    3.5544     4070527747.3761
   344.207    7.7593    4.2860    3.4747   1543.9867    3.5485     4194757001.7557
   354.265    7.7515    4.2772    3.4739   1581.1212    3.5426     4318755061.4593
   364.323    7.7450    4.2690    3.4733   1618.2557    3.5368     4442523253.6939
   374.381    7.7384    4.2607    3.4727   1655.3903    3.5310     4566066867.7957
   384.439    7.7308    4.2520    3.4719   1692.5248    3.5253     4689384109.0858
   394.497    7.7238    4.2435    3.4712   1729.6593    3.5197     4812475450.5042
   404.555    7.7161    4.2348    3.4704   1766.7938    3.5141     4935342354.9673
   414.613    7.7096    4.2265    3.4697   1803.9283    3.5085     5057987198.8195
   424.671    7.7022    4.2179    3.4689   1841.0628    3.5030     5180411696.1993
   434.728    7.6956    4.2095    3.4682   1878.1973    3.4975     5302616705.2548
   444.786    7.6877    4.2006    3.4673   1915.3319    3.4921     5424602715.6783
   467.547    7.7149    4.2088    3.4753   1919.6720    3.4799     5700507991.6578
   490.308    7.7418    4.2170    3.4833   1923.9685    3.4678     5976084349.2461
   513.068    7.7679    4.2248    3.4911   1928.2052    3.4558     6251326285.9071
   535.829    7.7932    4.2323    3.4988   1932.3387    3.4439     6526228063.0542
   558.590    7.8174    4.2393    3.5063   1936.2731    3.4321     6800780916.9926
   581.350    7.8424    4.2468    3.5140   1940.2895    3.4204     7074984262.0270
   604.111    7.8662    4.2537    3.5213   1944.0782    3.4088     7348837081.3333
   626.872    7.8897    4.2605    3.5288   1947.9806    3.3974     7622337163.7368
   649.632    7.9137    4.2676    3.5363   1951.9121    3.3861     7895497112.4734
   672.393    7.9370    4.2744    3.5436   1955.5506    3.3749     8168318559.5378
   695.154    7.9597    4.2809    3.5508   1959.1971    3.3639     8440795189.5447
   717.915    7.9826    4.2876    3.5579   1962.7781    3.3530     8712931065.0527
   740.675    8.0060    4.2945    3.5653   1966.4566    3.3423     8984742748.7866
   763.436    8.0282    4.3009    3.5724   1969.8844    3.3318     9256235099.8071
   786.197    8.0507    4.3075    3.5796   1973.3410    3.3214     9527411684.1013
   808.957    8.0734    4.3142    3.5867   1976.7163    3.3113     9798288836.5586
   831.718    8.0960    4.3209    3.5939   1980.0021    3.3013    10068876463.7939
   854.479    8.1186    4.3276    3.6011   1983.3164    3.2916    10339189068.8874
   877.239    8.1412    4.3344    3.6083   1986.5420    3.2820    10609243736.2479
   900.000    8.1642    4.3416    3.6156   1989.7516    3.2727    10879059838.5229
   916.690    8.1813    4.3469    3.6211   1992.0749    3.2661    11076695227.3643
   933.379    8.1977    4.3519    3.6263   1994.3877    3.2595    11274219967.5811
   950.069    8.2163    4.3581    3.6322   1996.8696    3.2531    11471653021.2569
   966.758    8.2346    4.3643    3.6380   1999.1330    3.2469    11669016058.7246
   983.448    8.2535    4.3708    3.6441   2001.4264    3.2408    11866320257.2523
  1000.138    8.2723    4.3773    3.6501   2003.7368    3.2348    12063579738.7828
  1016.827    8.2919    4.3843    3.6565   2005.9916    3.2289    12260810661.0634
  1033.517    8.3120    4.3917    3.6630   2008.3167    3.2233    12458034409.6093
  1050.206    8.3277    4.3963    3.6683   2010.4612    3.2177    12655228957.8032
  1066.896    8.3431    4.4008    3.6734   2012.5703    3.2124    12852364026.2354
  1083.586    8.3586    4.4054    3.6787   2014.6713    3.2072    13049449836.2038
  1100.275    8.4563    4.4661    3.7053   2024.4090    3.2021    13247072430.4683
  1116.965    8.5945    4.5543    3.7419   2037.7664    3.1968    13446069672.2946
  1133.654    8.7588    4.6600    3.7844   2055.7363    3.1912    13646847007.5542
  1150.344    8.8216    4.6970    3.8013   2058.4966    3.1855    13848853137.1097
  1167.034    8.8369    4.7011    3.8066   2060.8368    3.1799    14051087004.1226
  1183.723    8.8511    4.7050    3.8116   2063.1730    3.1744    14253236966.8140
  1200.413    8.8675    4.7096    3.8175   2065.4828    3.1692    14455329706.8777
  1217.102    8.8829    4.7139    3.8230   2067.8212    3.1642    14657392354.8345
  1233.792    8.8982    4.7181    3.8285   2070.1902    3.1594    14859428745.0475
  1250.482    8.9135    4.7224    3.8340   2072.5102    3.1549    15061451730.8492
  1267.171    8.9285    4.7266    3.8394   2074.8242    3.1506    15263469916.2141
  1283.861    8.9439    4.7311    3.8451   2077.1762    3.1465    15465501201.4128
  1300.550    8.9592    4.7354    3.8507   2079.5651    3.1427    15667567796.3250
  1317.240    8.9743    4.7397    3.8563   2081.9116    3.1391    15869683176.1980
  1333.929    8.9894    4.7440    3.8618   2084.2507    3.1359    16071860925.1087
  1350.619    9.0095    4.7517    3.8682   2087.1819    3.1329    16274140617.9093
  1367.309    9.0461    4.7696    3.8777   2092.6991    3.1301    16476642574.6797
  1383.998    9.0856    4.7897    3.8878   2098.0366    3.1276    16679478874.8694
  1400.688    9.1254    4.8102    3.8981   2103.7046    3.1254    16882686257.4044
  1417.377    9.1633    4.8298    3.9081   2109.2446    3.1234    17086278345.9321
  1434.067    9.2031    4.8508    3.9188   2114.9929    3.1217    17290281789.4578
  1450.757    9.2412    4.8710    3.9292   2120.9277    3.1203    17494723666.5237
  1467.446    9.2796    4.8916    3.9399   2127.1746    3.1192    17699620385.5439
  1484.136    9.3180    4.9125    3.9507   2132.5612    3.1183    17905001854.6170
  1500.825    9.3318    4.9168    3.9558   2134.8201    3.1179    18110743119.7250
  1517.515    9.3458    4.9213    3.9610   2136.9917    3.1178    18316720936.4850
  1534.205    9.3594    4.9257    3.9660   2139.1562    3.1182    18522960605.9545
  1550.894    9.3727    4.9300    3.9709   2141.3245    3.1190    18729482427.8721
  1550.894    4.9586    0.0000    4.0049         nan    3.1190    18729482427.8721
  1566.398    4.9708    0.0000    4.0101         nan    3.1197    18923266286.4188
  1581.902    4.9831    0.0000    4.0153         nan    3.1208    19117347818.7128
  1597.405    4.9953    0.0000    4.0206         nan    3.1223    19311751984.6533
  1612.909    5.0076    0.0000    4.0258         nan    3.1243    19506504779.4452
  1628.413    5.0193    0.0000    4.0308         nan    3.1267    19701627966.6678
  1643.917    5.0309    0.0000    4.0358         nan    3.1296    19897143995.7331
  1659.420    5.0426    0.0000    4.0408         nan    3.1329    20093081901.4331
  1674.924    5.0542    0.0000    4.0458         nan    3.1368    20289472482.3841
  1690.428    5.0654    0.0000    4.0506         nan    3.1412    20486343181.8650
  1690.428    5.2644    0.0000    6.3841         nan    3.1412    20486343181.8650
  1749.016    5.3438    0.0000    6.4254         nan    3.0435    21665060531.5797
  1807.605    5.4189    0.0000    6.4644         nan    2.9445    22814263381.5360
  1866.194    5.4897    0.0000    6.5014         nan    2.8444    23932653709.3884
  1924.782    5.5566    0.0000    6.5363         nan    2.7432    25019008787.5314
  1983.371    5.6197    0.0000    6.5694         nan    2.6409    26072175992.2851
  2041.960    5.6793    0.0000    6.6007         nan    2.5377    27091068402.0016
  2100.549    5.7356    0.0000    6.6303         nan    2.4336    28074661043.9182
  2159.137    5.7886    0.0000    6.6582         nan    2.3286    29021987680.9578
  2217.726    5.8385    0.0000    6.6845         nan    2.2227    29932138045.4268
  2276.315    5.8854    0.0000    6.7093         nan    2.1162    30804255455.6278
  2334.903    5.9294    0.0000    6.7325         nan    2.0089    31637534764.8820
  2393.492    5.9706    0.0000    6.7543         nan    1.9009    32431220607.1711
  2452.081    6.0091    0.0000    6.7747         nan    1.7924    33184605911.9273
  2510.669    6.0449    0.0000    6.7937         nan    1.6832    33897030677.5758
  2569.258    6.0782    0.0000    6.8114         nan    1.5735    34567881010.1339
  2627.847    6.1089    0.0000    6.8277         nan    1.4634    35196588453.8442
  2686.436    6.1372    0.0000    6.8427         nan    1.3528    35782629675.3072
  2745.024    6.1631    0.0000    6.8565         nan    1.2419    36325526622.6254
  2803.613    6.1865    0.0000    6.8690         nan    1.1306    36824847384.2663
  2862.202    6.2077    0.0000    6.8802         nan    1.0190    37280208174.2435
  2920.790    6.2265    0.0000    6.8902         nan    0.9073    37691277280.2438
  2979.379    6.2431    0.0000    6.8991         nan    0.7956    38057782706.2253
  3037.968    6.2573    0.0000    6.9067         nan    0.6840    38379527358.8482
  3096.556    6.2694    0.0000    6.9131         nan    0.5729    38656421152.4386
  3155.145    6.2793    0.0000    6.9184         nan    0.4633    38888555744.1148
  3213.734    6.2869    0.0000    6.9224         nan    0.3576    39076404626.3059
  3272.323    6.2923    0.0000    6.9253         nan    0.2660    39221483068.7986
  3330.911    6.2956    0.0000    6.9271         nan    0.2697    39329413576.5244
  3389.500    6.2967    0.0000    6.9277         nan    0.0000    39438890140.1442
