# Depth[km]  Vp[km/s]  Vs[km/s] Rho[g/cm3]    T[K]     g[m/s2]         P[Pa]        
     0.000    3.7398    2.2641    1.7769    273.1500    3.7291              0.0000
    11.729    3.7398    2.2641    1.7769    317.9888    3.7375       77716978.7927
    11.729    5.0557    3.0608    2.4021    317.9888    3.7375       77716978.7927
    30.249    5.0557    3.0608    2.4021    388.7967    3.7413      243990220.1621
    30.249    6.3526    3.8459    3.0183    388.7967    3.7413      243990220.1621
    46.256    6.3526    3.8459    3.0183    449.9928    3.7365      424737216.6373
    46.256    7.8391    4.4825    3.4768    449.9928    3.7365      424737216.6373
    55.845    7.8346    4.4757    3.4771    486.6572    3.7300      549325735.1380
    65.435    7.8298    4.4687    3.4774    523.3216    3.7235      673706280.9079
    75.025    7.8243    4.4613    3.4775    559.9860    3.7170      797876167.1714
    84.615    7.8191    4.4541    3.4776    596.6504    3.7105      921834238.9939
    94.205    7.8124    4.4461    3.4774    633.3148    3.7041     1045576704.2298
   103.795    7.8068    4.4386    3.4774    669.9792    3.6977     1169102461.7697
   113.385    7.8009    4.4310    3.4774    706.6436    3.6914     1292414567.2282
   122.974    7.7947    4.4232    3.4773    743.3079    3.6850     1415512377.4549
   132.564    7.7888    4.4155    3.4773    779.9723    3.6787     1538395569.8191
   142.154    7.7815    4.4073    3.4769    816.6367    3.6724     1661059782.9365
   151.744    7.7755    4.3995    3.4767    853.3011    3.6661     1783504403.8237
   161.334    7.7684    4.3913    3.4763    889.9655    3.6599     1905730451.0000
   170.924    7.7613    4.3831    3.4759    926.6299    3.6537     2027734716.2582
   180.513    7.7549    4.3752    3.4756    963.2943    3.6475     2149519491.9916
   190.103    7.7483    4.3672    3.4751    999.9587    3.6414     2271085330.2825
   199.693    7.7408    4.3588    3.4745   1036.6231    3.6353     2392428286.6844
   209.283    7.7340    4.3508    3.4740   1073.2875    3.6292     2513547897.4871
   218.873    7.7279    4.3429    3.4736   1109.9519    3.6232     2634449014.7524
   228.463    7.7208    4.3346    3.4731   1146.6163    3.6172     2755132983.1958
   238.053    7.7136    4.3264    3.4725   1183.2807    3.6112     2875598533.9558
   247.642    7.7067    4.3182    3.4720   1219.9451    3.6053     2995846366.5855
   257.232    7.6996    4.3101    3.4714   1256.6095    3.5994     3115876826.1886
   266.822    7.6920    4.3017    3.4707   1293.2738    3.5935     3235688728.1089
   276.412    7.6837    4.2930    3.4699   1329.9382    3.5877     3355280400.0633
   286.002    7.6759    4.2845    3.4694   1366.6026    3.5819     3474656540.4188
   295.592    7.6681    4.2759    3.4689   1403.2670    3.5762     3593822191.1720
   305.182    7.6590    4.2669    3.4682   1439.9314    3.5704     3712775259.8216
   314.771    7.6509    4.2582    3.4676   1476.5958    3.5648     3831516857.5928
   324.361    7.6428    4.2495    3.4671   1513.2602    3.5591     3950050717.2509
   333.951    7.6339    4.2406    3.4664   1549.9246    3.5535     4068375122.6914
   343.541    7.6243    4.2313    3.4656   1586.5890    3.5480     4186488381.7187
   353.131    7.6056    4.2184    3.4633   1623.2534    3.5425     4304365474.7478
   362.721    7.6067    4.2133    3.4642   1659.9178    3.5370     4422036543.1717
   372.310    7.5903    4.2014    3.4623   1696.5822    3.5316     4539508574.4401
   381.900    7.5821    4.1927    3.4617   1733.2466    3.5262     4656758215.2792
   391.490    7.5784    4.1856    3.4619   1769.9110    3.5209     4773822728.6250
   401.080    7.5697    4.1766    3.4612   1806.5754    3.5156     4890701475.2366
   410.670    7.5577    4.1663    3.4601   1843.2397    3.5103     5007373386.4185
   420.260    7.5494    4.1575    3.4595   1879.9041    3.5051     5123841066.4915
   429.850    7.5426    4.1492    3.4591   1916.5685    3.5000     5240119549.0242
   453.357    7.5705    4.1562    3.4671   1920.6994    3.4874     5525047693.6398
   476.865    7.5997    4.1639    3.4753   1924.8370    3.4749     5809617172.5226
   500.372    7.6394    4.1757    3.4851   1930.1230    3.4625     6093901274.8994
   523.880    7.6696    4.1839    3.4933   1934.4096    3.4502     6377906485.8960
   547.387    7.7002    4.1923    3.5017   1938.7527    3.4380     6661574851.9540
   570.895    7.7287    4.1999    3.5097   1942.8052    3.4259     6944897932.1226
   594.402    7.7568    4.2074    3.5176   1946.8393    3.4139     7227864127.3111
   617.910    7.7849    4.2151    3.5254   1950.7289    3.4020     7510471320.0826
   641.417    7.8127    4.2226    3.5332   1954.6948    3.3903     7792721618.5511
   664.925    7.8392    4.2297    3.5408   1958.4451    3.3787     8074613652.2331
   688.432    7.8653    4.2365    3.5484   1962.1792    3.3673     8356143906.0797
   711.940    7.8918    4.2438    3.5558   1965.7500    3.3560     8637315136.0357
   735.447    7.9173    4.2505    3.5633   1969.3717    3.3449     8918132296.5752
   758.955    7.9429    4.2573    3.5706   1972.9250    3.3340     9198603520.7072
   782.462    7.9685    4.2644    3.5779   1976.3716    3.3233     9478735386.5332
   805.970    7.9937    4.2712    3.5852   1979.8001    3.3128     9758536626.5726
   829.477    8.0182    4.2777    3.5923   1983.0812    3.3025    10038013997.5158
   852.985    8.0430    4.2843    3.5996   1986.4496    3.2924    10317180936.9257
   876.492    8.0676    4.2911    3.6067   1989.6510    3.2826    10596053870.6887
   900.000    8.0926    4.2981    3.6139   1992.9710    3.2731    10874648727.5432
   916.679    8.1105    4.3032    3.6191   1995.2863    3.2664    11072076674.0115
   933.358    8.1277    4.3079    3.6242   1997.4946    3.2599    11269384756.3099
   950.036    8.1450    4.3128    3.6293   1999.6767    3.2536    11466577478.3473
   966.715    8.1620    4.3174    3.6343   2001.8404    3.2474    11663660569.8685
   983.394    8.1810    4.3233    3.6399   2004.1437    3.2413    11860654225.0363
  1000.073    8.1987    4.3284    3.6452   2006.2847    3.2354    12057573098.7138
  1016.751    8.2159    4.3335    3.6503   2008.3997    3.2297    12254413755.1435
  1033.430    8.2324    4.3379    3.6552   2010.4196    3.2241    12451175724.8380
  1050.109    8.2480    4.3420    3.6599   2012.4835    3.2187    12647855587.8493
  1066.788    8.2813    4.3581    3.6692   2015.9773    3.2135    12844581295.3762
  1083.466    8.3855    4.4229    3.6969   2025.5332    3.2082    13041979180.4140
  1100.145    8.5047    4.4978    3.7285   2038.4164    3.2028    13240642655.8830
  1116.824    8.6022    4.5580    3.7540   2047.7678    3.1973    13440498097.8405
  1133.503    8.6172    4.5615    3.7587   2051.2460    3.1918    13640813149.9223
  1150.181    8.6335    4.5658    3.7638   2053.6373    3.1865    13841043162.3267
  1166.860    8.6490    4.5699    3.7685   2055.8082    3.1814    14041202222.0566
  1183.539    8.7095    4.6205    3.7753   2059.4316    3.1766    14241348303.2489
  1200.218    8.7374    4.6385    3.7803   2067.0290    3.1719    14441499196.0604
  1216.897    8.7732    4.6649    3.7857   2072.3437    3.1675    14641631582.2104
  1233.575    8.7882    4.6692    3.7905   2074.7510    3.1633    14841754681.5084
  1250.254    8.8031    4.6736    3.7953   2077.1555    3.1593    15041864595.3287
  1266.933    8.8179    4.6775    3.8003   2079.4475    3.1556    15241982556.8438
  1283.612    8.8536    4.6941    3.8088   2084.3749    3.1521    15442221945.4302
  1300.290    8.8932    4.7132    3.8183   2089.5362    3.1489    15642713379.3362
  1316.969    8.9309    4.7309    3.8278   2094.7719    3.1459    15843497661.2340
  1333.648    8.9688    4.7488    3.8376   2099.8224    3.1431    16044595914.0509
  1350.327    9.0074    4.7670    3.8480   2105.1044    3.1405    16246044401.3910
  1367.005    9.0474    4.7858    3.8594   2110.5533    3.1382    16447898308.4042
  1383.684    9.0721    4.7964    3.8664   2114.0277    3.1361    16650084518.6947
  1400.363    9.0894    4.7994    3.8739   2115.8414    3.1343    16852517995.6757
  1417.042    9.1057    4.8030    3.8806   2117.8936    3.1328    17055206170.0640
  1433.720    9.1224    4.8065    3.8876   2119.8573    3.1317    17258157294.1792
  1450.399    9.1396    4.8097    3.8953   2121.8181    3.1309    17461419853.8176
  1467.078    9.1572    4.8130    3.9034   2123.8013    3.1304    17665041343.3464
  1483.757    9.2370    4.8543    3.9373   2137.5667    3.1301    17869728215.1307
  1500.436    9.2635    4.8673    3.9463   2143.1834    3.1300    18075517671.7453
  1517.114    9.2905    4.8807    3.9556   2148.6922    3.1303    18281778100.3656
  1533.793    9.3163    4.8938    3.9642   2153.9088    3.1309    18488521340.4770
  1550.472    9.3405    4.9060    3.9724   2159.1044    3.1319    18695744845.8306
  1550.472    5.0317    0.0000    3.9771         nan    3.1319    18695744845.8306
  1565.032    5.0443    0.0000    3.9818         nan    3.1331    18877208466.6834
  1579.591    5.0570    0.0000    3.9865         nan    3.1347    19058955988.2735
  1594.151    5.0696    0.0000    3.9912         nan    3.1366    19241008705.2676
  1608.711    5.0823    0.0000    3.9959         nan    3.1390    19423388730.2791
  1623.271    5.0945    0.0000    4.0004         nan    3.1417    19606115716.0127
  1637.831    5.1065    0.0000    4.0049         nan    3.1449    19789208418.0768
  1652.390    5.1185    0.0000    4.0094         nan    3.1485    19972689900.4665
  1666.950    5.1306    0.0000    4.0138         nan    3.1525    20156586045.6761
  1681.510    5.1424    0.0000    4.0183         nan    3.1570    20340922308.2489
  1681.510    5.0950    0.0000    6.3596         nan    3.1570    20340922308.2489
  1740.406    5.1744    0.0000    6.4039         nan    3.0599    21527528234.4648
  1799.302    5.2493    0.0000    6.4458         nan    2.9615    22685397360.9208
  1858.199    5.3200    0.0000    6.4854         nan    2.8619    23813137309.5577
  1917.095    5.3868    0.0000    6.5229         nan    2.7611    24909438518.9017
  1975.991    5.4498    0.0000    6.5584         nan    2.6592    25973068927.3667
  2034.887    5.5093    0.0000    6.5920         nan    2.5564    27002869623.6067
  2093.783    5.5654    0.0000    6.6237         nan    2.4526    27997751325.5068
  2152.680    5.6183    0.0000    6.6536         nan    2.3479    28956691598.3661
  2211.576    5.6680    0.0000    6.6819         nan    2.2425    29878732764.7561
  2270.472    5.7148    0.0000    6.7084         nan    2.1363    30762980502.3719
  2329.368    5.7587    0.0000    6.7334         nan    2.0295    31608603176.4891
  2388.264    5.7998    0.0000    6.7568         nan    1.9221    32414832010.9910
  2447.161    5.8381    0.0000    6.7786         nan    1.8142    33180962293.4493
  2506.057    5.8739    0.0000    6.7990         nan    1.7060    33906355932.9231
  2564.953    5.9070    0.0000    6.8179         nan    1.5975    34590445893.2073
  2623.849    5.9377    0.0000    6.8354         nan    1.4889    35232743353.0854
  2682.746    5.9659    0.0000    6.8516         nan    1.3804    35832849007.4204
  2741.642    5.9916    0.0000    6.8663         nan    1.2722    36390470917.4601
  2800.538    6.0151    0.0000    6.8797         nan    1.1648    36905453161.3036
  2859.434    6.0361    0.0000    6.8918         nan    1.0587    37377823106.5404
  2918.330    6.0549    0.0000    6.9025         nan    0.9548    37807872447.9017
  2977.227    6.0714    0.0000    6.9120         nan    0.8548    38196303173.5136
  3036.123    6.0856    0.0000    6.9202         nan    0.7618    38544507555.6103
  3095.019    6.0977    0.0000    6.9271         nan    0.6820    38855150283.5427
  3153.915    6.1075    0.0000    6.9327         nan    0.6306    39133513640.8077
  3212.811    6.1151    0.0000    6.9371         nan    0.6517    39391088504.5729
  3271.708    6.1205    0.0000    6.9402         nan    0.9236    39657406295.1346
  3330.604    6.1238    0.0000    6.9420         nan    2.8944    40034983883.5826
  3389.500    6.1249    0.0000    6.9427         nan    0.0000    41218448166.3680
