# Depth[km]  Vp[km/s]  Vs[km/s] Rho[g/cm3]    T[K]     g[m/s2]         P[Pa]        
     0.000    3.4411    2.0682    1.5538    273.1500    3.7291              0.0000
    11.446    3.4411    2.0682    1.5538    319.4931    3.7394       66321649.4401
    11.446    4.7427    2.8505    2.1415    319.4931    3.7394       66321649.4401
    26.491    4.7427    2.8505    2.1415    380.4107    3.7458      186797804.0480
    26.491    5.5599    3.3416    2.5105    380.4107    3.7458      186797804.0480
    45.540    5.5599    3.3416    2.5105    457.5446    3.7483      365934962.3263
    45.540    7.9982    4.5439    3.5191    457.5446    3.7483      365934962.3263
    55.457    7.9900    4.5337    3.5188    497.7015    3.7413      496744335.0597
    65.375    7.9814    4.5234    3.5183    537.8584    3.7343      627293742.9940
    75.292    7.9725    4.5129    3.5178    578.0153    3.7273      757581724.2215
    85.210    7.9631    4.5022    3.5172    618.1722    3.7203      887605896.8828
    95.127    7.9539    4.4917    3.5166    658.3291    3.7134     1017366374.3304
   105.044    7.9448    4.4814    3.5161    698.4860    3.7066     1146865048.1877
   114.962    7.9355    4.4709    3.5155    738.6429    3.6997     1276101907.6555
   124.879    7.9258    4.4604    3.5147    778.7998    3.6929     1405075732.3974
   134.796    7.9164    4.4501    3.5140    818.9567    3.6861     1533785952.3193
   144.714    7.9067    4.4398    3.5133    859.1136    3.6794     1662232985.3743
   154.631    7.8968    4.4293    3.5124    899.2705    3.6727     1790416032.6619
   164.549    7.8872    4.4190    3.5117    939.4274    3.6660     1918335721.8762
   174.466    7.8775    4.4088    3.5108    979.5843    3.6593     2045992539.3985
   184.383    7.8674    4.3984    3.5099   1019.7412    3.6527     2173386014.9455
   194.301    7.8578    4.3882    3.5090   1059.8981    3.6462     2300516976.6057
   204.218    7.8479    4.3781    3.5081   1100.0550    3.6396     2427385949.2637
   214.135    7.8384    4.3680    3.5072   1140.2119    3.6331     2553995203.3790
   224.053    7.8281    4.3575    3.5062   1180.3688    3.6267     2680345534.5366
   233.970    7.8190    4.3477    3.5053   1220.5256    3.6202     2806437901.3245
   243.887    7.8086    4.3375    3.5042   1260.6825    3.6139     2932270910.1772
   253.805    7.7986    4.3271    3.5033   1300.8394    3.6075     3057844872.2134
   263.722    7.7900    4.3177    3.5023   1340.9963    3.6012     3183164500.7177
   273.640    7.7799    4.3073    3.5012   1381.1532    3.5950     3308228685.6528
   283.557    7.7709    4.2977    3.5002   1421.3101    3.5887     3433038507.6529
   293.474    7.7611    4.2877    3.4991   1461.4670    3.5826     3557594454.9951
   303.392    7.7522    4.2781    3.4981   1501.6239    3.5764     3681897320.0014
   313.309    7.7421    4.2677    3.4970   1541.7808    3.5703     3805949652.0500
   323.226    7.7326    4.2579    3.4959   1581.9377    3.5643     3929752617.7516
   333.144    7.7228    4.2479    3.4947   1622.0946    3.5583     4053306490.8819
   343.061    7.7132    4.2379    3.4937   1662.2515    3.5524     4176612962.3300
   352.978    7.7035    4.2279    3.4925   1702.4084    3.5464     4299674232.9219
   362.896    7.6933    4.2177    3.4913   1742.5653    3.5406     4422489660.8148
   372.813    7.6834    4.2076    3.4901   1782.7222    3.5348     4545060127.5852
   382.731    7.6739    4.1976    3.4890   1822.8791    3.5290     4667388483.7862
   392.648    7.6640    4.1875    3.4878   1863.0360    3.5233     4789477306.1674
   402.565    7.6539    4.1773    3.4866   1903.1929    3.5176     4911327082.4299
   412.483    7.6440    4.1671    3.4855   1943.3497    3.5120     5032939584.1757
   422.400    7.6338    4.1569    3.4842   1983.5066    3.5064     5154315296.4277
   432.317    7.6240    4.1468    3.4829   2023.6635    3.5009     5275454217.8302
   442.235    7.6139    4.1364    3.4817   2063.8204    3.4955     5396359997.0143
   465.123    7.6431    4.1457    3.4902   2068.7180    3.4829     5675252502.6970
   488.011    7.6713    4.1545    3.4985   2073.4741    3.4705     5953813250.4988
   510.900    7.6986    4.1631    3.5067   2078.1858    3.4581     6232035658.3064
   533.788    7.7255    4.1716    3.5147   2082.7298    3.4459     6509911404.5025
   556.676    7.7512    4.1796    3.5227   2087.1775    3.4337     6787432321.5562
   579.564    7.7768    4.1875    3.5306   2091.5723    3.4216     7064595873.4181
   602.453    7.8021    4.1954    3.5385   2095.8864    3.4096     7341400667.1752
   625.341    7.8273    4.2033    3.5463   2100.1262    3.3977     7617847550.2133
   648.229    7.8522    4.2111    3.5541   2104.3116    3.3860     7893938010.0596
   671.117    7.8765    4.2187    3.5617   2108.3056    3.3744     8169671643.3941
   694.006    7.9010    4.2264    3.5695   2112.3456    3.3629     8445054540.8966
   716.894    7.9249    4.2339    3.5770   2116.2078    3.3515     8720090194.9968
   739.782    7.9504    4.2422    3.5850   2120.1759    3.3404     8994794488.9806
   762.670    7.9734    4.2493    3.5924   2123.9216    3.3293     9269170387.2649
   785.559    7.9980    4.2572    3.6002   2127.7611    3.3185     9543219438.2442
   808.447    8.0219    4.2650    3.6079   2131.3550    3.3078     9816961411.7265
   831.335    8.0463    4.2730    3.6157   2134.9361    3.2973    10090407954.0923
   854.223    8.0699    4.2806    3.6233   2138.5271    3.2870    10363568820.3396
   877.112    8.0963    4.2897    3.6318   2142.1069    3.2769    10636481648.3301
   900.000    8.1219    4.2986    3.6400   2145.5566    3.2669    10909178263.3150
   917.262    8.1417    4.3056    3.6463   2148.1227    3.2596    11114630167.1530
   934.524    8.1620    4.3129    3.6529   2150.7415    3.2524    11319983728.4066
   951.786    8.1832    4.3208    3.6597   2153.2433    3.2453    11525258620.8006
   969.048    8.2044    4.3287    3.6666   2155.8198    3.2384    11730470570.9921
   986.310    8.2274    4.3378    3.6740   2158.4092    3.2315    11935642190.0714
  1003.572    8.2510    4.3472    3.6818   2161.0339    3.2248    12140805050.9055
  1020.834    8.2698    4.3534    3.6884   2163.8085    3.2183    12345943955.4446
  1038.097    8.2886    4.3598    3.6952   2166.5714    3.2118    12551036684.0765
  1055.359    8.3078    4.3664    3.7020   2169.3455    3.2056    12756096771.3130
  1072.621    8.3264    4.3729    3.7086   2172.0749    3.1995    12961129495.5224
  1089.883    8.3420    4.3777    3.7142   2174.5011    3.1935    13166109127.7615
  1107.145    8.3652    4.3878    3.7229   2175.8800    3.1878    13371101423.4844
  1124.407    8.3890    4.3980    3.7319   2177.0914    3.1822    13576211922.1963
  1141.669    8.4186    4.4121    3.7425   2178.9689    3.1767    13781502350.2243
  1158.931    8.5776    4.5126    3.7853   2194.0061    3.1712    13987902612.6040
  1176.193    8.7784    4.6411    3.8372   2211.3394    3.1652    14196532028.4092
  1193.455    8.8645    4.6931    3.8599   2220.4462    3.1590    14406809893.3334
  1210.717    8.8795    4.6976    3.8655   2222.8863    3.1529    14617447827.6899
  1227.979    8.8942    4.7019    3.8710   2224.9030    3.1470    14827979881.9727
  1245.241    8.9086    4.7061    3.8765   2226.9027    3.1413    15038416458.2977
  1262.503    8.9226    4.7101    3.8819   2228.9851    3.1359    15248768264.8317
  1279.765    8.9362    4.7139    3.8874   2230.8402    3.1307    15459052426.0372
  1297.027    8.9503    4.7181    3.8929   2232.7794    3.1258    15669287779.7868
  1314.290    8.9638    4.7218    3.8985   2234.3911    3.1212    15879493414.3161
  1331.552    8.9770    4.7253    3.9041   2235.9660    3.1168    16089688489.9171
  1348.814    8.9898    4.7290    3.9093   2237.2866    3.1127    16299878306.0819
  1366.076    9.0037    4.7331    3.9153   2238.9415    3.1089    16510090849.2528
  1383.338    9.0163    4.7365    3.9207   2240.2716    3.1054    16720353248.8573
  1400.600    9.0292    4.7401    3.9266   2241.7718    3.1023    16930683324.7061
  1417.862    9.0417    4.7434    3.9321   2242.6785    3.0994    17141105728.5544
  1435.124    9.0529    4.7460    3.9374   2243.3657    3.0970    17351625507.4839
  1452.386    9.0663    4.7499    3.9438   2244.8592    3.0948    17562287898.6377
  1469.648    9.0876    4.7588    3.9515   2246.7279    3.0931    17773183836.1391
  1486.910    9.1298    4.7814    3.9637   2251.2558    3.0916    17984492208.2732
  1504.172    9.1683    4.8017    3.9755   2255.6494    3.0905    18196343297.8316
  1521.434    9.2099    4.8243    3.9885   2260.1915    3.0897    18408777734.1856
  1538.696    9.2528    4.8484    4.0019   2264.6610    3.0892    18621860389.1589
  1555.958    9.2708    4.8562    4.0085   2266.9978    3.0891    18835443197.5346
  1573.221    9.2841    4.8613    4.0131   2269.2874    3.0895    19049317345.7288
  1573.221    5.1212    0.0000    4.0808         nan    3.0895    19049317345.7288
  1591.208    5.1337    0.0000    4.0866         nan    3.0894    19276257402.9487
  1609.196    5.1463    0.0000    4.0924         nan    3.0898    19503513422.1479
  1627.183    5.1588    0.0000    4.0983         nan    3.0908    19731124665.5354
  1645.171    5.1711    0.0000    4.1040         nan    3.0923    19959128641.4700
  1663.158    5.1830    0.0000    4.1096         nan    3.0945    20187561528.7595
  1681.145    5.1950    0.0000    4.1151         nan    3.0973    20416465431.4668
  1699.133    5.2070    0.0000    4.1207         nan    3.1008    20645887919.2839
  1717.120    5.2184    0.0000    4.1260         nan    3.1050    20875872262.1563
  1735.108    5.2298    0.0000    4.1314         nan    3.1099    21106464578.4428
  1735.108    5.2202    0.0000    6.4888         nan    3.1099    21106464578.4428
  1792.156    5.2845    0.0000    6.5300         nan    3.0133    22261325565.9221
  1849.204    5.3455    0.0000    6.5692         nan    2.9155    23387218364.5694
  1906.252    5.4034    0.0000    6.6064         nan    2.8166    24482930709.5860
  1963.300    5.4583    0.0000    6.6418         nan    2.7167    25547312290.7329
  2020.348    5.5102    0.0000    6.6755         nan    2.6157    26579271907.4423
  2077.396    5.5595    0.0000    6.7074         nan    2.5138    27577775072.1211
  2134.444    5.6061    0.0000    6.7377         nan    2.4110    28541842008.2025
  2191.492    5.6501    0.0000    6.7663         nan    2.3074    29470546007.2333
  2248.540    5.6916    0.0000    6.7934         nan    2.2031    30363012126.1576
  2305.588    5.7307    0.0000    6.8190         nan    2.0980    31218416224.1132
  2362.636    5.7675    0.0000    6.8430         nan    1.9922    32035984358.8919
  2419.684    5.8021    0.0000    6.8656         nan    1.8859    32814992590.8800
  2476.732    5.8344    0.0000    6.8868         nan    1.7790    33554767280.4470
  2533.780    5.8645    0.0000    6.9066         nan    1.6716    34254686026.7001
  2590.828    5.8925    0.0000    6.9250         nan    1.5638    34914179480.3849
  2647.876    5.9184    0.0000    6.9420         nan    1.4557    35532734417.6250
  2704.924    5.9423    0.0000    6.9577         nan    1.3475    36109898721.2510
  2761.972    5.9641    0.0000    6.9721         nan    1.2391    36645289363.9611
  2819.020    5.9840    0.0000    6.9852         nan    1.1309    37138605329.4395
  2876.068    6.0018    0.0000    6.9970         nan    1.0232    37589649036.3084
  2933.116    6.0178    0.0000    7.0075         nan    0.9163    37998363166.3527
  2990.164    6.0318    0.0000    7.0168         nan    0.8110    38364897100.3651
  3047.212    6.0439    0.0000    7.0248         nan    0.7089    38689734455.6233
  3104.260    6.0542    0.0000    7.0315         nan    0.6128    38973958353.9451
  3161.308    6.0625    0.0000    7.0371         nan    0.5298    39219864503.0234
  3218.356    6.0690    0.0000    7.0413         nan    0.4802    39432597955.2341
  3275.404    6.0736    0.0000    7.0444         nan    0.5470    39625546181.8461
  3332.452    6.0764    0.0000    7.0462         nan    1.4013    39845383476.3509
  3389.500    6.0773    0.0000    7.0469         nan    0.0000    40408693273.4311
