# Depth[km]  Vp[km/s]  Vs[km/s] Rho[g/cm3]    T[K]     g[m/s2]         P[Pa]        
     0.000    3.6196    2.1759    1.6984    273.1500    3.7291              0.0000
    11.211    3.6196    2.1759    1.6984    315.4325    3.7378       71005708.0177
    11.211    4.9733    2.9898    2.3336    315.4325    3.7378       71005708.0177
    28.585    4.9733    2.9898    2.3336    380.9640    3.7424      222556186.3392
    28.585    6.4657    3.8869    3.0339    380.9640    3.7424      222556186.3392
    45.563    6.4657    3.8869    3.0339    445.0029    3.7371      415329983.3162
    45.563    7.8406    4.4837    3.4771    445.0029    3.7371      415329983.3162
    55.387    7.8364    4.4769    3.4774    482.0540    3.7304      542979632.4802
    65.210    7.8317    4.4699    3.4777    519.1051    3.7238      670412807.7300
    75.033    7.8265    4.4625    3.4779    556.1561    3.7171      797626789.7681
    84.856    7.8213    4.4552    3.4780    593.2072    3.7105      924620297.0516
    94.679    7.8159    4.4478    3.4782    630.2583    3.7039     1051393331.0707
   104.502    7.8091    4.4396    3.4780    667.3093    3.6974     1177940705.4532
   114.325    7.8034    4.4321    3.4780    704.3604    3.6908     1304261860.5919
   124.149    7.7977    4.4244    3.4780    741.4115    3.6843     1430360478.7189
   133.972    7.7917    4.4166    3.4780    778.4625    3.6779     1556235693.1181
   143.795    7.7846    4.4083    3.4776    815.5136    3.6714     1681882686.1120
   153.618    7.7785    4.4004    3.4775    852.5646    3.6650     1807301229.9910
   163.441    7.7717    4.3923    3.4772    889.6157    3.6586     1932492353.6904
   173.264    7.7656    4.3845    3.4770    926.6668    3.6523     2057456017.1904
   183.087    7.7584    4.3762    3.4765    963.7178    3.6460     2182191314.7423
   192.911    7.7518    4.3680    3.4761   1000.7689    3.6397     2306695409.7817
   202.734    7.7451    4.3599    3.4757   1037.8200    3.6334     2430969887.6032
   212.557    7.7386    4.3519    3.4753   1074.8710    3.6272     2555015300.1438
   222.380    7.7320    4.3438    3.4747   1111.9221    3.6210     2678831213.5792
   232.203    7.7249    4.3354    3.4743   1148.9732    3.6149     2802418275.7870
   242.026    7.7180    4.3272    3.4738   1186.0242    3.6088     2925777985.8061
   251.850    7.7110    4.3190    3.4733   1223.0753    3.6027     3048911566.2647
   261.673    7.7043    4.3109    3.4727   1260.1264    3.5966     3171819322.8750
   271.496    7.6972    4.3026    3.4722   1297.1774    3.5906     3294502308.0268
   281.319    7.6892    4.2940    3.4715   1334.2285    3.5847     3416959405.2191
   291.142    7.6806    4.2851    3.4709   1371.2795    3.5788     3539190013.3753
   300.965    7.6726    4.2763    3.4704   1408.3306    3.5729     3661199118.4620
   310.788    7.6645    4.2675    3.4699   1445.3817    3.5670     3782990037.3877
   320.612    7.6557    4.2585    3.4692   1482.4327    3.5612     3904561387.7291
   330.435    7.6478    4.2499    3.4687   1519.4838    3.5555     4025914309.6752
   340.258    7.6393    4.2410    3.4681   1556.5349    3.5497     4147051365.1373
   350.081    7.6296    4.2316    3.4673   1593.5859    3.5440     4267969221.8077
   359.904    7.6213    4.2227    3.4668   1630.6370    3.5384     4388669899.6006
   369.727    7.6122    4.2135    3.4661   1667.6881    3.5328     4509156541.7791
   379.550    7.6035    4.2045    3.4655   1704.7391    3.5273     4629430389.1436
   389.374    7.5879    4.1929    3.4636   1741.7902    3.5218     4749473416.1198
   399.197    7.5862    4.1865    3.4642   1778.8412    3.5163     4869306400.6184
   409.020    7.5764    4.1769    3.4634   1815.8923    3.5109     4988949095.6579
   418.843    7.5637    4.1664    3.4621   1852.9434    3.5055     5108371745.0288
   428.666    7.5555    4.1575    3.4615   1889.9944    3.5002     5227580053.3048
   438.489    7.5472    4.1485    3.4610   1927.0455    3.4949     5346588611.9420
   461.565    7.5760    4.1560    3.4690   1931.1808    3.4827     5626033287.7972
   484.640    7.6041    4.1632    3.4770   1935.3078    3.4705     5905139965.3080
   507.716    7.6439    4.1752    3.4867   1940.6195    3.4583     6183976399.3759
   530.791    7.6730    4.1830    3.4947   1944.7403    3.4463     6462545745.2140
   553.867    7.7030    4.1913    3.5029   1949.0098    3.4343     6740788890.8182
   576.943    7.7308    4.1986    3.5108   1953.0232    3.4225     7018701510.9390
   600.018    7.7587    4.2063    3.5185   1956.9165    3.4108     7296271017.2812
   623.094    7.7858    4.2135    3.5262   1960.8286    3.3992     7573497031.1989
   646.169    7.8131    4.2209    3.5339   1964.7202    3.3877     7850382507.8238
   669.245    7.8392    4.2279    3.5413   1968.4058    3.3763     8126924339.3651
   692.320    7.8653    4.2350    3.5487   1972.0388    3.3652     8403119269.5326
   715.396    7.8908    4.2418    3.5560   1975.6245    3.3542     8678971272.0308
   738.471    7.9160    4.2484    3.5633   1979.1677    3.3433     8954485588.3038
   761.547    7.9411    4.2552    3.5705   1982.6453    3.3326     9229668432.2056
   784.622    7.9661    4.2620    3.5777   1986.0970    3.3222     9504527337.5634
   807.698    7.9903    4.2684    3.5848   1989.3780    3.3119     9779066801.5834
   830.773    8.0149    4.2750    3.5919   1992.7243    3.3018    10053296951.9892
   853.849    8.0389    4.2814    3.5989   1996.0585    3.2919    10327230671.0547
   876.924    8.0632    4.2881    3.6059   1999.1751    3.2823    10600881294.1546
   900.000    8.0880    4.2951    3.6131   2002.4907    3.2730    10874271000.4777
   916.598    8.1056    4.3000    3.6183   2004.8159    3.2664    11070686037.0611
   933.195    8.1229    4.3048    3.6233   2007.0210    3.2599    11266982517.7046
   949.793    8.1402    4.3097    3.6284   2009.1844    3.2536    11463164690.0231
   966.390    8.1571    4.3144    3.6334   2011.3594    3.2474    11659239464.2406
   982.988    8.1760    4.3202    3.6389   2013.6308    3.2414    11855226260.1067
   999.586    8.1937    4.3253    3.6442   2015.8008    3.2355    12051140487.5322
  1016.183    8.2093    4.3295    3.6488   2017.8976    3.2298    12246966170.6325
  1032.781    8.2272    4.3346    3.6542   2019.9750    3.2243    12442714749.6772
  1049.378    8.2428    4.3388    3.6588   2022.0251    3.2189    12638395636.6600
  1065.976    8.2586    4.3430    3.6635   2024.0330    3.2138    12834000141.6069
  1082.574    8.3602    4.4060    3.6905   2033.2393    3.2086    13030135371.9847
  1099.171    8.4743    4.4775    3.7208   2045.2663    3.2033    13227482899.1567
  1115.769    8.5970    4.5548    3.7529   2056.8416    3.1979    13426164087.1852
  1132.366    8.6118    4.5583    3.7575   2060.6083    3.1924    13625479072.4771
  1148.964    8.6280    4.5627    3.7624   2063.1247    3.1872    13824706216.3402
  1165.562    8.6433    4.5666    3.7672   2065.3610    3.1821    14023862120.0744
  1182.159    8.6587    4.5707    3.7719   2067.4838    3.1773    14222951759.5975
  1198.757    8.6751    4.5761    3.7765   2072.6102    3.1727    14421984487.0272
  1215.355    8.7110    4.6021    3.7820   2078.7686    3.1683    14620994571.8869
  1231.952    8.7560    4.6379    3.7879   2083.7640    3.1641    14820027529.5177
  1248.550    8.7966    4.6695    3.7936   2086.4452    3.1602    15019104808.8786
  1265.147    8.8117    4.6736    3.7988   2088.7922    3.1565    15218221426.1176
  1281.745    8.8378    4.6845    3.8055   2092.7117    3.1530    15417417246.0387
  1298.343    8.8758    4.7025    3.8147   2097.7439    3.1498    15616811723.1169
  1314.940    8.9152    4.7213    3.8244   2102.9515    3.1468    15816496385.0971
  1331.538    8.9535    4.7394    3.8343   2108.1995    3.1441    16016503047.2937
  1348.135    8.9920    4.7577    3.8445   2113.4123    3.1415    16216856490.9609
  1364.733    9.0312    4.7762    3.8553   2118.7753    3.1392    16417596499.2521
  1381.331    9.0654    4.7924    3.8648   2123.4382    3.1371    16618719207.9484
  1397.928    9.0824    4.7955    3.8721   2125.4002    3.1353    16820146030.8937
  1414.526    9.0985    4.7990    3.8787   2127.3906    3.1338    17021817777.5585
  1431.123    9.1149    4.8025    3.8854   2129.4451    3.1327    17223739173.1103
  1447.721    9.1318    4.8057    3.8929   2131.3551    3.1319    17425956535.8781
  1464.319    9.1495    4.8089    3.9011   2133.3282    3.1314    17628528079.3108
  1480.916    9.2216    4.8439    3.9329   2145.2206    3.1311    17832107685.8981
  1497.514    9.2501    4.8584    3.9425   2150.7583    3.1310    18036744790.2586
  1514.111    9.2757    4.8707    3.9514   2156.2853    3.1312    18241855355.4860
  1530.709    9.3016    4.8839    3.9601   2161.4456    3.1318    18447437788.2814
  1547.307    9.3261    4.8962    3.9684   2166.7212    3.1328    18653501046.1036
  1547.307    4.9780    0.0000    4.0049         nan    3.1328    18653501046.1036
  1562.027    4.9892    0.0000    4.0099         nan    3.1336    18838312102.9299
  1576.748    5.0004    0.0000    4.0148         nan    3.1348    19023398070.9794
  1591.469    5.0116    0.0000    4.0198         nan    3.1363    19208780440.0537
  1606.190    5.0228    0.0000    4.0247         nan    3.1382    19394481541.8741
  1620.910    5.0336    0.0000    4.0295         nan    3.1405    19580521042.0549
  1635.631    5.0443    0.0000    4.0342         nan    3.1433    19766917936.9173
  1650.352    5.0549    0.0000    4.0389         nan    3.1465    19953695794.6250
  1665.073    5.0656    0.0000    4.0436         nan    3.1501    20140880834.2673
  1679.794    5.0761    0.0000    4.0483         nan    3.1542    20328498454.6969
  1679.794    5.2401    0.0000    6.3615         nan    3.1542    20328498454.6969
  1738.749    5.3083    0.0000    6.4035         nan    3.0565    21515357225.8025
  1797.704    5.3730    0.0000    6.4434         nan    2.9576    22672839860.4043
  1856.660    5.4342    0.0000    6.4813         nan    2.8575    23799643806.0501
  1915.615    5.4923    0.0000    6.5173         nan    2.7562    24894534204.2164
  1974.570    5.5473    0.0000    6.5515         nan    2.6540    25956340424.6224
  2033.526    5.5993    0.0000    6.5839         nan    2.5507    26983953122.4090
  2092.481    5.6485    0.0000    6.6146         nan    2.4465    27976321740.5566
  2151.437    5.6950    0.0000    6.6437         nan    2.3413    28932452402.0891
  2210.392    5.7388    0.0000    6.6711         nan    2.2354    29851406153.5005
  2269.347    5.7800    0.0000    6.6970         nan    2.1287    30732297533.9778
  2328.303    5.8188    0.0000    6.7214         nan    2.0213    31574293469.4852
  2387.258    5.8552    0.0000    6.7443         nan    1.9132    32376612499.8400
  2446.214    5.8892    0.0000    6.7657         nan    1.8045    33138524380.0341
  2505.169    5.9209    0.0000    6.7857         nan    1.6952    33859350135.5655
  2564.124    5.9504    0.0000    6.8043         nan    1.5855    34538462702.9360
  2623.080    5.9777    0.0000    6.8216         nan    1.4753    35175288382.9674
  2682.035    6.0028    0.0000    6.8374         nan    1.3648    35769309485.8507
  2740.991    6.0258    0.0000    6.8520         nan    1.2541    36320068825.0551
  2799.946    6.0466    0.0000    6.8652         nan    1.1433    36827177220.9787
  2858.901    6.0654    0.0000    6.8771         nan    1.0326    37290326156.6787
  2917.857    6.0822    0.0000    6.8877         nan    0.9223    37709309737.9362
  2976.812    6.0970    0.0000    6.8971         nan    0.8128    38084064507.1676
  3035.768    6.1097    0.0000    6.9052         nan    0.7050    38414746071.5393
  3094.723    6.1205    0.0000    6.9120         nan    0.6007    38701888681.6484
  3153.678    6.1292    0.0000    6.9176         nan    0.5041    38946774250.7033
  3212.634    6.1360    0.0000    6.9219         nan    0.4273    39152417751.7388
  3271.589    6.1409    0.0000    6.9250         nan    0.4193    39326814317.7294
  3330.545    6.1438    0.0000    6.9269         nan    0.8781    39498018454.6413
  3389.500    6.1448    0.0000    6.9275         nan    0.0000    39856614599.4889
