# Depth[km]  Vp[km/s]  Vs[km/s] Rho[g/cm3]    T[K]     g[m/s2]         P[Pa]        
     0.000    3.4205    2.0648    1.5574    273.1500    3.7291              0.0000
     9.992    3.4205    2.0648    1.5574    311.8927    3.7381       58033511.1319
     9.992    5.0487    3.0476    2.2987    311.8927    3.7381       58033511.1319
    30.244    5.0487    3.0476    2.2987    390.4200    3.7440      232050754.8730
    30.244    5.9740    3.6062    2.7201    390.4200    3.7440      232050754.8730
    46.882    5.9740    3.6062    2.7201    454.9366    3.7432      401493087.7575
    46.882    7.9601    4.5353    3.5039    454.9366    3.7432      401493087.7575
    56.791    7.9531    4.5261    3.5038    493.3604    3.7363      531458380.6557
    66.701    7.9456    4.5167    3.5036    531.7842    3.7294      661178860.3164
    76.610    7.9376    4.5070    3.5034    570.2081    3.7226      790652886.9583
    86.519    7.9298    4.4975    3.5032    608.6319    3.7157      919880378.4121
    96.428    7.9211    4.4876    3.5027    647.0557    3.7089     1048858576.7223
   106.337    7.9126    4.4778    3.5024    685.4796    3.7021     1177586753.2046
   116.247    7.9043    4.4682    3.5021    723.9034    3.6954     1306067956.2135
   126.156    7.8953    4.4582    3.5016    762.3272    3.6887     1434299905.1131
   136.065    7.8868    4.4485    3.5012    800.7511    3.6820     1562282610.3577
   145.974    7.8777    4.4387    3.5007    839.1749    3.6753     1690016784.9035
   155.883    7.8689    4.4290    3.5002    877.5988    3.6687     1817500849.7068
   165.793    7.8598    4.4192    3.4996    916.0226    3.6621     1944735769.6538
   175.702    7.8507    4.4095    3.4990    954.4464    3.6556     2071721647.3676
   185.611    7.8414    4.3997    3.4984    992.8703    3.6491     2198458428.8279
   195.520    7.8326    4.3901    3.4979   1031.2941    3.6426     2324947897.4872
   205.429    7.8232    4.3803    3.4971   1069.7179    3.6361     2451189167.8225
   215.338    7.8136    4.3704    3.4964   1108.1418    3.6297     2577180952.1893
   225.248    7.8043    4.3606    3.4957   1146.5656    3.6233     2702925458.6779
   235.157    7.7949    4.3509    3.4950   1184.9895    3.6170     2828423682.2167
   245.066    7.7858    4.3412    3.4943   1223.4133    3.6107     2953676452.2602
   254.975    7.7758    4.3313    3.4934   1261.8371    3.6044     3078682429.0164
   264.884    7.7665    4.3215    3.4926   1300.2610    3.5982     3203442288.4725
   274.794    7.7579    4.3123    3.4919   1338.6848    3.5920     3327959408.5756
   284.703    7.7483    4.3023    3.4910   1377.1086    3.5859     3452233376.2890
   294.612    7.7398    4.2931    3.4902   1415.5325    3.5798     3576265134.4514
   304.521    7.7303    4.2836    3.4893   1453.9563    3.5737     3700055353.4739
   314.430    7.7214    4.2741    3.4885   1492.3802    3.5677     3823605352.2278
   324.340    7.7126    4.2648    3.4876   1530.8040    3.5617     3946917944.8368
   334.249    7.7025    4.2547    3.4866   1569.2278    3.5558     4069991196.2192
   344.158    7.6937    4.2454    3.4858   1607.6517    3.5499     4192827784.9683
   354.067    7.6842    4.2356    3.4849   1646.0755    3.5440     4315430825.0124
   363.976    7.6746    4.2259    3.4840   1684.4993    3.5382     4437799545.2274
   373.886    7.6652    4.2162    3.4831   1722.9232    3.5325     4559935364.1359
   383.795    7.6560    4.2067    3.4821   1761.3470    3.5268     4681839474.8046
   393.704    7.6460    4.1968    3.4812   1799.7709    3.5211     4803514073.5563
   403.613    7.6367    4.1871    3.4803   1838.1947    3.5155     4924961002.8563
   413.522    7.6265    4.1771    3.4792   1876.6185    3.5099     5046179810.3324
   423.431    7.6173    4.1676    3.4784   1915.0424    3.5044     5167174638.6087
   433.341    7.6074    4.1577    3.4774   1953.4662    3.4989     5287948142.5536
   443.250    7.5974    4.1477    3.4764   1991.8900    3.4935     5408497333.6649
   466.087    7.6282    4.1567    3.4850   1996.7408    3.4811     5686196833.7285
   488.925    7.6586    4.1658    3.4935   2001.3678    3.4688     5963591569.3512
   511.762    7.6868    4.1740    3.5017   2005.8611    3.4565     6240664129.7028
   534.600    7.7154    4.1826    3.5098   2010.2168    3.4444     6517403007.6430
   557.437    7.7431    4.1907    3.5179   2014.5204    3.4323     6793804068.1548
   580.275    7.7703    4.1988    3.5258   2018.7074    3.4203     7069862295.7266
   603.112    7.7968    4.2066    3.5337   2022.8270    3.4084     7345574957.3316
   625.950    7.8230    4.2143    3.5414   2026.7902    3.3967     7620939385.5229
   648.787    7.8486    4.2218    3.5491   2030.7582    3.3851     7895953960.3104
   671.625    7.8744    4.2295    3.5568   2034.6508    3.3736     8170621266.4240
   694.462    7.8997    4.2370    3.5645   2038.4671    3.3622     8444944998.0312
   717.300    7.9246    4.2444    3.5720   2042.1423    3.3510     8718928916.8345
   740.137    7.9492    4.2517    3.5795   2045.7625    3.3399     8992576017.8571
   762.975    7.9745    4.2595    3.5871   2049.4533    3.3290     9265896287.8384
   785.812    7.9993    4.2670    3.5947   2052.9864    3.3183     9538902155.7524
   808.650    8.0240    4.2745    3.6023   2056.4457    3.3077     9811601346.5744
   831.487    8.0484    4.2820    3.6099   2059.8052    3.2974    10084004637.9140
   854.325    8.0745    4.2905    3.6177   2063.1942    3.2872    10356133453.6832
   877.162    8.0990    4.2981    3.6254   2066.5838    3.2772    10628007117.1798
   900.000    8.1250    4.3067    3.6335   2069.8241    3.2675    10899649283.7617
   916.898    8.1440    4.3130    3.6395   2072.2291    3.2604    11100431264.7011
   933.796    8.1653    4.3206    3.6461   2074.6389    3.2534    11301124977.8386
   950.694    8.1846    4.3271    3.6520   2076.9815    3.2466    11501735583.0508
   967.592    8.2053    4.3344    3.6586   2079.3970    3.2399    11702268787.6881
   984.489    8.2258    4.3418    3.6651   2081.7202    3.2333    11902746400.6838
  1001.387    8.2499    4.3512    3.6728   2084.1348    3.2269    12103202890.6603
  1018.285    8.2736    4.3605    3.6803   2086.6175    3.2205    12303672436.2420
  1035.183    8.3002    4.3715    3.6888   2089.2125    3.2143    12504186495.4585
  1052.081    8.3174    4.3770    3.6945   2091.3523    3.2083    12704702249.5265
  1068.979    8.3344    4.3825    3.7002   2093.4858    3.2024    12905149487.0551
  1085.877    8.3513    4.3879    3.7059   2095.6430    3.1967    13105537436.6944
  1102.775    8.3682    4.3933    3.7116   2097.7614    3.1911    13305874827.0007
  1119.673    8.4331    4.4309    3.7301   2104.6289    3.1857    13506516745.0901
  1136.570    8.5914    4.5310    3.7725   2119.5890    3.1801    13708456366.6377
  1153.468    8.7746    4.6478    3.8201   2140.6078    3.1742    13912460624.8613
  1170.366    8.8594    4.6995    3.8422   2143.1323    3.1680    14117951491.7852
  1187.264    8.8749    4.7042    3.8475   2145.4060    3.1619    14323775004.3949
  1204.162    8.8912    4.7086    3.8540   2148.2068    3.1559    14529515467.7461
  1221.060    8.9066    4.7131    3.8596   2150.6874    3.1502    14735191866.2651
  1237.958    8.9218    4.7177    3.8650   2153.0942    3.1447    14940790163.0044
  1254.856    8.9368    4.7223    3.8704   2155.5269    3.1395    15146318388.4992
  1271.754    8.9517    4.7270    3.8758   2157.9160    3.1344    15351787592.9279
  1288.651    8.9664    4.7315    3.8810   2160.3015    3.1297    15557208337.4569
  1305.549    8.9811    4.7362    3.8864   2162.6863    3.1251    15762595959.1080
  1322.447    8.9953    4.7408    3.8913   2164.9482    3.1209    15967958632.2196
  1339.345    9.0097    4.7452    3.8967   2167.4632    3.1169    16173313773.7086
  1356.243    9.0227    4.7497    3.9011   2169.6284    3.1132    16378663482.5679
  1373.141    9.0372    4.7545    3.9064   2171.9662    3.1098    16584024350.4104
  1390.039    9.0513    4.7590    3.9113   2174.1510    3.1067    16789429691.5980
  1406.937    9.0809    4.7740    3.9187   2178.1450    3.1039    16994955772.3644
  1423.835    9.1203    4.7944    3.9292   2184.6239    3.1014    17200766585.6194
  1440.732    9.1609    4.8168    3.9390   2190.1860    3.0992    17406942133.5917
  1457.630    9.1997    4.8383    3.9486   2195.8211    3.0973    17613479110.2229
  1474.528    9.2398    4.8607    3.9586   2201.7413    3.0957    17820400521.9862
  1491.426    9.2815    4.8835    3.9701   2207.9638    3.0943    18027775409.5711
  1508.324    9.3223    4.9068    3.9809   2214.4008    3.0933    18235644748.2266
  1525.222    9.3638    4.9309    3.9921   2220.9708    3.0926    18444022772.7143
  1542.120    9.3769    4.9357    3.9965   2222.9965    3.0924    18652764190.9405
  1559.018    9.3893    4.9400    4.0009   2225.0241    3.0925    18861713569.5609
  1559.018    5.0175    0.0000    4.0496         nan    3.0925    18861713569.5609
  1579.433    5.0327    0.0000    4.0565         nan    3.0925    19117600348.9253
  1599.848    5.0480    0.0000    4.0633         nan    3.0931    19373916933.7354
  1620.263    5.0632    0.0000    4.0702         nan    3.0945    19630719474.5996
  1640.678    5.0778    0.0000    4.0768         nan    3.0966    19888058418.1516
  1661.094    5.0923    0.0000    4.0833         nan    3.0995    20145986809.2302
  1681.509    5.1069    0.0000    4.0898         nan    3.1032    20404570233.4995
  1701.924    5.1208    0.0000    4.0961         nan    3.1078    20663871198.0155
  1722.339    5.1347    0.0000    4.1024         nan    3.1133    20923954562.4427
  1742.754    5.1485    0.0000    4.1086         nan    3.1198    21184897278.1526
  1742.754    5.1672    0.0000    6.5370         nan    3.1198    21184897278.1526
  1799.539    5.2359    0.0000    6.5792         nan    3.0230    22346711111.8428
  1856.323    5.3010    0.0000    6.6193         nan    2.9250    23479547340.9255
  1913.107    5.3626    0.0000    6.6574         nan    2.8259    24582153531.6453
  1969.892    5.4210    0.0000    6.6936         nan    2.7257    25653344285.6854
  2026.676    5.4762    0.0000    6.7279         nan    2.6244    26691997691.1433
  2083.460    5.5284    0.0000    6.7604         nan    2.5222    27697052333.1393
  2140.245    5.5778    0.0000    6.7912         nan    2.4191    28667504793.5230
  2197.029    5.6245    0.0000    6.8203         nan    2.3152    29602407579.5941
  2253.813    5.6684    0.0000    6.8478         nan    2.2105    30500867447.7201
  2310.598    5.7098    0.0000    6.8737         nan    2.1051    31362044115.7277
  2367.382    5.7487    0.0000    6.8981         nan    1.9989    32185149372.5555
  2424.166    5.7852    0.0000    6.9210         nan    1.8922    32969446622.1277
  2480.951    5.8193    0.0000    6.9425         nan    1.7849    33714250942.7615
  2537.735    5.8511    0.0000    6.9625         nan    1.6772    34418929797.6848
  2594.519    5.8806    0.0000    6.9811         nan    1.5690    35082904622.3982
  2651.304    5.9079    0.0000    6.9983         nan    1.4605    35705653663.7403
  2708.088    5.9331    0.0000    7.0142         nan    1.3518    36286716694.1388
  2764.872    5.9561    0.0000    7.0287         nan    1.2431    36825702667.3036
  2821.657    5.9770    0.0000    7.0419         nan    1.1344    37322302200.6702
  2878.441    5.9959    0.0000    7.0538         nan    1.0262    37776308355.6287
  2935.225    6.0126    0.0000    7.0644         nan    0.9188    38187652439.2940
  2992.010    6.0274    0.0000    7.0738         nan    0.8130    38556468667.0943
  3048.794    6.0402    0.0000    7.0818         nan    0.7102    38883218372.6491
  3105.578    6.0509    0.0000    7.0887         nan    0.6132    39168948432.2526
  3162.363    6.0597    0.0000    7.0942         nan    0.5290    39415888609.5861
  3219.147    6.0665    0.0000    7.0986         nan    0.4773    39629046387.2717
  3275.931    6.0714    0.0000    7.1016         nan    0.5384    39821461988.0188
  3332.716    6.0743    0.0000    7.1035         nan    1.3644    40038611807.5397
  3389.500    6.0753    0.0000    7.1041         nan    0.0000    40588974989.1989
