# Depth[km]  Vp[km/s]  Vs[km/s] Rho[g/cm3]    T[K]     g[m/s2]         P[Pa]        
     0.000    3.5234    2.1215    1.6042    273.1500    3.7291              0.0000
    10.382    3.5234    2.1215    1.6042    311.8510    3.7380       62109259.8140
    10.382    4.9541    2.9830    2.2556    311.8510    3.7380       62109259.8140
    27.893    4.9541    2.9830    2.2556    377.1297    3.7438      209753249.2611
    27.893    6.6499    4.0041    3.0277    377.1297    3.7438      209753249.2611
    44.750    6.6499    4.0041    3.0277    439.9707    3.7386      400827847.7775
    44.750    7.8420    4.4848    3.4772    439.9707    3.7386      400827847.7775
    54.606    7.8380    4.4782    3.4776    476.7126    3.7319      528960638.1803
    64.462    7.8336    4.4713    3.4780    513.4544    3.7252      656877441.1994
    74.318    7.8288    4.4642    3.4782    550.1963    3.7185      784576427.8408
    84.174    7.8236    4.4569    3.4784    586.9381    3.7119      912055285.1599
    94.030    7.8184    4.4495    3.4786    623.6800    3.7053     1039313172.9622
   103.886    7.8120    4.4416    3.4785    660.4218    3.6987     1166346390.9763
   113.742    7.8065    4.4341    3.4785    697.1637    3.6922     1293153411.4691
   123.597    7.8008    4.4265    3.4786    733.9055    3.6857     1419737236.2955
   133.453    7.7951    4.4188    3.4786    770.6473    3.6792     1546097897.0087
   143.309    7.7884    4.4108    3.4783    807.3892    3.6727     1672231363.5182
   153.165    7.7826    4.4031    3.4782    844.1310    3.6663     1798137134.0110
   163.021    7.7757    4.3949    3.4779    880.8729    3.6598     1923815023.0634
   172.877    7.7699    4.3872    3.4778    917.6147    3.6535     2049265129.0054
   182.733    7.7633    4.3791    3.4774    954.3566    3.6471     2174487963.4405
   192.589    7.7575    4.3714    3.4772    991.0984    3.6408     2299483412.7421
   202.445    7.7508    4.3633    3.4768   1027.8403    3.6345     2424251570.6511
   212.301    7.7439    4.3552    3.4763   1064.5821    3.6283     2548788019.7010
   222.157    7.7371    4.3469    3.4758   1101.3240    3.6221     2673092571.9023
   232.012    7.7307    4.3389    3.4754   1138.0658    3.6159     2797168008.7837
   241.868    7.7245    4.3310    3.4751   1174.8077    3.6098     2921019362.0938
   251.724    7.7179    4.3230    3.4747   1211.5495    3.6037     3044647447.2765
   261.580    7.7113    4.3149    3.4742   1248.2914    3.5976     3168049883.8061
   271.436    7.7046    4.3069    3.4737   1285.0332    3.5916     3291227448.3829
   281.292    7.6971    4.2985    3.4730   1321.7751    3.5856     3414178520.3069
   291.148    7.6888    4.2897    3.4725   1358.5169    3.5796     3536902856.0091
   301.004    7.6809    4.2810    3.4720   1395.2588    3.5737     3659405108.1631
   310.860    7.6731    4.2724    3.4715   1432.0006    3.5679     3781689020.4825
   320.716    7.6647    4.2636    3.4709   1468.7425    3.5620     3903753653.5319
   330.571    7.6566    4.2548    3.4705   1505.4843    3.5562     4025599592.0917
   340.427    7.6488    4.2463    3.4700   1542.2262    3.5505     4147230435.8746
   350.283    7.6403    4.2374    3.4693   1578.9680    3.5448     4268645286.0559
   360.139    7.6310    4.2282    3.4687   1615.7099    3.5391     4389842252.8567
   369.995    7.6227    4.2193    3.4682   1652.4517    3.5335     4510824660.3952
   379.851    7.6138    4.2102    3.4675   1689.1936    3.5279     4631594203.1370
   389.707    7.6059    4.2016    3.4669   1725.9354    3.5224     4752152066.4647
   399.563    7.5895    4.1896    3.4651   1762.6773    3.5169     4872479971.3399
   409.419    7.5893    4.1839    3.4658   1799.4191    3.5114     4992601354.9077
   419.275    7.5787    4.1740    3.4650   1836.1610    3.5060     5112533714.1019
   429.131    7.5660    4.1634    3.4637   1872.9028    3.5007     5232245066.0841
   438.986    7.5580    4.1546    3.4632   1909.6447    3.4954     5351743591.7935
   462.037    7.5869    4.1622    3.4712   1913.7209    3.4831     5631102608.2084
   485.088    7.6150    4.1695    3.4792   1917.7684    3.4709     5910120125.3142
   508.138    7.6556    4.1818    3.4890   1923.0567    3.4587     6188869057.7737
   531.189    7.6849    4.1897    3.4971   1927.2948    3.4467     6467356734.4867
   554.240    7.7140    4.1976    3.5051   1931.3542    3.4347     6745512443.0412
   577.291    7.7417    4.2050    3.5129   1935.3029    3.4228     7023327981.2797
   600.341    7.7695    4.2126    3.5206   1939.1754    3.4111     7300797499.2895
   623.392    7.7969    4.2200    3.5284   1943.0817    3.3995     7577922434.0547
   646.443    7.8238    4.2273    3.5359   1946.8474    3.3880     7854702828.2414
   669.493    7.8501    4.2344    3.5434   1950.4840    3.3766     8131134066.8477
   692.544    7.8756    4.2411    3.5507   1954.0878    3.3655     8407215531.7533
   715.595    7.9010    4.2479    3.5581   1957.6189    3.3544     8682951185.3430
   738.645    7.9264    4.2548    3.5653   1961.1163    3.3435     8958345708.8622
   761.696    7.9510    4.2613    3.5724   1964.4542    3.3329     9233401946.3529
   784.747    7.9757    4.2679    3.5796   1967.8321    3.3224     9508126327.7084
   807.797    8.0003    4.2745    3.5867   1971.1826    3.3121     9782531426.4053
   830.848    8.0243    4.2810    3.5937   1974.3945    3.3020    10056624117.1471
   853.899    8.0488    4.2877    3.6007   1977.6187    3.2921    10330416301.7723
   876.949    8.0727    4.2941    3.6077   1980.7587    3.2825    10603923699.2495
   900.000    8.0978    4.3013    3.6150   1984.0992    3.2731    10877168000.6559
   916.698    8.1151    4.3060    3.6201   1986.3259    3.2664    11074882999.2598
   933.397    8.1324    4.3109    3.6251   1988.4842    3.2599    11272471915.3183
   950.095    8.1497    4.3158    3.6302   1990.6461    3.2535    11469942554.5619
   966.794    8.1666    4.3204    3.6352   1992.8330    3.2473    11667302222.9850
   983.492    8.1857    4.3264    3.6408   1995.0828    3.2412    11864571423.1004
  1000.191    8.2037    4.3317    3.6461   1997.2462    3.2353    12061768055.0015
  1016.889    8.2205    4.3363    3.6512   1999.3342    3.2295    12258884856.8090
  1033.588    8.2369    4.3407    3.6561   2001.3567    3.2239    12455918689.3889
  1050.286    8.2526    4.3450    3.6607   2003.4093    3.2185    12652868884.3907
  1066.985    8.2997    4.3706    3.6736   2008.0036    3.2133    12849958605.4085
  1083.683    8.4026    4.4347    3.7011   2018.2461    3.2079    13047807544.8654
  1100.382    8.5273    4.5132    3.7341   2031.3682    3.2025    13246951147.0316
  1117.080    8.6064    4.5606    3.7550   2038.9887    3.1969    13447197182.8523
  1133.779    8.6224    4.5648    3.7599   2042.1556    3.1914    13647781551.7194
  1150.477    8.6377    4.5687    3.7646   2045.0263    3.1861    13848276973.5799
  1167.176    8.7092    4.6302    3.7720   2048.6502    3.1810    14048760050.9405
  1183.874    8.7173    4.6280    3.7759   2058.3888    3.1760    14249219056.7472
  1200.573    8.7630    4.6641    3.7820   2060.9334    3.1714    14449635100.6498
  1217.271    8.7781    4.6684    3.7868   2063.3559    3.1669    14650045522.4273
  1233.970    8.7928    4.6725    3.7916   2065.6584    3.1627    14850427391.3439
  1250.668    8.8076    4.6768    3.7963   2068.0601    3.1587    15050793415.2560
  1267.367    8.8287    4.6845    3.8024   2071.0105    3.1550    15251192253.4877
  1284.065    8.8657    4.7018    3.8112   2076.0252    3.1515    15451747287.7123
  1300.763    8.9042    4.7202    3.8206   2081.1810    3.1482    15652558555.8822
  1317.462    8.9424    4.7383    3.8302   2086.4313    3.1451    15853660024.0833
  1334.160    8.9798    4.7561    3.8398   2091.4259    3.1423    16055071949.4669
  1350.859    9.0185    4.7745    3.8504   2096.7742    3.1397    16256830782.0923
  1367.557    9.0586    4.7931    3.8619   2102.2241    3.1373    16458999319.0049
  1384.256    9.0768    4.7997    3.8675   2104.6947    3.1352    16661462305.7407
  1400.954    9.0939    4.8027    3.8750   2106.5074    3.1334    16864131899.9796
  1417.653    9.1102    4.8062    3.8816   2108.5531    3.1319    17067054263.2740
  1434.351    9.1270    4.8097    3.8887   2110.5265    3.1308    17270238897.5120
  1451.050    9.1442    4.8129    3.8963   2112.4921    3.1299    17473734531.9290
  1467.748    9.1783    4.8254    3.9119   2118.8064    3.1294    17677784982.2544
  1484.447    9.2467    4.8616    3.9398   2129.3732    3.1291    17882936516.2295
  1501.145    9.2743    4.8754    3.9492   2135.1468    3.1289    18089039392.4546
  1517.844    9.3002    4.8883    3.9580   2140.3406    3.1291    18295607543.0079
  1534.542    9.3258    4.9010    3.9667   2145.5863    3.1297    18502646361.4591
  1551.241    9.3508    4.9141    3.9748   2150.6359    3.1307    18710165135.0592
  1551.241    4.6095    0.0000    4.0343         nan    3.1307    18710165135.0592
  1565.238    4.6216    0.0000    4.0399         nan    3.1312    18887084234.9441
  1579.236    4.6337    0.0000    4.0455         nan    3.1320    19064273724.2736
  1593.234    4.6458    0.0000    4.0510         nan    3.1331    19241751409.6521
  1607.232    4.6579    0.0000    4.0566         nan    3.1345    19419535784.5307
  1621.229    4.6697    0.0000    4.0620         nan    3.1363    19597643293.8464
  1635.227    4.6812    0.0000    4.0673         nan    3.1384    19776088065.3839
  1649.225    4.6926    0.0000    4.0726         nan    3.1410    19954887844.9429
  1663.223    4.7041    0.0000    4.0779         nan    3.1439    20134064326.4079
  1677.221    4.7156    0.0000    4.0832         nan    3.1472    20313640041.9054
  1677.221    5.1219    0.0000    6.3345         nan    3.1472    20313640041.9054
  1736.265    5.2048    0.0000    6.3782         nan    3.0499    21494796290.5924
  1795.309    5.2829    0.0000    6.4194         nan    2.9512    22647059950.5506
  1854.353    5.3566    0.0000    6.4584         nan    2.8513    23769036600.1470
  1913.397    5.4261    0.0000    6.4952         nan    2.7502    24859414917.7458
  1972.441    5.4917    0.0000    6.5300         nan    2.6480    25916960430.2836
  2031.485    5.5535    0.0000    6.5629         nan    2.5448    26940510234.6980
  2090.529    5.6117    0.0000    6.5940         nan    2.4406    27928968501.7511
  2149.573    5.6666    0.0000    6.6233         nan    2.3355    28881302614.6702
  2208.618    5.7182    0.0000    6.6509         nan    2.2295    29796539817.3993
  2267.662    5.7667    0.0000    6.6769         nan    2.1227    30673764279.7212
  2326.706    5.8121    0.0000    6.7013         nan    2.0151    31512114499.8313
  2385.750    5.8547    0.0000    6.7241         nan    1.9068    32310780971.2162
  2444.794    5.8944    0.0000    6.7455         nan    1.7978    33069004047.1547
  2503.838    5.9314    0.0000    6.7653         nan    1.6881    33786071935.8022
  2562.882    5.9657    0.0000    6.7838         nan    1.5779    34461318745.3274
  2621.926    5.9974    0.0000    6.8009         nan    1.4671    35094122479.5229
  2680.971    6.0265    0.0000    6.8166         nan    1.3557    35683902837.1570
  2740.015    6.0531    0.0000    6.8310         nan    1.2438    36230118587.7592
  2799.059    6.0773    0.0000    6.8440         nan    1.1314    36732264139.3859
  2858.103    6.0991    0.0000    6.8558         nan    1.0185    37189864606.9200
  2917.147    6.1185    0.0000    6.8663         nan    0.9050    37602468058.4086
  2976.191    6.1355    0.0000    6.8755         nan    0.7909    37969632229.7387
  3035.235    6.1502    0.0000    6.8834         nan    0.6759    38290899714.1034
  3094.279    6.1626    0.0000    6.8901         nan    0.5595    38565747055.8043
  3153.324    6.1727    0.0000    6.8956         nan    0.4405    38793467815.8127
  3212.368    6.1806    0.0000    6.8999         nan    0.3150    38972861154.4692
  3271.412    6.1862    0.0000    6.9029         nan    0.1675    39101206582.1912
  3330.456    6.1896    0.0000    6.9047         nan   -0.1275    39169503987.0065
  3389.500    6.1907    0.0000    6.9053         nan    0.0000    39117502827.6824
