# Depth[km]  Vp[km/s]  Vs[km/s] Rho[g/cm3]    T[K]     g[m/s2]         P[Pa]        
     0.000    3.5522    2.1190    1.6200    273.1500    3.7291              0.0000
    11.011    3.5522    2.1190    1.6200    314.1174    3.7384       66519686.2492
    11.011    4.9279    2.9397    2.2474    314.1174    3.7384       66519686.2492
    27.705    4.9279    2.9397    2.2474    376.2297    3.7440      206769007.6448
    27.705    6.3403    3.7822    2.8915    376.2297    3.7440      206769007.6448
    43.759    6.3403    3.7822    2.8915    435.9632    3.7409      380564568.8853
    43.759    7.9540    4.5342    3.4846    435.9632    3.7409      380564568.8853
    53.619    7.9490    4.5267    3.4848    472.6519    3.7342      509103378.8525
    63.480    7.9437    4.5189    3.4849    509.3405    3.7274      637415939.4724
    73.340    7.9380    4.5110    3.4849    546.0292    3.7207      765500515.5005
    83.200    7.9321    4.5029    3.4849    582.7179    3.7140      893355421.8512
    93.061    7.9260    4.4947    3.4849    619.4065    3.7074     1020979785.9022
   102.921    7.9192    4.4862    3.4847    656.0952    3.7008     1148371215.0782
   112.782    7.9129    4.4780    3.4846    692.7839    3.6942     1275529182.7426
   122.642    7.9066    4.4697    3.4845    729.4726    3.6876     1402456200.9673
   132.503    7.9000    4.4614    3.4843    766.1612    3.6810     1529151757.0897
   142.363    7.8931    4.4529    3.4840    802.8499    3.6745     1655613428.8123
   152.223    7.8865    4.4446    3.4837    839.5386    3.6681     1781841671.4648
   162.084    7.8792    4.4359    3.4833    876.2272    3.6616     1907835027.5222
   171.944    7.8729    4.4278    3.4830    912.9159    3.6552     2033594388.4009
   181.805    7.8660    4.4194    3.4826    949.6046    3.6488     2159121531.0436
   191.665    7.8590    4.4110    3.4822    986.2933    3.6424     2284413978.1081
   201.526    7.8519    4.4025    3.4817   1022.9819    3.6361     2409472040.3002
   211.386    7.8457    4.3944    3.4813   1059.6706    3.6298     2534298316.1636
   221.247    7.8382    4.3857    3.4807   1096.3593    3.6236     2658890917.1017
   231.107    7.8314    4.3774    3.4802   1133.0479    3.6174     2783249420.9847
   240.967    7.8241    4.3689    3.4797   1169.7366    3.6112     2907376915.9227
   250.828    7.8179    4.3608    3.4792   1206.4253    3.6051     3031274226.3315
   260.688    7.8111    4.3526    3.4787   1243.1140    3.5990     3154942213.7878
   270.549    7.8042    4.3442    3.4780   1279.8026    3.5929     3278379671.6063
   280.409    7.7970    4.3357    3.4775   1316.4913    3.5869     3401588530.1353
   290.270    7.7906    4.3276    3.4769   1353.1800    3.5809     3524571173.8117
   300.130    7.7839    4.3193    3.4764   1389.8686    3.5749     3647328292.1279
   309.990    7.7765    4.3107    3.4756   1426.5573    3.5690     3769858427.0745
   319.851    7.7699    4.3026    3.4751   1463.2460    3.5632     3892163013.4067
   329.711    7.7636    4.2947    3.4744   1499.9347    3.5573     4014245751.9184
   339.572    7.7566    4.2863    3.4738   1536.6233    3.5515     4136106356.6722
   349.432    7.7492    4.2778    3.4730   1573.3120    3.5458     4257743564.4842
   359.293    7.7429    4.2697    3.4724   1610.0007    3.5401     4379159366.3889
   369.153    7.7361    4.2614    3.4717   1646.6894    3.5344     4500357821.3206
   379.014    7.7281    4.2526    3.4709   1683.3780    3.5288     4621336525.4693
   388.874    7.7217    4.2445    3.4702   1720.0667    3.5233     4742096694.0522
   398.734    7.7141    4.2359    3.4694   1756.7554    3.5177     4862640337.5646
   408.595    7.7070    4.2274    3.4686   1793.4440    3.5123     4982967860.5035
   418.455    7.6998    4.2189    3.4679   1830.1327    3.5068     5103082266.2123
   428.316    7.6928    4.2105    3.4671   1866.8214    3.5015     5222985049.7011
   438.176    7.6858    4.2021    3.4662   1903.5101    3.4961     5342675397.6863
   461.267    7.7129    4.2101    3.4744   1907.9518    3.4838     5622832196.2266
   484.359    7.7404    4.2185    3.4824   1912.2794    3.4715     5902649109.9266
   507.450    7.7667    4.2263    3.4904   1916.5622    3.4592     6182120363.9614
   530.541    7.7924    4.2339    3.4983   1920.7443    3.4471     6461240739.2485
   553.632    7.8173    4.2412    3.5059   1924.6839    3.4351     6739999747.7942
   576.723    7.8425    4.2487    3.5136   1928.7689    3.4232     7018396954.6871
   599.815    7.8667    4.2558    3.5211   1932.5895    3.4114     7296431462.7515
   622.906    7.8914    4.2630    3.5288   1936.7139    3.3998     7574106174.5318
   645.997    7.9153    4.2700    3.5363   1940.4592    3.3883     7851426349.2230
   669.088    7.9388    4.2769    3.5436   1944.1522    3.3769     8128386629.3826
   692.179    7.9616    4.2833    3.5510   1947.8498    3.3656     8404991196.2257
   715.270    7.9850    4.2901    3.5582   1951.4028    3.3546     8681244128.4984
   738.362    8.0090    4.2974    3.5657   1955.1087    3.3437     8957157962.5758
   761.453    8.0314    4.3037    3.5729   1958.6790    3.3330     9232741849.8754
   784.544    8.0544    4.3106    3.5801   1962.0636    3.3224     9507998574.2808
   807.635    8.0776    4.3175    3.5875   1965.4874    3.3121     9782946128.9181
   830.726    8.1000    4.3240    3.5946   1968.8172    3.3020    10057593054.8877
   853.818    8.1231    4.3309    3.6019   1972.1207    3.2921    10331949247.6449
   876.909    8.1459    4.3377    3.6093   1975.4192    3.2824    10606037924.4569
   900.000    8.1694    4.3450    3.6167   1978.6471    3.2729    10879881011.7963
   916.852    8.1865    4.3504    3.6222   1980.9564    3.2662    11079512932.8373
   933.704    8.2031    4.3554    3.6275   1983.2376    3.2596    11279029813.2003
   950.556    8.2226    4.3622    3.6336   1985.7244    3.2531    11478457630.8054
   967.408    8.2411    4.3684    3.6395   1987.9956    3.2468    11677819648.1193
   984.260    8.2591    4.3743    3.6453   1990.2997    3.2406    11877113496.8630
  1001.112    8.2782    4.3810    3.6514   1992.5820    3.2345    12076352630.2697
  1017.964    8.2978    4.3879    3.6579   1994.8782    3.2287    12275562588.7292
  1034.816    8.3182    4.3954    3.6644   1997.1824    3.2229    12474763747.5212
  1051.668    8.3340    4.4002    3.6697   1999.3220    3.2173    12673933281.8598
  1068.520    8.3495    4.4046    3.6750   2001.4623    3.2119    12873043949.8615
  1085.372    8.3729    4.4147    3.6822   2004.1664    3.2067    13072159282.7074
  1102.224    8.4946    4.4916    3.7152   2016.3274    3.2015    13272036426.4143
  1119.076    8.6440    4.5873    3.7545   2030.1809    3.1960    13473536171.9011
  1135.928    8.8126    4.6960    3.7977   2044.6672    3.1902    13676913129.7077
  1152.780    8.8290    4.7011    3.8033   2047.3544    3.1843    13881233105.6848
  1169.632    8.8444    4.7054    3.8087   2049.6926    3.1787    14085473045.1663
  1186.484    8.8598    4.7097    3.8141   2052.0440    3.1732    14289639492.7315
  1203.336    8.8753    4.7140    3.8196   2054.3679    3.1680    14493747482.3447
  1220.188    8.8908    4.7183    3.8252   2056.7215    3.1629    14697813113.1337
  1237.040    8.9061    4.7226    3.8307   2059.0320    3.1581    14901848112.2163
  1253.892    8.9217    4.7269    3.8364   2061.4245    3.1535    15105870366.9572
  1270.744    8.9372    4.7313    3.8420   2063.7559    3.1492    15309899506.1962
  1287.596    8.9526    4.7356    3.8477   2066.1274    3.1451    15513947836.9843
  1304.448    8.9677    4.7399    3.8532   2068.4985    3.1413    15718027915.8266
  1321.300    8.9830    4.7444    3.8588   2070.8276    3.1378    15922155293.6442
  1338.153    8.9984    4.7488    3.8645   2073.1693    3.1345    16126350888.2242
  1355.005    9.0337    4.7659    3.8736   2078.2217    3.1315    16330725275.0953
  1371.857    9.0712    4.7846    3.8833   2083.7200    3.1287    16535400100.8504
  1388.709    9.1106    4.8047    3.8936   2089.0756    3.1262    16740420458.8413
  1405.561    9.1499    4.8249    3.9039   2094.7308    3.1240    16945820315.2375
  1422.413    9.1893    4.8454    3.9145   2100.5638    3.1220    17151623755.4044
  1439.265    9.2286    4.8663    3.9251   2106.2592    3.1203    17357855401.2352
  1456.117    9.2670    4.8868    3.9357   2112.4954    3.1189    17564532817.2904
  1472.969    9.3060    4.9079    3.9466   2118.8107    3.1178    17771680855.5952
  1489.821    9.3281    4.9177    3.9538   2121.3823    3.1171    17979230536.3081
  1506.673    9.3418    4.9220    3.9588   2123.5589    3.1167    18187049576.8897
  1523.525    9.3556    4.9264    3.9640   2125.7526    3.1167    18395111046.8658
  1540.377    9.3695    4.9310    3.9691   2127.9310    3.1172    18603446651.8257
  1557.229    9.3832    4.9354    3.9742   2130.1417    3.1182    18812083796.1034
  1557.229    5.0135    0.0000    4.0021         nan    3.1182    18812083796.1034
  1572.132    5.0252    0.0000    4.0069         nan    3.1191    18998171256.9282
  1587.034    5.0368    0.0000    4.0118         nan    3.1203    19184538889.3232
  1601.937    5.0485    0.0000    4.0167         nan    3.1220    19371209311.6397
  1616.840    5.0601    0.0000    4.0216         nan    3.1240    19558206039.7692
  1631.743    5.0713    0.0000    4.0263         nan    3.1265    19745549558.4257
  1646.645    5.0824    0.0000    4.0310         nan    3.1294    19933260132.7451
  1661.548    5.0935    0.0000    4.0357         nan    3.1328    20121363090.7338
  1676.451    5.1046    0.0000    4.0403         nan    3.1366    20309886093.0077
  1691.354    5.1154    0.0000    4.0449         nan    3.1409    20498855273.1861
  1691.354    5.2922    0.0000    6.3827         nan    3.1409    20498855273.1861
  1749.910    5.3569    0.0000    6.4235         nan    3.0435    21676532910.7497
  1808.467    5.4183    0.0000    6.4624         nan    2.9448    22824768076.1112
  1867.024    5.4766    0.0000    6.4994         nan    2.8450    23942315644.6910
  1925.581    5.5318    0.0000    6.5346         nan    2.7441    25027993523.8767
  1984.138    5.5841    0.0000    6.5680         nan    2.6422    26080679815.9166
  2042.694    5.6337    0.0000    6.5997         nan    2.5393    27099310426.8071
  2101.251    5.6806    0.0000    6.6298         nan    2.4355    28082877069.4539
  2159.808    5.7250    0.0000    6.6583         nan    2.3309    29030425620.9059
  2218.365    5.7668    0.0000    6.6852         nan    2.2255    29941054816.4431
  2276.921    5.8062    0.0000    6.7106         nan    2.1194    30813915281.2515
  2335.478    5.8433    0.0000    6.7345         nan    2.0126    31648208916.8521
  2394.035    5.8781    0.0000    6.7570         nan    1.9051    32443188687.8149
  2452.592    5.9106    0.0000    6.7780         nan    1.7971    33198158894.7528
  2511.148    5.9410    0.0000    6.7977         nan    1.6887    33912476073.6863
  2569.705    5.9692    0.0000    6.8160         nan    1.5798    34585550753.4040
  2628.262    5.9953    0.0000    6.8330         nan    1.4705    35216850449.5620
  2686.819    6.0193    0.0000    6.8486         nan    1.3611    35805904520.6348
  2745.376    6.0414    0.0000    6.8629         nan    1.2516    36352311958.2762
  2803.932    6.0614    0.0000    6.8759         nan    1.1422    36855754006.0339
  2862.489    6.0794    0.0000    6.8876         nan    1.0331    37316015087.1035
  2921.046    6.0955    0.0000    6.8981         nan    0.9250    37733018785.2639
  2979.603    6.1096    0.0000    6.9073         nan    0.8184    38106892758.1772
  3038.159    6.1218    0.0000    6.9153         nan    0.7148    38438093357.1979
  3096.716    6.1321    0.0000    6.9220         nan    0.6170    38727664832.1543
  3155.273    6.1406    0.0000    6.9275         nan    0.5318    38977838404.8003
  3213.830    6.1471    0.0000    6.9318         nan    0.4790    39193631635.6235
  3272.386    6.1518    0.0000    6.9348         nan    0.5387    39388118297.4750
  3330.943    6.1546    0.0000    6.9367         nan    1.3600    39606900661.4360
  3389.500    6.1555    0.0000    6.9373         nan    0.0000    40159326344.5749
