# Depth[km]  Vp[km/s]  Vs[km/s] Rho[g/cm3]    T[K]     g[m/s2]         P[Pa]        
     0.000    3.6091    2.1839    1.6383    273.1500    3.7291              0.0000
     9.430    3.6091    2.1839    1.6383    313.3682    3.7369       57608738.7716
     9.430    4.1751    2.5263    1.8952    313.3682    3.7369       57608738.7716
    28.696    4.1751    2.5263    1.8952    395.5525    3.7491      194063579.1936
    28.696    6.2642    3.7905    2.8436    395.5525    3.7491      194063579.1936
    48.093    6.2642    3.7905    2.8436    478.2917    3.7462      400851810.6186
    48.093    7.9906    4.5376    3.5179    478.2917    3.7462      400851810.6186
    57.360    7.9817    4.5272    3.5174    517.8204    3.7397      522969919.5613
    66.627    7.9726    4.5169    3.5167    557.3492    3.7331      644853676.8478
    75.894    7.9631    4.5063    3.5161    596.8780    3.7266      766501978.6049
    85.161    7.9531    4.4956    3.5152    636.4067    3.7202      887912640.3017
    94.428    7.9436    4.4852    3.5145    675.9355    3.7137     1009086197.1318
   103.694    7.9338    4.4747    3.5137    715.4642    3.7073     1130024037.6524
   112.961    7.9236    4.4641    3.5128    754.9930    3.7009     1250724121.6963
   122.228    7.9137    4.4537    3.5120    794.5218    3.6946     1371186206.3349
   131.495    7.9036    4.4432    3.5111    834.0505    3.6883     1491411335.7344
   140.762    7.8931    4.4327    3.5101    873.5793    3.6820     1611398223.1304
   150.029    7.8829    4.4223    3.5091    913.1080    3.6757     1731147001.7360
   159.296    7.8727    4.4120    3.5081    952.6368    3.6695     1850658413.7863
   168.563    7.8621    4.4015    3.5070    992.1656    3.6633     1969931576.8172
   177.830    7.8520    4.3913    3.5060   1031.6943    3.6571     2088967593.2281
   187.096    7.8420    4.3813    3.5049   1071.2231    3.6510     2207768045.3139
   196.363    7.8313    4.3707    3.5038   1110.7518    3.6449     2326332596.3991
   205.630    7.8207    4.3604    3.5027   1150.2806    3.6388     2444661038.0780
   214.897    7.8105    4.3502    3.5015   1189.8094    3.6328     2562754492.3648
   224.164    7.8003    4.3401    3.5004   1229.3381    3.6268     2680613906.6669
   233.431    7.7891    4.3296    3.4992   1268.8669    3.6209     2798238845.1094
   242.698    7.7793    4.3196    3.4980   1308.3956    3.6150     2915630983.2053
   251.965    7.7693    4.3096    3.4968   1347.9244    3.6091     3032791480.2679
   261.231    7.7592    4.2995    3.4955   1387.4532    3.6032     3149719639.2272
   270.498    7.7495    4.2897    3.4943   1426.9819    3.5974     3266417408.2955
   279.765    7.7380    4.2789    3.4930   1466.5107    3.5917     3382885475.2148
   289.032    7.7290    4.2695    3.4917   1506.0394    3.5860     3499124439.4985
   298.299    7.7183    4.2591    3.4904   1545.5682    3.5803     3615135256.1375
   307.566    7.7087    4.2495    3.4892   1585.0970    3.5746     3730920585.2438
   316.833    7.6981    4.2392    3.4879   1624.6257    3.5690     3846481408.8878
   326.100    7.6876    4.2290    3.4865   1664.1545    3.5635     3961815930.5589
   335.367    7.6769    4.2187    3.4852   1703.6832    3.5580     4076926102.2304
   344.633    7.6660    4.2081    3.4837   1743.2120    3.5525     4191811961.5233
   353.900    7.6562    4.1984    3.4824   1782.7408    3.5470     4306476073.1648
   363.167    7.6456    4.1881    3.4810   1822.2695    3.5417     4420920960.4961
   372.434    7.6347    4.1777    3.4796   1861.7983    3.5363     4535145409.5659
   381.701    7.6242    4.1675    3.4782   1901.3270    3.5310     4649150611.5260
   390.968    7.6133    4.1570    3.4768   1940.8558    3.5258     4762938476.6928
   400.235    7.6024    4.1466    3.4753   1980.3846    3.5206     4876510475.6915
   409.502    7.5920    4.1364    3.4739   2019.9133    3.5154     4989867363.0653
   418.768    7.5810    4.1259    3.4723   2059.4421    3.5103     5103009640.5485
   442.830    7.6131    4.1360    3.4815   2064.7696    3.4971     5396680714.6005
   466.892    7.6435    4.1456    3.4904   2069.9220    3.4840     5690007693.1368
   490.953    7.6733    4.1550    3.4991   2074.9532    3.4710     5982973032.8210
   515.015    7.7026    4.1643    3.5078   2079.9214    3.4580     6275572182.8660
   539.076    7.7304    4.1731    3.5162   2084.6459    3.4452     6567792781.0647
   563.138    7.7580    4.1816    3.5248   2089.4716    3.4324     6859628339.9815
   587.200    7.7846    4.1899    3.5330   2094.0363    3.4198     7151075911.2437
   611.261    7.8113    4.1982    3.5413   2098.5497    3.4073     7442129776.9513
   635.323    7.8369    4.2062    3.5493   2102.8631    3.3949     7732787966.8826
   659.384    7.8631    4.2144    3.5575   2107.2265    3.3827     8023053459.6042
   683.446    7.8887    4.2223    3.5656   2111.5321    3.3706     8312935583.3034
   707.507    7.9140    4.2303    3.5736   2115.6145    3.3586     8602435897.6769
   731.569    7.9397    4.2385    3.5818   2119.8006    3.3469     8891564200.1359
   755.631    7.9651    4.2465    3.5898   2123.7462    3.3353     9180330019.7604
   779.692    7.9903    4.2546    3.5978   2127.6805    3.3239     9468740589.7820
   803.754    8.0158    4.2628    3.6061   2131.6413    3.3126     9756814667.9609
   827.815    8.0414    4.2711    3.6142   2135.4177    3.3016    10044568287.4479
   851.877    8.0669    4.2794    3.6224   2139.2025    3.2908    10332014759.2713
   875.938    8.0942    4.2890    3.6311   2142.9480    3.2802    10619188799.9860
   900.000    8.1210    4.2982    3.6397   2146.6118    3.2699    10906121939.9157
   917.302    8.1410    4.3052    3.6461   2149.1774    3.2625    11112218301.9460
   934.604    8.1613    4.3125    3.6527   2151.7821    3.2554    11318218796.2665
   951.906    8.1825    4.3204    3.6595   2154.3323    3.2483    11524143884.9280
   969.207    8.2038    4.3283    3.6664   2156.9206    3.2414    11730009579.0308
   986.509    8.2268    4.3374    3.6739   2159.5210    3.2346    11935838245.3020
  1003.811    8.2505    4.3468    3.6817   2162.1567    3.2279    12141661652.3084
  1021.113    8.2693    4.3530    3.6883   2164.9395    3.2214    12347464628.0641
  1038.415    8.2882    4.3594    3.6951   2167.7128    3.2150    12553224956.0362
  1055.717    8.3074    4.3661    3.7019   2170.5014    3.2088    12758956418.9270
  1073.018    8.3262    4.3726    3.7087   2173.2462    3.2027    12964666651.8524
  1090.320    8.3417    4.3774    3.7142   2175.6744    3.1968    13170327587.1763
  1107.622    8.3656    4.3878    3.7231   2177.0185    3.1911    13376009633.5824
  1124.924    8.3894    4.3980    3.7322   2178.2809    3.1856    13581821155.4142
  1142.226    8.4238    4.4153    3.7441   2180.1200    3.1801    13787852144.0094
  1159.528    8.5775    4.5123    3.7853   2195.4418    3.1746    13994993713.4416
  1176.829    8.7834    4.6442    3.8385   2212.9400    3.1687    14204368868.7917
  1194.131    8.8645    4.6928    3.8601   2221.5088    3.1626    14415405855.4043
  1211.433    8.8792    4.6971    3.8656   2223.9520    3.1565    14626775027.2688
  1228.735    8.8937    4.7012    3.8712   2225.9820    3.1507    14838041192.6882
  1246.037    8.9080    4.7054    3.8766   2228.1013    3.1451    15049217798.4482
  1263.339    8.9224    4.7096    3.8821   2230.0411    3.1397    15260315417.4491
  1280.640    8.9365    4.7137    3.8876   2231.8437    3.1346    15471350703.3279
  1297.942    8.9506    4.7179    3.8932   2233.8039    3.1298    15682345164.1063
  1315.244    8.9638    4.7214    3.8987   2235.6175    3.1252    15893315379.0215
  1332.546    8.9772    4.7251    3.9043   2237.2527    3.1209    16104277004.9311
  1349.848    8.9901    4.7287    3.9097   2238.6205    3.1169    16315243584.4308
  1367.150    9.0037    4.7325    3.9156   2240.0495    3.1132    16526242761.3781
  1384.451    9.0164    4.7359    3.9212   2241.3671    3.1098    16737302565.6599
  1401.753    9.0299    4.7399    3.9270   2242.6480    3.1067    16948440218.0191
  1419.055    9.0419    4.7428    3.9328   2243.8406    3.1040    17159679500.7387
  1436.357    9.0535    4.7458    3.9379   2244.6571    3.1016    17371024505.3134
  1453.659    9.0670    4.7497    3.9444   2245.9371    3.0996    17582519512.2961
  1470.961    9.0916    4.7606    3.9530   2248.1771    3.0979    17794282903.0162
  1488.262    9.1323    4.7822    3.9650   2252.5982    3.0966    18006484449.8889
  1505.564    9.1722    4.8036    3.9768   2257.0954    3.0956    18219232170.8469
  1522.866    9.2139    4.8264    3.9899   2261.6067    3.0949    18432576571.1047
  1540.168    9.2571    4.8505    4.0037   2266.1560    3.0945    18646591671.8146
  1557.470    9.2720    4.8564    4.0091   2268.4675    3.0945    18861095259.4333
  1574.772    9.2846    4.8609    4.0136   2270.4593    3.0951    19075868148.6548
  1574.772    4.5907    0.0000    4.0146         nan    3.0951    19075868148.6548
  1589.683    4.6042    0.0000    4.0204         nan    3.0959    19261283635.1191
  1604.594    4.6177    0.0000    4.0263         nan    3.0971    19447018528.2426
  1619.506    4.6312    0.0000    4.0321         nan    3.0987    19633095139.5082
  1634.417    4.6447    0.0000    4.0379         nan    3.1007    19819536702.1737
  1649.329    4.6576    0.0000    4.0435         nan    3.1031    20006362097.9668
  1664.240    4.6704    0.0000    4.0491         nan    3.1059    20193589986.6442
  1679.151    4.6832    0.0000    4.0546         nan    3.1092    20381245489.1603
  1694.063    4.6960    0.0000    4.0602         nan    3.1129    20569356141.5464
  1708.974    4.7084    0.0000    4.0656         nan    3.1171    20757946767.5543
  1708.974    5.0691    0.0000    6.3826         nan    3.1171    20757946767.5543
  1766.923    5.1231    0.0000    6.4265         nan    3.0212    21914840227.8500
  1824.872    5.1745    0.0000    6.4684         nan    2.9241    23043644360.6271
  1882.822    5.2233    0.0000    6.5083         nan    2.8257    24143076647.5178
  1940.771    5.2696    0.0000    6.5464         nan    2.7262    25211911368.2229
  1998.720    5.3136    0.0000    6.5828         nan    2.6255    26248977871.8729
  2056.669    5.3553    0.0000    6.6174         nan    2.5239    27253159131.1610
  2114.618    5.3949    0.0000    6.6502         nan    2.4212    28223390547.1097
  2172.567    5.4323    0.0000    6.6814         nan    2.3177    29158658981.8054
  2230.517    5.4676    0.0000    6.7110         nan    2.2132    30058002008.0800
  2288.466    5.5009    0.0000    6.7390         nan    2.1080    30920507372.6468
  2346.415    5.5323    0.0000    6.7653         nan    2.0019    31745312687.7037
  2404.364    5.5617    0.0000    6.7902         nan    1.8952    32531605377.8987
  2462.313    5.5893    0.0000    6.8135         nan    1.7878    33278622935.6248
  2520.262    5.6150    0.0000    6.8353         nan    1.6799    33985653576.3313
  2578.212    5.6389    0.0000    6.8556         nan    1.5714    34652037438.2226
  2636.161    5.6611    0.0000    6.8744         nan    1.4624    35277168566.6070
  2694.110    5.6815    0.0000    6.8918         nan    1.3531    35860498085.0907
  2752.059    5.7002    0.0000    6.9078         nan    1.2436    36401539234.0724
  2810.008    5.7172    0.0000    6.9223         nan    1.1339    36899875482.6383
  2867.957    5.7325    0.0000    6.9354         nan    1.0243    37355173934.0662
  2925.907    5.7462    0.0000    6.9471         nan    0.9151    37767208323.2627
  2983.856    5.7582    0.0000    6.9574         nan    0.8068    38135900453.9521
  3041.805    5.7686    0.0000    6.9664         nan    0.7003    38461399693.2287
  3099.754    5.7774    0.0000    6.9739         nan    0.5974    38744248257.4648
  3157.703    5.7846    0.0000    6.9800         nan    0.5024    38985763155.1853
  3215.652    5.7901    0.0000    6.9848         nan    0.4281    39189055798.5219
  3273.602    5.7941    0.0000    6.9882         nan    0.4257    39362391505.5127
  3331.551    5.7965    0.0000    6.9903         nan    0.9100    39534790241.9568
  3389.500    5.7973    0.0000    6.9910         nan    0.0000    39903423591.9732
