# Depth[km]  Vp[km/s]  Vs[km/s] Rho[g/cm3]    T[K]     g[m/s2]         P[Pa]        
     0.000    3.4610    2.0796    1.5665    273.1500    3.7291              0.0000
    11.170    3.4610    2.0796    1.5665    319.3788    3.7391       65248687.5917
    11.170    4.6688    2.8053    2.1131    319.3788    3.7391       65248687.5917
    26.859    4.6688    2.8053    2.1131    384.3181    3.7461      189213442.6980
    26.859    5.2795    3.1722    2.3895    384.3181    3.7461      189213442.6980
    43.996    5.2795    3.1722    2.3895    455.2486    3.7500      342612621.1386
    43.996    7.9973    4.5439    3.5188    455.2486    3.7500      342612621.1386
    53.353    7.9892    4.5341    3.5183    493.9749    3.7434      466067708.0893
    62.709    7.9808    4.5242    3.5178    532.7013    3.7368      589288530.4208
    72.066    7.9719    4.5139    3.5173    571.4277    3.7303      712274038.3417
    81.422    7.9626    4.5036    3.5166    610.1541    3.7237      835022149.6610
    90.778    7.9536    4.4934    3.5160    648.8805    3.7172      957532700.3776
   100.135    7.9444    4.4832    3.5154    687.6069    3.7107     1079807238.7101
   109.491    7.9354    4.4732    3.5147    726.3333    3.7042     1201846029.9985
   118.848    7.9256    4.4629    3.5140    765.0597    3.6978     1323647432.4282
   128.204    7.9163    4.4528    3.5132    803.7861    3.6914     1445211043.7389
   137.560    7.9067    4.4427    3.5124    842.5125    3.6850     1566537806.4162
   146.917    7.8968    4.4325    3.5115    881.2388    3.6787     1687626112.6363
   156.273    7.8873    4.4226    3.5107    919.9652    3.6724     1808476313.2126
   165.630    7.8779    4.4127    3.5099    958.6916    3.6661     1929090595.8409
   174.986    7.8680    4.4025    3.5090    997.4180    3.6598     2049468625.7512
   184.342    7.8579    4.3924    3.5079   1036.1444    3.6536     2169608135.8221
   193.699    7.8490    4.3828    3.5071   1074.8708    3.6474     2289512236.1044
   203.055    7.8384    4.3725    3.5060   1113.5972    3.6413     2409180661.5110
   212.412    7.8288    4.3627    3.5051   1152.3236    3.6352     2528612357.2141
   221.768    7.8193    4.3530    3.5041   1191.0500    3.6291     2647811087.9371
   231.124    7.8095    4.3430    3.5031   1229.7763    3.6231     2766776619.9277
   240.481    7.7991    4.3329    3.5020   1268.5027    3.6171     2885508320.3263
   249.837    7.7898    4.3232    3.5010   1307.2291    3.6111     3004008091.4424
   259.194    7.7806    4.3137    3.4999   1345.9555    3.6052     3122276386.9543
   268.550    7.7711    4.3038    3.4988   1384.6819    3.5993     3240313721.0876
   277.906    7.7620    4.2944    3.4977   1423.4083    3.5934     3358122222.7206
   287.263    7.7521    4.2846    3.4966   1462.1347    3.5876     3475701798.8311
   296.619    7.7427    4.2750    3.4954   1500.8611    3.5818     3593052608.5206
   305.976    7.7331    4.2651    3.4943   1539.5875    3.5761     3710175973.8535
   315.332    7.7233    4.2554    3.4932   1578.3139    3.5704     3827073321.0202
   324.688    7.7137    4.2457    3.4920   1617.0402    3.5647     3943745475.7284
   334.045    7.7042    4.2360    3.4908   1655.7666    3.5591     4060194088.8780
   343.401    7.6944    4.2262    3.4896   1694.4930    3.5535     4176419936.4489
   352.758    7.6848    4.2165    3.4885   1733.2194    3.5480     4292424761.2712
   362.114    7.6751    4.2066    3.4873   1771.9458    3.5425     4408209825.8812
   371.470    7.6649    4.1966    3.4860   1810.6722    3.5371     4523774443.0734
   380.827    7.6547    4.1866    3.4847   1849.3986    3.5316     4639119689.5371
   390.183    7.6451    4.1768    3.4835   1888.1250    3.5263     4754247591.0385
   399.540    7.6351    4.1669    3.4822   1926.8514    3.5210     4869159623.5650
   408.896    7.6246    4.1567    3.4809   1965.5778    3.5157     4983855811.8093
   418.252    7.6151    4.1469    3.4797   2004.3041    3.5105     5098337769.9189
   442.340    7.6467    4.1570    3.4887   2009.4112    3.4971     5392955225.5107
   466.427    7.6763    4.1662    3.4975   2014.3668    3.4839     5687204176.8330
   490.515    7.7048    4.1751    3.5060   2019.0925    3.4707     5981062268.3099
   514.602    7.7335    4.1842    3.5146   2023.8517    3.4576     6274522675.3048
   538.689    7.7610    4.1928    3.5230   2028.4070    3.4445     6567580403.0532
   562.777    7.7883    4.2014    3.5313   2032.8753    3.4316     6860225842.4567
   586.864    7.8144    4.2094    3.5395   2037.3130    3.4188     7152458877.8810
   610.951    7.8408    4.2177    3.5478   2041.6688    3.4061     7444280200.8035
   635.039    7.8664    4.2256    3.5558   2045.8139    3.3936     7735685043.1250
   659.126    7.8923    4.2337    3.5639   2050.0185    3.3812     8026675510.0484
   683.214    7.9175    4.2416    3.5718   2054.0329    3.3689     8317255391.1752
   707.301    7.9430    4.2497    3.5799   2058.0784    3.3568     8607431590.5062
   731.388    7.9685    4.2578    3.5879   2061.9572    3.3449     8897216123.0965
   755.476    7.9937    4.2657    3.5960   2065.9511    3.3331     9186616825.2918
   779.563    8.0187    4.2738    3.6040   2069.6677    3.3215     9475641705.7782
   803.650    8.0437    4.2818    3.6120   2073.3687    3.3101     9764301412.5548
   827.738    8.0694    4.2903    3.6202   2077.0097    3.2989    10052617775.8375
   851.825    8.0958    4.2991    3.6286   2080.7413    3.2879    10340618450.3561
   875.913    8.1216    4.3078    3.6369   2084.2429    3.2771    10628321273.0590
   900.000    8.1485    4.3171    3.6456   2087.7529    3.2665    10915751405.5544
   917.135    8.1682    4.3241    3.6519   2090.1996    3.2592    11119975814.9946
   934.269    8.1884    4.3315    3.6585   2092.6702    3.2519    11324098317.2173
   951.404    8.2097    4.3395    3.6653   2095.0857    3.2448    11528140055.3438
   968.538    8.2314    4.3478    3.6724   2097.5878    3.2378    11732121815.0843
   985.673    8.2503    4.3545    3.6786   2100.0217    3.2309    11936032131.5978
  1002.807    8.2784    4.3666    3.6876   2102.5407    3.2242    12139931740.2077
  1019.942    8.2973    4.3731    3.6944   2105.1834    3.2175    12343840234.9216
  1037.076    8.3145    4.3786    3.7006   2107.6621    3.2110    12547685209.3770
  1054.211    8.3352    4.3861    3.7080   2110.5530    3.2047    12751493585.0602
  1071.345    8.3522    4.3917    3.7140   2113.1406    3.1985    12955269176.9893
  1088.480    8.3675    4.3964    3.7195   2115.4329    3.1925    13158968146.2280
  1105.614    8.3835    4.4016    3.7253   2117.6063    3.1867    13362593451.1182
  1122.749    8.4207    4.4211    3.7376   2120.4909    3.1811    13566341498.0350
  1139.883    8.5559    4.5057    3.7745   2135.5100    3.1753    13771067422.5068
  1157.018    8.7250    4.6131    3.8190   2153.6577    3.1693    13977637092.0491
  1174.152    8.8846    4.7145    3.8596   2164.1906    3.1629    14186123894.8128
  1191.287    8.8993    4.7189    3.8649   2166.1095    3.1564    14395434575.8565
  1208.421    8.9137    4.7232    3.8702   2168.2824    3.1502    14604605323.8137
  1225.556    8.9278    4.7274    3.8754   2170.2486    3.1442    14813646473.2819
  1242.691    8.9420    4.7317    3.8808   2172.3428    3.1384    15022576003.1022
  1259.825    8.9558    4.7358    3.8861   2174.3277    3.1328    15231407669.2307
  1276.960    8.9689    4.7394    3.8913   2176.0923    3.1275    15440150480.2598
  1294.094    8.9825    4.7433    3.8966   2177.7647    3.1225    15648821970.9794
  1311.229    8.9960    4.7474    3.9019   2179.6976    3.1177    15857439725.9668
  1328.363    9.0088    4.7509    3.9073   2181.1258    3.1131    16066021938.8842
  1345.498    9.0213    4.7543    3.9125   2182.6527    3.1089    16274582388.8049
  1362.632    9.0343    4.7582    3.9179   2184.1554    3.1049    16483140260.5415
  1379.767    9.0466    4.7615    3.9232   2185.4630    3.1013    16691717450.4413
  1396.901    9.0593    4.7651    3.9288   2186.8624    3.0979    16900339334.2537
  1414.036    9.0714    4.7682    3.9341   2187.9751    3.0949    17109027338.8899
  1431.170    9.0832    4.7714    3.9395   2189.1232    3.0922    17317797037.0444
  1448.305    9.1185    4.7895    3.9496   2193.1702    3.0899    17526797461.0458
  1465.439    9.1589    4.8111    3.9611   2197.8396    3.0878    17736210605.8286
  1482.574    9.1985    4.8325    3.9725   2202.4551    3.0860    17946089195.6254
  1499.708    9.2406    4.8558    3.9850   2207.1850    3.0845    18156476091.1839
  1516.843    9.2827    4.8794    3.9978   2211.8928    3.0834    18367430109.4863
  1533.978    9.3144    4.8963    4.0081   2215.8593    3.0825    18578913668.3062
  1551.112    9.3277    4.9014    4.0126   2217.9050    3.0821    18790728261.7846
  1568.247    9.3406    4.9063    4.0172   2219.9808    3.0821    19002754448.0788
  1568.247    5.0870    0.0000    3.9586         nan    3.0821    19002754448.0788
  1586.119    5.0988    0.0000    3.9641         nan    3.0835    19220964723.6991
  1603.992    5.1106    0.0000    3.9697         nan    3.0855    19439581200.2729
  1621.864    5.1223    0.0000    3.9752         nan    3.0881    19658643658.6947
  1639.737    5.1338    0.0000    3.9806         nan    3.0912    19878190575.3583
  1657.609    5.1450    0.0000    3.9859         nan    3.0950    20098259087.2315
  1675.482    5.1562    0.0000    3.9912         nan    3.0995    20318891736.4965
  1693.354    5.1675    0.0000    3.9966         nan    3.1046    20540136715.7331
  1711.227    5.1782    0.0000    4.0016         nan    3.1105    20762038274.3658
  1729.099    5.1889    0.0000    4.0067         nan    3.1172    20984643018.7713
  1729.099    5.4045    0.0000    6.4902         nan    3.1172    20984643018.7713
  1786.355    5.4450    0.0000    6.5290         nan    3.0199    22146443401.3587
  1843.610    5.4837    0.0000    6.5663         nan    2.9216    23278577598.9460
  1900.865    5.5205    0.0000    6.6021         nan    2.8221    24379942952.6383
  1958.120    5.5556    0.0000    6.6363         nan    2.7217    25449478080.8786
  2015.375    5.5889    0.0000    6.6691         nan    2.6202    26486162384.3164
  2072.631    5.6206    0.0000    6.7004         nan    2.5179    27489015638.8039
  2129.886    5.6506    0.0000    6.7302         nan    2.4146    28457097661.9476
  2187.141    5.6791    0.0000    6.7586         nan    2.3105    29389508037.0659
  2244.396    5.7060    0.0000    6.7857         nan    2.2056    30285385887.8588
  2301.651    5.7314    0.0000    6.8113         nan    2.0999    31143909689.3028
  2358.906    5.7553    0.0000    6.8355         nan    1.9935    31964297105.3968
  2416.162    5.7778    0.0000    6.8584         nan    1.8864    32745804844.1214
  2473.417    5.7989    0.0000    6.8799         nan    1.7787    33487728513.6164
  2530.672    5.8186    0.0000    6.9001         nan    1.6704    34189402466.5749
  2587.927    5.8369    0.0000    6.9189         nan    1.5614    34850199611.0350
  2645.182    5.8539    0.0000    6.9364         nan    1.4520    35469531155.1300
  2702.438    5.8696    0.0000    6.9525         nan    1.3420    36046846239.9237
  2759.693    5.8839    0.0000    6.9674         nan    1.2316    36581631380.9137
  2816.948    5.8970    0.0000    6.9809         nan    1.1207    37073409582.9161
  2874.203    5.9087    0.0000    6.9932         nan    1.0094    37521738882.7529
  2931.458    5.9192    0.0000    7.0041         nan    0.8977    37926209845.2405
  2988.714    5.9285    0.0000    7.0138         nan    0.7855    38286441039.9091
  3045.969    5.9364    0.0000    7.0221         nan    0.6729    38602070344.4032
  3103.224    5.9432    0.0000    7.0292         nan    0.5596    38872736835.5140
  3160.479    5.9487    0.0000    7.0349         nan    0.4452    39098038908.3011
  3217.734    5.9530    0.0000    7.0394         nan    0.3284    39277422429.1861
  3274.990    5.9560    0.0000    7.0426         nan    0.2035    39409812156.0372
  3332.245    5.9578    0.0000    7.0445         nan    0.0250    39491900059.0170
  3389.500    5.9585    0.0000    7.0452         nan    0.0000    39501973100.5523
