# Depth[km]  Vp[km/s]  Vs[km/s] Rho[g/cm3]    T[K]     g[m/s2]         P[Pa]        
     0.000    3.5601    2.1373    1.6050    273.1500    3.7291              0.0000
    11.843    3.5601    2.1373    1.6050    319.3569    3.7393       70882869.8647
    11.843    4.7343    2.8422    2.1344    319.3569    3.7393       70882869.8647
    29.069    4.7343    2.8422    2.1344    386.5759    3.7467      208372230.6620
    29.069    6.0360    3.6236    2.7213    386.5759    3.7467      208372230.6620
    44.489    6.0360    3.6236    2.7213    446.7419    3.7460      365582160.8540
    44.489    7.9612    4.5371    3.5038    446.7419    3.7460      365582160.8540
    54.319    7.9542    4.5280    3.5037    485.0993    3.7391      494602167.0780
    64.149    7.9467    4.5186    3.5035    523.4567    3.7323      623381146.7110
    73.979    7.9390    4.5091    3.5033    561.8142    3.7255      751917982.7451
    83.809    7.9309    4.4994    3.5030    600.1716    3.7187      880211312.6572
    93.639    7.9221    4.4895    3.5026    638.5290    3.7120     1008258045.9821
   103.469    7.9138    4.4798    3.5023    676.8864    3.7052     1136058800.4391
   113.299    7.9054    4.4701    3.5019    715.2438    3.6985     1263615770.4847
   123.129    7.8963    4.4601    3.5014    753.6012    3.6919     1390926544.3997
   132.960    7.8877    4.4504    3.5010    791.9586    3.6853     1517991098.8211
   142.790    7.8791    4.4408    3.5005    830.3160    3.6787     1644811573.7676
   152.620    7.8699    4.4310    3.5000    868.6735    3.6721     1771387057.7164
   162.450    7.8604    4.4210    3.4993    907.0309    3.6655     1897714790.6117
   172.280    7.8513    4.4113    3.4987    945.3883    3.6590     2023794840.0824
   182.110    7.8424    4.4017    3.4982    983.7457    3.6526     2149630196.6433
   191.940    7.8332    4.3919    3.4975   1022.1031    3.6461     2275221235.0180
   201.770    7.8236    4.3821    3.4968   1060.4605    3.6397     2400566124.8479
   211.600    7.8141    4.3722    3.4961   1098.8179    3.6334     2525664978.2457
   221.431    7.8047    4.3624    3.4953   1137.1753    3.6270     2650519182.0107
   231.261    7.7951    4.3525    3.4946   1175.5327    3.6208     2775130126.1027
   241.091    7.7858    4.3429    3.4939   1213.8902    3.6145     2899498907.5225
   250.921    7.7758    4.3330    3.4930   1252.2476    3.6083     3023623285.9687
   260.751    7.7663    4.3232    3.4922   1290.6050    3.6021     3147504046.5779
   270.581    7.7575    4.3138    3.4914   1328.9624    3.5960     3271144858.3139
   280.411    7.7486    4.3044    3.4905   1367.3198    3.5899     3394545618.9855
   290.241    7.7395    4.2948    3.4897   1405.6772    3.5838     3517707885.9727
   300.071    7.7296    4.2850    3.4887   1444.0346    3.5778     3640630962.0755
   309.901    7.7208    4.2756    3.4879   1482.3920    3.5718     3763316189.7646
   319.732    7.7121    4.2663    3.4871   1520.7494    3.5659     3885767129.9572
   329.562    7.7019    4.2562    3.4860   1559.1069    3.5600     4007981290.4187
   339.392    7.6930    4.2468    3.4852   1597.4643    3.5542     4129961576.8984
   349.222    7.6835    4.2372    3.4843   1635.8217    3.5484     4251711026.1070
   359.052    7.6740    4.2276    3.4834   1674.1791    3.5426     4373229081.1859
   368.882    7.6645    4.2179    3.4824   1712.5365    3.5369     4494516896.2513
   378.712    7.6542    4.2078    3.4813   1750.8939    3.5312     4615574060.3583
   388.542    7.6451    4.1983    3.4805   1789.2513    3.5256     4736404315.5772
   398.372    7.6356    4.1886    3.4795   1827.6087    3.5200     4857010846.7846
   408.203    7.6252    4.1786    3.4784   1865.9661    3.5145     4977390900.1955
   418.033    7.6162    4.1691    3.4776   1904.3236    3.5090     5097549070.4643
   427.863    7.6054    4.1588    3.4765   1942.6810    3.5036     5217487083.5196
   437.693    7.5961    4.1492    3.4755   1981.0384    3.4982     5337203204.6834
   460.808    7.6275    4.1584    3.4843   1985.8740    3.4856     5618594948.9087
   483.924    7.6580    4.1675    3.4929   1990.5871    3.4731     5899674751.6077
   507.039    7.6870    4.1761    3.5012   1995.0777    3.4607     6180425070.6080
   530.154    7.7159    4.1846    3.5094   1999.4422    3.4484     6460832785.9283
   553.270    7.7438    4.1928    3.5175   2003.8246    3.4362     6740894792.9831
   576.385    7.7710    4.2008    3.5256   2008.0306    3.4240     7020605826.2445
   599.500    7.7982    4.2089    3.5336   2012.2030    3.4120     7299962726.8519
   622.616    7.8243    4.2165    3.5414   2016.2036    3.4001     7578961635.9891
   645.731    7.8508    4.2243    3.5492   2020.2671    3.3883     7857603357.3647
   668.846    7.8763    4.2318    3.5570   2024.0954    3.3767     8135889762.0566
   691.962    7.9022    4.2396    3.5647   2027.9427    3.3652     8413823051.9749
   715.077    7.9273    4.2471    3.5723   2031.6421    3.3538     8691405574.1739
   738.193    7.9523    4.2546    3.5799   2035.3194    3.3426     8968641127.2119
   761.308    7.9776    4.2621    3.5876   2039.0141    3.3316     9245543251.4974
   784.423    8.0028    4.2698    3.5953   2042.5552    3.3207     9522121947.3913
   807.539    8.0277    4.2775    3.6029   2046.0611    3.3100     9798385476.6821
   830.654    8.0527    4.2853    3.6105   2049.3979    3.2995    10074344278.5255
   853.769    8.0777    4.2929    3.6184   2052.9304    3.2892    10350017729.7554
   876.885    8.1037    4.3014    3.6264   2056.2322    3.2792    10625433634.7348
   900.000    8.1297    4.3099    3.6344   2059.5148    3.2693    10900613978.9372
   916.839    8.1490    4.3163    3.6405   2061.8769    3.2623    11100860236.4224
   933.678    8.1701    4.3240    3.6470   2064.2201    3.2553    11301020437.3230
   950.517    8.1892    4.3303    3.6530   2066.6119    3.2485    11501099606.6190
   967.356    8.2080    4.3367    3.6590   2068.8802    3.2419    11701088570.0553
   984.195    8.2301    4.3449    3.6660   2071.2655    3.2353    11901020790.5910
  1001.034    8.2548    4.3547    3.6738   2073.7091    3.2289    12100952968.0749
  1017.872    8.2790    4.3643    3.6815   2076.1535    3.2226    12300910379.1230
  1034.711    8.3045    4.3747    3.6897   2078.6794    3.2165    12500910199.9527
  1051.550    8.3214    4.3800    3.6953   2080.8232    3.2104    12700900517.8778
  1068.389    8.3381    4.3853    3.7009   2082.9376    3.2046    12900817788.5033
  1085.228    8.3552    4.3910    3.7066   2085.0201    3.1989    13100676248.5338
  1102.067    8.3719    4.3963    3.7123   2087.1534    3.1934    13300487381.0659
  1118.906    8.4490    4.4419    3.7340   2095.3296    3.1879    13500692055.0274
  1135.745    8.6090    4.5433    3.7768   2110.4325    3.1823    13702287578.0859
  1152.584    8.8052    4.6687    3.8275   2129.8981    3.1763    13906032758.7253
  1169.423    8.8629    4.7025    3.8428   2132.3195    3.1701    14111159810.5595
  1186.262    8.8784    4.7071    3.8482   2134.6001    3.1640    14316436687.7616
  1203.101    8.8949    4.7116    3.8548   2137.3825    3.1581    14521637167.7154
  1219.940    8.9103    4.7162    3.8603   2139.8110    3.1524    14726778705.4246
  1236.778    8.9255    4.7208    3.8658   2142.2198    3.1470    14931844483.5615
  1253.617    8.9405    4.7253    3.8712   2144.6061    3.1417    15136842216.5458
  1270.456    8.9550    4.7298    3.8764   2146.9855    3.1367    15341777602.9830
  1287.295    8.9698    4.7345    3.8817   2149.3198    3.1319    15546662423.7792
  1304.134    8.9844    4.7390    3.8870   2151.7257    3.1274    15751515141.0401
  1320.973    8.9985    4.7435    3.8920   2154.0065    3.1231    15956344384.3193
  1337.812    9.0128    4.7481    3.8973   2156.4568    3.1192    16161165422.9278
  1354.651    9.0257    4.7525    3.9016   2158.5834    3.1155    16365978321.4560
  1371.490    9.0403    4.7573    3.9070   2160.8925    3.1121    16570802417.1567
  1388.329    9.0543    4.7618    3.9118   2163.0413    3.1090    16775670817.8213
  1405.168    9.0888    4.7799    3.9202   2167.8631    3.1062    16980681757.7446
  1422.007    9.1289    4.8008    3.9307   2174.1078    3.1037    17186003198.6366
  1438.846    9.1692    4.8230    3.9406   2179.6638    3.1014    17391691649.4891
  1455.684    9.2078    4.8444    3.9501   2185.4488    3.0995    17597738111.2763
  1472.523    9.2484    4.8672    3.9603   2191.1571    3.0978    17804169189.9293
  1489.362    9.2891    4.8894    3.9716   2197.5513    3.0965    18011048734.7153
  1506.201    9.3300    4.9128    3.9824   2204.1330    3.0954    18218413923.6453
  1523.040    9.3671    4.9339    3.9925   2209.4510    3.0947    18426255035.5280
  1539.879    9.3797    4.9383    3.9970   2211.5327    3.0944    18634426868.1523
  1556.718    9.3922    4.9427    4.0013   2213.5595    3.0945    18842805815.6885
  1556.718    5.2128    0.0000    4.0071         nan    3.0945    18842805815.6885
  1574.828    5.2277    0.0000    4.0126         nan    3.0950    19067522883.8182
  1592.938    5.2426    0.0000    4.0181         nan    3.0961    19292588653.3713
  1611.049    5.2575    0.0000    4.0236         nan    3.0978    19518043256.8479
  1629.159    5.2720    0.0000    4.0289         nan    3.1001    19743925088.4535
  1647.269    5.2862    0.0000    4.0342         nan    3.1030    19970271115.7321
  1665.379    5.3004    0.0000    4.0394         nan    3.1066    20197124241.4321
  1683.490    5.3145    0.0000    4.0447         nan    3.1108    20424533064.2074
  1701.600    5.3280    0.0000    4.0496         nan    3.1158    20652541738.2313
  1719.710    5.3415    0.0000    4.0546         nan    3.1216    20881197168.1836
  1719.710    5.2715    0.0000    6.4597         nan    3.1216    20881197168.1836
  1777.289    5.3470    0.0000    6.5004         nan    3.0243    22045892849.1135
  1834.868    5.4184    0.0000    6.5389         nan    2.9258    23181180447.1127
  1892.447    5.4858    0.0000    6.5754         nan    2.8262    24285817675.0132
  1950.026    5.5496    0.0000    6.6100         nan    2.7255    25358632410.4703
  2007.605    5.6099    0.0000    6.6428         nan    2.6238    26398518231.3534
  2065.184    5.6668    0.0000    6.6738         nan    2.5212    27404430624.5793
  2122.763    5.7206    0.0000    6.7031         nan    2.4177    28375383754.7180
  2180.342    5.7713    0.0000    6.7308         nan    2.3134    29310447706.8279
  2237.921    5.8190    0.0000    6.7569         nan    2.2083    30208746137.1645
  2295.500    5.8640    0.0000    6.7815         nan    2.1024    31069454283.3271
  2353.079    5.9061    0.0000    6.8047         nan    1.9959    31891797303.2289
  2410.658    5.9456    0.0000    6.8263         nan    1.8887    32675048928.4934
  2468.237    5.9825    0.0000    6.8466         nan    1.7810    33418530436.0514
  2525.816    6.0169    0.0000    6.8655         nan    1.6727    34121609965.4404
  2583.395    6.0488    0.0000    6.8831         nan    1.5640    34783702242.8137
  2640.974    6.0784    0.0000    6.8994         nan    1.4548    35404268827.9028
  2698.553    6.1055    0.0000    6.9143         nan    1.3452    35982819085.3966
  2756.131    6.1304    0.0000    6.9280         nan    1.2354    36518912237.0858
  2813.710    6.1529    0.0000    6.9405         nan    1.1253    37012161132.8024
  2871.289    6.1732    0.0000    6.9517         nan    1.0152    37462238921.0809
  2928.868    6.1913    0.0000    6.9617         nan    0.9052    37868890917.2468
  2986.447    6.2072    0.0000    6.9705         nan    0.7955    38231956402.7471
  3044.026    6.2210    0.0000    6.9781         nan    0.6867    38551410859.1236
  3101.605    6.2326    0.0000    6.9845         nan    0.5798    38827454200.7739
  3159.184    6.2420    0.0000    6.9898         nan    0.4771    39060715098.4648
  3216.763    6.2494    0.0000    6.9938         nan    0.3855    39252796895.9973
  3274.342    6.2546    0.0000    6.9967         nan    0.3325    39408076875.2296
  3331.921    6.2578    0.0000    6.9985         nan    0.5417    39542062316.3954
  3389.500    6.2588    0.0000    6.9990         nan    0.0000    39760340653.5929
