# Depth[km]  Vp[km/s]  Vs[km/s] Rho[g/cm3]    T[K]     g[m/s2]         P[Pa]        
     0.000    3.6375    2.1997    1.6650    273.1500    3.7291              0.0000
    12.015    3.6375    2.1997    1.6650    322.0514    3.7388       74600446.1391
    12.015    4.4842    2.7117    2.0525    322.0514    3.7388       74600446.1391
    29.152    4.4842    2.7117    2.0525    391.8011    3.7474      206105137.1593
    29.152    5.6034    3.3886    2.5648    391.8011    3.7474      206105137.1593
    45.287    5.6034    3.3886    2.5648    457.4756    3.7488      361186587.7125
    45.287    7.9977    4.5437    3.5190    457.4756    3.7488      361186587.7125
    55.102    7.9894    4.5336    3.5186    497.4257    3.7418      490659569.5128
    64.918    7.9809    4.5233    3.5181    537.3758    3.7349      619877336.6175
    74.733    7.9719    4.5128    3.5176    577.3259    3.7280      748838563.6279
    84.548    7.9625    4.5022    3.5170    617.2760    3.7211      877540666.7743
    94.363    7.9534    4.4918    3.5164    657.2262    3.7143     1005983762.2194
   104.178    7.9442    4.4815    3.5158    697.1763    3.7075     1134169791.5238
   113.994    7.9350    4.4711    3.5152    737.1264    3.7007     1262098754.6967
   123.809    7.9252    4.4606    3.5145    777.0765    3.6940     1389769392.8046
   133.624    7.9158    4.4502    3.5137    817.0267    3.6873     1517181020.7748
   143.439    7.9060    4.4399    3.5130    856.9768    3.6806     1644333993.6702
   153.254    7.8962    4.4295    3.5121    896.9269    3.6740     1771227604.5438
   163.070    7.8865    4.4192    3.5113    936.8770    3.6673     1897862425.1235
   172.885    7.8767    4.4090    3.5104    976.8272    3.6608     2024238883.7736
   182.700    7.8667    4.3987    3.5095   1016.7773    3.6542     2150356742.8283
   192.515    7.8570    4.3885    3.5086   1056.7274    3.6477     2276217037.1672
   202.330    7.8473    4.3785    3.5077   1096.6775    3.6413     2401820015.3139
   212.146    7.8375    4.3683    3.5068   1136.6277    3.6348     2527167477.5744
   221.961    7.8274    4.3580    3.5058   1176.5778    3.6284     2652260640.3214
   231.776    7.8180    4.3481    3.5049   1216.5279    3.6221     2777099897.6310
   241.591    7.8077    4.3378    3.5038   1256.4780    3.6158     2901684015.6628
   251.406    7.7978    4.3276    3.5028   1296.4282    3.6095     3026013987.1455
   261.222    7.7882    4.3177    3.5018   1336.3783    3.6032     3150093448.2343
   271.037    7.7790    4.3077    3.5007   1376.3284    3.5971     3273921898.3534
   280.852    7.7699    4.2982    3.4997   1416.2785    3.5909     3397499720.6346
   290.667    7.7604    4.2884    3.4986   1456.2287    3.5848     3520828821.9728
   300.482    7.7511    4.2786    3.4976   1496.1788    3.5787     3643910588.9401
   310.298    7.7409    4.2682    3.4964   1536.1289    3.5727     3766744387.2991
   320.113    7.7312    4.2584    3.4953   1576.0790    3.5667     3889331694.6051
   329.928    7.7216    4.2485    3.4942   1616.0291    3.5608     4011674874.0235
   339.743    7.7123    4.2387    3.4931   1655.9793    3.5549     4133775481.7927
   349.558    7.7021    4.2285    3.4919   1695.9294    3.5490     4255634284.2126
   359.374    7.6923    4.2185    3.4907   1735.8795    3.5432     4377251323.0824
   369.189    7.6822    4.2083    3.4895   1775.8296    3.5374     4498627598.1527
   379.004    7.6722    4.1982    3.4883   1815.7798    3.5317     4619764929.2592
   388.819    7.6630    4.1884    3.4872   1855.7299    3.5261     4740667091.6000
   398.634    7.6527    4.1781    3.4859   1895.6800    3.5205     4861334468.5358
   408.450    7.6426    4.1679    3.4848   1935.6301    3.5149     4981767235.7749
   418.265    7.6329    4.1580    3.4835   1975.5803    3.5094     5101967502.8189
   428.080    7.6223    4.1475    3.4822   2015.5304    3.5039     5221935373.6330
   437.895    7.6121    4.1372    3.4809   2055.4805    3.4985     5341671402.4996
   461.001    7.6422    4.1468    3.4895   2060.4615    3.4858     5623392047.6940
   484.106    7.6703    4.1555    3.4979   2065.2932    3.4733     5904779764.7893
   507.211    7.6984    4.1644    3.5062   2070.0217    3.4608     6185822765.6870
   530.316    7.7252    4.1728    3.5143   2074.6093    3.4483     6466510748.0542
   553.421    7.7515    4.1810    3.5224   2079.0846    3.4360     6746836409.7337
   576.527    7.7775    4.1892    3.5304   2083.5418    3.4238     7026797793.2554
   599.632    7.8031    4.1971    3.5383   2087.8122    3.4117     7306393835.8257
   622.737    7.8283    4.2050    3.5462   2092.0940    3.3997     7585622967.2158
   645.842    7.8540    4.2132    3.5541   2096.2765    3.3878     7864490883.1588
   668.948    7.8780    4.2205    3.5618   2100.3799    3.3761     8142994727.5558
   692.053    7.9028    4.2284    3.5696   2104.3812    3.3645     8421135637.0257
   715.158    7.9270    4.2359    3.5773   2108.3225    3.3530     8698922421.9737
   738.263    7.9512    4.2435    3.5850   2112.2795    3.3417     8976360270.5828
   761.369    7.9756    4.2513    3.5928   2116.0373    3.3305     9253459630.5792
   784.474    8.0002    4.2592    3.6006   2119.9049    3.3196     9530233463.6198
   807.579    8.0246    4.2672    3.6084   2123.5051    3.3088     9806694141.2211
   830.684    8.0492    4.2753    3.6162   2127.1184    3.2981    10082853678.3512
   853.790    8.0732    4.2830    3.6240   2130.7184    3.2877    10358722840.4108
   876.895    8.0998    4.2923    3.6325   2134.3241    3.2775    10634337542.0006
   900.000    8.1256    4.3013    3.6407   2137.7825    3.2675    10909729733.9976
   917.024    8.1453    4.3082    3.6471   2140.3254    3.2603    11112424209.1615
   934.048    8.1653    4.3154    3.6535   2142.8396    3.2532    11315023585.7111
   951.072    8.1859    4.3229    3.6602   2145.3581    3.2462    11517544977.4075
   968.096    8.2072    4.3310    3.6671   2147.8650    3.2393    11720005593.6964
   985.120    8.2299    4.3399    3.6745   2150.4017    3.2325    11922430385.1835
  1002.143    8.2535    4.3494    3.6822   2152.9809    3.2259    12124849291.9029
  1019.167    8.2718    4.3555    3.6886   2155.6887    3.2194    12327242313.5270
  1036.191    8.2904    4.3618    3.6953   2158.3829    3.2131    12529587786.9925
  1053.215    8.3095    4.3684    3.7021   2161.1369    3.2069    12731901728.1283
  1070.239    8.3278    4.3748    3.7087   2163.8182    3.2008    12934189848.8460
  1087.263    8.3433    4.3796    3.7142   2166.2155    3.1949    13136426550.1229
  1104.287    8.3642    4.3881    3.7219   2167.9005    3.1892    13338652881.9323
  1121.311    8.3879    4.3984    3.7309   2169.0609    3.1837    13540972529.7035
  1138.335    8.4139    4.4103    3.7405   2170.6186    3.1783    13743442501.3290
  1155.359    8.5629    4.5041    3.7807   2185.3408    3.1728    13946916256.8104
  1172.383    8.7536    4.6258    3.8303   2202.1930    3.1669    14152464018.1306
  1189.407    8.8664    4.6959    3.8595   2212.7112    3.1608    14359755251.5390
  1206.430    8.8808    4.7000    3.8650   2215.1764    3.1547    14567578630.9518
  1223.454    8.8951    4.7041    3.8703   2217.2784    3.1489    14775293985.6364
  1240.478    8.9094    4.7084    3.8757   2219.2922    3.1432    14982909741.8302
  1257.502    8.9232    4.7124    3.8810   2221.2236    3.1378    15190437401.1143
  1274.526    8.9368    4.7161    3.8864   2222.9956    3.1326    15397894912.7736
  1291.550    8.9504    4.7201    3.8918   2224.8477    3.1277    15605298587.2099
  1308.574    8.9642    4.7241    3.8974   2226.5785    3.1230    15812667861.6557
  1325.598    8.9770    4.7276    3.9027   2228.1685    3.1186    16020016880.5895
  1342.622    8.9902    4.7316    3.9079   2229.6693    3.1144    16227350871.9528
  1359.646    9.0032    4.7350    3.9138   2231.1600    3.1106    16434703168.0988
  1376.670    9.0156    4.7383    3.9192   2232.6003    3.1070    16642097228.7191
  1393.693    9.0283    4.7418    3.9247   2233.7206    3.1038    16849541580.4679
  1410.717    9.0409    4.7452    3.9304   2235.0790    3.1008    17057066726.9819
  1427.741    9.0528    4.7486    3.9355   2235.8748    3.0983    17264681831.1686
  1444.765    9.0651    4.7516    3.9416   2236.8638    3.0960    17472416588.7886
  1461.789    9.0795    4.7562    3.9479   2238.5816    3.0941    17680327752.9460
  1478.813    9.1217    4.7789    3.9599   2243.0603    3.0925    17888594703.5316
  1495.837    9.1615    4.8001    3.9719   2247.2465    3.0912    18097386105.6818
  1512.861    9.2022    4.8223    3.9842   2251.6352    3.0903    18306730412.9912
  1529.885    9.2434    4.8451    3.9970   2256.0353    3.0896    18516670918.7872
  1546.909    9.2726    4.8603    4.0066   2259.6315    3.0893    18727156203.0826
  1563.933    9.2857    4.8652    4.0114   2261.7674    3.0894    18937997553.7910
  1563.933    5.1442    0.0000    4.0251         nan    3.0894    18937997553.7910
  1581.559    5.1591    0.0000    4.0307         nan    3.0898    19157338729.0582
  1599.186    5.1739    0.0000    4.0362         nan    3.0907    19377009576.2889
  1616.812    5.1888    0.0000    4.0417         nan    3.0922    19597047099.0688
  1634.439    5.2033    0.0000    4.0471         nan    3.0942    19817487008.9877
  1652.066    5.2174    0.0000    4.0524         nan    3.0968    20038362854.4884
  1669.692    5.2315    0.0000    4.0577         nan    3.1001    20259713276.9143
  1687.319    5.2457    0.0000    4.0629         nan    3.1040    20481583073.2129
  1704.945    5.2592    0.0000    4.0680         nan    3.1085    20704013301.9506
  1722.572    5.2726    0.0000    4.0730         nan    3.1138    20927046381.1201
  1722.572    5.1610    0.0000    6.4478         nan    3.1138    20927046381.1201
  1780.052    5.2328    0.0000    6.4900         nan    3.0171    22084874876.7272
  1837.532    5.3008    0.0000    6.5301         nan    2.9191    23213860143.7911
  1895.013    5.3651    0.0000    6.5681         nan    2.8199    24312723080.6534
  1952.493    5.4260    0.0000    6.6041         nan    2.7196    25380253443.8425
  2009.973    5.4835    0.0000    6.6382         nan    2.6183    26415305603.1479
  2067.454    5.5379    0.0000    6.6706         nan    2.5160    27416794874.5878
  2124.934    5.5893    0.0000    6.7012         nan    2.4127    28383694321.9226
  2182.414    5.6378    0.0000    6.7301         nan    2.3085    29315031933.7303
  2239.894    5.6836    0.0000    6.7574         nan    2.2035    30209888098.4264
  2297.375    5.7266    0.0000    6.7832         nan    2.0977    31067393305.0437
  2354.855    5.7670    0.0000    6.8074         nan    1.9911    31886726003.5029
  2412.335    5.8048    0.0000    6.8301         nan    1.8838    32667110553.8318
  2469.816    5.8402    0.0000    6.8513         nan    1.7758    33407815180.3263
  2527.296    5.8732    0.0000    6.8711         nan    1.6671    34108149827.2926
  2584.776    5.9039    0.0000    6.8895         nan    1.5578    34767463773.1056
  2642.256    5.9322    0.0000    6.9066         nan    1.4479    35385142786.9909
  2699.737    5.9583    0.0000    6.9223         nan    1.3374    35960605490.5934
  2757.217    5.9821    0.0000    6.9367         nan    1.2262    36493298365.9163
  2814.697    6.0038    0.0000    6.9497         nan    1.1144    36982688436.2163
  2872.177    6.0233    0.0000    6.9615         nan    1.0019    37428251842.5615
  2929.658    6.0407    0.0000    6.9720         nan    0.8884    37829454888.2327
  2987.138    6.0560    0.0000    6.9813         nan    0.7737    38185720506.8667
  3044.618    6.0692    0.0000    6.9892         nan    0.6571    38496364548.2636
  3102.099    6.0803    0.0000    6.9960         nan    0.5371    38760463920.7637
  3159.579    6.0894    0.0000    7.0015         nan    0.4105    38976552529.0664
  3217.059    6.0965    0.0000    7.0057         nan    0.2671    39141810241.8366
  3274.539    6.1015    0.0000    7.0088         nan    0.0661    39249391386.0169
  3332.020    6.1046    0.0000    7.0106         nan   -0.5242    39276019826.8979
  3389.500    6.1056    0.0000    7.0112         nan    0.0000    39064787759.8309
