# Depth[km]  Vp[km/s]  Vs[km/s] Rho[g/cm3]    T[K]     g[m/s2]         P[Pa]        
     0.000    3.5279    2.1221    1.6189    273.1500    3.7291              0.0000
    10.835    3.5279    2.1221    1.6189    313.8160    3.7383       65407205.9126
    10.835    5.0070    3.0118    2.2976    313.8160    3.7383       65407205.9126
    27.769    5.0070    3.0118    2.2976    377.3834    3.7432      210859462.7165
    27.769    6.2818    3.7786    2.8825    377.3834    3.7432      210859462.7165
    43.508    6.2818    3.7786    2.8825    436.4610    3.7403      380679869.9077
    43.508    7.9534    4.5340    3.4844    436.4610    3.7403      380679869.9077
    53.460    7.9482    4.5263    3.4846    473.8168    3.7335      510383090.5442
    63.412    7.9427    4.5183    3.4847    511.1726    3.7267      639854436.4435
    73.364    7.9368    4.5102    3.4847    548.5283    3.7199      769092363.1552
    83.315    7.9307    4.5019    3.4847    585.8841    3.7132      898095009.0325
    93.267    7.9236    4.4932    3.4844    623.2399    3.7065     1026858975.8136
   103.219    7.9172    4.4849    3.4843    660.5957    3.6998     1155384243.7291
   113.171    7.9107    4.4763    3.4842    697.9515    3.6931     1283672807.1639
   123.123    7.9041    4.4679    3.4840    735.3072    3.6865     1411724587.6002
   133.075    7.8968    4.4592    3.4837    772.6630    3.6799     1539537112.9002
   143.026    7.8902    4.4508    3.4835    810.0188    3.6733     1667110425.4614
   152.978    7.8834    4.4423    3.4832    847.3746    3.6668     1794446396.6384
   162.930    7.8758    4.4335    3.4827    884.7304    3.6603     1921541415.7757
   172.882    7.8688    4.4249    3.4823    922.0862    3.6538     2048394762.0002
   182.834    7.8621    4.4165    3.4819    959.4419    3.6473     2175010262.8173
   192.786    7.8549    4.4079    3.4814    996.7977    3.6409     2301387509.2452
   202.737    7.8477    4.3993    3.4809   1034.1535    3.6346     2427524843.3045
   212.689    7.8401    4.3906    3.4803   1071.5093    3.6282     2553420776.6615
   222.641    7.8330    4.3820    3.4798   1108.8651    3.6219     2679076145.7301
   232.593    7.8259    4.3734    3.4793   1146.2208    3.6157     2804495645.1641
   242.545    7.8191    4.3650    3.4788   1183.5766    3.6094     2929680339.6772
   252.497    7.8126    4.3568    3.4782   1220.9324    3.6032     3054629677.2257
   262.448    7.8049    4.3480    3.4775   1258.2882    3.5971     3179342511.1715
   272.400    7.7975    4.3393    3.4769   1295.6440    3.5910     3303818802.8341
   282.352    7.7908    4.3311    3.4763   1332.9998    3.5849     3428061428.8544
   292.304    7.7841    4.3227    3.4757   1370.3555    3.5789     3552072667.2253
   302.256    7.7765    4.3140    3.4749   1407.7113    3.5729     3675850491.3865
   312.208    7.7694    4.3054    3.4743   1445.0671    3.5669     3799396035.0400
   322.159    7.7627    4.2972    3.4737   1482.4229    3.5610     3922713648.1028
   332.111    7.7557    4.2888    3.4729   1519.7787    3.5552     4045803312.2011
   342.063    7.7479    4.2800    3.4721   1557.1344    3.5493     4168663199.1290
   352.015    7.7413    4.2717    3.4715   1594.4902    3.5436     4291295551.4194
   361.967    7.7347    4.2635    3.4708   1631.8460    3.5378     4413704516.4551
   371.919    7.7264    4.2545    3.4699   1669.2018    3.5321     4535887623.9194
   381.870    7.7198    4.2461    3.4692   1706.5576    3.5265     4657846242.3357
   391.822    7.7116    4.2372    3.4682   1743.9134    3.5209     4779581180.5257
   401.774    7.7048    4.2288    3.4675   1781.2691    3.5154     4901093719.6352
   411.726    7.6974    4.2201    3.4667   1818.6249    3.5099     5022387227.0081
   421.678    7.6901    4.2114    3.4659   1855.9807    3.5044     5143462979.1725
   431.630    7.6824    4.2026    3.4650   1893.3365    3.4990     5264321475.6280
   441.581    7.6746    4.1937    3.4642   1930.6923    3.4937     5384964206.3444
   464.502    7.7028    4.2023    3.4723   1935.1264    3.4814     5662696641.4017
   487.423    7.7300    4.2105    3.4803   1939.4400    3.4693     5940099425.6628
   510.344    7.7561    4.2183    3.4882   1943.7655    3.4572     6217166235.7338
   533.265    7.7813    4.2258    3.4959   1947.8522    3.4453     6493888442.4736
   556.186    7.8065    4.2332    3.5037   1952.0293    3.4334     6770263096.5494
   579.107    7.8308    4.2403    3.5112   1955.9702    3.4217     7046287133.5012
   602.028    7.8557    4.2477    3.5189   1960.0506    3.4100     7321961843.3573
   624.949    7.8794    4.2546    3.5263   1963.9863    3.3985     7597291344.9290
   647.870    7.9037    4.2618    3.5339   1967.9273    3.3872     7872276397.4410
   670.791    7.9268    4.2684    3.5412   1971.7035    3.3759     8146918781.0681
   693.712    7.9502    4.2752    3.5485   1975.3683    3.3649     8421216780.4330
   716.633    7.9731    4.2818    3.5557   1979.0150    3.3539     8695175762.2407
   739.554    7.9966    4.2887    3.5631   1982.7857    3.3432     8968809490.0686
   762.474    8.0190    4.2952    3.5703   1986.3444    3.3326     9242124455.4207
   785.395    8.0423    4.3021    3.5776   1989.8064    3.3222     9515126210.4641
   808.316    8.0646    4.3086    3.5848   1993.2684    3.3120     9787827580.7911
   831.237    8.0869    4.3151    3.5918   1996.6632    3.3020    10060233309.0214
   854.158    8.1099    4.3220    3.5991   1999.9747    3.2923    10332361082.2506
   877.079    8.1331    4.3291    3.6065   2003.3117    3.2827    10604238291.0897
   900.000    8.1564    4.3363    3.6139   2006.5205    3.2734    10875882315.8037
   916.712    8.1734    4.3416    3.6194   2008.9167    3.2668    11073728144.1347
   933.424    8.1900    4.3466    3.6247   2011.2576    3.2603    11271467316.2378
   950.135    8.2081    4.3527    3.6304   2013.5443    3.2539    11469112871.1126
   966.847    8.2270    4.3589    3.6365   2016.0844    3.2476    11666693147.2663
   983.559    8.2457    4.3654    3.6424   2018.3760    3.2416    11864221627.9055
  1000.271    8.2651    4.3723    3.6486   2020.6983    3.2356    12061707849.7370
  1016.983    8.2845    4.3791    3.6549   2023.0377    3.2298    12259170015.8249
  1033.694    8.3049    4.3866    3.6615   2025.3626    3.2241    12456626279.5994
  1050.406    8.3204    4.3912    3.6668   2027.5750    3.2187    12654056334.2739
  1067.118    8.3358    4.3957    3.6719   2029.7046    3.2133    12851429244.4904
  1083.830    8.3513    4.4003    3.6771   2031.8165    3.2082    13048753802.9814
  1100.541    8.4169    4.4391    3.6954   2038.7058    3.2032    13246393007.8093
  1117.253    8.5522    4.5253    3.7315   2051.9306    3.1980    13445176563.7366
  1133.965    8.7110    4.6272    3.7727   2068.8530    3.1926    13645706561.0056
  1150.677    8.8142    4.6915    3.7996   2075.8192    3.1870    13847713458.7213
  1167.389    8.8294    4.6957    3.8049   2078.2670    3.1814    14050221525.2891
  1184.100    8.8436    4.6996    3.8098   2080.6244    3.1761    14252646746.4678
  1200.812    8.8599    4.7041    3.8157   2082.9727    3.1709    14455016298.7879
  1217.524    8.8755    4.7084    3.8213   2085.3361    3.1659    14657361024.5146
  1234.236    8.8909    4.7128    3.8268   2087.6937    3.1612    14859683708.9058
  1250.948    8.9063    4.7171    3.8323   2090.0857    3.1567    15061997188.0989
  1267.659    8.9215    4.7213    3.8378   2092.4504    3.1525    15264314687.3317
  1284.371    8.9368    4.7257    3.8435   2094.8304    3.1484    15466651836.0106
  1301.083    8.9519    4.7299    3.8489   2097.1945    3.1447    15669023291.3959
  1317.795    8.9670    4.7343    3.8545   2099.5811    3.1412    15871443848.3843
  1334.507    8.9822    4.7387    3.8601   2101.9742    3.1380    16073932795.8864
  1351.218    8.9973    4.7431    3.8657   2104.3323    3.1351    16276507658.6437
  1367.930    9.0288    4.7579    3.8741   2108.6396    3.1324    16479262421.0409
  1384.642    9.0662    4.7766    3.8838   2114.2354    3.1300    16682321576.4907
  1401.354    9.1054    4.7966    3.8939   2119.9180    3.1279    16885743065.5104
  1418.065    9.1429    4.8158    3.9038   2125.6145    3.1261    17089549258.1893
  1434.777    9.1830    4.8369    3.9145   2131.2717    3.1245    17293772434.1647
  1451.489    9.2212    4.8571    3.9248   2137.0402    3.1232    17498439166.1071
  1468.201    9.2616    4.8789    3.9358   2143.3164    3.1222    17703577929.3551
  1484.913    9.3005    4.9001    3.9467   2149.7766    3.1215    17909223583.8930
  1501.624    9.3252    4.9117    3.9543   2153.0671    3.1211    18115305655.2877
  1518.336    9.3390    4.9162    3.9594   2155.2624    3.1212    18321694837.6262
  1535.048    9.3528    4.9206    3.9646   2157.5019    3.1216    18528353652.7233
  1551.760    9.3662    4.9249    3.9695   2159.6826    3.1226    18735306920.0380
  1551.760    5.0138    0.0000    4.0071         nan    3.1226    18735306920.0380
  1566.757    5.0251    0.0000    4.0121         nan    3.1233    18923073759.3671
  1581.754    5.0363    0.0000    4.0170         nan    3.1244    19111117369.8058
  1596.751    5.0476    0.0000    4.0220         nan    3.1259    19299460523.1913
  1611.748    5.0589    0.0000    4.0269         nan    3.1279    19488126900.6817
  1626.745    5.0697    0.0000    4.0317         nan    3.1302    19677137073.6035
  1641.742    5.0805    0.0000    4.0364         nan    3.1330    19866511477.5115
  1656.739    5.0912    0.0000    4.0412         nan    3.1362    20056275717.1374
  1671.736    5.1019    0.0000    4.0459         nan    3.1399    20246457675.1835
  1686.733    5.1124    0.0000    4.0505         nan    3.1441    20437083562.9732
  1686.733    5.2649    0.0000    6.3715         nan    3.1441    20437083562.9732
  1745.449    5.3346    0.0000    6.4129         nan    3.0465    21617130804.0694
  1804.166    5.4006    0.0000    6.4522         nan    2.9477    22767762941.6315
  1862.882    5.4631    0.0000    6.4895         nan    2.8477    23887701012.0152
  1921.598    5.5224    0.0000    6.5249         nan    2.7466    24975733649.9011
  1980.314    5.5784    0.0000    6.5584         nan    2.6445    26030713444.5625
  2039.030    5.6315    0.0000    6.5903         nan    2.5414    27051553837.7551
  2097.746    5.6816    0.0000    6.6204         nan    2.4374    28037226480.2574
  2156.462    5.7290    0.0000    6.6490         nan    2.3325    28986758986.9136
  2215.178    5.7736    0.0000    6.6759         nan    2.2269    29899233042.7068
  2273.894    5.8157    0.0000    6.7013         nan    2.1204    30773782828.0309
  2332.610    5.8552    0.0000    6.7252         nan    2.0132    31609593754.6539
  2391.326    5.8922    0.0000    6.7476         nan    1.9054    32405901513.7052
  2450.043    5.9268    0.0000    6.7686         nan    1.7970    33161991459.9061
  2508.759    5.9591    0.0000    6.7883         nan    1.6880    33877198389.2415
  2567.475    5.9891    0.0000    6.8065         nan    1.5785    34550906813.0647
  2626.191    6.0169    0.0000    6.8234         nan    1.4686    35182551903.2042
  2684.907    6.0424    0.0000    6.8389         nan    1.3584    35771621408.0634
  2743.623    6.0658    0.0000    6.8531         nan    1.2479    36317659058.3303
  2802.339    6.0870    0.0000    6.8661         nan    1.1372    36820270383.1344
  2861.055    6.1062    0.0000    6.8778         nan    1.0266    37279132637.1938
  2919.771    6.1232    0.0000    6.8882         nan    0.9162    37694012136.8268
  2978.487    6.1382    0.0000    6.8973         nan    0.8064    38064795797.2658
  3037.203    6.1512    0.0000    6.9052         nan    0.6979    38391551936.3508
  3095.920    6.1621    0.0000    6.9119         nan    0.5922    38674657005.5595
  3154.636    6.1710    0.0000    6.9174         nan    0.4926    38915088760.1118
  3213.352    6.1780    0.0000    6.9216         nan    0.4087    39115209232.9811
  3272.068    6.1829    0.0000    6.9246         nan    0.3798    39281344939.5749
  3330.784    6.1859    0.0000    6.9264         nan    0.7232    39435769266.7736
  3389.500    6.1869    0.0000    6.9270         nan    0.0000    39729914148.6734
