# Depth[km]  Vp[km/s]  Vs[km/s] Rho[g/cm3]    T[K]     g[m/s2]         P[Pa]        
     0.000    3.9252    2.3674    1.7806    273.1500    3.7291              0.0000
     9.891    3.9252    2.3674    1.7806    315.7472    3.7361       65678318.0788
     9.891    4.2709    2.5759    1.9374    315.7472    3.7361       65678318.0788
    28.378    4.2709    2.5759    1.9374    395.3685    3.7471      199491375.2950
    28.378    6.0427    3.6445    2.7412    395.3685    3.7471      199491375.2950
    47.210    6.0427    3.6445    2.7412    476.4793    3.7459      392928326.6177
    47.210    7.9904    4.5378    3.5178    476.4793    3.7459      392928326.6177
    56.428    7.9814    4.5275    3.5172    516.1773    3.7394      514376581.2722
    65.645    7.9721    4.5170    3.5165    555.8752    3.7329      635591591.9605
    74.862    7.9626    4.5064    3.5158    595.5731    3.7265      756572167.0001
    84.079    7.9524    4.4956    3.5150    635.2711    3.7200      877316117.0640
    93.296    7.9427    4.4851    3.5142    674.9690    3.7136      997823871.2103
   102.513    7.9328    4.4745    3.5134    714.6669    3.7072     1118096854.5015
   111.730    7.9224    4.4638    3.5125    754.3648    3.7009     1238133201.2444
   120.948    7.9123    4.4533    3.5116    794.0628    3.6945     1357932687.8441
   130.165    7.9020    4.4427    3.5106    833.7607    3.6882     1477496166.1450
   139.382    7.8915    4.4322    3.5096    873.4586    3.6820     1596822415.9760
   148.599    7.8809    4.4216    3.5085    913.1565    3.6757     1715910841.5001
   157.816    7.8707    4.4113    3.5075    952.8545    3.6695     1834762810.1022
   167.033    7.8599    4.4007    3.5064    992.5524    3.6634     1953378222.6246
   176.250    7.8498    4.3905    3.5054   1032.2503    3.6572     2071757552.1534
   185.468    7.8394    4.3801    3.5042   1071.9483    3.6511     2189902000.0068
   194.685    7.8280    4.3695    3.5030   1111.6462    3.6451     2307809277.1461
   203.902    7.8181    4.3594    3.5019   1151.3441    3.6391     2425481762.6633
   213.119    7.8072    4.3488    3.5007   1191.0420    3.6331     2542921044.0911
   222.336    7.7967    4.3386    3.4994   1230.7400    3.6271     2660125472.5688
   231.553    7.7856    4.3280    3.4983   1270.4379    3.6212     2777097283.8545
   240.770    7.7754    4.3180    3.4970   1310.1358    3.6153     2893837410.0589
   249.988    7.7655    4.3080    3.4958   1349.8337    3.6094     3010346381.0142
   259.205    7.7552    4.2978    3.4945   1389.5317    3.6036     3126625191.2305
   268.422    7.7451    4.2879    3.4932   1429.2296    3.5979     3242674036.0031
   277.639    7.7346    4.2776    3.4919   1468.9275    3.5921     3358493118.8098
   286.856    7.7250    4.2678    3.4906   1508.6255    3.5864     3474084880.7090
   296.073    7.7142    4.2574    3.4893   1548.3234    3.5808     3589450405.2886
   305.290    7.7031    4.2470    3.4879   1588.0213    3.5752     3704588522.8693
   314.508    7.6932    4.2371    3.4866   1627.7192    3.5696     3819501764.4497
   323.725    7.6821    4.2266    3.4852   1667.4172    3.5640     3934191715.2415
   332.942    7.6714    4.2163    3.4837   1707.1151    3.5586     4048657239.4754
   342.159    7.6605    4.2057    3.4823   1746.8130    3.5531     4162899126.5703
   351.376    7.6500    4.1956    3.4809   1786.5109    3.5477     4276919479.9919
   360.593    7.6389    4.1851    3.4795   1826.2089    3.5423     4390719942.3770
   369.810    7.6282    4.1748    3.4780   1865.9068    3.5370     4504301291.7275
   379.028    7.6176    4.1645    3.4765   1905.6047    3.5318     4617664553.2535
   388.245    7.6066    4.1541    3.4751   1945.3027    3.5265     4730811145.4252
   397.462    7.5947    4.1432    3.4735   1985.0006    3.5213     4843740266.9841
   406.679    7.5842    4.1328    3.4720   2024.6985    3.5162     4956453894.1872
   415.896    7.5724    4.1220    3.4704   2064.3964    3.5111     5068953135.5691
   440.101    7.6061    4.1327    3.4797   2069.8449    3.4979     5364287082.4375
   464.306    7.6370    4.1424    3.4887   2075.0996    3.4847     5659280367.0288
   488.512    7.6671    4.1519    3.4976   2080.2418    3.4716     5953914810.5628
   512.717    7.6960    4.1610    3.5062   2085.2119    3.4585     6248175664.5142
   536.922    7.7248    4.1702    3.5148   2090.0548    3.4456     6542054333.7322
   561.127    7.7519    4.1786    3.5233   2094.7458    3.4328     6835547208.3973
   585.332    7.7783    4.1867    3.5315   2099.3374    3.4201     7128639365.0684
   609.538    7.8054    4.1951    3.5399   2103.9545    3.4075     7421333057.2057
   633.743    7.8319    4.2035    3.5481   2108.4396    3.3950     7713634972.0881
   657.948    7.8584    4.2118    3.5563   2112.8482    3.3827     8005544778.9244
   682.153    7.8845    4.2200    3.5645   2117.1897    3.3705     8297067357.1126
   706.358    7.9099    4.2280    3.5726   2121.3393    3.3585     8588204408.9145
   730.564    7.9358    4.2362    3.5808   2125.5345    3.3467     8878964517.5707
   754.769    7.9609    4.2440    3.5888   2129.5867    3.3350     9169356434.5480
   778.974    7.9864    4.2522    3.5969   2133.5020    3.3235     9459387321.2988
   803.179    8.0123    4.2606    3.6052   2137.5292    3.3122     9749078804.3184
   827.384    8.0380    4.2690    3.6134   2141.3578    3.3011    10038447841.7734
   851.590    8.0637    4.2774    3.6217   2145.1399    3.2902    10327505096.7478
   875.795    8.0905    4.2865    3.6303   2148.8289    3.2796    10616280525.3129
   900.000    8.1165    4.2953    3.6386   2152.6426    3.2692    10904793646.9984
   917.399    8.1381    4.3033    3.6455   2155.2341    3.2618    11111959115.7243
   934.799    8.1588    4.3107    3.6522   2157.8830    3.2546    11319043012.4355
   952.198    8.1798    4.3184    3.6590   2160.4782    3.2475    11526050548.1556
   969.598    8.2012    4.3264    3.6660   2163.0838    3.2405    11732996732.5380
   986.997    8.2247    4.3356    3.6735   2165.7117    3.2337    11939907634.6065
  1004.396    8.2482    4.3449    3.6813   2168.3690    3.2270    12146813303.2325
  1021.796    8.2669    4.3511    3.6879   2171.1488    3.2204    12353694746.0062
  1039.195    8.2862    4.3577    3.6948   2173.9586    3.2140    12560533976.0597
  1056.594    8.3052    4.3642    3.7016   2176.7635    3.2078    12767343861.4756
  1073.994    8.3243    4.3709    3.7084   2179.5640    3.2017    12974130223.2043
  1091.393    8.3411    4.3765    3.7145   2181.8316    3.1958    13180883059.1949
  1108.793    8.3646    4.3865    3.7233   2183.3462    3.1900    13387670800.4188
  1126.192    8.3892    4.3974    3.7326   2184.4434    3.1845    13594591003.9371
  1143.591    8.4174    4.4104    3.7428   2185.9295    3.1790    13801687739.7694
  1160.991    8.5765    4.5110    3.7857   2201.0675    3.1735    14009898500.7236
  1178.390    8.7805    4.6416    3.8382   2218.6451    3.1676    14220380477.3321
  1195.789    8.8620    4.6904    3.8600   2227.4522    3.1614    14432518726.8952
  1213.189    8.8769    4.6948    3.8657   2229.8071    3.1553    14644999713.3390
  1230.588    8.8916    4.6990    3.8712   2231.9736    3.1495    14857378462.2867
  1247.988    8.9061    4.7033    3.8767   2234.0462    3.1439    15069666600.6157
  1265.387    8.9205    4.7075    3.8822   2236.0172    3.1385    15281879053.1169
  1282.786    8.9342    4.7112    3.8878   2237.7659    3.1334    15494032037.9026
  1300.186    8.9487    4.7156    3.8936   2239.7714    3.1286    15706149126.0545
  1317.585    8.9623    4.7194    3.8991   2241.5384    3.1240    15918244898.2453
  1334.984    8.9754    4.7228    3.9048   2243.1086    3.1197    16130334814.4684
  1352.384    8.9895    4.7271    3.9104   2244.7351    3.1157    16342441978.4727
  1369.783    9.0023    4.7305    3.9161   2246.1048    3.1120    16554585994.9757
  1387.183    9.0152    4.7339    3.9218   2247.2926    3.1086    16766786633.7823
  1404.582    9.0285    4.7377    3.9277   2248.6558    3.1056    16979070842.0089
  1421.981    9.0409    4.7409    3.9334   2249.7175    3.1029    17191462487.2157
  1439.381    9.0525    4.7437    3.9387   2250.5121    3.1006    17403966343.8974
  1456.780    9.0655    4.7472    3.9454   2251.7635    3.0986    17616632037.2930
  1474.179    9.0905    4.7585    3.9537   2254.2383    3.0970    17829565536.8697
  1491.579    9.1315    4.7802    3.9660   2258.6747    3.0957    18042944784.1507
  1508.978    9.1739    4.8033    3.9786   2263.0506    3.0948    18256907501.2974
  1526.378    9.2154    4.8259    3.9917   2267.4656    3.0941    18471494536.6918
  1543.777    9.2563    4.8485    4.0047   2271.5653    3.0939    18686740019.1001
  1561.176    9.2674    4.8518    4.0092   2273.7194    3.0940    18902437916.2161
  1578.576    9.2818    4.8576    4.0142   2276.2391    3.0946    19118400772.5637
  1578.576    4.6905    0.0000    4.0373         nan    3.0946    19118400772.5637
  1594.046    4.7042    0.0000    4.0432         nan    3.0953    19311827222.1343
  1609.516    4.7179    0.0000    4.0490         nan    3.0964    19505576313.3433
  1624.987    4.7316    0.0000    4.0549         nan    3.0979    19699673178.0823
  1640.457    4.7453    0.0000    4.0607         nan    3.0998    19894144022.5278
  1655.928    4.7584    0.0000    4.0663         nan    3.1022    20089009634.3919
  1671.398    4.7714    0.0000    4.0718         nan    3.1050    20284291825.0456
  1686.868    4.7844    0.0000    4.0774         nan    3.1084    20480020283.8522
  1702.339    4.7974    0.0000    4.0830         nan    3.1122    20676226235.7042
  1717.809    4.8098    0.0000    4.0883         nan    3.1166    20872936191.2616
  1717.809    5.1230    0.0000    6.4224         nan    3.1166    20872936191.2616
  1775.454    5.1801    0.0000    6.4653         nan    3.0203    22030591962.0015
  1833.098    5.2344    0.0000    6.5063         nan    2.9229    23159808852.9289
  1890.743    5.2860    0.0000    6.5453         nan    2.8242    24259327931.6568
  1948.387    5.3350    0.0000    6.5825         nan    2.7245    25327948670.1470
  2006.032    5.3815    0.0000    6.6179         nan    2.6237    26364526874.9695
  2063.676    5.4255    0.0000    6.6516         nan    2.5219    27367972944.1222
  2121.321    5.4672    0.0000    6.6836         nan    2.4191    28337250413.4848
  2178.965    5.5067    0.0000    6.7139         nan    2.3154    29271374764.0692
  2236.610    5.5440    0.0000    6.7426         nan    2.2109    30169412478.4430
  2294.254    5.5791    0.0000    6.7698         nan    2.1057    31030480346.2860
  2351.899    5.6122    0.0000    6.7954         nan    1.9996    31853745030.4202
  2409.543    5.6433    0.0000    6.8194         nan    1.8930    32638422926.9158
  2467.188    5.6723    0.0000    6.8420         nan    1.7856    33383780380.5281
  2524.832    5.6995    0.0000    6.8631         nan    1.6778    34089134357.8160
  2582.477    5.7247    0.0000    6.8828         nan    1.5694    34753853745.2220
  2640.121    5.7481    0.0000    6.9010         nan    1.4607    35377361545.5825
  2697.766    5.7696    0.0000    6.9178         nan    1.3516    35959138429.4386
  2755.410    5.7893    0.0000    6.9332         nan    1.2423    36498728419.5585
  2813.055    5.8072    0.0000    6.9473         nan    1.1330    36995748083.4223
  2870.699    5.8233    0.0000    6.9599         nan    1.0239    37449901764.4688
  2928.344    5.8377    0.0000    6.9712         nan    0.9152    37861007752.6300
  2985.988    5.8504    0.0000    6.9812         nan    0.8076    38229045481.0026
  3043.633    5.8614    0.0000    6.9898         nan    0.7021    38554246114.5627
  3101.277    5.8706    0.0000    6.9971         nan    0.6008    38837280950.1139
  3158.922    5.8782    0.0000    7.0030         nan    0.5086    39079696821.9727
  3216.566    5.8840    0.0000    7.0076         nan    0.4401    39285078491.3394
  3274.211    5.8882    0.0000    7.0109         nan    0.4536    39462878653.6728
  3331.855    5.8907    0.0000    7.0129         nan    1.0232    39646203695.2648
  3389.500    5.8916    0.0000    7.0135         nan    0.0000    40059855151.9585
