# Depth[km]  Vp[km/s]  Vs[km/s] Rho[g/cm3]    T[K]     g[m/s2]         P[Pa]        
     0.000    3.9455    2.3191    1.7756    273.1500    3.7291              0.0000
    12.263    3.9455    2.3191    1.7756    319.4659    3.7379       81200096.2247
    12.263    4.5611    2.6810    2.0526    319.4659    3.7379       81200096.2247
    27.501    4.5611    2.6810    2.0526    377.0193    3.7455      198110552.3011
    27.501    6.4993    3.8202    2.9249    377.0193    3.7455      198110552.3011
    42.976    6.4993    3.8202    2.9249    435.4720    3.7421      367648426.6552
    42.976    7.9532    4.5341    3.4843    435.4720    3.7421      367648426.6552
    52.658    7.9480    4.5265    3.4845    472.0418    3.7354      493889987.2047
    62.340    7.9425    4.5187    3.4845    508.6115    3.7288      619911741.8267
    72.022    7.9367    4.5107    3.4845    545.1812    3.7223      745711934.8203
    81.704    7.9307    4.5026    3.4845    581.7509    3.7157      871289152.3156
    91.386    7.9244    4.4944    3.4844    618.3206    3.7092      996642503.1619
   101.068    7.9175    4.4859    3.4841    654.8903    3.7027     1121769401.3308
   110.750    7.9110    4.4776    3.4840    691.4600    3.6962     1246669346.1328
   120.432    7.9045    4.4693    3.4838    728.0298    3.6897     1371344780.7729
   130.114    7.8972    4.4607    3.4834    764.5995    3.6833     1495793174.8709
   139.796    7.8906    4.4524    3.4832    801.1692    3.6769     1620014201.9890
   149.478    7.8839    4.4441    3.4829    837.7389    3.6706     1744010418.6409
   159.160    7.8766    4.4355    3.4824    874.3086    3.6642     1867778740.8264
   168.842    7.8694    4.4270    3.4820    910.8783    3.6579     1991317552.1051
   178.524    7.8628    4.4188    3.4816    947.4480    3.6517     2114630058.7882
   188.206    7.8557    4.4103    3.4811    984.0178    3.6454     2237716320.1611
   197.888    7.8485    4.4018    3.4806   1020.5875    3.6392     2360574694.7038
   207.570    7.8416    4.3935    3.4801   1057.1572    3.6331     2483205504.8220
   217.252    7.8346    4.3851    3.4795   1093.7269    3.6269     2605609085.1992
   226.934    7.8273    4.3766    3.4790   1130.2966    3.6208     2727787158.6320
   236.616    7.8199    4.3680    3.4784   1166.8663    3.6148     2849740442.9883
   246.298    7.8133    4.3598    3.4779   1203.4360    3.6087     2971469575.6740
   255.980    7.8068    4.3518    3.4773   1240.0058    3.6028     3092975568.0238
   265.662    7.7997    4.3434    3.4766   1276.5755    3.5968     3214257441.4474
   275.344    7.7926    4.3350    3.4760   1313.1452    3.5909     3335316911.0255
   285.026    7.7855    4.3266    3.4754   1349.7149    3.5850     3456156408.3912
   294.708    7.7777    4.3179    3.4746   1386.2846    3.5792     3576772750.4635
   304.390    7.7709    4.3096    3.4739   1422.8543    3.5734     3697166949.4972
   314.072    7.7639    4.3013    3.4733   1459.4240    3.5676     3817343975.7938
   323.754    7.7577    4.2934    3.4726   1495.9938    3.5619     3937305220.2007
   333.436    7.7501    4.2848    3.4718   1532.5635    3.5562     4057048554.3772
   343.118    7.7432    4.2766    3.4711   1569.1332    3.5506     4176573845.1469
   352.800    7.7362    4.2682    3.4704   1605.7029    3.5450     4295885860.6821
   362.482    7.7289    4.2598    3.4695   1642.2726    3.5394     4414983563.3426
   372.164    7.7219    4.2514    3.4689   1678.8423    3.5339     4533867740.1679
   381.846    7.7147    4.2430    3.4680   1715.4120    3.5284     4652541201.0820
   391.528    7.7071    4.2344    3.4672   1751.9818    3.5230     4771002883.7445
   401.210    7.7001    4.2260    3.4664   1788.5515    3.5176     4889254604.9835
   410.892    7.6925    4.2174    3.4655   1825.1212    3.5123     5007297581.9661
   420.574    7.6855    4.2090    3.4648   1861.6909    3.5070     5125134307.3655
   430.256    7.6784    4.2006    3.4638   1898.2606    3.5018     5242764804.8327
   453.743    7.7061    4.2088    3.4722   1902.7834    3.4892     5527997450.6052
   477.230    7.7341    4.2173    3.4804   1907.1871    3.4766     5812880672.7969
   500.717    7.7610    4.2253    3.4885   1911.5416    3.4642     6097408036.9001
   524.204    7.7874    4.2331    3.4965   1915.8020    3.4519     6381573813.7756
   547.692    7.8128    4.2406    3.5043   1919.8507    3.4396     6665368985.7396
   571.179    7.8382    4.2481    3.5122   1923.9777    3.4275     6948790463.5008
   594.666    7.8631    4.2554    3.5198   1927.8868    3.4155     7231837618.7739
   618.153    7.8874    4.2624    3.5275   1931.8817    3.4037     7514508906.4647
   641.641    7.9125    4.2699    3.5352   1935.8945    3.3919     7796813487.8838
   665.128    7.9365    4.2769    3.5427   1939.6355    3.3803     8078753023.4995
   688.615    7.9601    4.2837    3.5502   1943.3964    3.3689     8360324790.0425
   712.102    7.9837    4.2906    3.5577   1947.0299    3.3577     8641535304.6500
   735.589    8.0076    4.2976    3.5652   1950.8204    3.3466     8922396179.4234
   759.077    8.0309    4.3043    3.5726   1954.3873    3.3357     9202915589.0737
   782.564    8.0542    4.3112    3.5799   1957.8634    3.3250     9483098304.1237
   806.051    8.0778    4.3182    3.5874   1961.3391    3.3145     9762961180.4284
   829.538    8.1004    4.3247    3.5946   1964.7272    3.3042    10042512482.6992
   853.026    8.1240    4.3319    3.6020   1968.0498    3.2941    10321763128.4820
   876.513    8.1473    4.3388    3.6095   1971.3916    3.2843    10600737886.6644
   900.000    8.1710    4.3461    3.6171   1974.6889    3.2747    10879459343.1441
   916.670    8.1880    4.3515    3.6225   1976.9591    3.2680    11077054871.7359
   933.339    8.2043    4.3564    3.6277   1979.2393    3.2615    11274538674.9838
   950.009    8.2239    4.3633    3.6338   1981.6424    3.2551    11471935622.2661
   966.679    8.2410    4.3687    3.6394   1983.9358    3.2489    11669262741.5791
   983.348    8.2600    4.3753    3.6454   1986.1953    3.2428    11866525311.7200
  1000.018    8.2788    4.3819    3.6515   1988.4642    3.2368    12063744267.4884
  1016.688    8.2981    4.3887    3.6577   1990.7432    3.2310    12260933204.1919
  1033.357    8.3187    4.3963    3.6644   1992.9711    3.2253    12458116769.9412
  1050.027    8.3341    4.4008    3.6696   1995.1120    3.2198    12655272957.8136
  1066.697    8.3496    4.4054    3.6748   1997.1864    3.2145    12852370394.5975
  1083.367    8.3674    4.4116    3.6806   1999.4853    3.2093    13049437015.7747
  1100.036    8.4865    4.4869    3.7128   2011.4305    3.2042    13247205268.9207
  1116.706    8.6324    4.5803    3.7513   2024.9349    3.1988    13446544631.1463
  1133.376    8.8119    4.6965    3.7973   2040.1719    3.1931    13647801212.3641
  1150.045    8.8280    4.7015    3.8028   2042.9084    3.1873    13850067845.6232
  1166.715    8.8435    4.7060    3.8081   2045.2018    3.1816    14052253776.5990
  1183.385    8.8589    4.7102    3.8136   2047.5272    3.1762    14254371041.6110
  1200.054    8.8742    4.7145    3.8191   2049.8462    3.1710    14456434758.1047
  1216.724    8.8896    4.7187    3.8246   2052.1481    3.1660    14658456864.8034
  1233.394    8.9048    4.7230    3.8300   2054.4300    3.1612    14860448394.6868
  1250.063    8.9200    4.7272    3.8355   2056.7640    3.1567    15062422872.0373
  1266.733    8.9351    4.7314    3.8411   2059.1128    3.1524    15264396816.8322
  1283.403    8.9507    4.7358    3.8468   2061.4343    3.1483    15466389903.1443
  1300.072    8.9657    4.7401    3.8523   2063.7554    3.1445    15668416093.9693
  1316.742    8.9807    4.7444    3.8577   2066.0753    3.1409    15870484431.9051
  1333.412    8.9957    4.7488    3.8633   2068.4011    3.1376    16072614235.3014
  1350.081    9.0264    4.7630    3.8717   2072.7795    3.1346    16274897333.8891
  1366.751    9.0654    4.7825    3.8816   2078.2189    3.1319    16477464248.9912
  1383.421    9.1043    4.8023    3.8917   2083.7290    3.1293    16680374845.1888
  1400.091    9.1419    4.8214    3.9016   2089.0993    3.1271    16883643090.7204
  1416.760    9.1806    4.8416    3.9119   2094.8994    3.1250    17087289351.3257
  1433.430    9.2203    4.8626    3.9226   2100.5290    3.1233    17291352030.3624
  1450.100    9.2593    4.8834    3.9334   2106.3874    3.1218    17495861604.8989
  1466.769    9.2977    4.9042    3.9440   2112.8832    3.1206    17700831353.1060
  1483.439    9.3243    4.9171    3.9522   2116.3131    3.1198    17906212033.9632
  1500.109    9.3385    4.9217    3.9574   2118.4894    3.1193    18111885169.4068
  1516.778    9.3520    4.9259    3.9624   2120.6473    3.1192    18317791708.6558
  1533.448    9.3660    4.9305    3.9676   2122.8203    3.1196    18523956809.5556
  1550.118    9.3793    4.9348    3.9725   2124.9533    3.1204    18730407101.9383
  1550.118    4.7480    0.0000    4.0221         nan    3.1204    18730407101.9383
  1564.272    4.7610    0.0000    4.0274         nan    3.1208    18908169202.1203
  1578.427    4.7739    0.0000    4.0326         nan    3.1215    19086188304.8472
  1592.581    4.7869    0.0000    4.0379         nan    3.1226    19264482873.1458
  1606.736    4.7998    0.0000    4.0432         nan    3.1241    19443072081.2453
  1620.891    4.8124    0.0000    4.0483         nan    3.1259    19621972875.1551
  1635.045    4.8247    0.0000    4.0533         nan    3.1280    19801200259.4086
  1649.200    4.8370    0.0000    4.0583         nan    3.1306    19980773089.4196
  1663.354    4.8493    0.0000    4.0633         nan    3.1335    20160713848.3546
  1677.509    4.8615    0.0000    4.0683         nan    3.1369    20341045680.5599
  1677.509    5.2037    0.0000    6.3188         nan    3.1369    20341045680.5599
  1736.543    5.2796    0.0000    6.3609         nan    3.0397    21515075228.8935
  1795.577    5.3513    0.0000    6.4007         nan    2.9412    22660079928.1382
  1854.612    5.4190    0.0000    6.4385         nan    2.8416    23774740037.9052
  1913.646    5.4831    0.0000    6.4743         nan    2.7408    24857809925.0521
  1972.680    5.5436    0.0000    6.5082         nan    2.6390    25908113385.7391
  2031.714    5.6008    0.0000    6.5403         nan    2.5362    26924539687.1389
  2090.748    5.6548    0.0000    6.5706         nan    2.4325    27906040207.8762
  2149.782    5.7057    0.0000    6.5992         nan    2.3278    28851625585.1907
  2208.817    5.7537    0.0000    6.6263         nan    2.2224    29760363300.1176
  2267.851    5.7988    0.0000    6.6517         nan    2.1161    30631375652.9786
  2326.885    5.8412    0.0000    6.6757         nan    2.0092    31463838099.3395
  2385.919    5.8808    0.0000    6.6981         nan    1.9016    32256977935.8358
  2444.953    5.9179    0.0000    6.7191         nan    1.7933    33010073348.1079
  2503.987    5.9524    0.0000    6.7387         nan    1.6846    33722452862.1125
  2563.022    5.9845    0.0000    6.7569         nan    1.5753    34393495283.1302
  2622.056    6.0142    0.0000    6.7737         nan    1.4655    35022630274.7817
  2681.090    6.0414    0.0000    6.7892         nan    1.3554    35609339842.2217
  2740.124    6.0664    0.0000    6.8034         nan    1.2451    36153161180.1992
  2799.158    6.0890    0.0000    6.8163         nan    1.1345    36653691709.1505
  2858.192    6.1094    0.0000    6.8279         nan    1.0239    37110597822.1334
  2917.227    6.1276    0.0000    6.8383         nan    0.9135    37523630299.8520
  2976.261    6.1436    0.0000    6.8474         nan    0.8036    37892652486.8787
  3035.295    6.1574    0.0000    6.8552         nan    0.6949    38217694745.1396
  3094.329    6.1691    0.0000    6.8619         nan    0.5887    38499068079.3024
  3153.363    6.1786    0.0000    6.8673         nan    0.4879    38737627122.9872
  3212.397    6.1859    0.0000    6.8715         nan    0.4012    38935472641.9574
  3271.432    6.1912    0.0000    6.8745         nan    0.3639    39098266715.5759
  3330.466    6.1944    0.0000    6.8763         nan    0.6614    39245984567.2467
  3389.500    6.1954    0.0000    6.8769         nan    0.0000    39514500062.9194
