# Depth[km]  Vp[km/s]  Vs[km/s] Rho[g/cm3]    T[K]     g[m/s2]         P[Pa]        
     0.000    3.8172    2.2882    1.7740    273.1500    3.7291              0.0000
    11.525    3.8172    2.2882    1.7740    316.1928    3.7374       76242106.0371
    11.525    4.7060    2.8210    2.1870    316.1928    3.7374       76242106.0371
    28.491    4.7060    2.8210    2.1870    379.5588    3.7439      214913233.5877
    28.491    6.6183    3.9673    3.0757    379.5588    3.7439      214913233.5877
    44.869    6.6183    3.9673    3.0757    440.7343    3.7382      403520557.9434
    44.869    7.8417    4.4847    3.4772    440.7343    3.7382      403520557.9434
    54.337    7.8379    4.4782    3.4776    476.0945    3.7318      526586517.6214
    63.804    7.8335    4.4716    3.4779    511.4546    3.7254      649452882.0286
    73.271    7.8290    4.4648    3.4781    546.8147    3.7190      772118075.2771
    82.738    7.8240    4.4577    3.4783    582.1749    3.7126      894580037.3033
    92.206    7.8190    4.4507    3.4785    617.5350    3.7062     1016837690.6995
   101.673    7.8129    4.4431    3.4784    652.8952    3.6999     1138887723.7121
   111.140    7.8074    4.4358    3.4784    688.2553    3.6936     1260728863.5578
   120.607    7.8020    4.4285    3.4785    723.6154    3.6873     1382363773.8122
   130.074    7.7965    4.4212    3.4785    758.9756    3.6811     1503793139.0055
   139.542    7.7901    4.4134    3.4783    794.3357    3.6749     1625013554.6125
   149.009    7.7844    4.4059    3.4781    829.6958    3.6687     1746022848.1957
   158.476    7.7788    4.3985    3.4780    865.0560    3.6625     1866824164.2029
   167.943    7.7722    4.3907    3.4777    900.4161    3.6564     1987415410.7952
   177.410    7.7658    4.3829    3.4774    935.7763    3.6503     2107793896.7327
   186.878    7.7597    4.3753    3.4772    971.1364    3.6442     2227961561.4521
   196.345    7.7536    4.3676    3.4768   1006.4965    3.6381     2347918717.6597
   205.812    7.7479    4.3601    3.4766   1041.8567    3.6321     2467666576.5569
   215.279    7.7410    4.3522    3.4760   1077.2168    3.6261     2587202676.0818
   224.746    7.7349    4.3445    3.4756   1112.5769    3.6202     2706524266.7585
   234.214    7.7281    4.3365    3.4751   1147.9371    3.6143     2825634541.6429
   243.681    7.7216    4.3286    3.4747   1183.2972    3.6084     2944535152.7247
   253.148    7.7151    4.3208    3.4742   1218.6574    3.6025     3063226618.4261
   262.615    7.7088    4.3132    3.4737   1254.0175    3.5967     3181709422.9198
   272.083    7.7022    4.3053    3.4733   1289.3776    3.5909     3299984437.5151
   281.550    7.6957    4.2976    3.4728   1324.7378    3.5851     3418053090.4103
   291.017    7.6874    4.2889    3.4722   1360.0979    3.5794     3535914456.0269
   300.484    7.6800    4.2807    3.4718   1395.4581    3.5738     3653570284.1590
   309.951    7.6724    4.2724    3.4713   1430.8182    3.5681     3771024546.3606
   319.419    7.6642    4.2639    3.4707   1466.1783    3.5625     3888275948.7648
   328.886    7.6565    4.2556    3.4702   1501.5385    3.5569     4005324951.1286
   338.353    7.6491    4.2473    3.4698   1536.8986    3.5514     4122174844.9960
   347.820    7.6411    4.2388    3.4693   1572.2587    3.5459     4238826905.4980
   357.287    7.6318    4.2298    3.4685   1607.6189    3.5405     4355277057.0357
   366.755    7.6238    4.2213    3.4680   1642.9790    3.5350     4471526257.8080
   376.222    7.6160    4.2129    3.4675   1678.3392    3.5297     4587580484.0486
   385.689    7.6072    4.2040    3.4668   1713.6993    3.5243     4703438542.0046
   395.156    7.5916    4.1926    3.4650   1749.0594    3.5191     4819080820.1700
   404.623    7.5911    4.1870    3.4657   1784.4196    3.5138     4934531767.2056
   414.091    7.5821    4.1780    3.4650   1819.7797    3.5086     5049810205.2431
   423.558    7.5690    4.1675    3.4636   1855.1398    3.5034     5164882988.0690
   447.380    7.6071    4.1784    3.4733   1860.1805    3.4905     5454358558.0390
   471.202    7.6385    4.1869    3.4819   1864.4843    3.4777     5743526238.7914
   495.024    7.6702    4.1956    3.4905   1868.8325    3.4650     6032341405.6258
   518.846    7.7007    4.2040    3.4988   1872.9885    3.4523     6320797488.5553
   542.668    7.7297    4.2117    3.5070   1877.0079    3.4397     6608878355.5346
   566.491    7.7588    4.2197    3.5150   1880.9439    3.4273     6896575695.4943
   590.313    7.7882    4.2278    3.5231   1885.0018    3.4150     7183892779.9916
   614.135    7.8157    4.2352    3.5309   1888.7233    3.4028     7470823514.8240
   637.957    7.8434    4.2427    3.5388   1892.5118    3.3907     7757362760.7653
   661.779    7.8701    4.2498    3.5464   1896.1456    3.3788     8043511997.1698
   685.601    7.8966    4.2569    3.5540   1899.7247    3.3670     8329268642.5452
   709.423    7.9229    4.2639    3.5615   1903.2830    3.3554     8614636913.7686
   733.245    7.9492    4.2712    3.5690   1906.7074    3.3440     8899621346.5654
   757.067    7.9742    4.2777    3.5763   1910.0670    3.3328     9184223964.2625
   780.889    7.9998    4.2846    3.5837   1913.4678    3.3217     9468453675.2261
   804.712    8.0246    4.2912    3.5909   1916.6888    3.3109     9752319574.3905
   828.534    8.0499    4.2981    3.5982   1919.9809    3.3003    10035833879.9439
   852.356    8.0754    4.3053    3.6055   1923.2537    3.2899    10319013968.7819
   876.178    8.1005    4.3122    3.6128   1926.4919    3.2798    10601874610.5885
   900.000    8.1249    4.3189    3.6199   1929.5397    3.2699    10884428181.5482
   916.764    8.1421    4.3236    3.6250   1931.6760    3.2631    11082998037.5075
   933.527    8.1593    4.3284    3.6300   1933.7722    3.2565    11281431209.6607
   950.291    8.1776    4.3338    3.6354   1936.0226    3.2500    11479743182.8385
   967.055    8.1942    4.3383    3.6403   1938.0662    3.2436    11677938133.2225
   983.818    8.2129    4.3441    3.6459   1940.1889    3.2374    11876029043.7743
  1000.582    8.2310    4.3496    3.6512   1942.2523    3.2313    12074037475.3404
  1017.346    8.2470    4.3538    3.6560   1944.2662    3.2254    12271949552.3004
  1034.110    8.2631    4.3581    3.6608   1946.2298    3.2197    12469759036.5813
  1050.873    8.3129    4.3869    3.6738   1952.1729    3.2141    12667697002.2381
  1067.637    8.4518    4.4888    3.7021   1967.3116    3.2084    12866401526.5097
  1084.401    8.6013    4.5962    3.7341   1983.5265    3.2026    13066379060.3980
  1101.164    8.7004    4.6580    3.7600   1991.6028    3.1966    13267548113.7963
  1117.928    8.7150    4.6624    3.7644   1994.1922    3.1907    13469152694.6206
  1134.692    8.7308    4.6668    3.7694   1996.5793    3.1850    13670635564.5943
  1151.455    8.7459    4.6712    3.7741   1998.9617    3.1794    13872016932.9794
  1168.219    8.7609    4.6756    3.7788   2001.3572    3.1741    14073299273.4313
  1184.983    8.7760    4.6799    3.7836   2003.7329    3.1690    14274495721.3853
  1201.746    8.7908    4.6841    3.7883   2006.0298    3.1641    14475619647.9036
  1218.510    8.8058    4.6883    3.7931   2008.3265    3.1594    14676686057.4488
  1235.274    8.8214    4.6930    3.7980   2010.7026    3.1550    14877713900.0402
  1252.038    8.8590    4.7110    3.8066   2015.6755    3.1508    15078817626.8558
  1268.801    8.8980    4.7295    3.8160   2020.7956    3.1468    15280128246.3520
  1285.565    8.9345    4.7468    3.8250   2025.5859    3.1430    15481667208.0919
  1302.329    8.9719    4.7645    3.8345   2030.5273    3.1394    15683451391.4613
  1319.092    9.0097    4.7825    3.8444   2035.4827    3.1361    15885517793.6835
  1335.856    9.0468    4.7999    3.8546   2040.6679    3.1329    16087893330.0271
  1352.620    9.0754    4.8121    3.8631   2044.2612    3.1300    16290554282.3915
  1369.383    9.0905    4.8156    3.8687   2046.2519    3.1273    16493397099.5163
  1386.147    9.1064    4.8192    3.8748   2048.2445    3.1250    16696376076.3082
  1402.911    9.1223    4.8227    3.8811   2050.1456    3.1230    16899529349.0314
  1419.674    9.1383    4.8260    3.8878   2052.0787    3.1213    17102890776.2722
  1436.438    9.1550    4.8294    3.8948   2053.9673    3.1199    17306499133.9728
  1453.202    9.2106    4.8549    3.9194   2067.3789    3.1187    17510843891.6655
  1469.966    9.2801    4.8931    3.9466   2074.8160    3.1177    17716465432.5593
  1486.729    9.3066    4.9059    3.9556   2080.2720    3.1168    17922963550.7506
  1503.493    9.3338    4.9199    3.9647   2085.7031    3.1163    18129877106.0517
  1520.257    9.3594    4.9328    3.9731   2090.6749    3.1161    18337214033.8330
  1537.020    9.3850    4.9464    3.9815   2095.7115    3.1164    18544980423.9847
  1553.784    9.4084    4.9581    3.9893   2100.6399    3.1170    18753183987.0644
  1553.784    5.3043    0.0000    4.0352         nan    3.1170    18753183987.0644
  1571.079    5.3179    0.0000    4.0404         nan    3.1174    18970856472.9816
  1588.374    5.3314    0.0000    4.0455         nan    3.1184    19188837717.0647
  1605.670    5.3450    0.0000    4.0507         nan    3.1198    19407162981.0286
  1622.965    5.3584    0.0000    4.0557         nan    3.1219    19625866976.7637
  1640.260    5.3714    0.0000    4.0607         nan    3.1244    19844981948.7048
  1657.555    5.3843    0.0000    4.0656         nan    3.1276    20064544182.9504
  1674.851    5.3973    0.0000    4.0705         nan    3.1314    20284596097.7600
  1692.146    5.4098    0.0000    4.0752         nan    3.1359    20505177877.9054
  1709.441    5.4221    0.0000    4.0799         nan    3.1410    20726329854.4787
  1709.441    5.1467    0.0000    6.4460         nan    3.1410    20726329854.4787
  1767.374    5.2213    0.0000    6.4891         nan    3.0438    21903229433.1619
  1825.307    5.2917    0.0000    6.5300         nan    2.9453    23051093196.8034
  1883.240    5.3583    0.0000    6.5687         nan    2.8456    24168594266.6695
  1941.173    5.4213    0.0000    6.6054         nan    2.7447    25254479855.5700
  1999.106    5.4809    0.0000    6.6402         nan    2.6428    26307566667.3391
  2057.040    5.5371    0.0000    6.6731         nan    2.5399    27326737009.6503
  2114.973    5.5902    0.0000    6.7042         nan    2.4361    28310935495.6771
  2172.906    5.6403    0.0000    6.7336         nan    2.3313    29259166252.4903
  2230.839    5.6875    0.0000    6.7613         nan    2.2258    30170490566.5597
  2288.772    5.7319    0.0000    6.7875         nan    2.1194    31044024922.8323
  2346.705    5.7736    0.0000    6.8120         nan    2.0124    31878939413.1450
  2404.638    5.8126    0.0000    6.8351         nan    1.9047    32674456506.5690
  2462.571    5.8491    0.0000    6.8566         nan    1.7963    33429850202.5336
  2520.504    5.8831    0.0000    6.8767         nan    1.6874    34144445619.0705
  2578.437    5.9147    0.0000    6.8954         nan    1.5781    34817619117.2379
  2636.370    5.9438    0.0000    6.9127         nan    1.4682    35448799139.9113
  2694.303    5.9707    0.0000    6.9286         nan    1.3581    36037468071.4132
  2752.236    5.9953    0.0000    6.9432         nan    1.2476    36583165651.5881
  2810.169    6.0176    0.0000    6.9564         nan    1.1371    37085494893.0361
  2868.102    6.0377    0.0000    6.9684         nan    1.0265    37544132257.7039
  2926.035    6.0555    0.0000    6.9790         nan    0.9162    37958845498.1953
  2983.969    6.0713    0.0000    6.9883         nan    0.8066    38329526180.8559
  3041.902    6.0849    0.0000    6.9964         nan    0.6983    38656252454.4089
  3099.835    6.0963    0.0000    7.0032         nan    0.5928    38939419940.1559
  3157.768    6.1057    0.0000    7.0088         nan    0.4937    39180044589.1908
  3215.701    6.1130    0.0000    7.0131         nan    0.4109    39380571597.1948
  3273.634    6.1182    0.0000    7.0162         nan    0.3848    39547541171.3596
  3331.567    6.1213    0.0000    7.0181         nan    0.7436    39703968363.7107
  3389.500    6.1223    0.0000    7.0187         nan    0.0000    40006310020.1495
