# Depth[km]  Vp[km/s]  Vs[km/s] Rho[g/cm3]    T[K]     g[m/s2]         P[Pa]        
     0.000    3.2996    1.9908    1.4940    273.1500    3.7291              0.0000
    14.610    3.2996    1.9908    1.4940    331.1693    3.7431       81399717.9417
    14.610    4.7422    2.8611    2.1472    331.1693    3.7431       81399717.9417
    33.374    4.7422    2.8611    2.1472    405.6861    3.7510      232203873.9430
    33.374    6.2008    3.7412    2.8077    405.6861    3.7510      232203873.9430
    46.759    6.2008    3.7412    2.8077    458.8459    3.7495      373178591.3852
    46.759    7.9985    4.5437    3.5193    458.8459    3.7495      373178591.3852
    56.453    7.9908    4.5340    3.5190    497.3444    3.7426      501088993.0489
    66.147    7.9829    4.5242    3.5186    535.8429    3.7358      628754164.4277
    75.841    7.9746    4.5142    3.5182    574.3414    3.7290      756172923.9278
    85.535    7.9658    4.5041    3.5177    612.8398    3.7222      883343050.5292
    95.229    7.9573    4.4941    3.5173    651.3383    3.7155     1010264646.5274
   104.923    7.9487    4.4842    3.5168    689.8368    3.7088     1136939261.2003
   114.616    7.9402    4.4743    3.5163    728.3353    3.7021     1263367096.7366
   124.310    7.9311    4.4643    3.5156    766.8338    3.6954     1389546787.9875
   134.004    7.9225    4.4545    3.5151    805.3323    3.6888     1515478588.7757
   143.698    7.9133    4.4447    3.5144    843.8308    3.6822     1641163079.1802
   153.392    7.9043    4.4347    3.5138    882.3293    3.6757     1766599085.4918
   163.086    7.8954    4.4250    3.5131    920.8277    3.6691     1891787184.7488
   172.780    7.8861    4.4152    3.5123    959.3262    3.6626     2016727005.1659
   182.474    7.8770    4.4054    3.5116    997.8247    3.6562     2141419121.1845
   192.168    7.8676    4.3956    3.5107   1036.3232    3.6497     2265863329.5104
   201.862    7.8587    4.3860    3.5100   1074.8217    3.6433     2390060366.0798
   211.555    7.8490    4.3759    3.5091   1113.3202    3.6370     2514010938.1514
   221.249    7.8404    4.3666    3.5084   1151.8187    3.6306     2637716751.5405
   230.943    7.8314    4.3569    3.5075   1190.3172    3.6244     2761179989.1962
   240.637    7.8221    4.3473    3.5067   1228.8157    3.6181     2884399693.0397
   250.331    7.8123    4.3374    3.5057   1267.3141    3.6119     3007375217.9506
   260.025    7.8033    4.3277    3.5049   1305.8126    3.6057     3130107466.9437
   269.719    7.7954    4.3188    3.5040   1344.3111    3.5996     3252600012.3353
   279.413    7.7862    4.3090    3.5031   1382.8096    3.5935     3374853167.4034
   289.107    7.7776    4.2999    3.5022   1421.3081    3.5874     3496867342.9240
   298.801    7.7692    4.2907    3.5013   1459.8066    3.5814     3618644406.4168
   308.494    7.7606    4.2814    3.5003   1498.3051    3.5754     3740184568.4008
   318.188    7.7510    4.2715    3.4993   1536.8036    3.5695     3861487244.6552
   327.882    7.7419    4.2620    3.4983   1575.3020    3.5636     3982553477.4750
   337.576    7.7335    4.2529    3.4974   1613.8005    3.5577     4103387505.5466
   347.270    7.7240    4.2432    3.4964   1652.2990    3.5519     4223989495.7279
   356.964    7.7154    4.2339    3.4955   1690.7975    3.5461     4344360394.9380
   366.658    7.7061    4.2243    3.4944   1729.2960    3.5404     4464501748.8778
   376.352    7.6970    4.2147    3.4934   1767.7945    3.5347     4584413112.4935
   386.046    7.6882    4.2053    3.4924   1806.2930    3.5291     4704097519.6064
   395.740    7.6792    4.1957    3.4913   1844.7915    3.5235     4823556512.9578
   405.433    7.6697    4.1860    3.4902   1883.2900    3.5180     4942789179.0076
   415.127    7.6601    4.1763    3.4892   1921.7884    3.5125     5061797304.9350
   424.821    7.6509    4.1666    3.4881   1960.2869    3.5070     5180582626.1507
   434.515    7.6415    4.1569    3.4870   1998.7854    3.5016     5299146073.1906
   457.789    7.6707    4.1661    3.4955   2003.5617    3.4887     5583671038.5201
   481.064    7.6991    4.1750    3.5039   2008.2320    3.4759     5867836683.8035
   504.338    7.7268    4.1837    3.5122   2012.8488    3.4632     6151635898.8426
   527.612    7.7538    4.1922    3.5203   2017.2473    3.4506     6435058482.1665
   550.886    7.7800    4.2004    3.5284   2021.6149    3.4380     6718095720.7278
   574.161    7.8056    4.2084    3.5364   2025.8944    3.4256     7000746679.1069
   597.435    7.8313    4.2164    3.5443   2030.0817    3.4132     7283008805.1602
   620.709    7.8561    4.2241    3.5521   2034.1309    3.4010     7564877983.9836
   643.983    7.8812    4.2320    3.5599   2038.2304    3.3889     7846357384.3593
   667.258    7.9057    4.2396    3.5677   2042.1145    3.3769     8127450269.3971
   690.532    7.9307    4.2475    3.5755   2046.0729    3.3651     8408161325.7069
   713.806    7.9547    4.2550    3.5832   2049.8091    3.3534     8688496187.8543
   737.080    7.9789    4.2627    3.5908   2053.5431    3.3419     8968457110.3867
   760.355    8.0034    4.2705    3.5986   2057.3290    3.3305     9248055715.6215
   783.629    8.0277    4.2782    3.6064   2060.9228    3.3193     9527305346.3428
   806.903    8.0521    4.2861    3.6142   2064.4625    3.3083     9806220117.7781
   830.177    8.0765    4.2942    3.6220   2067.9174    3.2975    10084812404.6825
   853.452    8.1023    4.3029    3.6302   2071.4892    3.2869    10363104782.4379
   876.726    8.1274    4.3114    3.6383   2074.8550    3.2764    10641120816.4452
   900.000    8.1535    4.3205    3.6467   2078.2484    3.2662    10918884382.3031
   916.916    8.1727    4.3272    3.6529   2080.6842    3.2589    11120544461.4654
   933.832    8.1925    4.3344    3.6593   2083.0720    3.2517    11322101578.3274
   950.749    8.2132    4.3421    3.6660   2085.4821    3.2447    11523575382.5896
   967.665    8.2348    4.3505    3.6730   2087.8840    3.2377    11724987456.7844
   984.581    8.2540    4.3574    3.6794   2090.2504    3.2309    11926333137.4237
  1001.497    8.2812    4.3691    3.6881   2092.7377    3.2242    12127667452.6210
  1018.413    8.3008    4.3760    3.6950   2095.3596    3.2177    12329010676.1712
  1035.330    8.3174    4.3814    3.7009   2097.7263    3.2112    12530291431.0442
  1052.246    8.3380    4.3888    3.7083   2100.5868    3.2049    12731531727.2734
  1069.162    8.3548    4.3943    3.7143   2103.1470    3.1988    12932742045.1642
  1086.078    8.3699    4.3990    3.7197   2105.3839    3.1928    13133875820.7137
  1102.995    8.3846    4.4034    3.7250   2107.6702    3.1870    13334922001.5782
  1119.911    8.4247    4.4248    3.7378   2111.0807    3.1814    13536091228.8704
  1136.827    8.5562    4.5071    3.7737   2126.3825    3.1757    13738215497.5864
  1153.743    8.7214    4.6119    3.8172   2143.9056    3.1696    13942108925.0377
  1170.659    8.8880    4.7180    3.8595   2155.0033    3.1633    14147914363.6356
  1187.576    8.9027    4.7227    3.8647   2156.6680    3.1568    14354576629.8601
  1204.492    8.9166    4.7266    3.8700   2158.7514    3.1506    14561099097.2638
  1221.408    8.9304    4.7307    3.8751   2160.7996    3.1446    14767491433.4570
  1238.324    8.9446    4.7351    3.8804   2162.7737    3.1388    14973766504.2103
  1255.240    8.9580    4.7389    3.8856   2164.6629    3.1332    15179940288.1542
  1272.157    8.9711    4.7426    3.8907   2166.5207    3.1279    15386021835.3564
  1289.073    8.9841    4.7463    3.8958   2168.2731    3.1228    15592021410.6841
  1305.989    8.9976    4.7503    3.9012   2169.9317    3.1179    15797962403.3776
  1322.905    9.0103    4.7540    3.9063   2171.5585    3.1134    16003861827.1576
  1339.821    9.0229    4.7574    3.9116   2172.9760    3.1090    16209733048.2819
  1356.738    9.0356    4.7611    3.9169   2174.5876    3.1050    16415595099.7287
  1373.654    9.0479    4.7646    3.9220   2175.9401    3.1012    16621461155.4954
  1390.570    9.0601    4.7680    3.9274   2177.2117    3.0978    16827354283.4604
  1407.486    9.0722    4.7713    3.9327   2178.5940    3.0947    17033299807.6671
  1424.403    9.0840    4.7744    3.9379   2179.8615    3.0919    17239313591.3836
  1441.319    9.1158    4.7904    3.9473   2183.3998    3.0894    17445523450.9488
  1458.235    9.1563    4.8121    3.9587   2188.2201    3.0871    17652108971.2000
  1475.151    9.1957    4.8333    3.9700   2192.7815    3.0852    17859136611.0573
  1492.067    9.2374    4.8565    3.9818   2197.3074    3.0835    18066638647.2487
  1508.984    9.2776    4.8789    3.9942   2201.8535    3.0822    18274660767.4269
  1525.900    9.3184    4.9019    4.0067   2206.5065    3.0811    18483239464.1089
  1542.816    9.3310    4.9063    4.0114   2208.5451    3.0804    18692195075.1850
  1559.732    9.3437    4.9110    4.0160   2210.5478    3.0802    18901345779.7839
  1559.732    5.0455    0.0000    4.0170         nan    3.0802    18901345779.7839
  1579.657    5.0613    0.0000    4.0235         nan    3.0804    19148073477.3769
  1599.582    5.0770    0.0000    4.0300         nan    3.0814    19395221229.3567
  1619.507    5.0927    0.0000    4.0364         nan    3.0830    19642841442.3502
  1639.432    5.1078    0.0000    4.0427         nan    3.0853    19890981708.5666
  1659.356    5.1228    0.0000    4.0489         nan    3.0884    20139691231.6896
  1679.281    5.1378    0.0000    4.0551         nan    3.0922    20389030206.5189
  1699.206    5.1523    0.0000    4.0611         nan    3.0969    20639057816.1456
  1719.131    5.1666    0.0000    4.0670         nan    3.1025    20889833932.6340
  1739.056    5.1808    0.0000    4.0729         nan    3.1091    21141428283.0252
  1739.056    5.2082    0.0000    6.4995         nan    3.1091    21141428283.0252
  1795.968    5.2689    0.0000    6.5409         nan    3.0126    22295126523.5720
  1852.879    5.3266    0.0000    6.5802         nan    2.9150    23419961777.6562
  1909.791    5.3813    0.0000    6.6178         nan    2.8163    24514731604.2205
  1966.703    5.4332    0.0000    6.6534         nan    2.7165    25578293146.4351
  2023.615    5.4825    0.0000    6.6874         nan    2.6158    26609560810.6751
  2080.527    5.5291    0.0000    6.7196         nan    2.5141    27607504347.2866
  2137.439    5.5733    0.0000    6.7502         nan    2.4115    28571147296.7334
  2194.351    5.6151    0.0000    6.7792         nan    2.3082    29499565785.5713
  2251.263    5.6546    0.0000    6.8066         nan    2.2040    30391887673.4595
  2308.174    5.6917    0.0000    6.8324         nan    2.0992    31247292071.1497
  2365.086    5.7267    0.0000    6.8568         nan    1.9937    32065009277.7286
  2421.998    5.7595    0.0000    6.8798         nan    1.8876    32844321226.2917
  2478.910    5.7903    0.0000    6.9012         nan    1.7811    33584562575.4288
  2535.822    5.8189    0.0000    6.9213         nan    1.6741    34285122674.1562
  2592.734    5.8456    0.0000    6.9400         nan    1.5668    34945448759.5102
  2649.646    5.8703    0.0000    6.9573         nan    1.4593    35565050964.5992
  2706.558    5.8930    0.0000    6.9733         nan    1.3516    36143510097.5424
  2763.469    5.9138    0.0000    6.9879         nan    1.2442    36680489819.6593
  2820.381    5.9327    0.0000    7.0012         nan    1.1371    37175756093.1064
  2877.293    5.9498    0.0000    7.0132         nan    1.0308    37629209179.0957
  2934.205    5.9650    0.0000    7.0239         nan    0.9259    38040938405.8945
  2991.117    5.9783    0.0000    7.0333         nan    0.8237    38411320736.0839
  3048.029    5.9899    0.0000    7.0415         nan    0.7261    38741209757.2397
  3104.941    5.9996    0.0000    7.0484         nan    0.6376    39032328535.3567
  3161.853    6.0076    0.0000    7.0540         nan    0.5685    39288177328.5451
  3218.764    6.0138    0.0000    7.0584         nan    0.5490    39516456676.1077
  3275.676    6.0182    0.0000    7.0615         nan    0.7017    39737051116.6059
  3332.588    6.0209    0.0000    7.0634         nan    2.0204    40019103666.8673
  3389.500    6.0217    0.0000    7.0640         nan    0.0000    40831298861.3276
