# Depth[km]  Vp[km/s]  Vs[km/s] Rho[g/cm3]    T[K]     g[m/s2]         P[Pa]        
     0.000    3.3794    2.0374    1.5588    273.1500    3.7291              0.0000
    10.058    3.3794    2.0374    1.5588    314.4975    3.7381       58465497.5244
    10.058    4.8507    2.9245    2.2374    314.4975    3.7381       58465497.5244
    31.557    4.8507    2.9245    2.2374    402.8822    3.7455      238271495.0697
    31.557    5.2916    3.1904    2.4408    402.8822    3.7455      238271495.0697
    46.941    5.2916    3.1904    2.4408    466.1304    3.7485      378915507.2954
    46.941    7.9952    4.5413    3.5187    466.1304    3.7485      378915507.2954
    56.427    7.9869    4.5313    3.5182    505.1321    3.7418      504032057.5072
    65.914    7.9784    4.5212    3.5178    544.1338    3.7351      628908766.3661
    75.401    7.9695    4.5110    3.5172    583.1355    3.7284      753544488.6131
    84.887    7.9601    4.5005    3.5166    622.1372    3.7218      877936946.7335
    94.374    7.9511    4.4903    3.5160    661.1388    3.7152     1002086305.5729
   103.860    7.9420    4.4801    3.5153    700.1405    3.7086     1125994192.4949
   113.347    7.9329    4.4700    3.5147    739.1422    3.7021     1249660411.1156
   122.834    7.9233    4.4597    3.5139    778.1439    3.6956     1373084147.7784
   132.320    7.9136    4.4495    3.5131    817.1456    3.6891     1496263356.5807
   141.807    7.9042    4.4394    3.5124    856.1472    3.6826     1619199617.8137
   151.294    7.8945    4.4293    3.5116    895.1489    3.6762     1741893748.6140
   160.780    7.8847    4.4191    3.5107    934.1506    3.6698     1864343986.9550
   170.267    7.8752    4.4091    3.5098    973.1523    3.6635     1986551449.9437
   179.753    7.8653    4.3991    3.5089   1012.1539    3.6572     2108516877.2840
   189.240    7.8557    4.3892    3.5080   1051.1556    3.6509     2230240175.5857
   198.727    7.8460    4.3792    3.5070   1090.1573    3.6446     2351721393.3707
   208.213    7.8365    4.3693    3.5061   1129.1590    3.6384     2472962491.1501
   217.700    7.8265    4.3592    3.5051   1168.1607    3.6323     2593964456.7891
   227.186    7.8170    4.3493    3.5042   1207.1623    3.6261     2714727019.8870
   236.673    7.8067    4.3392    3.5031   1246.1640    3.6200     2835249676.1109
   246.160    7.7968    4.3292    3.5021   1285.1657    3.6139     2955534208.9049
   255.646    7.7876    4.3195    3.5012   1324.1674    3.6079     3075584382.9685
   265.133    7.7789    4.3102    3.5001   1363.1691    3.6019     3195399087.3054
   274.619    7.7690    4.3002    3.4990   1402.1707    3.5960     3314977132.5899
   284.106    7.7601    4.2908    3.4979   1441.1724    3.5900     3434320272.6486
   293.593    7.7504    4.2810    3.4968   1480.1741    3.5842     3553429909.0602
   303.079    7.7411    4.2714    3.4957   1519.1758    3.5783     3672306984.9507
   312.566    7.7312    4.2614    3.4945   1558.1775    3.5725     3790951386.0930
   322.053    7.7213    4.2515    3.4934   1597.1791    3.5668     3909364520.6428
   331.539    7.7122    4.2420    3.4923   1636.1808    3.5611     4027549600.3680
   341.026    7.7024    4.2321    3.4911   1675.1825    3.5554     4145506955.2966
   350.512    7.6922    4.2221    3.4899   1714.1842    3.5498     4263236075.7952
   359.999    7.6830    4.2125    3.4887   1753.1859    3.5442     4380739259.6555
   369.486    7.6733    4.2026    3.4876   1792.1875    3.5386     4498019191.4186
   378.972    7.6632    4.1926    3.4863   1831.1892    3.5331     4615075435.2737
   388.459    7.6535    4.1827    3.4851   1870.1909    3.5277     4731908109.5879
   397.945    7.6433    4.1726    3.4839   1909.1926    3.5223     4848519227.2957
   407.432    7.6332    4.1626    3.4826   1948.1942    3.5169     4964910349.5719
   416.919    7.6231    4.1526    3.4813   1987.1959    3.5116     5081082010.6836
   426.405    7.6133    4.1427    3.4801   2026.1976    3.5064     5197035577.8391
   450.085    7.6434    4.1521    3.4888   2031.1938    3.4933     5486347163.3744
   473.765    7.6729    4.1614    3.4974   2036.1018    3.4803     5775300916.4445
   497.445    7.7019    4.1706    3.5060   2040.9205    3.4675     6063891378.1386
   521.124    7.7300    4.1794    3.5145   2045.6337    3.4547     6352112352.2404
   544.804    7.7568    4.1878    3.5227   2050.1653    3.4419     6639949382.6875
   568.484    7.7831    4.1959    3.5309   2054.6366    3.4293     6927395576.9019
   592.163    7.8094    4.2041    3.5390   2059.0411    3.4168     7214450230.0939
   615.843    7.8353    4.2122    3.5470   2063.3168    3.4045     7501111725.0040
   639.523    7.8606    4.2200    3.5550   2067.4965    3.3922     7787380763.4455
   663.203    7.8861    4.2281    3.5629   2071.6498    3.3801     8073259995.1260
   686.882    7.9109    4.2358    3.5708   2075.6626    3.3681     8358750852.6971
   710.562    7.9361    4.2438    3.5788   2079.7175    3.3563     8643862385.3181
   734.242    7.9609    4.2516    3.5866   2083.5648    3.3446     8928602331.1763
   757.922    7.9854    4.2593    3.5945   2087.3875    3.3332     9212974746.9622
   781.601    8.0108    4.2676    3.6025   2091.2517    3.3218     9496996929.7007
   805.281    8.0351    4.2753    3.6103   2094.9140    3.3107     9780678098.2114
   828.961    8.0607    4.2838    3.6185   2098.5548    3.2998    10064035782.6964
   852.641    8.0865    4.2924    3.6267   2102.2378    3.2890    10347097958.2729
   876.320    8.1123    4.3011    3.6350   2105.7971    3.2785    10629884148.3998
   900.000    8.1386    4.3102    3.6435   2109.2675    3.2682    10912418009.6682
   917.095    8.1583    4.3173    3.6498   2111.7851    3.2609    11116157743.7772
   934.190    8.1786    4.3247    3.6563   2114.2471    3.2538    11319799946.2538
   951.285    8.1992    4.3322    3.6630   2116.7112    3.2467    11523361681.5227
   968.380    8.2212    4.3407    3.6702   2119.2434    3.2398    11726866730.0065
   985.475    8.2428    4.3489    3.6772   2121.7427    3.2330    11930329871.1248
  1002.570    8.2675    4.3591    3.6852   2124.2443    3.2263    12133781225.4129
  1019.665    8.2867    4.3656    3.6921   2126.9958    3.2197    12337222012.5938
  1036.760    8.3041    4.3714    3.6983   2129.5098    3.2133    12540607506.6375
  1053.854    8.3240    4.3784    3.7054   2132.3252    3.2070    12743952802.9838
  1070.949    8.3417    4.3844    3.7117   2134.9146    3.2009    12947271426.5518
  1088.044    8.3574    4.3893    3.7173   2137.3419    3.1950    13150529617.4708
  1105.139    8.3759    4.3962    3.7241   2139.1979    3.1893    13353750285.1825
  1122.234    8.3986    4.4060    3.7327   2140.6022    3.1837    13557024799.2838
  1139.329    8.4947    4.4645    3.7598   2150.4791    3.1781    13760914195.0722
  1156.424    8.6589    4.5685    3.8036   2166.9605    3.1723    13966373187.9413
  1173.519    8.8704    4.7044    3.8572   2184.2402    3.1661    14174098954.5653
  1190.614    8.8851    4.7088    3.8627   2186.1733    3.1598    14383017901.6788
  1207.709    8.8999    4.7133    3.8681   2188.4421    3.1536    14591810980.6711
  1224.804    8.9145    4.7178    3.8734   2190.6444    3.1477    14800486794.4912
  1241.899    8.9285    4.7219    3.8787   2192.4886    3.1420    15009056014.6433
  1258.994    8.9420    4.7258    3.8839   2194.6041    3.1365    15217529033.4423
  1276.089    8.9552    4.7294    3.8892   2196.2919    3.1313    15425920085.3521
  1293.184    8.9696    4.7339    3.8947   2198.2669    3.1263    15634253174.9229
  1310.279    8.9826    4.7375    3.9000   2199.8383    3.1216    15842542920.6109
  1327.373    8.9954    4.7409    3.9054   2201.4886    3.1171    16050801561.1280
  1344.468    9.0090    4.7451    3.9108   2203.0531    3.1130    16259052207.2003
  1361.563    9.0213    4.7483    3.9162   2204.5249    3.1091    16467313494.4974
  1378.658    9.0340    4.7519    3.9216   2205.7072    3.1055    16675601766.5189
  1395.753    9.0460    4.7551    3.9268   2206.8582    3.1022    16883931022.7129
  1412.848    9.0585    4.7587    3.9322   2207.9932    3.0993    17092321414.1907
  1429.943    9.0709    4.7618    3.9381   2209.5955    3.0967    17300814487.7551
  1447.038    9.0854    4.7666    3.9442   2210.8816    3.0944    17509450880.3501
  1464.133    9.1265    4.7885    3.9558   2215.7057    3.0925    17718400901.9907
  1481.228    9.1680    4.8109    3.9678   2220.0274    3.0908    17927843382.1672
  1498.323    9.2079    4.8325    3.9797   2224.7302    3.0895    18137804655.5854
  1515.418    9.2489    4.8552    3.9921   2229.1531    3.0884    18348315735.3961
  1532.513    9.2910    4.8789    4.0052   2233.8205    3.0877    18559429588.1431
  1549.608    9.3045    4.8838    4.0105   2235.9229    3.0873    18770978318.1523
  1566.703    9.3172    4.8885    4.0151   2237.9627    3.0874    18982763221.9558
  1566.703    5.1054    0.0000    4.0463         nan    3.0874    18982763221.9558
  1584.361    5.1184    0.0000    4.0519         nan    3.0876    19203516397.8324
  1602.020    5.1315    0.0000    4.0576         nan    3.0882    19424589553.0385
  1619.678    5.1445    0.0000    4.0633         nan    3.0894    19646019612.8718
  1637.337    5.1573    0.0000    4.0689         nan    3.0912    19867842209.4051
  1654.995    5.1697    0.0000    4.0743         nan    3.0935    20090091000.4455
  1672.653    5.1822    0.0000    4.0797         nan    3.0965    20312804764.0481
  1690.312    5.1946    0.0000    4.0852         nan    3.1001    20536028272.9333
  1707.970    5.2065    0.0000    4.0904         nan    3.1043    20759802513.7492
  1725.629    5.2183    0.0000    4.0956         nan    3.1093    20984170030.4045
  1725.629    5.2078    0.0000    6.4537         nan    3.1093    20984170030.4045
  1783.004    5.2837    0.0000    6.4950         nan    3.0126    22139170853.0819
  1840.379    5.3553    0.0000    6.5341         nan    2.9146    23265182127.3106
  1897.753    5.4231    0.0000    6.5712         nan    2.8155    24360950272.3670
  1955.128    5.4871    0.0000    6.6063         nan    2.7153    25425293029.6624
  2012.503    5.5476    0.0000    6.6396         nan    2.6142    26457094844.7859
  2069.878    5.6048    0.0000    6.6710         nan    2.5120    27455302955.7332
  2127.253    5.6587    0.0000    6.7008         nan    2.4090    28418924065.8112
  2184.628    5.7096    0.0000    6.7289         nan    2.3051    29347021511.8751
  2242.003    5.7575    0.0000    6.7554         nan    2.2005    30238712858.2707
  2299.378    5.8026    0.0000    6.7803         nan    2.0951    31093167865.3071
  2356.752    5.8448    0.0000    6.8037         nan    1.9890    31909606803.2385
  2414.127    5.8844    0.0000    6.8257         nan    1.8823    32687299095.7315
  2471.502    5.9215    0.0000    6.8463         nan    1.7750    33425562299.1681
  2528.877    5.9559    0.0000    6.8655         nan    1.6671    34123761449.3371
  2586.252    5.9879    0.0000    6.8833         nan    1.5588    34781308844.4269
  2643.627    6.0175    0.0000    6.8997         nan    1.4501    35397664391.3477
  2701.002    6.0447    0.0000    6.9149         nan    1.3410    35972336737.0617
  2758.376    6.0696    0.0000    6.9288         nan    1.2316    36504885576.7696
  2815.751    6.0922    0.0000    6.9414         nan    1.1220    36994925837.4612
  2873.126    6.1126    0.0000    6.9528         nan    1.0123    37442135031.8339
  2930.501    6.1307    0.0000    6.9629         nan    0.9028    37846266298.2071
  2987.876    6.1467    0.0000    6.9718         nan    0.7937    38207172311.6144
  3045.251    6.1604    0.0000    6.9795         nan    0.6856    38524851569.6334
  3102.626    6.1720    0.0000    6.9860         nan    0.5796    38799545049.6571
  3160.001    6.1815    0.0000    6.9913         nan    0.4783    39031960000.0727
  3217.375    6.1889    0.0000    6.9954         nan    0.3891    39223867826.8225
  3274.750    6.1941    0.0000    6.9984         nan    0.3424    39380074593.2561
  3332.125    6.1973    0.0000    7.0001         nan    0.5837    39517572255.5685
  3389.500    6.1983    0.0000    7.0007         nan    0.0000    39752001696.1745
