# Depth[km]  Vp[km/s]  Vs[km/s] Rho[g/cm3]    T[K]     g[m/s2]         P[Pa]        
     0.000    3.6276    2.1680    1.6478    273.1500    3.7291              0.0000
    11.114    3.6276    2.1680    1.6478    314.1463    3.7382       68294848.7291
    11.114    4.7364    2.8307    2.1515    314.1463    3.7382       68294848.7291
    28.127    4.7364    2.8307    2.1515    376.9080    3.7453      205128127.4162
    28.127    6.4973    3.8831    2.9514    376.9080    3.7453      205128127.4162
    43.307    6.4973    3.8831    2.9514    432.9076    3.7416      372925712.0638
    43.307    7.9548    4.5350    3.4847    432.9076    3.7416      372925712.0638
    53.264    7.9500    4.5275    3.4849    469.6397    3.7348      502754678.7572
    63.221    7.9447    4.5198    3.4851    506.3718    3.7280      632354113.0634
    73.179    7.9392    4.5118    3.4852    543.1039    3.7212      761722409.4523
    83.136    7.9334    4.5037    3.4852    579.8360    3.7145      890857930.8503
    93.093    7.9275    4.4956    3.4852    616.5681    3.7078     1019759662.5680
   103.050    7.9208    4.4872    3.4850    653.3002    3.7011     1148425176.2202
   113.007    7.9146    4.4789    3.4849    690.0323    3.6944     1276853889.1204
   122.964    7.9083    4.4707    3.4848    726.7644    3.6878     1405048273.7276
   132.921    7.9020    4.4624    3.4847    763.4966    3.6812     1533008012.0367
   142.878    7.8951    4.4539    3.4844    800.2287    3.6746     1660730575.0449
   152.836    7.8886    4.4456    3.4842    836.9608    3.6681     1788216175.2916
   162.793    7.8817    4.4372    3.4838    873.6929    3.6616     1915464634.1501
   172.750    7.8752    4.4289    3.4836    910.4250    3.6551     2042475764.3330
   182.707    7.8684    4.4205    3.4832    947.1571    3.6486     2169250285.7794
   192.664    7.8614    4.4121    3.4828    983.8892    3.6422     2295786878.0246
   202.621    7.8550    4.4038    3.4825   1020.6213    3.6358     2422087622.6324
   212.578    7.8484    4.3956    3.4820   1057.3534    3.6295     2548153264.9397
   222.536    7.8412    4.3872    3.4814   1094.0855    3.6232     2673980483.9183
   232.493    7.8342    4.3787    3.4810   1130.8177    3.6169     2799570264.4795
   242.450    7.8271    4.3701    3.4805   1167.5498    3.6107     2924925236.9821
   252.407    7.8206    4.3620    3.4800   1204.2819    3.6045     3050047230.5749
   262.364    7.8149    4.3541    3.4796   1241.0140    3.5983     3174938569.4193
   272.321    7.8079    4.3458    3.4790   1277.7461    3.5922     3299597216.3529
   282.278    7.8004    4.3371    3.4784   1314.4782    3.5861     3424022187.4260
   292.235    7.7940    4.3290    3.4779   1351.2103    3.5801     3548217020.7418
   302.193    7.7874    4.3207    3.4773   1387.9424    3.5740     3672183209.1963
   312.150    7.7802    4.3122    3.4766   1424.6745    3.5681     3795918801.0013
   322.107    7.7741    4.3044    3.4761   1461.4067    3.5622     3919425784.7992
   332.064    7.7676    4.2963    3.4755   1498.1388    3.5563     4042707862.7018
   342.021    7.7610    4.2880    3.4749   1534.8709    3.5504     4165766154.7339
   351.978    7.7537    4.2795    3.4742   1571.6030    3.5446     4288598905.5240
   361.935    7.7469    4.2713    3.4735   1608.3351    3.5389     4411206044.6933
   371.893    7.7405    4.2631    3.4729   1645.0672    3.5332     4533592192.4714
   381.850    7.7329    4.2545    3.4721   1681.7993    3.5275     4655756754.9522
   391.807    7.7265    4.2463    3.4715   1718.5314    3.5219     4777700559.0391
   401.764    7.7189    4.2377    3.4707   1755.2635    3.5163     4899425253.5781
   411.721    7.7120    4.2293    3.4700   1791.9956    3.5108     5020931300.8121
   421.678    7.7057    4.2212    3.4694   1828.7278    3.5053     5142223106.6904
   431.635    7.6983    4.2126    3.4685   1865.4599    3.4999     5263299867.3634
   441.592    7.6915    4.2042    3.4679   1902.1920    3.4945     5384162822.6081
   464.513    7.7190    4.2125    3.4759   1906.5397    3.4822     5662247138.0412
   487.433    7.7452    4.2202    3.4838   1910.7621    3.4700     5939990882.9969
   510.354    7.7712    4.2280    3.4916   1914.8787    3.4579     6217384928.9281
   533.274    7.7967    4.2356    3.4994   1918.9975    3.4459     6494428357.1198
   556.194    7.8212    4.2428    3.5070   1922.9263    3.4340     6771115735.9683
   579.115    7.8463    4.2502    3.5147   1926.9658    3.4222     7047446053.4157
   602.035    7.8703    4.2573    3.5221   1930.7825    3.4105     7323419568.2921
   624.955    7.8950    4.2646    3.5298   1934.8510    3.3989     7599041311.7021
   647.876    7.9185    4.2714    3.5371   1938.5373    3.3875     7874313103.6077
   670.796    7.9414    4.2780    3.5444   1942.2286    3.3762     8149228277.1677
   693.717    7.9644    4.2846    3.5517   1945.8550    3.3651     8423792203.8239
   716.637    7.9882    4.2916    3.5590   1949.5392    3.3541     8698015166.9278
   739.557    8.0110    4.2983    3.5663   1953.0931    3.3433     8971905177.2760
   762.478    8.0345    4.3053    3.5737   1956.5855    3.3327     9245473484.1018
   785.398    8.0563    4.3115    3.5806   1959.9708    3.3222     9518719351.2989
   808.318    8.0792    4.3183    3.5879   1963.3686    3.3120     9791651541.3390
   831.239    8.1014    4.3247    3.5950   1966.6576    3.3019    10064288124.3882
   854.159    8.1245    4.3317    3.6023   1969.9144    3.2921    10336639144.6705
   877.080    8.1472    4.3386    3.6095   1973.1768    3.2825    10608726124.9967
   900.000    8.1705    4.3458    3.6169   1976.3657    3.2731    10880570101.1776
   916.834    8.1875    4.3510    3.6224   1978.6985    3.2664    11080016754.9490
   933.669    8.2042    4.3561    3.6277   1980.9504    3.2598    11279349373.3665
   950.503    8.2237    4.3630    3.6338   1983.4255    3.2533    11478592517.1159
   967.338    8.2421    4.3691    3.6398   1985.7291    3.2470    11677770391.6046
   984.172    8.2601    4.3751    3.6455   1988.0125    3.2408    11876880427.3406
  1001.007    8.2791    4.3816    3.6517   1990.3032    3.2347    12075935781.3400
  1017.841    8.2988    4.3887    3.6581   1992.5724    3.2289    12274961826.3542
  1034.676    8.3191    4.3961    3.6646   1994.8670    3.2231    12473978678.2439
  1051.510    8.3349    4.4008    3.6699   1997.0065    3.2176    12672964007.4640
  1068.345    8.3504    4.4053    3.6752   1999.1293    3.2122    12871890264.0135
  1085.179    8.3737    4.4153    3.6824   2002.2054    3.2069    13070820365.8658
  1102.014    8.5003    4.4955    3.7166   2014.1888    3.2017    13270544957.7199
  1118.848    8.6476    4.5898    3.7553   2028.3520    3.1962    13471908900.1419
  1135.683    8.8135    4.6967    3.7978   2042.3273    3.1904    13675114290.0910
  1152.517    8.8295    4.7016    3.8034   2044.9984    3.1845    13879240692.9209
  1169.351    8.8452    4.7061    3.8089   2047.3072    3.1789    14083287078.3274
  1186.186    8.8606    4.7104    3.8143   2049.6521    3.1734    14287262548.6548
  1203.020    8.8760    4.7146    3.8198   2052.0078    3.1682    14491179793.8719
  1219.855    8.8916    4.7190    3.8254   2054.3187    3.1631    14695054409.4717
  1236.689    8.9070    4.7232    3.8309   2056.6442    3.1583    14898900085.4990
  1253.524    8.9224    4.7275    3.8365   2059.0178    3.1537    15102731924.1684
  1270.358    8.9379    4.7319    3.8422   2061.3647    3.1494    15306568069.7753
  1287.193    8.9533    4.7362    3.8478   2063.7120    3.1453    15510423714.3312
  1304.027    8.9684    4.7405    3.8533   2066.0671    3.1415    15714310212.9272
  1320.862    8.9836    4.7449    3.8590   2068.4135    3.1379    15918243550.3933
  1337.696    8.9988    4.7493    3.8645   2070.7545    3.1347    16122241237.2913
  1354.531    9.0345    4.7666    3.8738   2075.7960    3.1317    16326417616.0879
  1371.365    9.0739    4.7865    3.8838   2081.2505    3.1289    16530906331.7213
  1388.200    9.1127    4.8062    3.8939   2086.9647    3.1264    16735744742.0617
  1405.034    9.1514    4.8261    3.9042   2092.3988    3.1241    16940956301.3477
  1421.868    9.1909    4.8467    3.9148   2098.0861    3.1221    17146568264.8665
  1438.703    9.2291    4.8669    3.9252   2103.9651    3.1204    17352601340.8260
  1455.537    9.2698    4.8888    3.9363   2110.0534    3.1190    17559087643.1113
  1472.372    9.3099    4.9108    3.9475   2116.3179    3.1179    17766064673.2082
  1489.206    9.3286    4.9183    3.9538   2118.8548    3.1171    17973426256.1038
  1506.041    9.3423    4.9225    3.9588   2121.0409    3.1167    18181033232.9249
  1522.875    9.3562    4.9270    3.9640   2123.2146    3.1167    18388881623.2469
  1539.710    9.3700    4.9315    3.9692   2125.3876    3.1172    18597002629.1036
  1556.544    9.3837    4.9360    3.9742   2127.5931    3.1181    18805423320.3964
  1556.544    5.0186    0.0000    4.0048         nan    3.1181    18805423320.3964
  1571.520    5.0305    0.0000    4.0098         nan    3.1190    18992550112.6053
  1586.496    5.0424    0.0000    4.0147         nan    3.1202    19179956472.1206
  1601.472    5.0542    0.0000    4.0196         nan    3.1218    19367665289.0459
  1616.448    5.0661    0.0000    4.0245         nan    3.1238    19555700366.4431
  1631.423    5.0776    0.0000    4.0292         nan    3.1262    19744082331.6437
  1646.399    5.0889    0.0000    4.0339         nan    3.1291    19932831694.7980
  1661.375    5.1002    0.0000    4.0386         nan    3.1324    20121974209.7577
  1676.351    5.1115    0.0000    4.0433         nan    3.1362    20311537898.5070
  1691.327    5.1225    0.0000    4.0479         nan    3.1405    20501549042.5338
  1691.327    5.2072    0.0000    6.3737         nan    3.1405    20501549042.5338
  1749.884    5.2728    0.0000    6.4159         nan    3.0434    21677564453.3193
  1808.442    5.3350    0.0000    6.4559         nan    2.9451    22824548260.3491
  1867.000    5.3940    0.0000    6.4940         nan    2.8456    23941217963.8462
  1925.557    5.4499    0.0000    6.5303         nan    2.7450    25026356868.9194
  1984.115    5.5028    0.0000    6.5647         nan    2.6434    26078811087.0704
  2042.673    5.5530    0.0000    6.5973         nan    2.5408    27097487036.3521
  2101.231    5.6004    0.0000    6.6282         nan    2.4372    28081349385.5482
  2159.788    5.6452    0.0000    6.6575         nan    2.3329    29029419404.6981
  2218.346    5.6875    0.0000    6.6852         nan    2.2277    29940773706.1450
  2276.904    5.7274    0.0000    6.7114         nan    2.1217    30814543386.1812
  2335.461    5.7648    0.0000    6.7360         nan    2.0151    31649913600.7698
  2394.019    5.8000    0.0000    6.7591         nan    1.9079    32446123643.8626
  2452.577    5.8328    0.0000    6.7807         nan    1.8001    33202467651.1449
  2511.134    5.8635    0.0000    6.8009         nan    1.6919    33918296126.7714
  2569.692    5.8920    0.0000    6.8197         nan    1.5833    34593018612.1892
  2628.250    5.9183    0.0000    6.8372         nan    1.4744    35226108020.2762
  2686.808    5.9426    0.0000    6.8532         nan    1.3654    35817107495.9684
  2745.365    5.9648    0.0000    6.8679         nan    1.2564    36365641271.9756
  2803.923    5.9850    0.0000    6.8813         nan    1.1478    36871432116.6675
  2862.481    6.0032    0.0000    6.8934         nan    1.0397    37334330143.9026
  2921.038    6.0194    0.0000    6.9041         nan    0.9330    37754362222.0999
  2979.596    6.0337    0.0000    6.9136         nan    0.8285    38131820993.2403
  3038.154    6.0460    0.0000    6.9218         nan    0.7282    38467435651.5948
  3096.711    6.0564    0.0000    6.9287         nan    0.6359    38762727036.1944
  3155.269    6.0649    0.0000    6.9343         nan    0.5609    39020828194.2736
  3213.827    6.0715    0.0000    6.9387         nan    0.5304    39248674932.8007
  3272.385    6.0762    0.0000    6.9418         nan    0.6537    39464223476.3822
  3330.942    6.0790    0.0000    6.9437         nan    1.8190    39729967682.5140
  3389.500    6.0800    0.0000    6.9443         nan    0.0000    40469612850.4497
