# Depth[km]  Vp[km/s]  Vs[km/s] Rho[g/cm3]    T[K]     g[m/s2]         P[Pa]        
     0.000    3.6026    2.1795    1.6367    273.1500    3.7291              0.0000
    11.109    3.6026    2.1795    1.6367    316.9389    3.7383       67800546.6400
    11.109    4.3455    2.6290    1.9742    316.9389    3.7383       67800546.6400
    28.718    4.3455    2.6290    1.9742    386.3590    3.7483      197763514.5349
    28.718    5.8351    3.5301    2.6510    386.3590    3.7483      197763514.5349
    50.328    5.8351    3.5301    2.6510    471.5510    3.7486      412494687.1342
    50.328    7.9969    4.5408    3.5195    471.5510    3.7486      412494687.1342
    60.082    7.9893    4.5312    3.5192    510.0054    3.7417      541181757.0276
    69.837    7.9813    4.5213    3.5189    548.4598    3.7349      669621597.1788
    79.591    7.9731    4.5114    3.5185    586.9142    3.7281      797812786.4560
    89.346    7.9643    4.5013    3.5180    625.3686    3.7213      925753301.3397
    99.100    7.9559    4.4914    3.5175    663.8230    3.7145     1053443575.2533
   108.855    7.9475    4.4815    3.5170    702.2774    3.7078     1180885193.9013
   118.609    7.9389    4.4717    3.5165    740.7318    3.7011     1308077928.0617
   128.364    7.9299    4.4617    3.5159    779.1863    3.6944     1435020632.2175
   138.118    7.9212    4.4519    3.5154    817.6407    3.6877     1561713020.2537
   147.873    7.9122    4.4420    3.5147    856.0951    3.6811     1688155566.8962
   157.627    7.9031    4.4321    3.5140    894.5495    3.6745     1814347548.3634
   167.382    7.8945    4.4225    3.5135    933.0039    3.6680     1940291139.4573
   177.136    7.8854    4.4128    3.5127    971.4583    3.6615     2065986205.1041
   186.890    7.8764    4.4030    3.5120   1009.9127    3.6550     2191431774.0249
   196.645    7.8673    4.3935    3.5112   1048.3671    3.6485     2316628411.0881
   206.399    7.8584    4.3838    3.5104   1086.8215    3.6421     2441576308.0212
   216.154    7.8493    4.3742    3.5097   1125.2759    3.6357     2566277112.0149
   225.908    7.8401    4.3644    3.5089   1163.7304    3.6294     2690731780.1841
   235.663    7.8312    4.3549    3.5081   1202.1848    3.6231     2814941284.1830
   245.417    7.8222    4.3454    3.5072   1240.6392    3.6168     2938905771.9409
   255.172    7.8127    4.3355    3.5063   1279.0936    3.6106     3062624810.1804
   264.926    7.8040    4.3261    3.5055   1317.5480    3.6044     3186100370.8761
   274.681    7.7959    4.3171    3.5046   1356.0024    3.5982     3309334210.1642
   284.435    7.7871    4.3075    3.5038   1394.4568    3.5921     3432327142.9785
   294.190    7.7786    4.2983    3.5029   1432.9112    3.5860     3555080408.1580
   303.944    7.7698    4.2890    3.5020   1471.3656    3.5800     3677594434.4000
   313.698    7.7618    4.2799    3.5011   1509.8200    3.5740     3799871047.5401
   323.453    7.7522    4.2699    3.5001   1548.2745    3.5680     3921910842.7824
   333.207    7.7430    4.2605    3.4991   1586.7289    3.5621     4043712610.9888
   342.962    7.7347    4.2514    3.4982   1625.1833    3.5563     4165279759.7136
   352.716    7.7254    4.2418    3.4972   1663.6377    3.5504     4286613829.4937
   362.471    7.7169    4.2325    3.4963   1702.0921    3.5447     4407715928.4579
   372.225    7.7075    4.2228    3.4953   1740.5465    3.5389     4528587430.8798
   381.980    7.6986    4.2134    3.4943   1779.0009    3.5332     4649227819.3806
   391.734    7.6899    4.2040    3.4933   1817.4553    3.5276     4769640432.5405
   401.489    7.6808    4.1944    3.4923   1855.9097    3.5220     4889826639.9530
   411.243    7.6715    4.1848    3.4913   1894.3641    3.5164     5009786887.4586
   420.998    7.6623    4.1752    3.4902   1932.8186    3.5109     5129522118.2164
   430.752    7.6529    4.1655    3.4891   1971.2730    3.5055     5249033066.5382
   440.506    7.6438    4.1558    3.4880   2009.7274    3.5001     5368321478.5927
   463.481    7.6726    4.1649    3.4964   2014.4347    3.4874     5649141781.7898
   486.456    7.7003    4.1736    3.5047   2019.0469    3.4748     5929616087.7813
   509.431    7.7280    4.1824    3.5130   2023.6260    3.4624     6209739312.5893
   532.405    7.7541    4.1905    3.5209   2027.9927    3.4499     6489499975.7911
   555.380    7.7799    4.1986    3.5289   2032.3074    3.4376     6768888365.4130
   578.355    7.8059    4.2068    3.5367   2036.4584    3.4254     7047903669.6340
   601.329    7.8304    4.2143    3.5445   2040.5736    3.4133     7326542889.3394
   624.304    7.8552    4.2221    3.5523   2044.6930    3.4013     7604806320.3346
   647.279    7.8802    4.2299    3.5600   2048.7163    3.3895     7882699953.5089
   670.253    7.9042    4.2374    3.5676   2052.5728    3.3777     8160222453.9296
   693.228    7.9288    4.2452    3.5754   2056.5097    3.3661     8437379767.5455
   716.203    7.9525    4.2525    3.5830   2060.2492    3.3547     8714178196.9297
   739.177    7.9763    4.2600    3.5906   2063.9583    3.3434     8990619784.6899
   762.152    8.0009    4.2680    3.5983   2067.7015    3.3322     9266719201.8172
   785.127    8.0246    4.2755    3.6059   2071.2400    3.3212     9542483321.0239
   808.101    8.0479    4.2829    3.6134   2074.7774    3.3104     9817914794.6999
   831.076    8.0730    4.2913    3.6214   2078.2092    3.2998    10093040599.1562
   854.051    8.0981    4.2997    3.6294   2081.7737    3.2894    10367891247.2527
   877.025    8.1232    4.3083    3.6375   2085.0943    3.2792    10642481874.3303
   900.000    8.1486    4.3171    3.6457   2088.4591    3.2692    10916832484.0656
   916.895    8.1679    4.3239    3.6519   2090.8746    3.2620    11118367862.8267
   933.790    8.1880    4.3312    3.6583   2093.2955    3.2548    11319806206.0155
   950.686    8.2090    4.3392    3.6652   2095.6893    3.2478    11521169753.1594
   967.581    8.2298    4.3470    3.6720   2098.1388    3.2410    11722474087.0444
   984.476    8.2493    4.3541    3.6783   2100.5516    3.2342    11923712614.1876
  1001.371    8.2764    4.3657    3.6870   2103.0458    3.2276    12124944169.6873
  1018.266    8.2955    4.3724    3.6938   2105.6316    3.2211    12326185536.7469
  1035.162    8.3128    4.3779    3.7000   2108.0827    3.2147    12527373796.5518
  1052.057    8.3327    4.3852    3.7071   2110.9041    3.2085    12728525818.4317
  1068.952    8.3499    4.3909    3.7133   2113.5058    3.2024    12929648271.5410
  1085.847    8.3649    4.3956    3.7186   2115.7532    3.1965    13130701093.3092
  1102.742    8.3799    4.4001    3.7240   2118.0321    3.1908    13331672679.8880
  1119.638    8.4021    4.4096    3.7324   2119.4429    3.1853    13532657723.5009
  1136.533    8.5250    4.4861    3.7662   2133.0230    3.1797    13734429970.5878
  1153.428    8.6855    4.5877    3.8088   2149.8473    3.1738    13937899491.8582
  1170.323    8.8810    4.7132    3.8583   2164.6103    3.1676    14143464983.3049
  1187.218    8.8955    4.7176    3.8636   2166.2237    3.1613    14350095183.6761
  1204.114    8.9100    4.7220    3.8689   2168.3631    3.1551    14556592383.8389
  1221.009    8.9239    4.7261    3.8740   2170.4414    3.1492    14762965322.1920
  1237.904    8.9376    4.7301    3.8792   2172.4490    3.1435    14969225110.3432
  1254.799    8.9511    4.7340    3.8843   2174.3380    3.1380    15175384134.1125
  1271.694    8.9647    4.7381    3.8897   2176.1718    3.1327    15381462051.2443
  1288.590    8.9779    4.7419    3.8948   2177.8603    3.1277    15587473664.2692
  1305.485    8.9907    4.7455    3.9000   2179.6120    3.1230    15793426897.2880
  1322.380    9.0040    4.7494    3.9054   2181.2250    3.1185    15999344712.6518
  1339.275    9.0165    4.7529    3.9105   2182.8205    3.1143    16205243905.9971
  1356.170    9.0289    4.7564    3.9157   2184.2714    3.1103    16411134866.3545
  1373.066    9.0412    4.7598    3.9209   2185.5692    3.1067    16617038675.1653
  1389.961    9.0538    4.7635    3.9263   2186.8735    3.1033    16822978856.7395
  1406.856    9.0658    4.7666    3.9316   2188.0875    3.1003    17028977515.7597
  1423.751    9.0779    4.7700    3.9372   2189.4676    3.0976    17235059971.6600
  1440.646    9.0990    4.7789    3.9444   2191.4739    3.0952    17441296819.2852
  1457.541    9.1389    4.8004    3.9552   2196.1691    3.0931    17647847519.3217
  1474.437    9.1791    4.8220    3.9668   2200.6184    3.0913    17854843529.5362
  1491.332    9.2183    4.8433    3.9784   2205.2444    3.0898    18062322968.3312
  1508.227    9.2596    4.8663    3.9908   2209.9777    3.0885    18270327901.5546
  1525.122    9.2995    4.8886    4.0031   2214.5354    3.0876    18478895086.7654
  1542.017    9.3191    4.8977    4.0099   2217.1046    3.0871    18687898469.8435
  1558.913    9.3317    4.9023    4.0146   2219.0216    3.0869    18897163865.4771
  1558.913    5.0028    0.0000    4.0537         nan    3.0869    18897163865.4771
  1575.996    5.0168    0.0000    4.0595         nan    3.0867    19111088657.4742
  1593.079    5.0309    0.0000    4.0653         nan    3.0869    19325301108.1538
  1610.163    5.0450    0.0000    4.0711         nan    3.0876    19539833483.4540
  1627.246    5.0588    0.0000    4.0767         nan    3.0888    19754717379.4431
  1644.329    5.0722    0.0000    4.0822         nan    3.0906    19969981060.9403
  1661.412    5.0856    0.0000    4.0877         nan    3.0929    20185656735.5631
  1678.496    5.0989    0.0000    4.0932         nan    3.0957    20401783374.6331
  1695.579    5.1119    0.0000    4.0986         nan    3.0992    20618397580.1015
  1712.662    5.1246    0.0000    4.1038         nan    3.1033    20835535250.7538
  1712.662    5.1587    0.0000    6.3826         nan    3.1033    20835535250.7538
  1770.484    5.2338    0.0000    6.4244         nan    3.0072    21984577760.4150
  1828.306    5.3048    0.0000    6.4641         nan    2.9098    23105108794.9547
  1886.128    5.3719    0.0000    6.5017         nan    2.8113    24195859486.5002
  1943.950    5.4354    0.0000    6.5373         nan    2.7117    25255633623.2163
  2001.772    5.4953    0.0000    6.5710         nan    2.6111    26283303238.2102
  2059.594    5.5519    0.0000    6.6029         nan    2.5096    27277804943.4875
  2117.416    5.6054    0.0000    6.6331         nan    2.4072    28238136902.0905
  2175.238    5.6558    0.0000    6.6616         nan    2.3039    29163356362.7312
  2233.060    5.7033    0.0000    6.6885         nan    2.1999    30052577721.0658
  2290.882    5.7479    0.0000    6.7138         nan    2.0951    30904971089.6231
  2348.704    5.7898    0.0000    6.7376         nan    1.9898    31719761396.5570
  2406.526    5.8291    0.0000    6.7599         nan    1.8838    32496228077.6680
  2464.348    5.8658    0.0000    6.7808         nan    1.7774    33233705474.9168
  2522.170    5.9000    0.0000    6.8003         nan    1.6705    33931584144.8719
  2579.992    5.9317    0.0000    6.8184         nan    1.5633    34589313406.5956
  2637.814    5.9610    0.0000    6.8351         nan    1.4559    35206405670.3909
  2695.636    5.9880    0.0000    6.8505         nan    1.3484    35782443452.7687
  2753.458    6.0127    0.0000    6.8646         nan    1.2409    36317090619.9204
  2811.280    6.0351    0.0000    6.8774         nan    1.1339    36810110584.6624
  2869.102    6.0553    0.0000    6.8890         nan    1.0276    37261396474.5583
  2926.924    6.0733    0.0000    6.8993         nan    0.9227    37671022986.3543
  2984.746    6.0891    0.0000    6.9083         nan    0.8202    38039339922.6150
  3042.568    6.1028    0.0000    6.9161         nan    0.7222    38367151748.3206
  3100.390    6.1143    0.0000    6.9228         nan    0.6328    38656091047.1560
  3158.212    6.1237    0.0000    6.9281         nan    0.5619    38909481636.8681
  3216.034    6.1310    0.0000    6.9323         nan    0.5383    39134642841.2700
  3273.856    6.1363    0.0000    6.9353         nan    0.6789    39350481991.8734
  3331.678    6.1394    0.0000    6.9371         nan    1.9306    39622752542.5200
  3389.500    6.1404    0.0000    6.9377         nan    0.0000    40397176704.2754
