# Depth[km]  Vp[km/s]  Vs[km/s] Rho[g/cm3]    T[K]     g[m/s2]         P[Pa]        
     0.000    3.5307    2.1354    1.6103    273.1500    3.7291              0.0000
    12.905    3.5307    2.1354    1.6103    325.0146    3.7401       77495181.2240
    12.905    4.5656    2.7613    2.0824    325.0146    3.7401       77495181.2240
    30.314    4.5656    2.7613    2.0824    394.9888    3.7484      213086427.2619
    30.314    5.8627    3.5458    2.6740    394.9888    3.7484      213086427.2619
    46.721    5.8627    3.5458    2.6740    460.9337    3.7484      377537911.3796
    46.721    7.9976    4.5430    3.5191    460.9337    3.7484      377537911.3796
    56.252    7.9898    4.5333    3.5188    499.2383    3.7416      503243457.7623
    65.782    7.9818    4.5236    3.5184    537.5428    3.7349      628710107.4511
    75.312    7.9734    4.5136    3.5180    575.8474    3.7282      753936755.6926
    84.842    7.9645    4.5034    3.5174    614.1519    3.7215      878921107.6859
    94.372    7.9559    4.4935    3.5169    652.4565    3.7149     1003663266.3482
   103.902    7.9472    4.4835    3.5164    690.7611    3.7083     1128164847.8110
   113.432    7.9385    4.4737    3.5158    729.0656    3.7017     1252426027.3330
   122.962    7.9294    4.4637    3.5152    767.3702    3.6952     1376445248.9847
   132.493    7.9207    4.4539    3.5146    805.6747    3.6886     1500222902.4043
   142.023    7.9113    4.4439    3.5139    843.9793    3.6822     1623759323.8017
   151.553    7.9018    4.4339    3.5131    882.2839    3.6757     1747051997.9923
   161.083    7.8931    4.4243    3.5124    920.5884    3.6693     1870103385.6235
   170.613    7.8839    4.4145    3.5116    958.8930    3.6629     1992914392.0388
   180.143    7.8745    4.4046    3.5108    997.1975    3.6565     2115483616.8336
   189.673    7.8651    4.3949    3.5100   1035.5021    3.6502     2237811140.1054
   199.204    7.8562    4.3854    3.5092   1073.8067    3.6439     2359898035.9827
   208.734    7.8465    4.3753    3.5083   1112.1112    3.6376     2481744639.3525
   218.264    7.8376    4.3659    3.5075   1150.4158    3.6314     2603352674.2084
   227.794    7.8282    4.3562    3.5066   1188.7203    3.6252     2724723250.9745
   237.324    7.8192    4.3467    3.5057   1227.0249    3.6190     2845856257.4061
   246.854    7.8092    4.3368    3.5047   1265.3295    3.6129     2966751399.5696
   256.384    7.8002    4.3272    3.5038   1303.6340    3.6068     3087409277.4006
   265.914    7.7919    4.3181    3.5029   1341.9386    3.6008     3207833450.2529
   275.445    7.7827    4.3083    3.5020   1380.2431    3.5948     3328024042.5622
   284.975    7.7738    4.2991    3.5010   1418.5477    3.5888     3447980965.6593
   294.505    7.7653    4.2899    3.5001   1456.8523    3.5829     3567706035.3985
   304.035    7.7562    4.2805    3.4990   1495.1568    3.5770     3687198483.2559
   313.565    7.7471    4.2707    3.4980   1533.4614    3.5711     3806459653.2508
   323.095    7.7375    4.2611    3.4970   1571.7659    3.5653     3925491619.7678
   332.625    7.7293    4.2521    3.4960   1610.0705    3.5596     4044296141.8885
   342.156    7.7196    4.2424    3.4949   1648.3751    3.5538     4162873677.5814
   351.686    7.7104    4.2329    3.4939   1686.6796    3.5482     4281223709.9906
   361.216    7.7014    4.2234    3.4929   1724.9842    3.5425     4399349580.7483
   370.746    7.6922    4.2138    3.4918   1763.2887    3.5369     4517252452.7223
   380.276    7.6827    4.2042    3.4907   1801.5933    3.5314     4634931949.6795
   389.806    7.6736    4.1947    3.4896   1839.8979    3.5258     4752389400.0277
   399.336    7.6643    4.1850    3.4885   1878.2024    3.5204     4869627400.2977
   408.867    7.6551    4.1754    3.4874   1916.5070    3.5150     4986647721.7178
   418.397    7.6458    4.1659    3.4863   1954.8115    3.5096     5103450780.3601
   427.927    7.6361    4.1560    3.4851   1993.1161    3.5043     5220036710.0627
   451.530    7.6658    4.1654    3.4938   1997.9595    3.4911     5508660759.7930
   475.134    7.6945    4.1744    3.5023   2002.7070    3.4781     5796913318.5194
   498.738    7.7224    4.1832    3.5107   2007.2503    3.4652     6084783079.0416
   522.341    7.7503    4.1919    3.5190   2011.8525    3.4523     6372264227.3193
   545.945    7.7770    4.2003    3.5272   2016.2873    3.4395     6659350957.0686
   569.549    7.8034    4.2086    3.5353   2020.5610    3.4268     6946033736.3776
   593.152    7.8282    4.2162    3.5432   2024.7683    3.4143     7232308822.6879
   616.756    7.8542    4.2243    3.5513   2028.9521    3.4018     7518179380.0833
   640.360    7.8797    4.2323    3.5592   2033.1054    3.3895     7803649682.1811
   663.963    7.9043    4.2399    3.5670   2037.0477    3.3773     8088716263.2487
   687.567    7.9299    4.2481    3.5750   2041.0491    3.3653     8373385418.6629
   711.171    7.9543    4.2557    3.5828   2044.8368    3.3534     8657664771.6841
   734.774    7.9787    4.2634    3.5905   2048.6340    3.3416     8941554974.9827
   758.378    8.0038    4.2715    3.5984   2052.4378    3.3301     9225068961.9998
   781.982    8.0283    4.2793    3.6063   2056.0907    3.3187     9508220349.2466
   805.585    8.0529    4.2872    3.6142   2059.6851    3.3074     9791021185.3710
   829.189    8.0778    4.2954    3.6222   2063.2106    3.2964    10073486373.2987
   852.793    8.1037    4.3042    3.6304   2066.7986    3.2856    10355638342.2874
   876.396    8.1291    4.3128    3.6386   2070.2005    3.2750    10637498233.9851
   900.000    8.1551    4.3217    3.6470   2073.6034    3.2645    10919089502.2526
   917.277    8.1752    4.3289    3.6535   2076.0549    3.2571    11124966382.5832
   934.554    8.1955    4.3363    3.6600   2078.4842    3.2497    11330737054.7049
   951.830    8.2168    4.3443    3.6669   2080.9580    3.2425    11536421173.4262
   969.107    8.2389    4.3528    3.6741   2083.4289    3.2354    11742042210.5872
   986.384    8.2577    4.3596    3.6803   2085.9039    3.2284    11947585703.6714
  1003.661    8.2864    4.3719    3.6896   2088.4153    3.2215    12153116966.6118
  1020.937    8.3058    4.3786    3.6965   2091.0788    3.2148    12358661631.7484
  1038.214    8.3221    4.3836    3.7023   2093.4034    3.2082    12564129239.3061
  1055.491    8.3437    4.3916    3.7100   2096.5340    3.2018    12769551922.1598
  1072.768    8.3600    4.3968    3.7158   2098.8883    3.1955    12974938527.9191
  1090.044    8.3755    4.4015    3.7214   2101.1893    3.1894    13180237666.8100
  1107.321    8.3907    4.4062    3.7269   2103.4673    3.1835    13385450229.3018
  1124.598    8.4663    4.4512    3.7489   2111.6936    3.1777    13591038666.5220
  1141.875    8.6175    4.5465    3.7896   2127.0855    3.1717    13797971415.4507
  1159.151    8.8209    4.6770    3.8417   2141.9941    3.1653    14007056527.5886
  1176.428    8.8956    4.7215    3.8617   2151.3336    3.1587    14217690826.4881
  1193.705    8.9108    4.7262    3.8672   2153.0309    3.1521    14428577754.2303
  1210.982    8.9249    4.7304    3.8724   2155.1921    3.1458    14639321005.3371
  1228.258    8.9389    4.7345    3.8776   2157.2738    3.1397    14849925137.9449
  1245.535    8.9528    4.7386    3.8829   2159.1003    3.1338    15060405725.9469
  1262.812    8.9666    4.7426    3.8882   2161.1205    3.1282    15270778114.1656
  1280.089    8.9802    4.7467    3.8935   2162.9768    3.1228    15481057423.7215
  1297.365    8.9932    4.7503    3.8987   2164.6663    3.1177    15691259297.2441
  1314.642    9.0064    4.7541    3.9041   2166.2912    3.1128    15901401468.2607
  1331.919    9.0196    4.7578    3.9094   2167.9933    3.1082    16111501986.2150
  1349.196    9.0322    4.7614    3.9146   2169.3467    3.1039    16321574501.2715
  1366.472    9.0452    4.7652    3.9201   2170.8533    3.0999    16531642019.1471
  1383.749    9.0576    4.7686    3.9253   2172.2237    3.0962    16741725666.3938
  1401.026    9.0698    4.7718    3.9307   2173.5034    3.0928    16951843898.5469
  1418.303    9.0825    4.7755    3.9363   2174.8982    3.0898    17162025650.0858
  1435.580    9.1110    4.7893    3.9450   2177.9105    3.0870    17372380683.6171
  1452.856    9.1501    4.8098    3.9560   2182.6603    3.0846    17583075965.2413
  1470.133    9.1922    4.8329    3.9678   2187.1384    3.0824    17794211998.9999
  1487.410    9.2306    4.8536    3.9791   2192.0016    3.0806    18005815877.7989
  1504.687    9.2732    4.8775    3.9919   2196.8875    3.0791    18217934687.7230
  1521.963    9.3142    4.9005    4.0044   2201.8303    3.0778    18430619057.2525
  1539.240    9.3325    4.9087    4.0108   2204.0900    3.0769    18643722071.9966
  1556.517    9.3456    4.9135    4.0155   2206.4101    3.0765    18857061269.7650
  1573.794    9.3593    4.9186    4.0208   2208.4435    3.0766    19070636065.2177
  1573.794    4.9137    0.0000    4.0425         nan    3.0766    19070636065.2177
  1593.820    4.9312    0.0000    4.0495         nan    3.0769    19319919160.6857
  1613.846    4.9487    0.0000    4.0564         nan    3.0778    19569651610.4963
  1633.872    4.9663    0.0000    4.0633         nan    3.0794    19819887400.0447
  1653.899    4.9831    0.0000    4.0699         nan    3.0818    20070674547.4942
  1673.925    4.9997    0.0000    4.0765         nan    3.0850    20322063102.1055
  1693.951    5.0164    0.0000    4.0831         nan    3.0889    20574115597.4794
  1713.978    5.0324    0.0000    4.0894         nan    3.0938    20826892056.3537
  1734.004    5.0482    0.0000    4.0957         nan    3.0995    21080453882.8744
  1754.030    5.0641    0.0000    4.1020         nan    3.1062    21334874012.1348
  1754.030    5.2504    0.0000    6.5669         nan    3.1062    21334874012.1348
  1810.426    5.3236    0.0000    6.6075         nan    3.0092    22488780853.9700
  1866.821    5.3928    0.0000    6.6460         nan    2.9110    23613368217.8704
  1923.217    5.4582    0.0000    6.6826         nan    2.8117    24707427862.7062
  1979.612    5.5202    0.0000    6.7172         nan    2.7114    25769818628.9285
  2036.008    5.5787    0.0000    6.7500         nan    2.6101    26799462274.8088
  2092.403    5.6340    0.0000    6.7810         nan    2.5079    27795339917.1823
  2148.799    5.6863    0.0000    6.8104         nan    2.4048    28756488972.2089
  2205.194    5.7356    0.0000    6.8382         nan    2.3009    29682000518.1426
  2261.590    5.7820    0.0000    6.8644         nan    2.1962    30571017013.9638
  2317.985    5.8257    0.0000    6.8890         nan    2.0908    31422730326.6265
  2374.381    5.8668    0.0000    6.9122         nan    1.9847    32236380026.6327
  2430.776    5.9052    0.0000    6.9340         nan    1.8779    33011251927.3652
  2487.172    5.9412    0.0000    6.9543         nan    1.7706    33746676849.6350
  2543.567    5.9746    0.0000    6.9733         nan    1.6627    34442029607.3239
  2599.963    6.0057    0.0000    6.9909         nan    1.5543    35096728223.3771
  2656.358    6.0345    0.0000    7.0073         nan    1.4454    35710233404.3081
  2712.754    6.0609    0.0000    7.0223         nan    1.3362    36282048336.0237
  2769.149    6.0851    0.0000    7.0361         nan    1.2265    36811718917.1076
  2825.545    6.1071    0.0000    7.0486         nan    1.1166    37298834645.7065
  2881.940    6.1269    0.0000    7.0598         nan    1.0064    37743030566.0002
  2938.336    6.1446    0.0000    7.0699         nan    0.8960    38143991069.6431
  2994.731    6.1601    0.0000    7.0787         nan    0.7856    38501457197.2585
  3051.127    6.1735    0.0000    7.0863         nan    0.6753    38815241095.0409
  3107.522    6.1848    0.0000    7.0928         nan    0.5656    39085256527.2085
  3163.918    6.1940    0.0000    7.0980         nan    0.4573    39311589854.3946
  3220.313    6.2012    0.0000    7.1021         nan    0.3527    39494690016.1510
  3276.709    6.2063    0.0000    7.1050         nan    0.2616    39635995070.7146
  3333.104    6.2093    0.0000    7.1068         nan    0.2623    39740842427.0823
  3389.500    6.2104    0.0000    7.1074         nan    0.0000    39845966319.5539
