# Depth[km]  Vp[km/s]  Vs[km/s] Rho[g/cm3]    T[K]     g[m/s2]         P[Pa]        
     0.000    3.5852    2.1638    1.6435    273.1500    3.7291              0.0000
    11.067    3.5852    2.1638    1.6435    314.1321    3.7382       67830997.0600
    11.067    5.0771    3.0642    2.3274    314.1321    3.7382       67830997.0600
    29.419    5.0771    3.0642    2.3274    382.0921    3.7432      227497176.9509
    29.419    6.3721    3.8458    2.9211    382.0921    3.7432      227497176.9509
    46.099    6.3721    3.8458    2.9211    443.8641    3.7395      409883638.4620
    46.099    7.9532    4.5327    3.4847    443.8641    3.7395      409883638.4620
    55.988    7.9482    4.5252    3.4849    480.4856    3.7328      538751623.6233
    65.877    7.9429    4.5174    3.4850    517.1072    3.7260      667392248.9790
    75.766    7.9372    4.5094    3.4851    553.7288    3.7193      795803896.6302
    85.655    7.9313    4.5013    3.4851    590.3503    3.7126      923985137.3658
    95.544    7.9246    4.4929    3.4849    626.9719    3.7060     1051932803.5744
   105.433    7.9185    4.4847    3.4848    663.5935    3.6993     1179646739.3354
   115.322    7.9123    4.4764    3.4847    700.2150    3.6927     1307128838.5651
   125.211    7.9060    4.4683    3.4846    736.8366    3.6861     1434379027.1491
   135.100    7.8990    4.4598    3.4843    773.4582    3.6796     1561395020.4576
   144.989    7.8927    4.4515    3.4842    810.0797    3.6730     1688176799.4102
   154.878    7.8862    4.4433    3.4839    846.7013    3.6666     1814726630.3127
   164.767    7.8789    4.4346    3.4835    883.3229    3.6601     1941041011.3927
   174.656    7.8722    4.4263    3.4832    919.9445    3.6537     2067118811.7334
   184.545    7.8658    4.4181    3.4829    956.5660    3.6473     2192963900.4708
   194.434    7.8589    4.4098    3.4824    993.1876    3.6409     2318575816.4810
   204.323    7.8521    4.4014    3.4820   1029.8092    3.6346     2443952604.8386
   214.212    7.8453    4.3931    3.4815   1066.4307    3.6283     2569095362.7806
   224.101    7.8384    4.3847    3.4810   1103.0523    3.6220     2694004319.1446
   233.990    7.8312    4.3762    3.4805   1139.6739    3.6158     2818679940.0274
   243.879    7.8244    4.3679    3.4801   1176.2954    3.6096     2943124047.0908
   253.768    7.8181    4.3598    3.4796   1212.9170    3.6035     3067337668.9091
   263.657    7.8109    4.3513    3.4790   1249.5386    3.5974     3191319782.6714
   273.546    7.8043    4.3431    3.4784   1286.1601    3.5913     3315071640.1425
   283.435    7.7979    4.3350    3.4779   1322.7817    3.5852     3438596141.9210
   293.324    7.7911    4.3267    3.4774   1359.4033    3.5792     3561893883.7479
   303.213    7.7846    4.3185    3.4768   1396.0248    3.5733     3684965217.7921
   313.102    7.7775    4.3102    3.4761   1432.6464    3.5674     3807809194.5843
   322.991    7.7709    4.3020    3.4755   1469.2680    3.5615     3930427284.9168
   332.880    7.7645    4.2940    3.4749   1505.8896    3.5557     4052822975.2489
   342.769    7.7577    4.2857    3.4743   1542.5111    3.5499     4174996299.4735
   352.658    7.7505    4.2773    3.4735   1579.1327    3.5441     4296945762.6320
   362.547    7.7437    4.2690    3.4729   1615.7543    3.5384     4418673741.2140
   372.436    7.7375    4.2610    3.4723   1652.3758    3.5327     4540183854.2169
   382.325    7.7300    4.2524    3.4715   1688.9974    3.5271     4661474878.8449
   392.214    7.7231    4.2441    3.4708   1725.6190    3.5216     4782547253.5850
   402.103    7.7157    4.2355    3.4700   1762.2405    3.5160     4903401671.7721
   411.992    7.7091    4.2272    3.4693   1798.8621    3.5106     5024040760.6761
   421.881    7.7013    4.2186    3.4685   1835.4837    3.5051     5144466303.1628
   431.770    7.6946    4.2102    3.4678   1872.1052    3.4997     5264679505.1581
   441.659    7.6872    4.2016    3.4669   1908.7268    3.4944     5384680375.7740
   464.576    7.7149    4.2100    3.4750   1913.1174    3.4821     5662637934.8408
   487.493    7.7414    4.2179    3.4830   1917.4159    3.4700     5940261275.1722
   510.410    7.7676    4.2257    3.4909   1921.6928    3.4579     6217544056.1048
   533.327    7.7932    4.2333    3.4987   1925.8334    3.4459     6494482675.3226
   556.244    7.8181    4.2407    3.5062   1929.7269    3.4340     6771066477.5879
   579.161    7.8429    4.2480    3.5139   1933.7979    3.4222     7047294555.7921
   602.078    7.8669    4.2550    3.5213   1937.6117    3.4105     7323167315.8065
   624.995    7.8905    4.2618    3.5289   1941.5750    3.3990     7598684605.6155
   647.912    7.9149    4.2690    3.5364   1945.4519    3.3876     7873855051.3348
   670.829    7.9381    4.2758    3.5437   1949.1326    3.3763     8148677191.0699
   693.747    7.9614    4.2826    3.5509   1952.7291    3.3652     8423149333.8046
   716.664    7.9841    4.2890    3.5582   1956.3685    3.3542     8697278338.7321
   739.581    8.0078    4.2962    3.5656   1960.0502    3.3434     8971077487.6673
   762.498    8.0303    4.3027    3.5726   1963.4789    3.3328     9244548688.1155
   785.415    8.0529    4.3092    3.5799   1966.9656    3.3224     9517699986.6210
   808.332    8.0762    4.3163    3.5872   1970.3444    3.3122     9790551717.2498
   831.249    8.0982    4.3226    3.5943   1973.6980    3.3021    10063109684.7147
   854.166    8.1211    4.3295    3.6016   1976.9761    3.2923    10335384925.9207
   877.083    8.1439    4.3364    3.6088   1980.1999    3.2827    10607396774.0809
   900.000    8.1669    4.3434    3.6162   1983.4191    3.2734    10879166307.0294
   916.660    8.1841    4.3487    3.6216   1985.7405    3.2667    11076522397.5012
   933.320    8.2005    4.3537    3.6269   1988.0209    3.2602    11273769004.1936
   949.980    8.2199    4.3604    3.6330   1990.4913    3.2538    11470930258.4055
   966.641    8.2372    4.3660    3.6386   1992.7527    3.2475    11668021907.2703
   983.301    8.2560    4.3725    3.6446   1995.0432    3.2414    11865048624.9053
   999.961    8.2750    4.3791    3.6507   1997.3066    3.2355    12062030404.6578
  1016.621    8.2945    4.3861    3.6571   1999.5826    3.2296    12258985169.6258
  1033.281    8.3148    4.3936    3.6636   2001.8513    3.2240    12455932672.9988
  1049.941    8.3303    4.3982    3.6688   2003.9942    3.2184    12652848325.6157
  1066.601    8.3457    4.4027    3.6739   2006.0815    3.2131    12849704655.3536
  1083.261    8.3611    4.4074    3.6791   2008.1667    3.2080    13046511720.4785
  1099.922    8.4682    4.4744    3.7083   2018.6939    3.2028    13243920617.0212
  1116.582    8.6065    4.5626    3.7449   2032.1334    3.1975    13442769445.7311
  1133.242    8.7753    4.6715    3.7884   2049.1860    3.1919    13643420667.9561
  1149.902    8.8242    4.6990    3.8018   2051.8924    3.1861    13845231302.1222
  1166.562    8.8394    4.7031    3.8072   2054.2514    3.1805    14047176697.5668
  1183.222    8.8536    4.7070    3.8121   2056.5640    3.1751    14249037989.3292
  1199.882    8.8699    4.7116    3.8180   2058.8687    3.1698    14450841766.1116
  1216.542    8.8853    4.7158    3.8235   2061.1907    3.1648    14652615297.3012
  1233.203    8.9007    4.7201    3.8291   2063.5281    3.1601    14854361896.7531
  1249.863    8.9159    4.7244    3.8346   2065.8358    3.1555    15056094453.4749
  1266.523    8.9309    4.7286    3.8399   2068.1626    3.1512    15257821928.0723
  1283.183    8.9463    4.7329    3.8456   2070.4932    3.1471    15459563640.0508
  1299.843    8.9615    4.7373    3.8512   2072.8500    3.1433    15661339738.7921
  1316.503    8.9766    4.7416    3.8567   2075.1839    3.1397    15863161906.9883
  1333.163    8.9916    4.7459    3.8623   2077.5346    3.1364    16065045540.5473
  1349.824    9.0147    4.7553    3.8693   2081.0277    3.1334    16267045621.2413
  1366.484    9.0534    4.7747    3.8791   2086.3967    3.1307    16469290885.1458
  1383.144    9.0926    4.7946    3.8892   2091.8787    3.1281    16671876551.6164
  1399.804    9.1301    4.8137    3.8990   2097.4440    3.1259    16874818430.1441
  1416.464    9.1688    4.8337    3.9092   2103.0656    3.1239    17078136176.2441
  1433.124    9.2089    4.8551    3.9200   2108.6908    3.1221    17281870132.7449
  1449.784    9.2481    4.8760    3.9307   2114.5074    3.1207    17486048552.9540
  1466.444    9.2866    4.8966    3.9414   2120.6665    3.1195    17690687128.1373
  1483.105    9.3200    4.9143    3.9511   2125.6432    3.1186    17895779303.6026
  1499.765    9.3342    4.9187    3.9563   2127.8573    3.1181    18101201794.4346
  1516.425    9.3479    4.9231    3.9614   2130.0382    3.1180    18306858169.1291
  1533.085    9.3616    4.9276    3.9665   2132.2036    3.1184    18512771992.7817
  1549.745    9.3748    4.9318    3.9713   2134.3287    3.1191    18718964670.6526
  1549.745    5.0282    0.0000    3.9933         nan    3.1191    18718964670.6526
  1564.927    5.0408    0.0000    3.9983         nan    3.1200    18908188939.2153
  1580.110    5.0535    0.0000    4.0032         nan    3.1212    19097697315.5540
  1595.292    5.0662    0.0000    4.0082         nan    3.1228    19287513389.9645
  1610.474    5.0788    0.0000    4.0131         nan    3.1248    19477661703.5781
  1625.656    5.0910    0.0000    4.0179         nan    3.1272    19668163251.6693
  1640.839    5.1030    0.0000    4.0226         nan    3.1301    19859039142.3132
  1656.021    5.1151    0.0000    4.0273         nan    3.1335    20050316186.4529
  1671.203    5.1271    0.0000    4.0320         nan    3.1374    20242023326.0112
  1686.385    5.1388    0.0000    4.0366         nan    3.1417    20434187248.2534
  1686.385    5.2580    0.0000    6.3657         nan    3.1417    20434187248.2534
  1745.113    5.3299    0.0000    6.4071         nan    3.0442    21612517571.5646
  1803.842    5.3981    0.0000    6.4463         nan    2.9454    22761479657.4507
  1862.570    5.4625    0.0000    6.4836         nan    2.8455    23879788691.5519
  1921.298    5.5236    0.0000    6.5189         nan    2.7445    24966229394.9284
  1980.026    5.5813    0.0000    6.5525         nan    2.6425    26019652046.6363
  2038.754    5.6359    0.0000    6.5842         nan    2.5394    27038969102.9274
  2097.482    5.6875    0.0000    6.6143         nan    2.4355    28023152318.5358
  2156.210    5.7362    0.0000    6.6427         nan    2.3307    28971230304.6069
  2214.938    5.7821    0.0000    6.6695         nan    2.2250    29882286468.2229
  2273.666    5.8252    0.0000    6.6948         nan    2.1187    30755457296.0828
  2332.394    5.8658    0.0000    6.7186         nan    2.0116    31589930969.1232
  2391.122    5.9039    0.0000    6.7409         nan    1.9038    32384946307.7675
  2449.851    5.9394    0.0000    6.7618         nan    1.7955    33139792068.7397
  2508.579    5.9725    0.0000    6.7813         nan    1.6866    33853806650.3799
  2567.307    6.0033    0.0000    6.7994         nan    1.5772    34526378307.6139
  2626.035    6.0318    0.0000    6.8161         nan    1.4674    35156946053.9815
  2684.763    6.0580    0.0000    6.8316         nan    1.3572    35745001551.0105
  2743.491    6.0820    0.0000    6.8457         nan    1.2468    36290092509.7250
  2802.219    6.1037    0.0000    6.8586         nan    1.1363    36791828533.6248
  2860.947    6.1234    0.0000    6.8701         nan    1.0257    37249891121.6694
  2919.675    6.1408    0.0000    6.8805         nan    0.9154    37664051164.9705
  2978.403    6.1562    0.0000    6.8896         nan    0.8058    38034200803.0810
  3037.131    6.1695    0.0000    6.8974         nan    0.6975    38360414869.0800
  3095.860    6.1807    0.0000    6.9040         nan    0.5920    38643078983.0255
  3154.588    6.1898    0.0000    6.9095         nan    0.4926    38883185900.8469
  3213.316    6.1969    0.0000    6.9137         nan    0.4092    39083127006.7143
  3272.044    6.2020    0.0000    6.9167         nan    0.3813    39249300621.4476
  3330.772    6.2051    0.0000    6.9185         nan    0.7303    39404224946.5689
  3389.500    6.2061    0.0000    6.9191         nan    0.0000    39700983334.2401
