# Depth[km]  Vp[km/s]  Vs[km/s] Rho[g/cm3]    T[K]     g[m/s2]         P[Pa]        
     0.000    3.5156    2.0975    1.5853    273.1500    3.7291              0.0000
    10.496    3.5156    2.0975    1.5853    314.8405    3.7383       62048124.0626
    10.496    4.4652    2.6641    2.0135    314.8405    3.7383       62048124.0626
    29.874    4.4652    2.6641    2.0135    391.8179    3.7486      207908106.8052
    29.874    5.8639    3.4985    2.6442    391.8179    3.7486      207908106.8052
    48.552    5.8639    3.4985    2.6442    466.0129    3.7490      393041748.0305
    48.552    7.9973    4.5419    3.5193    466.0129    3.7490      393041748.0305
    58.449    7.9895    4.5321    3.5190    505.3279    3.7420      523616719.3267
    68.346    7.9814    4.5221    3.5187    544.6429    3.7350      653935979.1515
    78.243    7.9727    4.5117    3.5182    583.9578    3.7281      783997970.0164
    88.140    7.9637    4.5014    3.5177    623.2728    3.7212      913800753.1924
    98.037    7.9552    4.4914    3.5172    662.5878    3.7143     1043344929.8152
   107.934    7.9464    4.4812    3.5167    701.9028    3.7075     1172631665.1694
   117.831    7.9375    4.4711    3.5162    741.2178    3.7007     1301660760.4936
   127.728    7.9283    4.4609    3.5155    780.5328    3.6939     1430431239.7048
   137.625    7.9193    4.4508    3.5149    819.8478    3.6872     1558942934.4584
   147.522    7.9100    4.4408    3.5142    859.1628    3.6804     1687196434.0592
   157.419    7.9005    4.4306    3.5135    898.4778    3.6738     1815190531.2991
   167.316    7.8914    4.4206    3.5128    937.7928    3.6671     1942925765.0930
   177.213    7.8824    4.4108    3.5121    977.1077    3.6605     2070404196.4525
   187.110    7.8731    4.4009    3.5113   1016.4227    3.6539     2197626592.6812
   197.007    7.8636    4.3909    3.5105   1055.7377    3.6474     2324591212.8967
   206.904    7.8544    4.3811    3.5097   1095.0527    3.6409     2451298251.3598
   216.801    7.8450    4.3711    3.5088   1134.3677    3.6344     2577749785.6204
   226.698    7.8357    4.3613    3.5080   1173.6827    3.6280     2703946764.3771
   236.595    7.8261    4.3513    3.5071   1212.9977    3.6216     2829888756.1942
   246.492    7.8168    4.3416    3.5062   1252.3127    3.6152     2955576493.5473
   256.389    7.8071    4.3314    3.5053   1291.6277    3.6089     3081011689.8305
   266.286    7.7983    4.3219    3.5045   1330.9427    3.6026     3206196299.3253
   276.183    7.7896    4.3126    3.5035   1370.2577    3.5964     3331130240.6242
   286.080    7.7803    4.3027    3.5025   1409.5726    3.5902     3455813423.3268
   295.977    7.7721    4.2935    3.5016   1448.8876    3.5840     3580249041.5262
   305.875    7.7627    4.2838    3.5006   1488.2026    3.5779     3704437765.7341
   315.772    7.7533    4.2737    3.4996   1527.5176    3.5718     3828379645.8150
   325.669    7.7446    4.2644    3.4987   1566.8326    3.5658     3952076891.0066
   335.566    7.7354    4.2548    3.4977   1606.1476    3.5598     4075530888.8495
   345.463    7.7258    4.2450    3.4966   1645.4626    3.5539     4198740641.0548
   355.360    7.7172    4.2355    3.4957   1684.7776    3.5480     4321709526.1944
   365.257    7.7075    4.2256    3.4946   1724.0926    3.5422     4444439473.7261
   375.154    7.6980    4.2158    3.4935   1763.4076    3.5364     4566928735.3937
   385.051    7.6892    4.2062    3.4925   1802.7225    3.5306     4689180999.2277
   394.948    7.6800    4.1965    3.4914   1842.0375    3.5249     4811199034.4151
   404.845    7.6701    4.1865    3.4903   1881.3525    3.5192     4932981661.9928
   414.742    7.6605    4.1766    3.4892   1920.6675    3.5136     5054530264.8442
   424.639    7.6511    4.1668    3.4881   1959.9825    3.5081     5175846663.6462
   434.536    7.6415    4.1568    3.4870   1999.2975    3.5026     5296931963.4887
   444.433    7.6319    4.1469    3.4858   2038.6125    3.4971     5417787818.2252
   467.211    7.6602    4.1558    3.4941   2043.4062    3.4846     5695793839.7979
   489.990    7.6883    4.1646    3.5024   2048.0557    3.4722     5973467206.1190
   512.768    7.7159    4.1734    3.5106   2052.6378    3.4599     6250802154.5542
   535.546    7.7419    4.1814    3.5185   2057.0775    3.4477     6527789120.1723
   558.325    7.7674    4.1894    3.5265   2061.4376    3.4356     6804421584.9000
   581.103    7.7928    4.1973    3.5343   2065.6957    3.4235     7080697700.8708
   603.881    7.8180    4.2052    3.5421   2069.8914    3.4116     7356614024.5353
   626.660    7.8428    4.2130    3.5498   2074.0611    3.3998     7632171566.1709
   649.438    7.8671    4.2205    3.5575   2078.0369    3.3881     7907371019.3904
   672.216    7.8916    4.2282    3.5651   2082.0625    3.3765     8182212975.0142
   694.995    7.9154    4.2356    3.5727   2085.8686    3.3651     8456701425.4422
   717.773    7.9396    4.2433    3.5803   2089.7990    3.3538     8730844035.3533
   740.552    7.9634    4.2509    3.5879   2093.4977    3.3426     9004647920.6430
   763.330    7.9870    4.2583    3.5954   2097.1679    3.3317     9278116702.8963
   786.108    8.0117    4.2664    3.6032   2100.8701    3.3209     9551266493.6969
   808.887    8.0356    4.2741    3.6109   2104.4379    3.3102     9824114881.1030
   831.665    8.0595    4.2818    3.6186   2107.9861    3.2998    10096671579.9350
   854.443    8.0840    4.2901    3.6264   2111.4014    3.2895    10368951140.1011
   877.222    8.1094    4.2987    3.6346   2114.9429    3.2794    10640981831.7663
   900.000    8.1348    4.3076    3.6427   2118.2982    3.2696    10912788565.1647
   917.067    8.1545    4.3145    3.6490   2120.8211    3.2623    11116238809.7842
   934.135    8.1744    4.3216    3.6555   2123.3181    3.2552    11319592705.8623
   951.202    8.1952    4.3293    3.6623   2125.8204    3.2482    11522869814.5387
   968.269    8.2162    4.3373    3.6690   2128.2684    3.2413    11726084440.2032
   985.337    8.2387    4.3460    3.6763   2130.8398    3.2345    11929257044.1755
  1002.404    8.2635    4.3562    3.6844   2133.3402    3.2279    12132430910.6297
  1019.472    8.2820    4.3625    3.6909   2136.0211    3.2214    12335589031.3905
  1036.539    8.2998    4.3684    3.6974   2138.6673    3.2150    12538692698.4051
  1053.606    8.3194    4.3752    3.7044   2141.4479    3.2088    12741764465.3732
  1070.674    8.3374    4.3814    3.7108   2144.0550    3.2027    12944811555.3132
  1087.741    8.3527    4.3861    3.7162   2146.3793    3.1968    13147799576.1923
  1104.808    8.3718    4.3934    3.7233   2148.3131    3.1911    13350755415.4502
  1121.876    8.3948    4.4033    3.7319   2149.6378    3.1856    13553775617.2976
  1138.943    8.4697    4.4477    3.7539   2156.5776    3.1801    13757274839.9633
  1156.011    8.6273    4.5473    3.7960   2172.2232    3.1744    13962163355.3392
  1173.078    8.8177    4.6690    3.8452   2192.5407    3.1684    14169161541.6552
  1190.145    8.8789    4.7046    3.8616   2194.6038    3.1622    14377538742.0589
  1207.213    8.8933    4.7088    3.8669   2196.6909    3.1561    14586091862.3455
  1224.280    8.9074    4.7129    3.8722   2198.8889    3.1502    14794528799.9818
  1241.347    8.9222    4.7173    3.8779   2200.8720    3.1446    15002874355.8577
  1258.415    8.9358    4.7214    3.8830   2202.9266    3.1391    15211136712.9778
  1275.482    8.9496    4.7254    3.8884   2204.8200    3.1340    15419319225.7775
  1292.550    8.9627    4.7290    3.8937   2206.5419    3.1290    15627443259.5929
  1309.617    8.9769    4.7335    3.8992   2208.2065    3.1244    15835528766.1915
  1326.684    8.9899    4.7371    3.9045   2209.8331    3.1200    16043591269.1275
  1343.752    9.0024    4.7404    3.9098   2211.3784    3.1158    16251643680.2694
  1360.819    9.0156    4.7442    3.9154   2212.8563    3.1120    16459711914.4851
  1377.886    9.0279    4.7475    3.9207   2214.2826    3.1085    16667814190.6910
  1394.954    9.0401    4.7508    3.9261   2215.3493    3.1052    16875965175.8040
  1412.021    9.0525    4.7543    3.9315   2216.5959    3.1024    17084185550.0690
  1429.088    9.0648    4.7579    3.9367   2217.5867    3.0998    17292491025.6196
  1446.156    9.0765    4.7602    3.9431   2218.8237    3.0976    17500932402.6049
  1463.223    9.1113    4.7782    3.9532   2222.6025    3.0957    17709661162.7503
  1480.291    9.1515    4.7997    3.9647   2227.1376    3.0941    17918833753.8924
  1497.358    9.1920    4.8216    3.9768   2231.5442    3.0928    18128523126.4098
  1514.425    9.2315    4.8432    3.9888   2236.0292    3.0919    18338761669.5199
  1531.493    9.2724    4.8659    4.0019   2240.7774    3.0912    18549597016.8171
  1548.560    9.2932    4.8756    4.0091   2243.2771    3.0909    18760923622.2361
  1565.627    9.3072    4.8813    4.0137   2245.5233    3.0911    18972542039.1037
  1565.627    4.7723    0.0000    4.0244         nan    3.0911    18972542039.1037
  1581.243    4.7855    0.0000    4.0301         nan    3.0915    19166930354.6694
  1596.858    4.7987    0.0000    4.0358         nan    3.0923    19361620246.9154
  1612.474    4.8119    0.0000    4.0415         nan    3.0935    19556636827.2751
  1628.089    4.8251    0.0000    4.0472         nan    3.0952    19752006281.7180
  1643.705    4.8376    0.0000    4.0526         nan    3.0973    19947749562.0542
  1659.320    4.8502    0.0000    4.0581         nan    3.0999    20143888711.3297
  1674.935    4.8627    0.0000    4.0635         nan    3.1029    20340453464.7622
  1690.551    4.8753    0.0000    4.0689         nan    3.1065    20537475025.5076
  1706.166    4.8872    0.0000    4.0741         nan    3.1106    20734979979.9267
  1706.166    5.1481    0.0000    6.3731         nan    3.1106    20734979979.9267
  1764.212    5.2240    0.0000    6.4153         nan    3.0142    21889480318.5617
  1822.258    5.2957    0.0000    6.4553         nan    2.9165    23015398529.4997
  1880.304    5.3635    0.0000    6.4932         nan    2.8177    24111440585.8399
  1938.350    5.4276    0.0000    6.5291         nan    2.7178    25176386071.3178
  1996.396    5.4881    0.0000    6.5631         nan    2.6168    26209083471.1495
  2054.442    5.5452    0.0000    6.5953         nan    2.5149    27208446204.4536
  2112.488    5.5992    0.0000    6.6257         nan    2.4120    28173449277.1730
  2170.534    5.6500    0.0000    6.6545         nan    2.3083    29103126461.7839
  2228.580    5.6979    0.0000    6.6815         nan    2.2038    29996567938.6972
  2286.626    5.7430    0.0000    6.7071         nan    2.0985    30852918356.9388
  2344.672    5.7852    0.0000    6.7310         nan    1.9926    31671375292.4901
  2402.718    5.8248    0.0000    6.7535         nan    1.8859    32451188106.8328
  2460.764    5.8618    0.0000    6.7746         nan    1.7787    33191657235.5789
  2518.810    5.8963    0.0000    6.7942         nan    1.6710    33892133980.2532
  2576.856    5.9283    0.0000    6.8124         nan    1.5628    34552020933.6751
  2634.902    5.9579    0.0000    6.8293         nan    1.4542    35170773263.6825
  2692.948    5.9851    0.0000    6.8448         nan    1.3453    35747901243.2402
  2750.994    6.0100    0.0000    6.8590         nan    1.2362    36282974692.8456
  2809.040    6.0326    0.0000    6.8719         nan    1.1271    36775630521.0883
  2867.086    6.0530    0.0000    6.8835         nan    1.0180    37225585553.4635
  2925.132    6.0711    0.0000    6.8939         nan    0.9094    37632658895.4201
  2983.178    6.0870    0.0000    6.9030         nan    0.8017    37996812575.6694
  3041.224    6.1008    0.0000    6.9109         nan    0.6958    38318229866.9089
  3099.270    6.1124    0.0000    6.9175         nan    0.5935    38597478486.3157
  3157.316    6.1219    0.0000    6.9229         nan    0.4992    38835888089.3662
  3215.362    6.1293    0.0000    6.9272         nan    0.4255    39036558403.3510
  3273.408    6.1345    0.0000    6.9302         nan    0.4233    39207681369.2865
  3331.454    6.1377    0.0000    6.9320         nan    0.9057    39377969000.0949
  3389.500    6.1387    0.0000    6.9326         nan    0.0000    39742418339.8473
