# Depth[km]  Vp[km/s]  Vs[km/s] Rho[g/cm3]    T[K]     g[m/s2]         P[Pa]        
     0.000    3.8601    2.3148    1.7363    273.1500    3.7291              0.0000
    10.452    3.8601    2.3148    1.7363    314.0296    3.7369       67673033.5953
    10.452    4.6468    2.7865    2.0901    314.0296    3.7369       67673033.5953
    29.515    4.6468    2.7865    2.0901    388.5983    3.7458      216570734.0731
    29.515    6.1600    3.6939    2.7707    388.5983    3.7458      216570734.0731
    49.187    6.1600    3.6939    2.7707    465.5451    3.7441      420736429.6058
    49.187    7.9578    4.5327    3.5037    465.5451    3.7441      420736429.6058
    58.947    7.9505    4.5234    3.5036    503.7240    3.7373      548775126.8063
    68.708    7.9429    4.5140    3.5034    541.9028    3.7305      676575239.5326
    78.468    7.9349    4.5044    3.5031    580.0817    3.7238      804135407.5091
    88.229    7.9264    4.4945    3.5027    618.2606    3.7171      931452965.3180
    97.989    7.9180    4.4849    3.5024    656.4394    3.7104     1058527907.7429
   107.750    7.9096    4.4752    3.5020    694.6183    3.7038     1185362147.0658
   117.510    7.9013    4.4657    3.5017    732.7971    3.6971     1311955905.0478
   127.271    7.8921    4.4557    3.5011    770.9760    3.6906     1438307047.8202
   137.031    7.8837    4.4461    3.5007    809.1549    3.6840     1564415896.5248
   146.791    7.8743    4.4362    3.5001    847.3337    3.6775     1690282509.2237
   156.552    7.8651    4.4264    3.4995    885.5126    3.6710     1815904586.4552
   166.312    7.8563    4.4168    3.4990    923.6915    3.6645     1941284539.7287
   176.073    7.8468    4.4069    3.4983    961.8703    3.6581     2066421963.3983
   185.833    7.8377    4.3973    3.4977   1000.0492    3.6517     2191316497.8410
   195.594    7.8285    4.3875    3.4970   1038.2281    3.6453     2315969447.2524
   205.354    7.8186    4.3776    3.4963   1076.4069    3.6390     2440379274.5048
   215.115    7.8089    4.3677    3.4955   1114.5858    3.6327     2564545820.5556
   224.875    7.7997    4.3580    3.4948   1152.7647    3.6264     2688471715.2522
   234.636    7.7905    4.3484    3.4941   1190.9435    3.6202     2812158596.2206
   244.396    7.7811    4.3387    3.4933   1229.1224    3.6140     2935606459.1600
   254.156    7.7701    4.3283    3.4922   1267.3012    3.6079     3058811455.7130
   263.917    7.7622    4.3193    3.4917   1305.4801    3.6018     3181778618.8221
   273.677    7.7535    4.3100    3.4909   1343.6590    3.5957     3304513759.9950
   283.438    7.7436    4.3001    3.4899   1381.8378    3.5897     3427011166.1816
   293.198    7.7350    4.2909    3.4891   1420.0167    3.5837     3549271765.3498
   302.959    7.7258    4.2814    3.4882   1458.1956    3.5777     3671299166.9417
   312.719    7.7169    4.2720    3.4874   1496.3744    3.5718     3793093997.0132
   322.480    7.7074    4.2624    3.4864   1534.5533    3.5659     3914655716.6222
   332.240    7.6979    4.2527    3.4855   1572.7322    3.5601     4035985662.4855
   342.001    7.6881    4.2430    3.4845   1610.9110    3.5543     4157084562.3560
   351.761    7.6789    4.2334    3.4836   1649.0899    3.5486     4277953912.8600
   361.521    7.6689    4.2236    3.4826   1687.2687    3.5429     4398594310.0281
   371.282    7.6598    4.2141    3.4817   1725.4476    3.5373     4519008434.5615
   381.042    7.6505    4.2045    3.4807   1763.6265    3.5317     4639199130.1713
   390.803    7.6402    4.1945    3.4797   1801.8053    3.5261     4759165087.2310
   400.563    7.6309    4.1849    3.4788   1839.9842    3.5206     4878909549.5347
   410.324    7.6207    4.1750    3.4778   1878.1631    3.5151     4998432970.5283
   420.084    7.6109    4.1653    3.4768   1916.3419    3.5097     5117736315.6219
   429.845    7.6013    4.1553    3.4758   1954.5208    3.5044     5236822617.2013
   439.605    7.5914    4.1457    3.4748   1992.6997    3.4991     5355692503.0170
   462.625    7.6228    4.1549    3.4835   1997.5361    3.4866     5635928492.5078
   485.645    7.6527    4.1638    3.4919   2002.1767    3.4742     5915856175.2514
   508.664    7.6826    4.1726    3.5004   2006.8276    3.4619     6195467460.2532
   531.684    7.7112    4.1810    3.5086   2011.2184    3.4497     6474754474.1854
   554.704    7.7389    4.1892    3.5167   2015.5350    3.4376     6753700633.4055
   577.724    7.7665    4.1974    3.5247   2019.8316    3.4256     7032303974.4718
   600.743    7.7933    4.2053    3.5327   2023.9964    3.4137     7310566299.2559
   623.763    7.8197    4.2130    3.5405   2028.0082    3.4019     7588481154.2452
   646.783    7.8458    4.2208    3.5483   2031.9762    3.3902     7866045336.9295
   669.803    7.8714    4.2283    3.5560   2035.9519    3.3787     8143263087.4341
   692.822    7.8972    4.2360    3.5637   2039.7846    3.3673     8420138512.5137
   715.842    7.9223    4.2435    3.5714   2043.5202    3.3561     8696674771.2922
   738.862    7.9470    4.2507    3.5789   2047.1769    3.3450     8972875911.2591
   761.882    7.9725    4.2586    3.5866   2050.8969    3.3341     9248753529.9145
   784.901    7.9974    4.2661    3.5942   2054.4339    3.3233     9524317847.8335
   807.921    8.0224    4.2738    3.6019   2057.9489    3.3128     9799577482.3536
   830.941    8.0470    4.2813    3.6095   2061.3493    3.3024    10074545906.2102
   853.961    8.0731    4.2898    3.6173   2064.7741    3.2922    10349241234.1957
   876.980    8.0981    4.2976    3.6252   2068.1670    3.2823    10623686628.7282
   900.000    8.1241    4.3061    3.6333   2071.4281    3.2725    10897905999.6943
   916.859    8.1431    4.3123    3.6393   2073.8645    3.2656    11098523077.4421
   933.717    8.1629    4.3192    3.6454   2076.1997    3.2587    11299044852.7542
   950.576    8.1836    4.3264    3.6518   2078.5572    3.2520    11499488963.8437
   967.435    8.2042    4.3338    3.6584   2081.0075    3.2453    11699874599.7317
   984.293    8.2248    4.3412    3.6649   2083.3400    3.2389    11900210830.8845
  1001.152    8.2489    4.3506    3.6725   2085.7518    3.2325    12100531710.5208
  1018.010    8.2725    4.3599    3.6800   2088.2055    3.2263    12300871392.5962
  1034.869    8.2992    4.3710    3.6886   2090.8070    3.2202    12501261262.9750
  1051.728    8.3163    4.3763    3.6943   2092.9350    3.2142    12701659139.5696
  1068.586    8.3332    4.3818    3.6999   2095.0951    3.2084    12901992358.0794
  1085.445    8.3502    4.3872    3.7057   2097.2356    3.2028    13102272415.0757
  1102.304    8.3670    4.3927    3.7113   2099.3598    3.1974    13302510900.6080
  1119.162    8.4254    4.4259    3.7281   2105.2645    3.1920    13503013445.7330
  1136.021    8.5801    4.5236    3.7696   2120.4738    3.1866    13704750872.5632
  1152.879    8.7640    4.6408    3.8175   2140.7017    3.1807    13908544483.4597
  1169.738    8.8581    4.6988    3.8419   2144.7064    3.1747    14113902709.7374
  1186.597    8.8736    4.7035    3.8472   2146.9943    3.1687    14319664422.4500
  1203.455    8.8899    4.7079    3.8536   2149.7818    3.1629    14525349654.0118
  1220.314    8.9052    4.7124    3.8591   2152.2453    3.1573    14730976365.6742
  1237.173    8.9204    4.7170    3.8646   2154.6682    3.1519    14936532029.5615
  1254.031    8.9354    4.7216    3.8700   2157.0871    3.1467    15142026018.5825
  1270.890    8.9495    4.7261    3.8748   2159.3719    3.1418    15347456597.5830
  1287.748    8.9648    4.7307    3.8805   2161.8649    3.1372    15552845567.0204
  1304.607    8.9788    4.7353    3.8853   2164.0766    3.1328    15758206965.7594
  1321.466    8.9939    4.7400    3.8909   2166.5169    3.1286    15963554748.6305
  1338.324    9.0079    4.7444    3.8961   2169.0261    3.1247    16168915477.3056
  1355.183    9.0212    4.7489    3.9007   2171.1970    3.1212    16374278689.9512
  1372.042    9.0355    4.7536    3.9059   2173.5356    3.1179    16579663565.0179
  1388.900    9.0495    4.7581    3.9108   2175.7125    3.1149    16785098530.1572
  1405.759    9.0756    4.7709    3.9176   2179.3384    3.1123    16990645313.4459
  1422.617    9.1158    4.7917    3.9281   2185.6006    3.1099    17196473376.8338
  1439.476    9.1561    4.8139    3.9379   2191.3694    3.1078    17402677837.1251
  1456.335    9.1938    4.8346    3.9472   2197.0101    3.1061    17609242151.8183
  1473.193    9.2342    4.8573    3.9573   2202.8817    3.1046    17816195706.7776
  1490.052    9.2762    4.8802    3.9688   2209.1341    3.1034    18023616465.3688
  1506.911    9.3169    4.9035    3.9795   2215.4483    3.1025    18231539867.3462
  1523.769    9.3559    4.9258    3.9902   2222.3662    3.1020    18439965008.7178
  1540.628    9.3752    4.9348    3.9960   2224.5624    3.1018    18648785168.6783
  1557.486    9.3876    4.9392    4.0004   2226.6017    3.1021    18857861273.0514
  1557.486    4.7089    0.0000    4.0294         nan    3.1021    18857861273.0514
  1572.372    4.7217    0.0000    4.0350         nan    3.1024    19044061652.0226
  1587.258    4.7345    0.0000    4.0407         nan    3.1030    19230538657.5657
  1602.144    4.7474    0.0000    4.0463         nan    3.1040    19417313617.1736
  1617.030    4.7602    0.0000    4.0519         nan    3.1054    19604408730.9691
  1631.916    4.7726    0.0000    4.0574         nan    3.1072    19791842395.9062
  1646.802    4.7848    0.0000    4.0627         nan    3.1094    19979632507.3932
  1661.688    4.7970    0.0000    4.0681         nan    3.1120    20167802760.3626
  1676.574    4.8092    0.0000    4.0734         nan    3.1150    20356379427.7214
  1691.459    4.8211    0.0000    4.0787         nan    3.1186    20545386786.2064
  1691.459    5.1195    0.0000    6.3295         nan    3.1186    20545386786.2064
  1750.013    5.2005    0.0000    6.3723         nan    3.0221    21705069632.2612
  1808.566    5.2769    0.0000    6.4128         nan    2.9244    22836270738.3015
  1867.119    5.3490    0.0000    6.4512         nan    2.8255    23937652978.5763
  1925.672    5.4170    0.0000    6.4874         nan    2.7255    25007959260.0573
  1984.225    5.4812    0.0000    6.5217         nan    2.6244    26046006911.7260
  2042.778    5.5417    0.0000    6.5541         nan    2.5224    27050683010.9173
  2101.331    5.5988    0.0000    6.5847         nan    2.4194    28020940492.2511
  2159.884    5.6525    0.0000    6.6136         nan    2.3155    28955794919.9630
  2218.438    5.7031    0.0000    6.6408         nan    2.2109    29854321842.2863
  2276.991    5.7506    0.0000    6.6664         nan    2.1055    30715654686.3459
  2335.544    5.7952    0.0000    6.6904         nan    1.9994    31538983169.5884
  2394.097    5.8369    0.0000    6.7129         nan    1.8927    32323552248.5128
  2452.650    5.8759    0.0000    6.7340         nan    1.7854    33068661669.3381
  2511.203    5.9122    0.0000    6.7536         nan    1.6777    33773666239.8714
  2569.756    5.9458    0.0000    6.7718         nan    1.5695    34437977040.9052
  2628.309    5.9769    0.0000    6.7886         nan    1.4610    35061063944.0181
  2686.863    6.0055    0.0000    6.8041         nan    1.3523    35642460053.7134
  2745.416    6.0317    0.0000    6.8183         nan    1.2435    36181769139.7048
  2803.969    6.0554    0.0000    6.8312         nan    1.1348    36678677946.3181
  2862.522    6.0768    0.0000    6.8428         nan    1.0266    37132976859.4039
  2921.075    6.0958    0.0000    6.8532         nan    0.9191    37544595677.1235
  2979.628    6.1126    0.0000    6.8622         nan    0.8133    37913668373.7043
  3038.181    6.1270    0.0000    6.8701         nan    0.7105    38240657657.5931
  3096.734    6.1392    0.0000    6.8767         nan    0.6136    38526614274.0858
  3155.288    6.1491    0.0000    6.8821         nan    0.5294    38773776537.0513
  3213.841    6.1569    0.0000    6.8863         nan    0.4778    38987171165.8753
  3272.394    6.1624    0.0000    6.8893         nan    0.5396    39179888281.0723
  3330.947    6.1657    0.0000    6.8911         nan    1.3688    39397577829.1269
  3389.500    6.1668    0.0000    6.8917         nan    0.0000    39949895159.5398
