# Depth[km]  Vp[km/s]  Vs[km/s] Rho[g/cm3]    T[K]     g[m/s2]         P[Pa]        
     0.000    4.2587    2.5390    1.9103    273.1500    3.7291              0.0000
    13.609    4.2587    2.5390    1.9103    329.8635    3.7373       96945090.6676
    13.609    4.7355    2.8233    2.1241    329.8635    3.7373       96945090.6676
    27.876    4.7355    2.8233    2.1241    389.3206    3.7436      210200407.5652
    27.876    5.2461    3.1277    2.3532    389.3206    3.7436      210200407.5652
    45.252    5.2461    3.1277    2.3532    461.7402    3.7481      363276299.9824
    45.252    7.9956    4.5422    3.5186    461.7402    3.7481      363276299.9824
    54.801    7.9870    4.5320    3.5181    501.5363    3.7413      489197662.4179
    64.350    7.9782    4.5217    3.5176    541.3325    3.7346      614873889.1986
    73.899    7.9690    4.5112    3.5170    581.1287    3.7279      740303735.4509
    83.448    7.9593    4.5005    3.5162    620.9248    3.7212      865484826.5827
    92.997    7.9499    4.4900    3.5156    660.7210    3.7146      990417419.9912
   102.545    7.9404    4.4796    3.5149    700.5171    3.7080     1115102959.9325
   112.094    7.9305    4.4690    3.5141    740.3133    3.7014     1239539695.0502
   121.643    7.9209    4.4586    3.5133    780.1094    3.6948     1363727920.6354
   131.192    7.9109    4.4482    3.5125    819.9056    3.6883     1487667878.6269
   140.741    7.9013    4.4379    3.5117    859.7018    3.6818     1611360020.8917
   150.290    7.8911    4.4273    3.5108    899.4979    3.6753     1734804349.5525
   159.839    7.8810    4.4170    3.5099    939.2941    3.6689     1857999293.3548
   169.387    7.8710    4.4068    3.5089    979.0902    3.6625     1980945961.3649
   178.936    7.8607    4.3964    3.5079   1018.8864    3.6561     2103644264.6063
   188.485    7.8511    4.3864    3.5070   1058.6826    3.6498     2226094969.2319
   198.034    7.8408    4.3761    3.5059   1098.4787    3.6435     2348298800.4460
   207.583    7.8303    4.3656    3.5048   1138.2749    3.6372     2470255133.5387
   217.132    7.8202    4.3554    3.5038   1178.0710    3.6310     2591965521.7832
   226.681    7.8101    4.3452    3.5027   1217.8672    3.6248     2713430779.0254
   236.230    7.8000    4.3351    3.5016   1257.6633    3.6187     2834651240.2386
   245.778    7.7897    4.3248    3.5006   1297.4595    3.6126     2955629182.1749
   255.327    7.7794    4.3146    3.4994   1337.2557    3.6065     3076364522.6430
   264.876    7.7705    4.3051    3.4983   1377.0518    3.6005     3196857545.6658
   274.425    7.7604    4.2950    3.4971   1416.8480    3.5945     3317109285.5592
   283.974    7.7510    4.2852    3.4960   1456.6441    3.5885     3437121938.5485
   293.523    7.7410    4.2751    3.4947   1496.4403    3.5826     3556895898.0972
   303.072    7.7309    4.2650    3.4935   1536.2364    3.5768     3676429920.8511
   312.621    7.7207    4.2549    3.4923   1576.0326    3.5709     3795727092.9356
   322.169    7.7112    4.2451    3.4911   1615.8288    3.5652     3914789792.9943
   331.718    7.7007    4.2349    3.4899   1655.6249    3.5594     4033617846.9611
   341.267    7.6907    4.2248    3.4887   1695.4211    3.5537     4152212213.7337
   350.816    7.6801    4.2142    3.4873   1735.2172    3.5481     4270572783.3458
   360.365    7.6708    4.2046    3.4862   1775.0134    3.5425     4388702868.2860
   369.914    7.6604    4.1944    3.4849   1814.8095    3.5369     4506605267.1106
   379.463    7.6497    4.1840    3.4835   1854.6057    3.5314     4624278015.3207
   389.011    7.6398    4.1740    3.4822   1894.4019    3.5259     4741723088.7378
   398.560    7.6292    4.1636    3.4809   1934.1980    3.5205     4858942076.9794
   408.109    7.6182    4.1531    3.4795   1973.9942    3.5151     4975934124.7693
   417.658    7.6074    4.1426    3.4780   2013.7903    3.5098     5092699455.9046
   427.207    7.5977    4.1326    3.4767   2053.5865    3.5045     5209242094.4126
   450.847    7.6286    4.1424    3.4856   2058.7572    3.4915     5497640652.0691
   474.486    7.6577    4.1515    3.4943   2063.7564    3.4786     5785695042.6337
   498.126    7.6867    4.1606    3.5028   2068.6325    3.4658     6073391840.0030
   521.766    7.7152    4.1697    3.5113   2073.4220    3.4531     6360726890.0203
   545.405    7.7424    4.1782    3.5195   2078.0484    3.4404     6647690217.6317
   569.045    7.7688    4.1864    3.5278   2082.5718    3.4279     6934272727.7804
   592.685    7.7948    4.1944    3.5359   2087.0468    3.4155     7220471593.6538
   616.324    7.8210    4.2026    3.5440   2091.4455    3.4032     7506287030.3423
   639.964    7.8468    4.2107    3.5520   2095.7744    3.3910     7791721446.9688
   663.603    7.8717    4.2185    3.5599   2099.8913    3.3789     8076770767.8711
   687.243    7.8971    4.2264    3.5679   2104.0924    3.3670     8361441441.2356
   710.883    7.9219    4.2343    3.5757   2108.0573    3.3553     8645740722.0607
   734.522    7.9471    4.2422    3.5836   2112.1087    3.3437     8929673821.7460
   758.162    7.9719    4.2500    3.5916   2116.0256    3.3323     9213253398.3158
   781.802    7.9972    4.2582    3.5996   2119.9631    3.3210     9496491457.4632
   805.441    8.0219    4.2662    3.6075   2123.6656    3.3100     9779399219.6122
   829.081    8.0471    4.2745    3.6155   2127.3615    3.2991    10061989626.6659
   852.721    8.0719    4.2825    3.6236   2131.0575    3.2884    10344278219.5535
   876.360    8.0985    4.2916    3.6321   2134.7531    3.2780    10626297716.6831
   900.000    8.1253    4.3011    3.6406   2138.2948    3.2678    10908081498.6369
   916.920    8.1446    4.3078    3.6469   2140.8360    3.2606    11109543276.1195
   933.840    8.1645    4.3150    3.6533   2143.3334    3.2535    11310910145.1213
   950.759    8.1850    4.3226    3.6599   2145.8256    3.2465    11512200463.9844
   967.679    8.2062    4.3307    3.6668   2148.3229    3.2397    11713431334.6076
   984.599    8.2286    4.3393    3.6740   2150.8354    3.2330    11914624777.2081
  1001.519    8.2524    4.3489    3.6818   2153.4073    3.2264    12115813217.7266
  1018.439    8.2706    4.3550    3.6882   2156.0948    3.2200    12316979240.1549
  1035.358    8.2880    4.3606    3.6944   2158.6566    3.2137    12518087276.6462
  1052.278    8.3079    4.3677    3.7016   2161.5233    3.2075    12719164989.4453
  1069.198    8.3261    4.3740    3.7081   2164.1826    3.2015    12920227346.9079
  1086.118    8.3420    4.3791    3.7138   2166.5816    3.1956    13121242544.9268
  1103.038    8.3623    4.3873    3.7212   2168.3303    3.1900    13322246182.2813
  1119.957    8.3859    4.3975    3.7302   2169.4877    3.1844    13523337036.5114
  1136.877    8.4095    4.4078    3.7391   2170.8744    3.1791    13724561722.2739
  1153.797    8.5473    4.4942    3.7766   2184.4555    3.1736    13926693579.5472
  1170.717    8.7157    4.6010    3.8210   2204.0621    3.1679    14130678591.1535
  1187.637    8.8633    4.6943    3.8587   2213.0258    3.1619    14336495118.0330
  1204.557    8.8789    4.6993    3.8643   2215.3394    3.1558    14543076910.0629
  1221.476    8.8931    4.7035    3.8695   2217.4263    3.1499    14749552311.8377
  1238.396    8.9073    4.7077    3.8749   2219.4150    3.1443    14955927374.4264
  1255.316    8.9212    4.7116    3.8804   2221.4406    3.1389    15162220850.5872
  1272.236    8.9347    4.7155    3.8857   2223.2843    3.1337    15368445040.6371
  1289.156    8.9482    4.7193    3.8910   2225.1061    3.1288    15574610433.8517
  1306.075    8.9619    4.7233    3.8965   2226.7973    3.1241    15780739689.4184
  1322.995    8.9748    4.7269    3.9019   2228.5001    3.1197    15986848468.0025
  1339.915    8.9877    4.7305    3.9072   2229.8823    3.1155    16192946596.0995
  1356.835    9.0004    4.7340    3.9125   2231.5305    3.1117    16399052167.7021
  1373.755    9.0135    4.7377    3.9183   2232.7427    3.1081    16605193325.4265
  1390.674    9.0258    4.7409    3.9238   2234.0433    3.1048    16811394503.7481
  1407.594    9.0382    4.7443    3.9294   2235.2335    3.1019    17017670557.1521
  1424.514    9.0505    4.7479    3.9345   2236.2870    3.0992    17224028854.8111
  1441.434    9.0623    4.7512    3.9399   2237.1029    3.0969    17430487885.0451
  1458.354    9.0740    4.7535    3.9463   2238.3701    3.0950    17637104051.7323
  1475.273    9.1119    4.7734    3.9573   2242.5637    3.0934    17844047213.8505
  1492.193    9.1529    4.7955    3.9691   2246.7624    3.0920    18051480569.9604
  1509.113    9.1928    4.8170    3.9814   2251.2581    3.0910    18259455009.4139
  1526.033    9.2324    4.8386    3.9939   2255.4921    3.0903    18468006397.1440
  1542.953    9.2687    4.8585    4.0055   2259.6904    3.0899    18677139848.0830
  1559.872    9.2824    4.8638    4.0104   2261.7482    3.0899    18886679774.1174
  1559.872    5.1946    0.0000    4.0612         nan    3.0899    18886679774.1174
  1578.793    5.2031    0.0000    4.0672         nan    3.0897    19124285532.7743
  1597.714    5.2117    0.0000    4.0731         nan    3.0900    19362220359.5652
  1616.634    5.2202    0.0000    4.0791         nan    3.0909    19600528978.9993
  1635.555    5.2285    0.0000    4.0849         nan    3.0925    19839253970.0265
  1654.476    5.2366    0.0000    4.0907         nan    3.0947    20078438177.7938
  1673.396    5.2448    0.0000    4.0964         nan    3.0977    20318131540.5703
  1692.317    5.2528    0.0000    4.1021         nan    3.1013    20558386763.9900
  1711.238    5.2606    0.0000    4.1076         nan    3.1058    20799255010.7325
  1730.158    5.2684    0.0000    4.1131         nan    3.1110    21040792733.4074
  1730.158    5.1357    0.0000    6.4682         nan    3.1110    21040792733.4074
  1787.377    5.2099    0.0000    6.5107         nan    3.0145    22195968786.2839
  1844.596    5.2801    0.0000    6.5509         nan    2.9168    23322449542.5034
  1901.814    5.3465    0.0000    6.5891         nan    2.8179    24418953999.3628
  1959.033    5.4092    0.0000    6.6252         nan    2.7179    25484273148.2578
  2016.252    5.4685    0.0000    6.6595         nan    2.6169    26517265483.7837
  2073.470    5.5245    0.0000    6.6919         nan    2.5149    27516853207.5354
  2130.689    5.5774    0.0000    6.7226         nan    2.4120    28482019013.5765
  2187.908    5.6273    0.0000    6.7515         nan    2.3082    29411803373.7261
  2245.126    5.6743    0.0000    6.7789         nan    2.2036    30305302255.2089
  2302.345    5.7185    0.0000    6.8046         nan    2.0983    31161665233.6791
  2359.564    5.7600    0.0000    6.8288         nan    1.9923    31980093978.2618
  2416.782    5.7989    0.0000    6.8515         nan    1.8856    32759841107.6715
  2474.001    5.8352    0.0000    6.8727         nan    1.7784    33500209445.1433
  2531.220    5.8691    0.0000    6.8925         nan    1.6706    34200551732.8257
  2588.438    5.9005    0.0000    6.9109         nan    1.5623    34860270921.4725
  2645.657    5.9295    0.0000    6.9279         nan    1.4537    35478821235.8315
  2702.876    5.9563    0.0000    6.9436         nan    1.3447    36055710359.6697
  2760.095    5.9807    0.0000    6.9579         nan    1.2355    36590503333.2234
  2817.313    6.0029    0.0000    6.9709         nan    1.1262    37082829219.8349
  2874.532    6.0229    0.0000    6.9827         nan    1.0169    37532392493.9223
  2931.751    6.0408    0.0000    6.9931         nan    0.9080    37938992935.1783
  2988.969    6.0564    0.0000    7.0023         nan    0.7999    38302561826.3015
  3046.188    6.0699    0.0000    7.0103         nan    0.6934    38623231747.7466
  3103.407    6.0814    0.0000    7.0170         nan    0.5900    38901482053.3591
  3160.625    6.0907    0.0000    7.0225         nan    0.4938    39138475408.1099
  3217.844    6.0979    0.0000    7.0268         nan    0.4159    39336956590.0302
  3275.063    6.1031    0.0000    7.0298         nan    0.4018    39504214398.9406
  3332.281    6.1062    0.0000    7.0316         nan    0.8198    39665836676.2811
  3389.500    6.1072    0.0000    7.0322         nan    0.0000    39995670139.0112
