# Depth[km]  Vp[km/s]  Vs[km/s] Rho[g/cm3]    T[K]     g[m/s2]         P[Pa]        
     0.000    3.5166    2.0945    1.6668    273.1500    3.7291              0.0000
    10.851    3.5166    2.0945    1.6668    313.7955    3.7379       67445643.2312
    10.851    4.6991    2.7988    2.2273    313.7955    3.7379       67445643.2312
    25.786    4.6991    2.7988    2.2273    369.7416    3.7431      191778745.1215
    25.786    6.3526    3.7837    3.0110    369.7416    3.7431      191778745.1215
    44.613    6.3526    3.7837    3.0110    440.2693    3.7375      403967630.3081
    44.613    7.8418    4.4847    3.4772    440.2693    3.7375      403967630.3081
    54.469    7.8378    4.4780    3.4776    477.1941    3.7308      532076421.4665
    64.326    7.8332    4.4711    3.4779    514.1189    3.7241      659968293.0723
    74.183    7.8284    4.4640    3.4782    551.0438    3.7175      787641348.8933
    84.040    7.8231    4.4565    3.4783    587.9686    3.7108      915093319.2109
    93.897    7.8178    4.4491    3.4785    624.8934    3.7042     1042323404.5556
   103.754    7.8113    4.4412    3.4784    661.8183    3.6977     1169327910.1570
   113.611    7.8057    4.4336    3.4784    698.7431    3.6911     1296105267.6698
   123.468    7.7999    4.4259    3.4784    735.6680    3.6846     1422658421.8799
   133.324    7.7941    4.4182    3.4784    772.5928    3.6781     1548987576.4391
   143.181    7.7873    4.4101    3.4781    809.5176    3.6716     1675088647.4994
   153.038    7.7813    4.4023    3.4780    846.4425    3.6651     1800961025.8736
   162.895    7.7744    4.3941    3.4777    883.3673    3.6587     1926604562.6177
   172.752    7.7685    4.3863    3.4775    920.2921    3.6524     2052019332.8857
   182.609    7.7615    4.3781    3.4771    957.2170    3.6460     2177205411.2669
   192.466    7.7550    4.3701    3.4767    994.1418    3.6397     2302159998.3147
   202.323    7.7491    4.3623    3.4765   1031.0666    3.6334     2426886808.8472
   212.180    7.7419    4.3539    3.4759   1067.9915    3.6272     2551383613.2413
   222.036    7.7353    4.3458    3.4754   1104.9163    3.6209     2675647661.7644
   231.893    7.7286    4.3377    3.4750   1141.8412    3.6148     2799682327.4913
   241.750    7.7216    4.3294    3.4745   1178.7660    3.6086     2923488655.6545
   251.607    7.7148    4.3212    3.4740   1215.6908    3.6025     3047067363.6281
   261.464    7.7080    4.3131    3.4735   1252.6157    3.5964     3170419637.4007
   271.321    7.7013    4.3050    3.4730   1289.5405    3.5904     3293546350.0720
   281.178    7.6944    4.2969    3.4725   1326.4653    3.5844     3416448693.5552
   291.035    7.6859    4.2880    3.4719   1363.3902    3.5785     3539126211.9198
   300.891    7.6780    4.2793    3.4714   1400.3150    3.5726     3661580985.0603
   310.748    7.6695    4.2705    3.4708   1437.2398    3.5667     3783814326.3469
   320.605    7.6612    4.2616    3.4703   1474.1647    3.5608     3905827056.2003
   330.462    7.6535    4.2530    3.4698   1511.0895    3.5550     4027622746.0780
   340.319    7.6448    4.2440    3.4692   1548.0143    3.5493     4149200297.6988
   350.176    7.6364    4.2352    3.4686   1584.9392    3.5436     4270560041.3908
   360.033    7.6278    4.2263    3.4680   1621.8640    3.5379     4391703511.9194
   369.890    7.6185    4.2170    3.4673   1658.7889    3.5323     4512630166.9113
   379.746    7.6103    4.2081    3.4668   1695.7137    3.5267     4633343124.6089
   389.603    7.6018    4.1992    3.4662   1732.6385    3.5212     4753845888.0674
   399.460    7.5855    4.1872    3.4644   1769.5634    3.5157     4874117588.2173
   409.317    7.5832    4.1806    3.4647   1806.4882    3.5102     4994176474.9797
   419.174    7.5748    4.1717    3.4641   1843.4130    3.5048     5114045848.3850
   429.031    7.5618    4.1610    3.4628   1880.3379    3.4995     5233698098.9601
   438.888    7.5538    4.1521    3.4623   1917.2627    3.4942     5353135990.7517
   461.943    7.5823    4.1595    3.4704   1921.4114    3.4819     5632385221.9544
   484.999    7.6104    4.1668    3.4783   1925.4829    3.4696     5911293673.2763
   508.055    7.6503    4.1788    3.4880   1930.7086    3.4575     6189929165.7669
   531.110    7.6808    4.1872    3.4962   1935.0192    3.4454     6468303695.2826
   554.166    7.7088    4.1946    3.5041   1939.0763    3.4335     6746346796.3444
   577.221    7.7375    4.2025    3.5120   1943.0705    3.4216     7024048528.0458
   600.277    7.7645    4.2097    3.5197   1946.9432    3.4098     7301404420.0087
   623.333    7.7917    4.2170    3.5274   1950.7802    3.3982     7578410460.6245
   646.388    7.8189    4.2244    3.5350   1954.6394    3.3867     7855071509.4347
   669.444    7.8457    4.2317    3.5426   1958.3785    3.3754     8131389370.3262
   692.499    7.8714    4.2385    3.5499   1962.0065    3.3642     8407361648.1791
   715.555    7.8968    4.2453    3.5573   1965.5581    3.3531     8682987698.8642
   738.611    7.9221    4.2521    3.5645   1969.0667    3.3422     8958272135.8957
   761.666    7.9467    4.2586    3.5717   1972.4477    3.3315     9233218773.6241
   784.722    7.9716    4.2654    3.5788   1975.8146    3.3210     9507832712.8311
   807.778    7.9964    4.2721    3.5859   1979.1710    3.3107     9782125613.3299
   830.833    8.0201    4.2782    3.5929   1982.4437    3.3006    10056106249.5123
   853.889    8.0446    4.2849    3.6000   1985.6866    3.2907    10329786731.0819
   876.944    8.0685    4.2914    3.6070   1988.8476    3.2811    10603181781.0377
   900.000    8.0932    4.2985    3.6141   1992.0754    3.2717    10876307046.0126
   916.270    8.1106    4.3034    3.6191   1994.3347    3.2652    11068819604.6157
   932.540    8.1274    4.3080    3.6241   1996.4871    3.2588    11261216353.4071
   948.811    8.1443    4.3127    3.6291   1998.6094    3.2526    11453501577.6436
   965.081    8.1610    4.3174    3.6340   2000.7231    3.2465    11645681494.4879
   981.351    8.1789    4.3227    3.6392   2002.9553    3.2405    11837770931.4346
   997.621    8.1959    4.3276    3.6443   2005.0367    3.2347    12029779942.8890
  1013.891    8.2137    4.3331    3.6496   2007.1177    3.2291    12221717055.3246
  1030.161    8.2299    4.3374    3.6544   2009.0950    3.2236    12413585176.6474
  1046.432    8.2451    4.3414    3.6589   2011.1071    3.2183    12605372194.4259
  1062.702    8.2605    4.3455    3.6635   2013.0791    3.2131    12797080924.3348
  1078.972    8.3566    4.4050    3.6891   2021.9540    3.2080    12989271743.3116
  1095.242    8.4698    4.4759    3.7193   2033.4477    3.2028    13182611508.9794
  1111.512    8.5980    4.5572    3.7527   2045.5267    3.1973    13377293606.0377
  1127.782    8.6124    4.5605    3.7572   2049.3622    3.1919    13572632805.9728
  1144.053    8.6282    4.5648    3.7620   2051.8573    3.1867    13767880350.4472
  1160.323    8.6432    4.5686    3.7667   2054.0240    3.1816    13963051903.6576
  1176.593    8.6622    4.5771    3.7713   2060.0804    3.1767    14158152797.7195
  1192.863    8.7046    4.6097    3.7769   2065.9323    3.1721    14353220930.8463
  1209.133    8.7541    4.6503    3.7830   2070.2875    3.1676    14548305683.4750
  1225.403    8.7811    4.6674    3.7882   2072.6135    3.1634    14743408243.3916
  1241.674    8.7957    4.6716    3.7929   2074.9476    3.1594    14938505668.9619
  1257.944    8.8097    4.6758    3.7972   2077.3123    3.1556    15133586683.4775
  1274.214    8.8335    4.6850    3.8040   2080.5344    3.1521    15328718930.6964
  1290.484    8.8702    4.7023    3.8126   2085.5883    3.1488    15524027989.1281
  1306.754    8.9078    4.7201    3.8220   2090.5466    3.1457    15719592983.1905
  1323.025    8.9452    4.7378    3.8315   2095.5959    3.1428    15915446465.2513
  1339.295    8.9828    4.7557    3.8413   2100.6328    3.1401    16111612226.8772
  1355.565    9.0202    4.7734    3.8515   2105.8028    3.1376    16308121062.6974
  1371.835    9.0596    4.7919    3.8627   2111.1841    3.1353    16505022661.8868
  1388.105    9.0761    4.7978    3.8677   2113.6032    3.1334    16702197195.5957
  1404.375    9.0934    4.8008    3.8754   2115.3671    3.1317    16899569441.6183
  1420.646    9.1092    4.8039    3.8819   2117.2929    3.1303    17097197721.5848
  1436.916    9.1256    4.8072    3.8890   2119.2279    3.1292    17295085355.9969
  1453.186    9.1422    4.8105    3.8963   2121.1591    3.1284    17493271388.9525
  1469.456    9.1692    4.8188    3.9089   2125.6121    3.1280    17691914668.4893
  1485.726    9.2407    4.8565    3.9384   2137.4257    3.1277    17891599355.5713
  1501.996    9.2660    4.8685    3.9473   2142.5892    3.1275    18092243145.1747
  1518.267    9.2919    4.8816    3.9560   2147.9230    3.1278    18293327180.7373
  1534.537    9.3167    4.8941    3.9643   2153.1503    3.1284    18494857699.8299
  1534.537    5.2488    0.0000    4.0240         nan    3.1284    18494857699.8299
  1552.021    5.2627    0.0000    4.0293         nan    3.1286    18715098200.3879
  1569.504    5.2767    0.0000    4.0347         nan    3.1293    18935645795.5673
  1586.988    5.2906    0.0000    4.0400         nan    3.1305    19156535586.8917
  1604.472    5.3043    0.0000    4.0453         nan    3.1323    19377801990.6359
  1621.956    5.3176    0.0000    4.0504         nan    3.1346    19599476719.8057
  1639.439    5.3309    0.0000    4.0555         nan    3.1375    19821595688.1281
  1656.923    5.3442    0.0000    4.0606         nan    3.1410    20044201201.7646
  1674.407    5.3570    0.0000    4.0656         nan    3.1452    20267333072.6447
  1691.891    5.3696    0.0000    4.0704         nan    3.1501    20491031176.3407
  1691.891    5.1180    0.0000    6.3864         nan    3.1501    20491031176.3407
  1750.429    5.1794    0.0000    6.4302         nan    3.0531    21672713182.3726
  1808.967    5.2376    0.0000    6.4720         nan    2.9548    22825669472.7793
  1867.505    5.2929    0.0000    6.5118         nan    2.8553    23948572397.5103
  1926.044    5.3453    0.0000    6.5497         nan    2.7547    25040158506.1242
  1984.582    5.3950    0.0000    6.5857         nan    2.6529    26099225947.1269
  2043.120    5.4421    0.0000    6.6199         nan    2.5502    27124632285.1959
  2101.658    5.4867    0.0000    6.6524         nan    2.4464    28115292684.0477
  2160.197    5.5289    0.0000    6.6831         nan    2.3418    29070178422.1427
  2218.735    5.5686    0.0000    6.7123         nan    2.2362    29988315723.5369
  2277.273    5.6061    0.0000    6.7397         nan    2.1299    30868784899.8159
  2335.811    5.6414    0.0000    6.7657         nan    2.0228    31710719822.2597
  2394.350    5.6745    0.0000    6.7900         nan    1.9151    32513307764.9012
  2452.888    5.7055    0.0000    6.8128         nan    1.8067    33275789696.5733
  2511.426    5.7343    0.0000    6.8342         nan    1.6978    33997461152.8608
  2569.964    5.7612    0.0000    6.8540         nan    1.5884    34677673900.0061
  2628.503    5.7861    0.0000    6.8724         nan    1.4786    35315838740.2903
  2687.041    5.8090    0.0000    6.8894         nan    1.3686    35911430039.6189
  2745.579    5.8299    0.0000    6.9049         nan    1.2584    36463992968.0658
  2804.117    5.8490    0.0000    6.9191         nan    1.1482    36973155202.7890
  2862.656    5.8661    0.0000    6.9319         nan    1.0383    37438646314.3509
  2921.194    5.8815    0.0000    6.9432         nan    0.9292    37860331073.4778
  2979.732    5.8949    0.0000    6.9533         nan    0.8214    38238269514.6323
  3038.270    5.9066    0.0000    6.9619         nan    0.7164    38572832218.6928
  3096.809    5.9164    0.0000    6.9693         nan    0.6166    38864940068.6280
  3155.347    5.9244    0.0000    6.9752         nan    0.5285    39116618340.9287
  3213.885    5.9306    0.0000    6.9799         nan    0.4700    39332475946.3275
  3272.423    5.9351    0.0000    6.9832         nan    0.5149    39524579444.0415
  3330.962    5.9378    0.0000    6.9852         nan    1.2594    39735086944.7546
  3389.500    5.9386    0.0000    6.9859         nan    0.0000    40250095243.0617
