# Depth[km]  Vp[km/s]  Vs[km/s] Rho[g/cm3]    T[K]     g[m/s2]         P[Pa]        
     0.000    4.0825    2.4480    1.8476    273.1500    3.7291              0.0000
    14.288    4.0825    2.4480    1.8476    329.3335    3.7385       98437517.7391
    14.288    4.5656    2.7377    2.0662    329.3335    3.7385       98437517.7391
    29.412    4.5656    2.7377    2.0662    388.8120    3.7459      215267336.9651
    29.412    6.0126    3.6054    2.7211    388.8120    3.7459      215267336.9651
    47.530    6.0126    3.6054    2.7211    460.0628    3.7450      399941672.5082
    47.530    7.9584    4.5339    3.5036    460.0628    3.7450      399941672.5082
    57.248    7.9511    4.5246    3.5035    498.2784    3.7383      527447285.4480
    66.965    7.9436    4.5153    3.5033    536.4941    3.7315      654716079.8538
    76.683    7.9354    4.5055    3.5030    574.7098    3.7248      781746319.7253
    86.401    7.9271    4.4958    3.5026    612.9255    3.7181      908536242.1519
    96.118    7.9185    4.4860    3.5022    651.1412    3.7115     1035084894.2057
   105.836    7.9099    4.4763    3.5019    689.3569    3.7049     1161393024.4020
   115.554    7.9016    4.4667    3.5015    727.5726    3.6983     1287462226.8925
   125.271    7.8923    4.4567    3.5009    765.7883    3.6917     1413290314.9819
   134.989    7.8838    4.4471    3.5005    804.0039    3.6852     1538877175.9453
   144.707    7.8745    4.4373    3.4999    842.2196    3.6786     1664223513.8221
   154.424    7.8654    4.4274    3.4994    880.4353    3.6722     1789327901.2530
   164.142    7.8562    4.4176    3.4988    918.6510    3.6657     1914191176.9276
   173.860    7.8468    4.4079    3.4981    956.8667    3.6593     2038812304.6654
   183.577    7.8375    4.3981    3.4974    995.0824    3.6529     2163191467.5941
   193.295    7.8282    4.3883    3.4967   1033.2981    3.6466     2287330214.8296
   203.013    7.8185    4.3785    3.4959   1071.5137    3.6403     2411227416.7675
   212.730    7.8086    4.3685    3.4951   1109.7294    3.6340     2534882170.7667
   222.448    7.7993    4.3588    3.4944   1147.9451    3.6278     2658297106.4910
   232.166    7.7897    4.3490    3.4936   1186.1608    3.6216     2781473638.5253
   241.883    7.7804    4.3393    3.4929   1224.3765    3.6154     2904412871.5694
   251.601    7.7698    4.3291    3.4918   1262.5922    3.6093     3027111383.6162
   261.319    7.7613    4.3198    3.4912   1300.8079    3.6032     3149572419.4484
   271.036    7.7522    4.3104    3.4903   1339.0235    3.5972     3271801037.5328
   280.754    7.7427    4.3006    3.4894   1377.2392    3.5911     3393793006.9270
   290.472    7.7339    4.2913    3.4886   1415.4549    3.5852     3515550382.6821
   300.189    7.7242    4.2816    3.4877   1453.6706    3.5793     3637075202.2781
   309.907    7.7149    4.2720    3.4867   1491.8863    3.5734     3758366992.7117
   319.625    7.7057    4.2626    3.4858   1530.1020    3.5675     3879426373.2643
   329.342    7.6965    4.2530    3.4849   1568.3177    3.5617     4000255873.2310
   339.060    7.6864    4.2432    3.4838   1606.5333    3.5560     4120855431.3498
   348.778    7.6775    4.2338    3.4830   1644.7490    3.5502     4241226935.4541
   358.495    7.6673    4.2239    3.4819   1682.9647    3.5446     4361371805.2733
   368.213    7.6581    4.2143    3.4811   1721.1804    3.5389     4481291526.4017
   377.931    7.6487    4.2047    3.4800   1759.3961    3.5334     4600987886.7553
   387.648    7.6381    4.1946    3.4790   1797.6118    3.5278     4720459341.4278
   397.366    7.6289    4.1851    3.4781   1835.8275    3.5223     4839710176.0865
   407.084    7.6187    4.1752    3.4770   1874.0431    3.5169     4958741747.3627
   416.801    7.6090    4.1654    3.4760   1912.2588    3.5115     5077554224.1208
   426.519    7.5982    4.1551    3.4749   1950.4745    3.5061     5196147935.4387
   436.237    7.5889    4.1455    3.4740   1988.6902    3.5008     5314526118.9092
   459.425    7.6207    4.1550    3.4827   1993.5451    3.4883     5596890801.4603
   482.613    7.6510    4.1639    3.4913   1998.2160    3.4758     5878943105.6748
   505.801    7.6807    4.1727    3.4997   2002.8728    3.4634     6160671371.8074
   528.989    7.7098    4.1813    3.5081   2007.3107    3.4511     6442067608.7006
   552.178    7.7378    4.1896    3.5162   2011.6479    3.4388     6723120274.0648
   575.366    7.7656    4.1977    3.5243   2015.9959    3.4267     7003824563.8116
   598.554    7.7925    4.2057    3.5323   2020.1684    3.4147     7284180658.6537
   621.742    7.8192    4.2135    3.5402   2024.2014    3.4028     7564183738.2067
   644.930    7.8453    4.2212    3.5480   2028.2131    3.3910     7843831177.1360
   668.118    7.8714    4.2290    3.5558   2032.1960    3.3794     8123125651.5841
   691.307    7.8975    4.2368    3.5636   2036.0511    3.3679     8402072306.8572
   714.495    7.9225    4.2442    3.5712   2039.8072    3.3566     8680671660.6052
   737.683    7.9476    4.2516    3.5789   2043.4627    3.3454     8958927367.5259
   760.871    7.9731    4.2594    3.5866   2047.2241    3.3344     9236853229.1426
   784.059    7.9982    4.2670    3.5943   2050.8110    3.3235     9514460380.3695
   807.247    8.0234    4.2747    3.6020   2054.3211    3.3129     9791757941.3257
   830.436    8.0481    4.2823    3.6097   2057.7397    3.3024    10068757591.1985
   853.624    8.0742    4.2906    3.6176   2061.2240    3.2922    10345478952.7341
   876.812    8.0995    4.2987    3.6255   2064.5915    3.2821    10621944478.0426
   900.000    8.1258    4.3073    3.6337   2067.8897    3.2723    10898179989.9589
   916.683    8.1446    4.3135    3.6396   2070.2830    3.2654    11096705803.0778
   933.365    8.1656    4.3210    3.6461   2072.6507    3.2586    11295149195.3446
   950.048    8.1847    4.3274    3.6519   2074.9419    3.2519    11493514877.5903
   966.730    8.2034    4.3337    3.6580   2077.2883    3.2453    11691796351.3598
   983.413    8.2256    4.3420    3.6650   2079.6313    3.2389    11890031794.1134
  1000.096    8.2491    4.3512    3.6724   2081.9933    3.2326    12088263859.1374
  1016.778    8.2732    4.3608    3.6800   2084.4746    3.2264    12286515239.1871
  1033.461    8.2996    4.3717    3.6885   2087.0176    3.2204    12484822092.2072
  1050.143    8.3164    4.3770    3.6941   2089.1412    3.2144    12683133281.7782
  1066.826    8.3331    4.3824    3.6996   2091.2616    3.2087    12881376856.0448
  1083.509    8.3496    4.3876    3.7052   2093.3774    3.2031    13079563939.7994
  1100.191    8.3665    4.3931    3.7110   2095.4717    3.1977    13277709201.4585
  1116.874    8.4124    4.4180    3.7244   2100.3809    3.1924    13476031948.4266
  1133.556    8.5644    4.5141    3.7653   2115.2043    3.1870    13675474052.8675
  1150.239    8.7439    4.6284    3.8122   2134.3624    3.1813    13876912504.5664
  1166.922    8.8571    4.6986    3.8417   2140.8433    3.1753    14080014863.5116
  1183.604    8.8723    4.7037    3.8465   2142.9513    3.1693    14283642574.6764
  1200.287    8.8886    4.7082    3.8529   2145.6583    3.1635    14487183721.8790
  1216.969    8.9039    4.7127    3.8585   2148.1077    3.1579    14690669268.5880
  1233.652    8.9188    4.7172    3.8638   2150.4816    3.1525    14894082375.2669
  1250.335    8.9338    4.7218    3.8692   2152.8806    3.1473    15097431109.7731
  1267.017    8.9480    4.7263    3.8742   2155.1619    3.1424    15300719011.8713
  1283.700    8.9632    4.7308    3.8798   2157.6369    3.1377    15503965597.9394
  1300.382    8.9772    4.7354    3.8847   2159.8147    3.1333    15707182225.9976
  1317.065    8.9914    4.7397    3.8898   2162.2587    3.1291    15910373171.1354
  1333.748    9.0061    4.7445    3.8954   2164.7034    3.1252    16113572256.5890
  1350.430    9.0191    4.7488    3.8998   2166.8770    3.1215    16316776083.1829
  1367.113    9.0332    4.7533    3.9049   2169.2030    3.1182    16519992321.5913
  1383.795    9.0459    4.7577    3.9092   2171.3102    3.1152    16723236226.1006
  1400.478    9.0666    4.7664    3.9153   2174.2007    3.1124    16926553389.6008
  1417.160    9.1070    4.7876    3.9258   2180.5648    3.1100    17130123783.5576
  1433.843    9.1469    4.8093    3.9355   2186.0039    3.1078    17334056534.5520
  1450.526    9.1851    4.8304    3.9449   2191.5581    3.1059    17538341162.3401
  1467.208    9.2250    4.8527    3.9548   2197.2961    3.1043    17743000541.4792
  1483.891    9.2651    4.8744    3.9657   2203.7054    3.1030    17948093060.5710
  1500.573    9.3055    4.8974    3.9763   2209.5810    3.1020    18153657560.0243
  1517.256    9.3465    4.9211    3.9872   2216.2237    3.1013    18359712474.7913
  1533.939    9.3716    4.9340    3.9946   2219.9410    3.1010    18566194135.7494
  1550.621    9.3842    4.9386    3.9990   2221.9556    3.1011    18772958269.5396
  1550.621    4.6027    0.0000    3.9652         nan    3.1011    18772958269.5396
  1566.250    4.6160    0.0000    3.9713         nan    3.1020    18965287744.1054
  1581.880    4.6294    0.0000    3.9773         nan    3.1033    19157966709.2120
  1597.509    4.6428    0.0000    3.9833         nan    3.1051    19351019991.8428
  1613.138    4.6562    0.0000    3.9893         nan    3.1072    19544473482.0726
  1628.767    4.6690    0.0000    3.9951         nan    3.1098    19738347567.1910
  1644.396    4.6817    0.0000    4.0008         nan    3.1129    19932663490.5422
  1660.025    4.6944    0.0000    4.0065         nan    3.1165    20127450434.0959
  1675.654    4.7071    0.0000    4.0123         nan    3.1205    20322739256.8552
  1691.283    4.7192    0.0000    4.0178         nan    3.1251    20518556158.2191
  1691.283    5.2267    0.0000    6.3478         nan    3.1251    20518556158.2191
  1749.843    5.3017    0.0000    6.3892         nan    3.0282    21684012757.8071
  1808.402    5.3725    0.0000    6.4284         nan    2.9301    22820484438.5638
  1866.961    5.4395    0.0000    6.4655         nan    2.8309    23926694132.8882
  1925.520    5.5028    0.0000    6.5008         nan    2.7306    25001437191.4861
  1984.079    5.5627    0.0000    6.5341         nan    2.6292    26043577083.1656
  2042.639    5.6193    0.0000    6.5657         nan    2.5269    27052041813.4998
  2101.198    5.6727    0.0000    6.5956         nan    2.4238    28025820964.1263
  2159.757    5.7231    0.0000    6.6238         nan    2.3198    28963963279.4861
  2218.316    5.7705    0.0000    6.6505         nan    2.2150    29865574762.3743
  2276.875    5.8152    0.0000    6.6755         nan    2.1095    30729817269.4820
  2335.435    5.8571    0.0000    6.6991         nan    2.0034    31555907625.1988
  2393.994    5.8964    0.0000    6.7212         nan    1.8967    32343117312.0800
  2452.553    5.9331    0.0000    6.7419         nan    1.7894    33090772856.7832
  2511.112    5.9673    0.0000    6.7612         nan    1.6818    33798257106.1342
  2569.671    5.9990    0.0000    6.7791         nan    1.5738    34465011718.1206
  2628.230    6.0284    0.0000    6.7957         nan    1.4656    35090541400.0474
  2686.790    6.0554    0.0000    6.8110         nan    1.3572    35674420779.0692
  2745.349    6.0801    0.0000    6.8250         nan    1.2490    36216305418.1116
  2803.908    6.1025    0.0000    6.8377         nan    1.1411    36715949648.8756
  2862.467    6.1227    0.0000    6.8492         nan    1.0339    37173236139.8837
  2921.026    6.1408    0.0000    6.8594         nan    0.9281    37588226723.0722
  2979.586    6.1566    0.0000    6.8683         nan    0.8246    37961254080.8064
  3038.145    6.1703    0.0000    6.8761         nan    0.7255    38293097755.4165
  3096.704    6.1818    0.0000    6.8826         nan    0.6347    38585350232.1414
  3155.263    6.1912    0.0000    6.8880         nan    0.5620    38841263018.2135
  3213.822    6.1985    0.0000    6.8921         nan    0.5353    39068005437.7347
  3272.382    6.2038    0.0000    6.8951         nan    0.6684    39284107293.3900
  3330.941    6.2069    0.0000    6.8969         nan    1.8833    39554021162.1204
  3389.500    6.2079    0.0000    6.8975         nan    0.0000    40314670883.9492
