# Depth[km]  Vp[km/s]  Vs[km/s] Rho[g/cm3]    T[K]     g[m/s2]         P[Pa]        
     0.000    3.7202    2.1691    1.6453    273.1500    3.7291              0.0000
    10.780    3.7202    2.1691    1.6453    313.1472    3.7380       66142222.7429
    10.780    4.8652    2.8367    2.1517    313.1472    3.7380       66142222.7429
    25.596    4.8652    2.8367    2.1517    368.1200    3.7441      185301240.1381
    25.596    6.6038    3.8504    2.9206    368.1200    3.7441      185301240.1381
    41.948    6.6038    3.8504    2.9206    428.7974    3.7406      364120443.2871
    41.948    7.8435    4.4869    3.4772    428.7974    3.7406      364120443.2871
    51.920    7.8396    4.4803    3.4776    465.7975    3.7338      493825115.6505
    61.891    7.8354    4.4734    3.4780    502.7976    3.7270      623310081.2289
    71.863    7.8307    4.4664    3.4783    539.7978    3.7203      752573135.2092
    81.835    7.8258    4.4591    3.4785    576.7979    3.7136      881612013.1617
    91.806    7.8206    4.4517    3.4787    613.7980    3.7069     1010425382.3392
   101.778    7.8143    4.4438    3.4787    650.7981    3.7002     1139009392.7202
   111.749    7.8087    4.4362    3.4787    687.7983    3.6936     1267362881.4272
   121.721    7.8031    4.4286    3.4788    724.7984    3.6870     1395488483.9266
   131.693    7.7975    4.4210    3.4789    761.7985    3.6804     1523386931.6875
   141.664    7.7908    4.4128    3.4786    798.7986    3.6738     1651053664.1969
   151.636    7.7849    4.4050    3.4785    835.7988    3.6673     1778487540.7376
   161.607    7.7792    4.3974    3.4785    872.7989    3.6608     1905692785.0300
   171.579    7.7723    4.3892    3.4781    909.7990    3.6544     2032665798.5437
   181.551    7.7658    4.3811    3.4778    946.7992    3.6479     2159403157.4057
   191.522    7.7599    4.3732    3.4776    983.7993    3.6415     2285907956.5921
   201.494    7.7533    4.3651    3.4773   1020.7994    3.6352     2412180939.6579
   211.465    7.7462    4.3568    3.4767   1057.7995    3.6289     2538217483.2537
   221.437    7.7405    4.3491    3.4765   1094.7997    3.6226     2664020291.4011
   231.409    7.7340    4.3410    3.4760   1131.7998    3.6163     2789591820.1318
   241.380    7.7269    4.3326    3.4756   1168.7999    3.6101     2914930971.3035
   251.352    7.7203    4.3246    3.4752   1205.8000    3.6039     3040039535.7379
   261.323    7.7138    4.3165    3.4747   1242.8002    3.5978     3164918139.0215
   271.295    7.7071    4.3084    3.4742   1279.8003    3.5917     3289567542.1141
   281.267    7.7005    4.3003    3.4737   1316.8004    3.5856     3413988117.8194
   291.238    7.6920    4.2914    3.4732   1353.8005    3.5796     3538179286.0699
   301.210    7.6835    4.2825    3.4726   1390.8007    3.5736     3662140813.3502
   311.181    7.6761    4.2740    3.4721   1427.8008    3.5677     3785876924.1726
   321.153    7.6682    4.2654    3.4717   1464.8009    3.5618     3909391726.4123
   331.125    7.6602    4.2566    3.4712   1501.8010    3.5559     4032685196.1702
   341.096    7.6519    4.2478    3.4706   1538.8012    3.5501     4155756623.7862
   351.068    7.6436    4.2389    3.4701   1575.8013    3.5443     4278607984.1263
   361.039    7.6348    4.2298    3.4695   1612.8014    3.5386     4401239428.0940
   371.011    7.6258    4.2206    3.4689   1649.8016    3.5329     4523649627.5789
   380.983    7.6177    4.2119    3.4683   1686.8017    3.5272     4645842323.9943
   390.954    7.6097    4.2031    3.4678   1723.8018    3.5216     4767821414.1554
   400.926    7.5927    4.1908    3.4659   1760.8019    3.5161     4889563899.8913
   410.897    7.5922    4.1849    3.4666   1797.8021    3.5106     5011093333.5609
   420.869    7.5825    4.1754    3.4659   1834.8022    3.5051     5132432114.6902
   430.841    7.5691    4.1645    3.4645   1871.8023    3.4997     5253545532.0895
   440.812    7.5612    4.1557    3.4640   1908.8024    3.4943     5374439603.8719
   463.772    7.5897    4.1631    3.4720   1912.8774    3.4821     5652669906.7374
   486.731    7.6176    4.1703    3.4799   1916.8952    3.4699     5930560595.1683
   509.690    7.6583    4.1827    3.4897   1922.1345    3.4578     6208183679.2277
   532.650    7.6880    4.1908    3.4979   1926.4430    3.4458     6485551170.0214
   555.609    7.7164    4.1985    3.5057   1930.3934    3.4339     6762588497.1978
   578.569    7.7440    4.2059    3.5135   1934.3525    3.4221     7039283778.4008
   601.528    7.7714    4.2132    3.5212   1938.2042    3.4104     7315635931.0392
   624.487    7.7989    4.2208    3.5289   1942.0538    3.3988     7591644971.9671
   647.447    7.8256    4.2279    3.5364   1945.8237    3.3874     7867311334.3703
   670.406    7.8514    4.2348    3.5438   1949.4709    3.3761     8142631855.9557
   693.366    7.8772    4.2418    3.5511   1953.0005    3.3649     8417604395.2929
   716.325    7.9024    4.2485    3.5584   1956.5320    3.3539     8692232784.3532
   739.284    7.9278    4.2554    3.5656   1959.9919    3.3431     8966522662.3858
   762.244    7.9522    4.2619    3.5727   1963.3156    3.3324     9240476174.3648
   785.203    7.9769    4.2685    3.5798   1966.6696    3.3220     9514100012.5426
   808.162    8.0014    4.2751    3.5869   1970.0047    3.3117     9787406563.4587
   831.122    8.0253    4.2815    3.5939   1973.2019    3.3017    10060402776.6221
   854.081    8.0497    4.2882    3.6009   1976.4083    3.2918    10333100391.0334
   877.041    8.0735    4.2946    3.6079   1979.5325    3.2822    10605514584.5657
   900.000    8.0985    4.3017    3.6151   1982.8668    3.2729    10877667444.1742
   917.061    8.1162    4.3065    3.6203   1985.1273    3.2661    11079676450.2674
   934.123    8.1337    4.3115    3.6254   1987.3310    3.2594    11281552886.8886
   951.184    8.1515    4.3165    3.6307   1989.5755    3.2529    11483305959.4466
   968.245    8.1687    4.3213    3.6357   1991.7495    3.2465    11684942968.0203
   985.307    8.1882    4.3272    3.6415   1994.0906    3.2403    11886486359.5699
  1002.368    8.2067    4.3329    3.6469   1996.2629    3.2343    12087955438.7716
  1019.429    8.2235    4.3374    3.6520   1998.3850    3.2284    12289338627.0772
  1036.491    8.2402    4.3419    3.6570   2000.4501    3.2227    12490632670.7547
  1053.552    8.2563    4.3462    3.6617   2002.5407    3.2172    12691840153.2946
  1070.613    8.3239    4.3858    3.6800   2009.0393    3.2119    12893335432.0003
  1087.675    8.4361    4.4559    3.7100   2019.9212    3.2064    13095814658.8404
  1104.736    8.5625    4.5355    3.7433   2034.3241    3.2007    13299680082.2155
  1121.798    8.6112    4.5621    3.7565   2038.9668    3.1950    13504454582.5549
  1138.859    8.6278    4.5666    3.7615   2041.6443    3.1894    13709359061.8258
  1155.920    8.6429    4.5705    3.7660   2047.8839    3.1841    13914166231.3876
  1172.982    8.6915    4.6086    3.7722   2054.3430    3.1789    14118920620.4210
  1190.043    8.7541    4.6618    3.7792   2058.1291    3.1740    14323700312.3935
  1207.104    8.7695    4.6662    3.7840   2060.6177    3.1693    14528481175.0618
  1224.166    8.7846    4.6705    3.7889   2063.0184    3.1648    14733221534.2822
  1241.227    8.7998    4.6748    3.7938   2065.4162    3.1606    14937937213.3957
  1258.288    8.8146    4.6793    3.7984   2067.9159    3.1566    15142634836.2696
  1275.350    8.8479    4.6939    3.8069   2072.1854    3.1529    15347429064.3055
  1292.411    8.8856    4.7118    3.8159   2077.3978    3.1494    15552453750.5419
  1309.472    8.9252    4.7304    3.8258   2082.6728    3.1462    15757760321.8084
  1326.534    8.9641    4.7489    3.8358   2087.9994    3.1432    15963389956.2741
  1343.595    9.0033    4.7673    3.8463   2093.2461    3.1404    16169373459.4058
  1360.656    9.0426    4.7859    3.8571   2098.9425    3.1379    16375745929.3085
  1377.718    9.0718    4.7984    3.8658   2102.5141    3.1356    16582473803.3923
  1394.779    9.0885    4.8019    3.8726   2104.4832    3.1336    16789465921.2998
  1411.840    9.1051    4.8055    3.8793   2106.5682    3.1320    16996688166.0331
  1428.902    9.1218    4.8089    3.8864   2108.5417    3.1307    17204170058.2025
  1445.963    9.1392    4.8124    3.8938   2110.6172    3.1297    17411953158.8088
  1463.025    9.1569    4.8155    3.9020   2112.5562    3.1291    17620090675.0972
  1480.086    9.2411    4.8593    3.9379   2126.6142    3.1287    17829364486.7601
  1497.147    9.2676    4.8719    3.9470   2132.5760    3.1284    18039810739.7750
  1514.209    9.2958    4.8864    3.9564   2137.9519    3.1286    18250734526.1923
  1531.270    9.3209    4.8987    3.9650   2143.3196    3.1291    18462146040.7406
  1548.331    9.3470    4.9123    3.9736   2148.5860    3.1300    18674051901.7137
  1565.393    9.3709    4.9243    3.9816   2153.7883    3.1314    18886463689.4288
  1565.393    4.6818    0.0000    4.0123         nan    3.1314    18886463689.4288
  1577.933    4.6921    0.0000    4.0171         nan    3.1324    19044120602.0844
  1590.474    4.7024    0.0000    4.0218         nan    3.1336    19202013268.3378
  1603.015    4.7127    0.0000    4.0265         nan    3.1351    19360155221.4751
  1615.556    4.7229    0.0000    4.0313         nan    3.1370    19518560456.1534
  1628.096    4.7332    0.0000    4.0360         nan    3.1391    19677243445.0499
  1640.637    4.7430    0.0000    4.0405         nan    3.1415    19836214849.3850
  1653.178    4.7528    0.0000    4.0451         nan    3.1442    19995485824.1400
  1665.718    4.7626    0.0000    4.0496         nan    3.1472    20155072418.7880
  1678.259    4.7724    0.0000    4.0541         nan    3.1506    20314991303.9709
  1678.259    4.9855    0.0000    6.3293         nan    3.1506    20314991303.9709
  1737.268    5.0689    0.0000    6.3753         nan    3.0539    21495941603.4146
  1796.276    5.1475    0.0000    6.4187         nan    2.9558    22648707449.5396
  1855.284    5.2216    0.0000    6.4598         nan    2.8565    23771824782.3636
  1914.292    5.2914    0.0000    6.4986         nan    2.7559    24863918688.2909
  1973.301    5.3573    0.0000    6.5352         nan    2.6542    25923696787.9917
  2032.309    5.4193    0.0000    6.5698         nan    2.5514    26949943755.5962
  2091.317    5.4778    0.0000    6.6025         nan    2.4476    27941516770.2562
  2150.326    5.5329    0.0000    6.6333         nan    2.3429    28897341744.6174
  2209.334    5.5847    0.0000    6.6624         nan    2.2373    29816410224.5353
  2268.342    5.6333    0.0000    6.6897         nan    2.1309    30697776898.8156
  2327.351    5.6789    0.0000    6.7153         nan    2.0238    31540557682.8318
  2386.359    5.7216    0.0000    6.7393         nan    1.9159    32343928380.8985
  2445.367    5.7614    0.0000    6.7618         nan    1.8075    33107123979.9055
  2504.375    5.7985    0.0000    6.7827         nan    1.6985    33829438686.9374
  2563.384    5.8328    0.0000    6.8021         nan    1.5891    34510226915.7110
  2622.392    5.8646    0.0000    6.8200         nan    1.4793    35148905574.0677
  2681.400    5.8938    0.0000    6.8365         nan    1.3693    35744958254.7886
  2740.409    5.9205    0.0000    6.8516         nan    1.2591    36297942364.9564
  2799.417    5.9447    0.0000    6.8654         nan    1.1490    36807501034.2265
  2858.425    5.9665    0.0000    6.8777         nan    1.0392    37273383198.6060
  2917.434    5.9860    0.0000    6.8887         nan    0.9302    37695478444.8769
  2976.442    6.0030    0.0000    6.8984         nan    0.8228    38073880175.6908
  3035.450    6.0178    0.0000    6.9067         nan    0.7182    38409007169.1041
  3094.458    6.0302    0.0000    6.9138         nan    0.6192    38701856714.3104
  3153.467    6.0403    0.0000    6.9195         nan    0.5325    38954589961.0492
  3212.475    6.0482    0.0000    6.9240         nan    0.4773    39172094966.8211
  3271.483    6.0538    0.0000    6.9272         nan    0.5311    39367137254.3397
  3330.492    6.0572    0.0000    6.9291         nan    1.3245    39584278446.6414
  3389.500    6.0583    0.0000    6.9297         nan    0.0000    40125862719.1865
