# Depth[km]  Vp[km/s]  Vs[km/s] Rho[g/cm3]    T[K]     g[m/s2]         P[Pa]        
     0.000    4.1442    2.5063    1.8810    273.1500    3.7291              0.0000
    14.048    4.1442    2.5063    1.8810    331.3122    3.7379       98540242.7290
    14.048    4.3630    2.6386    1.9804    331.3122    3.7379       98540242.7290
    30.160    4.3630    2.6386    1.9804    398.0255    3.7470      217811093.6577
    30.160    5.6274    3.4033    2.5543    398.0255    3.7470      217811093.6577
    46.030    5.6274    3.4033    2.5543    463.7338    3.7485      369694447.4642
    46.030    7.9953    4.5417    3.5186    463.7338    3.7485      369694447.4642
    55.731    7.9867    4.5315    3.5181    503.9030    3.7416      497642426.0644
    65.433    7.9779    4.5210    3.5176    544.0723    3.7348      625338349.3115
    75.134    7.9687    4.5105    3.5170    584.2416    3.7280      752781090.7099
    84.836    7.9590    4.4998    3.5163    624.4109    3.7212      879968309.8876
    94.537    7.9496    4.4892    3.5157    664.5802    3.7144     1006900235.4338
   104.239    7.9401    4.4787    3.5150    704.7495    3.7077     1133578517.3250
   113.940    7.9303    4.4681    3.5142    744.9188    3.7010     1260001346.9049
   123.642    7.9205    4.4576    3.5135    785.0881    3.6944     1386168829.6543
   133.343    7.9105    4.4471    3.5127    825.2573    3.6878     1512080998.3944
   143.045    7.9009    4.4367    3.5119    865.4266    3.6812     1637738661.6195
   152.746    7.8908    4.4262    3.5110    905.5959    3.6746     1763142129.2230
   162.447    7.8807    4.4158    3.5101    945.7652    3.6681     1888289595.1854
   172.149    7.8704    4.4053    3.5091    985.9345    3.6616     2013181049.6078
   181.850    7.8605    4.3951    3.5081   1026.1038    3.6551     2137817417.4259
   191.552    7.8506    4.3848    3.5072   1066.2731    3.6487     2262200421.8792
   201.253    7.8396    4.3740    3.5061   1106.4424    3.6423     2386328033.5708
   210.955    7.8298    4.3640    3.5051   1146.6117    3.6360     2510201633.1379
   220.656    7.8199    4.3538    3.5041   1186.7809    3.6297     2633824899.1487
   230.358    7.8100    4.3437    3.5030   1226.9502    3.6234     2757197409.8947
   240.059    7.7992    4.3332    3.5019   1267.1195    3.6172     2880318737.1788
   249.761    7.7894    4.3230    3.5009   1307.2888    3.6110     3003190749.0920
   259.462    7.7801    4.3133    3.4998   1347.4581    3.6049     3125814634.7055
   269.164    7.7702    4.3031    3.4986   1387.6274    3.5988     3248190294.8574
   278.865    7.7606    4.2932    3.4975   1427.7967    3.5927     3370319253.9929
   288.567    7.7506    4.2831    3.4964   1467.9660    3.5867     3492202559.0544
   298.268    7.7408    4.2731    3.4951   1508.1352    3.5807     3613840291.4763
   307.970    7.7306    4.2628    3.4939   1548.3045    3.5747     3735232514.6562
   317.671    7.7205    4.2528    3.4927   1588.4738    3.5688     3856381610.0036
   327.373    7.7108    4.2428    3.4916   1628.6431    3.5630     3977290733.5121
   337.074    7.7006    4.2326    3.4903   1668.8124    3.5572     4097959275.4190
   346.776    7.6902    4.2223    3.4891   1708.9817    3.5514     4218387061.2085
   356.477    7.6802    4.2122    3.4878   1749.1510    3.5457     4338577065.9774
   366.178    7.6697    4.2018    3.4865   1789.3203    3.5400     4458529936.1915
   375.880    7.6600    4.1918    3.4853   1829.4896    3.5344     4578247784.8276
   385.581    7.6495    4.1815    3.4840   1869.6588    3.5288     4697732323.3466
   395.283    7.6390    4.1711    3.4827   1909.8281    3.5233     4816983911.2999
   404.984    7.6279    4.1605    3.4813   1949.9974    3.5178     4936001881.6520
   414.686    7.6179    4.1503    3.4799   1990.1667    3.5123     5054787040.7398
   424.387    7.6073    4.1398    3.4786   2030.3360    3.5070     5173343753.8753
   434.089    7.5973    4.1296    3.4773   2070.5053    3.5016     5291673580.8327
   457.384    7.6279    4.1393    3.4861   2075.6392    3.4889     5575682778.4538
   480.680    7.6568    4.1484    3.4946   2080.5859    3.4763     5859363898.3915
   503.975    7.6850    4.1572    3.5030   2085.4181    3.4637     6142701626.6525
   527.271    7.7121    4.1657    3.5112   2090.0907    3.4513     6425685422.4151
   550.567    7.7395    4.1743    3.5194   2094.7936    3.4389     6708312557.5307
   573.862    7.7656    4.1824    3.5275   2099.2742    3.4266     6990582180.4363
   597.158    7.7917    4.1906    3.5356   2103.7118    3.4144     7272488542.5564
   620.453    7.8169    4.1984    3.5435   2108.1173    3.4024     7554029628.4286
   643.749    7.8427    4.2066    3.5515   2112.3727    3.3905     7835206939.6848
   667.044    7.8677    4.2145    3.5593   2116.4862    3.3787     8116020757.8478
   690.340    7.8923    4.2221    3.5671   2120.6422    3.3670     8396474852.1778
   713.636    7.9169    4.2298    3.5749   2124.6208    3.3555     8676575689.8587
   736.931    7.9427    4.2383    3.5831   2128.6789    3.3442     8956341985.9166
   760.227    7.9662    4.2454    3.5906   2132.5177    3.3330     9235771932.8486
   783.522    7.9905    4.2532    3.5983   2136.3124    3.3220     9514860098.2421
   806.818    8.0157    4.2614    3.6064   2140.1746    3.3112     9793638526.2156
   830.113    8.0403    4.2694    3.6143   2143.8550    3.3006    10072123676.9449
   853.409    8.0649    4.2774    3.6222   2147.4656    3.2901    10350322024.8657
   876.704    8.0907    4.2863    3.6305   2151.0574    3.2799    10628262049.2074
   900.000    8.1158    4.2947    3.6385   2154.7232    3.2699    10905961376.9591
   917.533    8.1377    4.3028    3.6455   2157.3449    3.2625    11114756457.5399
   935.066    8.1584    4.3103    3.6521   2160.0021    3.2552    11323468533.2730
   952.598    8.1797    4.3181    3.6590   2162.5869    3.2481    11532102900.4824
   970.131    8.2010    4.3260    3.6660   2165.2399    3.2411    11740675015.3727
   987.664    8.2247    4.3353    3.6736   2167.8859    3.2342    11949212155.4947
  1005.197    8.2485    4.3446    3.6815   2170.6226    3.2275    12157748278.8465
  1022.729    8.2674    4.3510    3.6883   2173.4093    3.2209    12366264744.1049
  1040.262    8.2868    4.3576    3.6951   2176.2321    3.2145    12574739509.7360
  1057.795    8.3057    4.3640    3.7019   2179.0682    3.2082    12783180742.6448
  1075.328    8.3248    4.3707    3.7087   2181.8566    3.2021    12991597738.2869
  1092.860    8.3421    4.3767    3.7150   2184.0559    3.1962    13199986112.3019
  1110.393    8.3665    4.3872    3.7242   2185.4934    3.1904    13408423612.1720
  1127.926    8.3910    4.3980    3.7333   2186.5361    3.1848    13616997162.3908
  1145.459    8.4289    4.4173    3.7462   2189.1970    3.1793    13825818723.5780
  1162.991    8.5897    4.5191    3.7893   2204.8066    3.1738    14035843930.1491
  1180.524    8.7835    4.6426    3.8397   2227.0949    3.1678    14248101897.9404
  1198.057    8.8626    4.6900    3.8606   2229.8792    3.1616    14461941875.4462
  1215.590    8.8777    4.6945    3.8662   2232.0757    3.1556    14676098995.7662
  1233.122    8.8925    4.6988    3.8717   2234.1172    3.1497    14890153155.2559
  1250.655    8.9070    4.7029    3.8774   2236.2434    3.1441    15104120956.4851
  1268.188    8.9214    4.7071    3.8830   2238.1338    3.1388    15318017537.7506
  1285.721    8.9358    4.7113    3.8887   2240.0588    3.1337    15531861917.0135
  1303.254    8.9499    4.7153    3.8944   2241.9180    3.1289    15745674279.5916
  1320.786    8.9633    4.7189    3.8999   2243.6766    3.1244    15959465856.7871
  1338.319    8.9774    4.7230    3.9058   2245.3408    3.1201    16173261120.8122
  1355.852    8.9901    4.7264    3.9112   2246.7249    3.1162    16387073495.4177
  1373.385    9.0035    4.7300    3.9172   2248.1930    3.1126    16600925192.1638
  1390.917    9.0164    4.7335    3.9228   2249.5636    3.1093    16814844071.7241
  1408.450    9.0297    4.7372    3.9288   2250.8442    3.1063    17028853504.4314
  1425.983    9.0422    4.7405    3.9345   2251.7953    3.1037    17242978736.0344
  1443.516    9.0544    4.7438    3.9400   2252.5625    3.1014    17457228362.3654
  1461.048    9.0673    4.7471    3.9466   2253.8863    3.0996    17671651423.3467
  1478.581    9.0992    4.7627    3.9566   2256.9036    3.0981    17886398008.7777
  1496.114    9.1386    4.7836    3.9685   2261.2554    3.0969    18101635434.3101
  1513.647    9.1812    4.8065    3.9816   2265.9766    3.0961    18317467916.2077
  1531.179    9.2232    4.8295    3.9949   2270.4863    3.0956    18533957621.8368
  1548.712    9.2562    4.8470    4.0056   2273.9508    3.0954    18751065790.7202
  1566.245    9.2707    4.8529    4.0106   2276.3263    3.0957    18968591871.9087
  1583.778    9.2826    4.8567    4.0152   2278.0706    3.0965    19186399326.0749
  1583.778    4.9103    0.0000    4.0212         nan    3.0965    19186399326.0749
  1597.577    4.9174    0.0000    4.0260         nan    3.0975    19358328576.6717
  1611.376    4.9245    0.0000    4.0307         nan    3.0988    19530512256.1929
  1625.176    4.9316    0.0000    4.0354         nan    3.1004    19702968847.9719
  1638.975    4.9387    0.0000    4.0401         nan    3.1024    19875717524.9247
  1652.774    4.9456    0.0000    4.0447         nan    3.1047    20048776233.9310
  1666.574    4.9524    0.0000    4.0493         nan    3.1074    20222161650.7078
  1680.373    4.9591    0.0000    4.0538         nan    3.1105    20395893224.2762
  1694.172    4.9659    0.0000    4.0583         nan    3.1140    20569993283.3040
  1707.972    4.9726    0.0000    4.0629         nan    3.1180    20744484997.9034
  1707.972    5.1861    0.0000    6.3974         nan    3.1180    20744484997.9034
  1765.955    5.2598    0.0000    6.4392         nan    3.0213    21904861356.1198
  1823.939    5.3294    0.0000    6.4789         nan    2.9233    23036383980.3670
  1881.923    5.3954    0.0000    6.5165         nan    2.8242    24137774280.9865
  1939.907    5.4577    0.0000    6.5522         nan    2.7240    25207824807.6680
  1997.890    5.5166    0.0000    6.5860         nan    2.6228    26245394949.9745
  2055.874    5.5723    0.0000    6.6180         nan    2.5205    27249407309.3334
  2113.858    5.6249    0.0000    6.6483         nan    2.4174    28218844630.2243
  2171.842    5.6745    0.0000    6.6769         nan    2.3135    29152747217.7138
  2229.825    5.7213    0.0000    6.7039         nan    2.2087    30050210780.8340
  2287.809    5.7653    0.0000    6.7293         nan    2.1032    30910384670.5419
  2345.793    5.8066    0.0000    6.7532         nan    1.9969    31732470496.1242
  2403.776    5.8453    0.0000    6.7756         nan    1.8901    32515721128.1091
  2461.760    5.8814    0.0000    6.7966         nan    1.7827    33259440127.2984
  2519.744    5.9151    0.0000    6.8162         nan    1.6747    33962981677.0826
  2577.728    5.9464    0.0000    6.8343         nan    1.5663    34625751160.8004
  2635.711    5.9753    0.0000    6.8512         nan    1.4575    35247206622.8743
  2693.695    6.0020    0.0000    6.8667         nan    1.3484    35826861520.1374
  2751.679    6.0263    0.0000    6.8808         nan    1.2391    36364289464.6094
  2809.663    6.0484    0.0000    6.8937         nan    1.1298    36859132201.6742
  2867.646    6.0684    0.0000    6.9054         nan    1.0206    37311113118.5618
  2925.630    6.0861    0.0000    6.9157         nan    0.9118    37720060732.9704
  2983.614    6.1017    0.0000    6.9248         nan    0.8041    38085951325.8266
  3041.598    6.1152    0.0000    6.9327         nan    0.6982    38408991040.5099
  3099.581    6.1266    0.0000    6.9393         nan    0.5961    38689786901.7272
  3157.565    6.1359    0.0000    6.9448         nan    0.5024    38929742337.6866
  3215.549    6.1431    0.0000    6.9490         nan    0.4302    39132113400.3857
  3273.533    6.1482    0.0000    6.9520         nan    0.4328    39305489302.7670
  3331.516    6.1513    0.0000    6.9538         nan    0.9420    39479955773.1076
  3389.500    6.1523    0.0000    6.9544         nan    0.0000    39859808966.9787
