# Depth[km]  Vp[km/s]  Vs[km/s] Rho[g/cm3]    T[K]     g[m/s2]         P[Pa]        
     0.000    3.6326    2.1959    1.7345    273.1500    3.7291              0.0000
    11.107    3.6326    2.1959    1.7345    315.5598    3.7374       71845742.8814
    11.107    4.5898    2.7745    2.1916    315.5598    3.7374       71845742.8814
    27.278    4.5898    2.7745    2.1916    377.3069    3.7436      204297974.2960
    27.278    6.5578    3.9642    3.1313    377.3069    3.7436      204297974.2960
    46.276    6.5578    3.9642    3.1313    449.8502    3.7361      426997417.2207
    46.276    7.9507    4.5310    3.4842    449.8502    3.7361      426997417.2207
    56.206    7.9450    4.5230    3.4843    487.7699    3.7293      556268695.5699
    66.137    7.9391    4.5148    3.4843    525.6896    3.7225      685305262.1001
    76.067    7.9328    4.5064    3.4843    563.6093    3.7157      814106011.2509
    85.998    7.9262    4.4979    3.4841    601.5289    3.7090      942669592.3042
    95.929    7.9189    4.4890    3.4838    639.4486    3.7023     1070992438.4721
   105.859    7.9122    4.4804    3.4837    677.3683    3.6956     1199074719.7011
   115.790    7.9052    4.4717    3.4834    715.2880    3.6890     1326918508.2263
   125.720    7.8982    4.4630    3.4831    753.2076    3.6823     1454523102.2562
   135.651    7.8906    4.4541    3.4827    791.1273    3.6758     1581886283.0104
   145.581    7.8834    4.4454    3.4824    829.0470    3.6692     1709007888.5013
   155.512    7.8761    4.4367    3.4820    866.9667    3.6627     1835888582.9213
   165.442    7.8682    4.4276    3.4814    904.8864    3.6562     1962525777.4862
   175.373    7.8613    4.4191    3.4810    942.8060    3.6497     2088921492.3057
   185.303    7.8537    4.4103    3.4804    980.7257    3.6433     2215076560.3947
   195.234    7.8462    4.4014    3.4799   1018.6454    3.6369     2340989543.5979
   205.164    7.8382    4.3925    3.4792   1056.5651    3.6306     2466659176.7150
   215.095    7.8310    4.3838    3.4786   1094.4847    3.6243     2592085772.2325
   225.025    7.8232    4.3750    3.4780   1132.4044    3.6180     2717272513.3619
   234.956    7.8161    4.3663    3.4775   1170.3241    3.6117     2842221842.2568
   244.887    7.8087    4.3576    3.4768   1208.2438    3.6055     2966933744.5757
   254.817    7.8015    4.3489    3.4761   1246.1634    3.5994     3091407118.2627
   264.748    7.7938    4.3401    3.4754   1284.0831    3.5932     3215642577.2246
   274.678    7.7868    4.3316    3.4747   1322.0028    3.5871     3339642106.2209
   284.609    7.7795    4.3230    3.4741   1359.9225    3.5811     3463408005.5462
   294.539    7.7716    4.3140    3.4732   1397.8421    3.5751     3586938052.8343
   304.470    7.7641    4.3053    3.4724   1435.7618    3.5691     3710232077.1027
   314.400    7.7573    4.2970    3.4718   1473.6815    3.5632     3833294640.8825
   324.331    7.7491    4.2879    3.4709   1511.6012    3.5573     3956125391.7376
   334.261    7.7420    4.2795    3.4701   1549.5209    3.5515     4078723853.2283
   344.192    7.7348    4.2708    3.4693   1587.4405    3.5457     4201094266.9386
   354.122    7.7267    4.2618    3.4684   1625.3602    3.5399     4323235970.4305
   364.053    7.7196    4.2533    3.4676   1663.2799    3.5342     4445149403.6325
   373.984    7.7120    4.2445    3.4668   1701.1996    3.5286     4566837596.2868
   383.914    7.7038    4.2355    3.4658   1739.1192    3.5230     4688299792.5213
   393.845    7.6966    4.2268    3.4650   1777.0389    3.5174     4809538465.5235
   403.775    7.6887    4.2179    3.4641   1814.9586    3.5119     4930555363.0117
   413.706    7.6805    4.2088    3.4631   1852.8783    3.5064     5051349066.5410
   423.636    7.6733    4.2001    3.4623   1890.7979    3.5010     5171922466.5280
   433.567    7.6642    4.1906    3.4613   1928.7176    3.4956     5292277667.8051
   443.497    7.6560    4.1814    3.4604   1966.6373    3.4903     5412417067.2738
   466.322    7.6842    4.1900    3.4685   1971.1232    3.4782     5688424231.8971
   489.148    7.7118    4.1984    3.4765   1975.5388    3.4662     5964110801.4301
   511.973    7.7392    4.2069    3.4845   1979.8728    3.4542     6239473181.6641
   534.798    7.7645    4.2143    3.4923   1984.1971    3.4424     6514506177.3407
   557.623    7.7891    4.2215    3.4999   1988.3377    3.4306     6789199749.7613
   580.448    7.8141    4.2289    3.5075   1992.5458    3.4190     7063554089.5607
   603.273    7.8379    4.2358    3.5150   1996.4868    3.4074     7337566300.8006
   626.098    7.8627    4.2432    3.5226   2000.5732    3.3960     7611238861.5923
   648.923    7.8861    4.2499    3.5300   2004.5399    3.3848     7884579948.8001
   671.749    7.9100    4.2570    3.5375   2008.5654    3.3736     8157590542.0186
   694.574    7.9332    4.2637    3.5448   2012.3277    3.3627     8430272812.0870
   717.399    7.9563    4.2705    3.5521   2016.0654    3.3518     8702626922.1586
   740.224    7.9787    4.2768    3.5593   2019.7458    3.3412     8974659360.7521
   763.049    8.0022    4.2838    3.5667   2023.4720    3.3307     9246383844.7242
   785.874    8.0245    4.2901    3.5738   2027.0957    3.3204     9517806961.6695
   808.699    8.0477    4.2971    3.5811   2030.5624    3.3103     9788937383.4245
   831.525    8.0700    4.3037    3.5882   2034.0128    3.3004    10059787256.9078
   854.350    8.0928    4.3105    3.5955   2037.4585    3.2907    10330371348.1648
   877.175    8.1157    4.3174    3.6028   2040.8035    3.2813    10600707774.4923
   900.000    8.1388    4.3244    3.6102   2044.1749    3.2720    10870816142.8114
   916.769    8.1560    4.3297    3.6157   2046.6048    3.2654    11069056343.9958
   933.538    8.1734    4.3353    3.6212   2049.0399    3.2589    11267197098.5569
   950.308    8.1912    4.3410    3.6269   2051.4143    3.2526    11465249784.5683
   967.077    8.2091    4.3468    3.6327   2053.8258    3.2463    11663228860.8529
   983.846    8.2287    4.3537    3.6389   2056.3720    3.2403    11861155917.5371
  1000.615    8.2479    4.3603    3.6450   2058.7543    3.2343    12059047780.2657
  1017.385    8.2675    4.3672    3.6513   2061.1480    3.2285    12256915445.1369
  1034.154    8.2881    4.3749    3.6580   2063.6163    3.2229    12454781280.8778
  1050.923    8.3041    4.3797    3.6634   2065.8605    3.2174    12652628216.1485
  1067.692    8.3199    4.3843    3.6686   2068.0022    3.2122    12850425515.6225
  1084.462    8.3355    4.3890    3.6739   2070.2220    3.2071    13048179876.1288
  1101.231    8.3510    4.3936    3.6791   2072.3626    3.2021    13245900504.3480
  1118.000    8.4608    4.4628    3.7086   2083.6972    3.1973    13444249582.4368
  1134.769    8.6125    4.5597    3.7485   2099.0682    3.1922    13644158829.7174
  1151.538    8.7976    4.6792    3.7957   2114.6814    3.1867    13846081793.0670
  1168.308    8.8126    4.6834    3.8010   2117.2628    3.1812    14049061282.1074
  1185.077    8.8271    4.6873    3.8059   2119.6924    3.1759    14251961002.9043
  1201.846    8.8437    4.6920    3.8120   2122.1126    3.1708    14454814243.0540
  1218.615    8.8590    4.6963    3.8174   2124.5409    3.1659    14657645683.9065
  1235.385    8.8745    4.7007    3.8229   2126.9415    3.1612    14860454821.9384
  1252.154    8.8900    4.7050    3.8285   2129.3952    3.1568    15063259578.4416
  1268.923    8.9054    4.7093    3.8341   2131.8066    3.1526    15266075570.7799
  1285.692    8.9207    4.7137    3.8396   2134.2571    3.1487    15468916047.0673
  1302.462    8.9360    4.7180    3.8452   2136.7003    3.1450    15671796294.8662
  1319.231    8.9512    4.7224    3.8508   2139.1420    3.1416    15874734298.7207
  1336.000    8.9662    4.7268    3.8562   2141.5413    3.1385    16077742937.6658
  1352.769    8.9815    4.7313    3.8619   2144.0364    3.1356    16280841699.4635
  1369.539    8.9965    4.7356    3.8674   2146.4562    3.1331    16484051974.0131
  1386.308    9.0212    4.7462    3.8746   2150.3636    3.1309    16687433799.9896
  1403.077    9.0616    4.7669    3.8849   2156.0553    3.1289    16891129659.0400
  1419.846    9.1014    4.7873    3.8951   2161.8751    3.1272    17095235736.2264
  1436.615    9.1400    4.8072    3.9053   2167.5609    3.1259    17299767168.8095
  1453.385    9.1794    4.8280    3.9157   2173.5763    3.1248    17504747023.1009
  1470.154    9.2181    4.8485    3.9261   2179.5156    3.1240    17710201823.6421
  1486.923    9.2573    4.8696    3.9369   2185.9506    3.1235    17916160975.4157
  1503.692    9.2962    4.8909    3.9477   2192.6127    3.1234    18122654452.5399
  1520.462    9.3239    4.9048    3.9561   2196.2277    3.1236    18329640908.8158
  1537.231    9.3375    4.9090    3.9610   2198.4889    3.1242    18536990865.5373
  1554.000    9.3513    4.9135    3.9662   2200.7554    3.1253    18744646518.0877
  1554.000    5.0378    0.0000    3.9839         nan    3.1253    18744646518.0877
  1569.585    5.0499    0.0000    3.9889         nan    3.1265    18938813174.7760
  1585.170    5.0619    0.0000    3.9939         nan    3.1281    19133299488.2410
  1600.755    5.0740    0.0000    3.9990         nan    3.1302    19328131618.6890
  1616.340    5.0861    0.0000    4.0040         nan    3.1327    19523336806.3178
  1631.925    5.0976    0.0000    4.0088         nan    3.1356    19718938156.3703
  1647.509    5.1091    0.0000    4.0136         nan    3.1391    19914959683.9444
  1663.094    5.1206    0.0000    4.0184         nan    3.1431    20111431986.8882
  1678.679    5.1321    0.0000    4.0232         nan    3.1475    20308387300.0650
  1694.264    5.1431    0.0000    4.0278         nan    3.1526    20505854426.2224
  1694.264    5.2411    0.0000    6.4125         nan    3.1526    20505854426.2224
  1752.721    5.3045    0.0000    6.4545         nan    3.0550    21691477567.8148
  1811.177    5.3646    0.0000    6.4945         nan    2.9561    22847701277.6598
  1869.633    5.4217    0.0000    6.5325         nan    2.8561    23973248269.9863
  1928.090    5.4758    0.0000    6.5686         nan    2.7550    25066904654.9686
  1986.546    5.5271    0.0000    6.6030         nan    2.6528    26127517180.0861
  2045.003    5.5757    0.0000    6.6356         nan    2.5496    27153990898.5133
  2103.459    5.6217    0.0000    6.6666         nan    2.4455    28145287210.0821
  2161.915    5.6651    0.0000    6.6959         nan    2.3406    29100422240.3937
  2220.372    5.7062    0.0000    6.7236         nan    2.2348    30018465533.7032
  2278.828    5.7448    0.0000    6.7498         nan    2.1283    30898539057.3267
  2337.285    5.7812    0.0000    6.7744         nan    2.0210    31739816530.0172
  2395.741    5.8153    0.0000    6.7976         nan    1.9131    32541523107.2215
  2454.197    5.8472    0.0000    6.8193         nan    1.8046    33302935495.5135
  2512.654    5.8770    0.0000    6.8396         nan    1.6956    34023382611.6987
  2571.110    5.9047    0.0000    6.8584         nan    1.5861    34702246982.0602
  2629.567    5.9303    0.0000    6.8759         nan    1.4763    35338967199.9122
  2688.023    5.9539    0.0000    6.8920         nan    1.3662    35933041971.3123
  2746.480    5.9755    0.0000    6.9068         nan    1.2559    36484036657.3371
  2804.936    5.9952    0.0000    6.9202         nan    1.1456    36991593915.1333
  2863.392    6.0129    0.0000    6.9324         nan    1.0357    37455451388.6825
  2921.849    6.0287    0.0000    6.9432         nan    0.9263    37875472163.8145
  2980.305    6.0425    0.0000    6.9527         nan    0.8183    38251699752.2663
  3038.762    6.0545    0.0000    6.9609         nan    0.7127    38584463685.4787
  3097.218    6.0647    0.0000    6.9679         nan    0.6119    38874599183.1330
  3155.674    6.0729    0.0000    6.9735         nan    0.5218    39123954890.5409
  3214.131    6.0794    0.0000    6.9779         nan    0.4590    39336748441.7258
  3272.587    6.0839    0.0000    6.9811         nan    0.4910    39524033049.1428
  3331.044    6.0867    0.0000    6.9830         nan    1.1653    39724439539.3048
  3389.500    6.0876    0.0000    6.9836         nan    0.0000    40200149378.6772
