# Depth[km]  Vp[km/s]  Vs[km/s] Rho[g/cm3]    T[K]     g[m/s2]         P[Pa]        
     0.000    3.8134    2.2879    1.7294    273.1500    3.7291              0.0000
    15.302    3.8134    2.2879    1.7294    336.5170    3.7407       98685807.2080
    15.302    4.8628    2.9176    2.2054    336.5170    3.7407       98685807.2080
    34.562    4.8628    2.9176    2.2054    416.2800    3.7479      257573220.4460
    34.562    5.6582    3.3948    2.5661    416.2800    3.7479      257573220.4460
    47.209    5.6582    3.3948    2.5661    468.6529    3.7490      379199065.5976
    47.209    7.9939    4.5404    3.5184    468.6529    3.7490      379199065.5976
    56.728    7.9855    4.5304    3.5180    508.0742    3.7423      504752471.3204
    66.247    7.9768    4.5201    3.5175    547.4955    3.7356      630063459.0686
    75.765    7.9677    4.5097    3.5169    586.9169    3.7289      755130828.7575
    85.284    7.9582    4.4991    3.5162    626.3382    3.7223      879952373.5330
    94.803    7.9490    4.4888    3.5156    665.7595    3.7157     1004528661.9997
   104.322    7.9397    4.4785    3.5149    705.1808    3.7091     1128861142.6826
   113.841    7.9300    4.4680    3.5141    744.6022    3.7026     1252947809.2860
   123.360    7.9204    4.4577    3.5134    784.0235    3.6960     1376788810.8234
   132.879    7.9106    4.4474    3.5126    823.4448    3.6895     1500384358.1133
   142.398    7.9011    4.4372    3.5118    862.8661    3.6831     1623735146.1301
   151.917    7.8911    4.4269    3.5109    902.2875    3.6767     1746841352.7885
   161.436    7.8812    4.4167    3.5100    941.7088    3.6703     1869701252.2890
   170.955    7.8711    4.4064    3.5091    981.1301    3.6639     1992314861.9450
   180.474    7.8613    4.3962    3.5081   1020.5514    3.6576     2114682988.0610
   189.993    7.8517    4.3863    3.5072   1059.9727    3.6513     2236807415.1158
   199.512    7.8416    4.3761    3.5062   1099.3941    3.6450     2358688082.9406
   209.031    7.8314    4.3659    3.5052   1138.8154    3.6388     2480324358.4342
   218.550    7.8214    4.3558    3.5042   1178.2367    3.6326     2601717790.4661
   228.069    7.8115    4.3457    3.5031   1217.6580    3.6265     2722869102.3764
   237.588    7.8015    4.3357    3.5020   1257.0794    3.6204     2843778579.0838
   247.107    7.7914    4.3254    3.5010   1296.5007    3.6143     2964448513.4105
   256.626    7.7817    4.3155    3.5000   1335.9220    3.6082     3084880121.5453
   266.145    7.7727    4.3061    3.4988   1375.3433    3.6023     3205073110.0428
   275.664    7.7631    4.2962    3.4977   1414.7647    3.5963     3325027722.4011
   285.183    7.7535    4.2864    3.4966   1454.1860    3.5904     3444745595.1535
   294.702    7.7443    4.2768    3.4955   1493.6073    3.5845     3564228439.1902
   304.221    7.7340    4.2667    3.4943   1533.0286    3.5787     3683476432.4770
   313.740    7.7242    4.2567    3.4932   1572.4499    3.5729     3802490873.7207
   323.259    7.7144    4.2469    3.4919   1611.8713    3.5671     3921271946.3356
   332.778    7.7045    4.2369    3.4907   1651.2926    3.5614     4039820289.2959
   342.296    7.6948    4.2270    3.4896   1690.7139    3.5557     4158139495.1034
   351.815    7.6846    4.2169    3.4883   1730.1352    3.5501     4276230101.0774
   361.334    7.6747    4.2069    3.4871   1769.5566    3.5445     4394092266.3499
   370.853    7.6643    4.1966    3.4858   1808.9779    3.5390     4511726622.2409
   380.372    7.6541    4.1866    3.4845   1848.3992    3.5335     4629133797.3121
   389.891    7.6444    4.1766    3.4833   1887.8205    3.5281     4746316900.9389
   399.410    7.6338    4.1663    3.4820   1927.2419    3.5227     4863276751.8260
   408.929    7.6235    4.1561    3.4807   1966.6632    3.5173     4980013644.4622
   418.448    7.6137    4.1462    3.4794   2006.0845    3.5120     5096529803.1782
   427.967    7.6033    4.1359    3.4781   2045.5058    3.5068     5212826696.4996
   451.569    7.6336    4.1454    3.4868   2050.5228    3.4939     5501054414.2496
   475.170    7.6639    4.1551    3.4956   2055.5448    3.4810     5788942182.5144
   498.772    7.6918    4.1638    3.5039   2060.2943    3.4683     6076474385.5892
   522.374    7.7202    4.1728    3.5124   2065.0722    3.4556     6363641530.7979
   545.975    7.7472    4.1812    3.5207   2069.6276    3.4430     6650440315.0660
   569.577    7.7733    4.1893    3.5288   2074.1756    3.4305     6936859769.1890
   593.179    7.7998    4.1976    3.5369   2078.5861    3.4181     7222898891.0670
   616.780    7.8258    4.2057    3.5450   2082.9303    3.4059     7508559412.1729
   640.382    7.8516    4.2138    3.5530   2087.2223    3.3937     7793843488.8569
   663.984    7.8768    4.2217    3.5610   2091.4450    3.3818     8078752592.0263
   687.585    7.9018    4.2295    3.5689   2095.4720    3.3699     8363287373.7249
   711.187    7.9268    4.2374    3.5768   2099.5242    3.3582     8647454680.5956
   734.789    7.9517    4.2453    3.5847   2103.5053    3.3467     8931261892.1484
   758.390    7.9763    4.2530    3.5925   2107.3451    3.3353     9214714560.2026
   781.992    8.0015    4.2611    3.6005   2111.2689    3.3241     9497829385.0108
   805.593    8.0260    4.2690    3.6084   2114.9465    3.3131     9780619114.8512
   829.195    8.0511    4.2772    3.6165   2118.6432    3.3023    10063094753.0665
   852.797    8.0764    4.2856    3.6245   2122.2698    3.2917    10345275016.9820
   876.398    8.1029    4.2947    3.6330   2125.9417    3.2813    10627192460.8153
   900.000    8.1292    4.3038    3.6415   2129.4742    3.2712    10908877523.6200
   917.360    8.1492    4.3108    3.6479   2132.0701    3.2638    11115850651.6298
   934.720    8.1697    4.3183    3.6545   2134.6064    3.2566    11322727829.9759
   952.080    8.1908    4.3261    3.6614   2137.1652    3.2495    11529529196.4413
   969.441    8.2120    4.3339    3.6682   2139.7085    3.2426    11736268671.9696
   986.801    8.2362    4.3436    3.6760   2142.3131    3.2357    11942978099.8709
  1004.161    8.2595    4.3528    3.6837   2144.9019    3.2290    12149687454.3778
  1021.521    8.2785    4.3592    3.6905   2147.6894    3.2225    12356372841.9565
  1038.881    8.2978    4.3658    3.6974   2150.4695    3.2161    12563019240.9577
  1056.241    8.3165    4.3722    3.7041   2153.2109    3.2098    12769635571.4591
  1073.601    8.3349    4.3785    3.7106   2155.8895    3.2037    12976219487.7830
  1090.962    8.3505    4.3833    3.7162   2158.2867    3.1978    13182749499.5986
  1108.322    8.3731    4.3929    3.7246   2159.8043    3.1921    13389287186.4328
  1125.682    8.3967    4.4031    3.7335   2161.1591    3.1865    13595934098.8553
  1143.042    8.4747    4.4495    3.7563   2168.2590    3.1810    13803096242.2756
  1160.402    8.6378    4.5525    3.7998   2184.8820    3.1753    14011731333.1309
  1177.762    8.8556    4.6925    3.8553   2203.4554    3.1692    14222722386.8631
  1195.122    8.8761    4.7007    3.8621   2205.8057    3.1629    14435018088.4870
  1212.483    8.8914    4.7054    3.8676   2207.9085    3.1568    14647230253.5093
  1229.843    8.9054    4.7093    3.8730   2210.1426    3.1510    14859334707.7274
  1247.203    8.9205    4.7140    3.8786   2212.3788    3.1454    15071347726.7631
  1264.563    8.9346    4.7182    3.8840   2214.1768    3.1400    15283283266.9948
  1281.923    8.9482    4.7219    3.8895   2216.1374    3.1349    15495154488.3203
  1299.283    8.9619    4.7258    3.8949   2217.8495    3.1300    15706976918.0960
  1316.643    8.9758    4.7299    3.9006   2219.5922    3.1254    15918772143.5775
  1334.004    8.9888    4.7333    3.9061   2221.0820    3.1211    16130561546.5517
  1351.364    9.0018    4.7369    3.9116   2222.7542    3.1171    16342357464.7343
  1368.724    9.0152    4.7407    3.9174   2224.2092    3.1134    16554185187.2095
  1386.084    9.0283    4.7445    3.9229   2225.3436    3.1100    16766066983.2748
  1403.444    9.0404    4.7475    3.9285   2226.7021    3.1070    16978020258.6297
  1420.804    9.0529    4.7511    3.9337   2227.6424    3.1043    17190057735.3672
  1438.164    9.0652    4.7545    3.9393   2228.7034    3.1019    17402199292.8406
  1455.525    9.0793    4.7586    3.9462   2230.0570    3.1000    17614515155.8569
  1472.885    9.1190    4.7794    3.9575   2234.6664    3.0983    17827185618.8493
  1490.245    9.1597    4.8011    3.9695   2239.2293    3.0970    18040370409.6912
  1507.605    9.2040    4.8256    3.9826   2243.4814    3.0959    18254138038.2562
  1524.965    9.2433    4.8469    3.9952   2248.2528    3.0952    18468523887.9739
  1542.325    9.2783    4.8658    4.0064   2252.0195    3.0949    18683501237.6138
  1559.685    9.2913    4.8705    4.0112   2254.2349    3.0950    18898885864.9552
  1577.046    9.3049    4.8757    4.0160   2256.5244    3.0955    19114532006.5156
  1577.046    4.7315    0.0000    4.0514         nan    3.0955    19114532006.5156
  1590.336    4.7425    0.0000    4.0563         nan    3.0959    19281315494.8681
  1603.627    4.7536    0.0000    4.0613         nan    3.0966    19448324270.9645
  1616.918    4.7647    0.0000    4.0663         nan    3.0976    19615574057.3410
  1630.209    4.7757    0.0000    4.0713         nan    3.0988    19783081151.6652
  1643.499    4.7866    0.0000    4.0762         nan    3.1004    19950861013.1478
  1656.790    4.7971    0.0000    4.0809         nan    3.1024    20118926350.2017
  1670.081    4.8077    0.0000    4.0857         nan    3.1046    20287292015.7704
  1683.372    4.8182    0.0000    4.0904         nan    3.1073    20455976970.3804
  1696.663    4.8287    0.0000    4.0951         nan    3.1103    20625000870.8617
  1696.663    5.0515    0.0000    6.3255         nan    3.1103    20625000870.8617
  1755.036    5.1333    0.0000    6.3692         nan    3.0144    21777409050.8333
  1813.410    5.2104    0.0000    6.4105         nan    2.9173    22901779988.5774
  1871.784    5.2831    0.0000    6.4495         nan    2.8189    23996759462.5195
  1930.157    5.3517    0.0000    6.4865         nan    2.7194    25061075952.5747
  1988.531    5.4164    0.0000    6.5214         nan    2.6189    26093534839.2883
  2046.905    5.4774    0.0000    6.5543         nan    2.5174    27093013632.5557
  2105.279    5.5348    0.0000    6.5855         nan    2.4149    28058458069.5833
  2163.652    5.5890    0.0000    6.6148         nan    2.3116    28988878962.9778
  2222.026    5.6399    0.0000    6.6425         nan    2.2076    29883349730.6050
  2280.400    5.6877    0.0000    6.6685         nan    2.1028    30741004577.1382
  2338.773    5.7326    0.0000    6.6930         nan    1.9973    31561037343.1129
  2397.147    5.7746    0.0000    6.7159         nan    1.8912    32342701087.6594
  2455.521    5.8138    0.0000    6.7373         nan    1.7847    33085308536.8384
  2513.894    5.8503    0.0000    6.7572         nan    1.6777    33788233638.9387
  2572.268    5.8841    0.0000    6.7757         nan    1.5705    34450914619.1921
  2630.642    5.9154    0.0000    6.7928         nan    1.4630    35072859183.3196
  2689.016    5.9442    0.0000    6.8086         nan    1.3555    35653652956.9281
  2747.389    5.9705    0.0000    6.8230         nan    1.2483    36192973015.0385
  2805.763    5.9943    0.0000    6.8361         nan    1.1415    36690609778.5375
  2864.137    6.0158    0.0000    6.8479         nan    1.0356    37146503312.5458
  2922.510    6.0349    0.0000    6.8584         nan    0.9315    37560805713.7425
  2980.884    6.0518    0.0000    6.8676         nan    0.8304    37933993640.4862
  3039.258    6.0663    0.0000    6.8756         nan    0.7347    38267084322.0475
  3097.631    6.0785    0.0000    6.8823         nan    0.6493    38562084822.7688
  3156.005    6.0885    0.0000    6.8878         nan    0.5861    38823030350.3318
  3214.379    6.0963    0.0000    6.8921         nan    0.5797    39058756229.4717
  3272.753    6.1018    0.0000    6.8951         nan    0.7700    39292031446.4184
  3331.126    6.1051    0.0000    6.8969         nan    2.2920    39601973029.1857
  3389.500    6.1062    0.0000    6.8975         nan    0.0000    40524781631.4227
