# Depth[km]  Vp[km/s]  Vs[km/s] Rho[g/cm3]    T[K]     g[m/s2]         P[Pa]        
     0.000    3.4991    2.1190    1.5893    273.1500    3.7291              0.0000
    10.604    3.4991    2.1190    1.5893    316.6659    3.7383       62846845.5243
    10.604    4.5482    2.7542    2.0658    316.6659    3.7383       62846845.5243
    30.017    4.5482    2.7542    2.0658    396.3404    3.7478      212769981.2251
    30.017    5.6777    3.4382    2.5788    396.3404    3.7478      212769981.2251
    44.669    5.6777    3.4382    2.5788    456.4720    3.7489      354377114.7487
    44.669    7.9973    4.5438    3.5188    456.4720    3.7489      354377114.7487
    54.504    7.9889    4.5335    3.5184    496.8376    3.7420      484115811.8232
    64.340    7.9802    4.5231    3.5179    537.2033    3.7350      613596944.2754
    74.175    7.9710    4.5125    3.5174    577.5689    3.7281      742819093.4319
    84.011    7.9614    4.5017    3.5167    617.9345    3.7212      871779757.9117
    93.846    7.9520    4.4911    3.5161    658.3002    3.7144     1000479142.6480
   103.682    7.9426    4.4806    3.5154    698.6658    3.7076     1128918939.6353
   113.517    7.9333    4.4702    3.5148    739.0315    3.7008     1257099093.9644
   123.352    7.9233    4.4595    3.5140    779.3971    3.6940     1385018435.1531
   133.188    7.9133    4.4489    3.5132    819.7628    3.6873     1512675161.7393
   143.023    7.9037    4.4386    3.5124    860.1284    3.6806     1640071181.8035
   152.859    7.8935    4.4280    3.5116    900.4941    3.6739     1767206961.0134
   162.694    7.8836    4.4175    3.5107    940.8597    3.6673     1894080851.0438
   172.530    7.8737    4.4072    3.5098    981.2254    3.6607     2020693981.0758
   182.365    7.8634    4.3968    3.5088   1021.5910    3.6542     2147046367.2985
   192.200    7.8538    4.3867    3.5079   1061.9567    3.6477     2273138753.0232
   202.036    7.8436    4.3763    3.5069   1102.3223    3.6412     2398971963.4169
   211.871    7.8337    4.3660    3.5060   1142.6880    3.6348     2524547428.3884
   221.707    7.8232    4.3555    3.5049   1183.0536    3.6284     2649864858.3141
   231.542    7.8132    4.3453    3.5038   1223.4193    3.6220     2774923178.1028
   241.378    7.8025    4.3348    3.5028   1263.7849    3.6157     2899724812.0310
   251.213    7.7928    4.3246    3.5018   1304.1506    3.6094     3024271870.1533
   261.048    7.7840    4.3151    3.5008   1344.5162    3.6031     3148566332.9344
   270.884    7.7737    4.3046    3.4996   1384.8819    3.5969     3272607115.8012
   280.719    7.7645    4.2950    3.4985   1425.2475    3.5908     3396394565.4827
   290.555    7.7546    4.2848    3.4974   1465.6132    3.5847     3519931039.2625
   300.390    7.7451    4.2750    3.4963   1505.9788    3.5786     3643217946.4235
   310.226    7.7347    4.2645    3.4950   1546.3445    3.5726     3766254810.3409
   320.061    7.7252    4.2546    3.4940   1586.7101    3.5666     3889043459.5253
   329.896    7.7152    4.2445    3.4928   1627.0758    3.5606     4011586345.3531
   339.732    7.7050    4.2343    3.4916   1667.4414    3.5547     4133882891.2617
   349.567    7.6949    4.2241    3.4903   1707.8071    3.5489     4255933824.4679
   359.403    7.6855    4.2142    3.4892   1748.1727    3.5431     4377743045.3541
   369.238    7.6751    4.2039    3.4879   1788.5384    3.5373     4499311521.0113
   379.074    7.6648    4.1935    3.4867   1828.9040    3.5316     4620637985.8172
   388.909    7.6546    4.1832    3.4854   1869.2697    3.5259     4741724659.7350
   398.745    7.6440    4.1728    3.4842   1909.6353    3.5203     4862573859.4716
   408.580    7.6337    4.1625    3.4828   1950.0009    3.5148     4983186619.3332
   418.415    7.6237    4.1523    3.4815   1990.3666    3.5093     5103563628.3762
   428.251    7.6130    4.1418    3.4802   2030.7322    3.5038     5223706633.4692
   438.086    7.6033    4.1316    3.4789   2071.0979    3.4984     5343617955.9505
   461.182    7.6329    4.1409    3.4875   2076.0471    3.4858     5625054933.4386
   484.278    7.6612    4.1498    3.4959   2080.9548    3.4733     5906161668.5545
   507.373    7.6893    4.1586    3.5042   2085.7252    3.4608     6186928427.4532
   530.469    7.7168    4.1673    3.5125   2090.4891    3.4484     6467349432.5273
   553.565    7.7430    4.1755    3.5206   2094.9873    3.4362     6747418263.9340
   576.660    7.7691    4.1836    3.5286   2099.4353    3.4240     7027129059.7625
   599.756    7.7948    4.1917    3.5365   2103.8151    3.4119     7306479565.3943
   622.852    7.8198    4.1994    3.5444   2108.1722    3.4000     7585468333.2246
   645.947    7.8454    4.2075    3.5523   2112.3777    3.3881     7864097774.8088
   669.043    7.8700    4.2152    3.5600   2116.4553    3.3764     8142368543.6413
   692.139    7.8945    4.2228    3.5678   2120.6122    3.3649     8420285546.5090
   715.234    7.9188    4.2305    3.5755   2124.5183    3.3534     8697853851.1713
   738.330    7.9444    4.2388    3.5835   2128.5346    3.3422     8975089254.5459
   761.426    7.9676    4.2459    3.5910   2132.3363    3.3311     9251990709.6001
   784.522    7.9917    4.2536    3.5987   2136.0922    3.3202     9528555590.7809
   807.617    8.0167    4.2618    3.6067   2139.9209    3.3094     9804814619.4954
   830.713    8.0412    4.2698    3.6146   2143.5643    3.2988    10080785035.4776
   853.809    8.0660    4.2780    3.6225   2147.1179    3.2885    10356475982.8043
   876.904    8.0913    4.2866    3.6306   2150.6815    3.2783    10631911788.8855
   900.000    8.1160    4.2949    3.6386   2154.3438    3.2684    10907105568.9676
   917.265    8.1375    4.3028    3.6454   2156.9214    3.2611    11112610091.2066
   934.529    8.1581    4.3103    3.6520   2159.5310    3.2539    11318033996.1885
   951.794    8.1790    4.3179    3.6588   2162.0795    3.2468    11523382117.2631
   969.058    8.2003    4.3258    3.6657   2164.6884    3.2399    11728669798.4026
   986.323    8.2237    4.3351    3.6732   2167.2983    3.2331    11933922829.9475
  1003.587    8.2466    4.3440    3.6808   2169.9390    3.2264    12139167176.2363
  1020.852    8.2654    4.3503    3.6875   2172.7287    3.2199    12344385194.9197
  1038.116    8.2842    4.3567    3.6942   2175.4858    3.2135    12549558763.1702
  1055.381    8.3033    4.3633    3.7010   2178.2793    3.2073    12754701626.5791
  1072.645    8.3221    4.3698    3.7077   2181.0649    3.2013    12959821521.8110
  1089.910    8.3387    4.3752    3.7137   2183.4089    3.1954    13164903570.6506
  1107.174    8.3626    4.3858    3.7226   2184.8941    3.1896    13370020158.4218
  1124.439    8.3862    4.3959    3.7316   2185.9898    3.1841    13575262857.2115
  1141.703    8.4105    4.4066    3.7408   2187.3806    3.1787    13780647104.2866
  1158.968    8.5506    4.4943    3.7790   2200.5974    3.1732    13986982211.4553
  1176.232    8.7292    4.6078    3.8259   2222.0613    3.1674    14195292593.2021
  1193.497    8.8583    4.6886    3.8591   2228.7496    3.1613    14405412369.2309
  1210.761    8.8732    4.6930    3.8645   2230.8895    3.1552    14616183051.5855
  1228.026    8.8879    4.6975    3.8699   2232.9338    3.1494    14826845109.1713
  1245.290    8.9030    4.7019    3.8758   2235.2712    3.1438    15037423463.5983
  1262.555    8.9174    4.7061    3.8812   2237.3303    3.1384    15247934218.5559
  1279.820    8.9310    4.7100    3.8867   2239.1659    3.1333    15458380114.8851
  1297.084    8.9455    4.7145    3.8923   2241.3138    3.1284    15668780519.2005
  1314.349    8.9591    4.7182    3.8979   2242.5203    3.1238    15879157393.6486
  1331.613    8.9722    4.7217    3.9035   2244.3527    3.1195    16089528410.8897
  1348.878    8.9849    4.7249    3.9091   2245.7106    3.1155    16299910738.1791
  1366.142    8.9980    4.7285    3.9146   2246.9890    3.1117    16510317523.1618
  1383.407    9.0116    4.7326    3.9204   2248.7121    3.1083    16720774374.0189
  1400.671    9.0242    4.7359    3.9262   2249.6470    3.1052    16931312280.7620
  1417.936    9.0366    4.7390    3.9320   2251.0146    3.1024    17141951155.0778
  1435.200    9.0486    4.7424    3.9372   2251.8364    3.1000    17352697318.8841
  1452.465    9.0608    4.7456    3.9429   2252.7537    3.0980    17563569688.9823
  1469.729    9.0780    4.7516    3.9504   2254.4977    3.0963    17774654874.0618
  1486.994    9.1179    4.7725    3.9623   2258.5616    3.0949    17986145241.8401
  1504.258    9.1580    4.7939    3.9745   2263.0991    3.0939    18198185337.3016
  1521.523    9.2004    4.8172    3.9873   2267.4276    3.0931    18410819947.8336
  1538.787    9.2424    4.8403    4.0009   2271.8589    3.0927    18624109155.4973
  1556.052    9.2626    4.8497    4.0077   2274.5350    3.0927    18837916859.5423
  1573.316    9.2752    4.8542    4.0125   2276.5159    3.0932    19052033584.8861
  1573.316    5.1434    0.0000    4.0957         nan    3.0932    19052033584.8861
  1590.555    5.1598    0.0000    4.1013         nan    3.0929    19270576071.8596
  1607.794    5.1762    0.0000    4.1068         nan    3.0931    19489396627.9224
  1625.033    5.1926    0.0000    4.1124         nan    3.0939    19708529726.6530
  1642.272    5.2087    0.0000    4.1178         nan    3.0951    19928008766.6149
  1659.511    5.2242    0.0000    4.1231         nan    3.0970    20147864255.4258
  1676.750    5.2397    0.0000    4.1284         nan    3.0994    20368131293.9196
  1693.989    5.2553    0.0000    4.1337         nan    3.1024    20588851565.8556
  1711.227    5.2702    0.0000    4.1388         nan    3.1060    20810063565.9145
  1728.466    5.2850    0.0000    4.1438         nan    3.1103    21031806068.9947
  1728.466    5.5481    0.0000    6.4844         nan    3.1103    21031806068.9947
  1785.743    5.5947    0.0000    6.5212         nan    3.0128    22190277089.6297
  1843.020    5.6391    0.0000    6.5563         nan    2.9142    23318617373.0432
  1900.297    5.6815    0.0000    6.5900         nan    2.8146    24415774497.9292
  1957.574    5.7218    0.0000    6.6221         nan    2.7140    25480739984.2355
  2014.851    5.7601    0.0000    6.6528         nan    2.6126    26512548450.4893
  2072.128    5.7966    0.0000    6.6821         nan    2.5103    27510276922.9965
  2129.405    5.8312    0.0000    6.7099         nan    2.4072    28473044288.8757
  2186.682    5.8639    0.0000    6.7364         nan    2.3033    29400010891.7096
  2243.959    5.8949    0.0000    6.7616         nan    2.1987    30290378269.6286
  2301.237    5.9242    0.0000    6.7854         nan    2.0934    31143389050.1909
  2358.514    5.9518    0.0000    6.8079         nan    1.9875    31958327030.9770
  2415.791    5.9778    0.0000    6.8291         nan    1.8810    32734517483.3495
  2473.068    6.0021    0.0000    6.8490         nan    1.7739    33471327745.7828
  2530.345    6.0248    0.0000    6.8676         nan    1.6664    34168168212.0639
  2587.622    6.0459    0.0000    6.8850         nan    1.5585    34824493880.2500
  2644.899    6.0655    0.0000    6.9012         nan    1.4502    35439806728.3210
  2702.176    6.0836    0.0000    6.9161         nan    1.3417    36013659358.2512
  2759.453    6.1002    0.0000    6.9298         nan    1.2330    36545660656.6722
  2816.730    6.1152    0.0000    6.9422         nan    1.1243    37035484792.6461
  2874.007    6.1288    0.0000    6.9535         nan    1.0157    37482885978.8880
  2931.284    6.1409    0.0000    6.9635         nan    0.9077    37887723693.3746
  2988.561    6.1516    0.0000    6.9724         nan    0.8008    38250008026.8211
  3045.838    6.1608    0.0000    6.9801         nan    0.6959    38569986584.5186
  3103.115    6.1686    0.0000    6.9865         nan    0.5950    38848325079.8942
  3160.392    6.1750    0.0000    6.9918         nan    0.5030    39086524555.5128
  3217.669    6.1799    0.0000    6.9959         nan    0.4339    39288035073.3202
  3274.946    6.1834    0.0000    6.9989         nan    0.4440    39461925094.3921
  3332.223    6.1856    0.0000    7.0006         nan    0.9912    39639921131.5258
  3389.500    6.1863    0.0000    7.0012         nan    0.0000    40037399963.1673
