# Depth[km]  Vp[km/s]  Vs[km/s] Rho[g/cm3]    T[K]     g[m/s2]         P[Pa]        
     0.000    3.6218    2.1769    1.7091    273.1500    3.7291              0.0000
    11.026    3.6218    2.1769    1.7091    314.8923    3.7376       70272130.3414
    11.026    4.9705    2.9875    2.3455    314.8923    3.7376       70272130.3414
    28.034    4.9705    2.9875    2.3455    379.2861    3.7419      219373325.6848
    28.034    6.3404    3.8110    2.9920    379.2861    3.7419      219373325.6848
    46.432    6.3404    3.8110    2.9920    448.9453    3.7368      425356746.1632
    46.432    7.8400    4.4829    3.4771    448.9453    3.7368      425356746.1632
    56.271    7.8357    4.4761    3.4774    486.1973    3.7301      553201001.0231
    66.110    7.8309    4.4690    3.4777    523.4494    3.7234      680827456.2935
    75.949    7.8257    4.4616    3.4778    560.7014    3.7168      808233571.8732
    85.788    7.8203    4.4542    3.4780    597.9535    3.7102      935418046.3659
    95.627    7.8137    4.4462    3.4779    635.2055    3.7036     1062376740.2085
   105.466    7.8079    4.4385    3.4779    672.4576    3.6970     1189108247.4987
   115.305    7.8021    4.4308    3.4779    709.7096    3.6905     1315616205.2761
   125.144    7.7961    4.4230    3.4779    746.9616    3.6840     1441900407.6979
   134.983    7.7891    4.4148    3.4776    784.2137    3.6775     1567956418.9456
   144.822    7.7830    4.4069    3.4774    821.4657    3.6711     1693783386.1226
   154.661    7.7769    4.3990    3.4773    858.7178    3.6646     1819384282.2148
   164.500    7.7699    4.3908    3.4769    895.9698    3.6582     1944756541.6846
   174.339    7.7630    4.3826    3.4766    933.2218    3.6519     2069897175.2767
   184.178    7.7564    4.3745    3.4762    970.4739    3.6456     2194807717.0311
   194.017    7.7497    4.3663    3.4758   1007.7259    3.6393     2319489160.7227
   203.856    7.7424    4.3579    3.4752   1044.9780    3.6330     2443937630.3791
   213.695    7.7357    4.3498    3.4747   1082.2300    3.6268     2568152182.6473
   223.534    7.7295    4.3418    3.4744   1119.4821    3.6206     2692138765.5976
   233.373    7.7224    4.3334    3.4739   1156.7341    3.6145     2815898638.3801
   243.212    7.7154    4.3251    3.4734   1193.9861    3.6084     2939430394.4788
   253.051    7.7081    4.3168    3.4728   1231.2382    3.6023     3062734985.3415
   262.890    7.7015    4.3087    3.4723   1268.4902    3.5962     3185812746.4018
   272.729    7.6937    4.3001    3.4716   1305.7423    3.5902     3308662042.9429
   282.568    7.6853    4.2913    3.4709   1342.9943    3.5843     3431281925.2712
   292.407    7.6773    4.2826    3.4704   1380.2464    3.5784     3553677244.1682
   302.246    7.6693    4.2738    3.4699   1417.4984    3.5725     3675852467.8974
   312.085    7.6604    4.2647    3.4692   1454.7504    3.5666     3797806350.0956
   321.924    7.6522    4.2559    3.4687   1492.0025    3.5608     3919539842.1473
   331.763    7.6433    4.2469    3.4680   1529.2545    3.5551     4041054008.9708
   341.602    7.6352    4.2381    3.4674   1566.5066    3.5494     4162349796.4565
   351.441    7.6256    4.2287    3.4667   1603.7586    3.5437     4283427943.4149
   361.280    7.6167    4.2195    3.4660   1641.0107    3.5380     4404287282.6335
   371.119    7.6081    4.2105    3.4654   1678.2627    3.5325     4524931773.7903
   380.958    7.5988    4.2012    3.4647   1715.5147    3.5269     4645362712.7417
   390.797    7.5833    4.1896    3.4629   1752.7668    3.5214     4765561625.9617
   400.636    7.5804    4.1827    3.4633   1790.0188    3.5160     4885548903.8140
   410.475    7.5710    4.1733    3.4625   1827.2709    3.5106     5005342843.9683
   420.314    7.5587    4.1628    3.4613   1864.5229    3.5052     5124919033.7916
   430.153    7.5504    4.1539    3.4608   1901.7750    3.4999     5244282610.5556
   439.992    7.5422    4.1449    3.4602   1939.0270    3.4946     5363445370.5254
   462.992    7.5707    4.1523    3.4682   1943.2132    3.4824     5641890371.1597
   485.993    7.5988    4.1595    3.4762   1947.3237    3.4703     5920003278.4843
   508.993    7.6384    4.1714    3.4858   1952.5684    3.4583     6197848495.6158
   531.994    7.6678    4.1794    3.4939   1956.8003    3.4463     6475432870.7256
   554.994    7.6972    4.1874    3.5019   1960.9965    3.4344     6752695711.8060
   577.994    7.7256    4.1951    3.5098   1965.0969    3.4226     7029633754.7844
   600.995    7.7524    4.2022    3.5175   1968.9759    3.4110     7306235768.1121
   623.995    7.7799    4.2096    3.5251   1972.8791    3.3995     7582497115.6309
   646.996    7.8077    4.2173    3.5329   1976.8743    3.3881     7858428627.7337
   669.996    7.8337    4.2242    3.5403   1980.5773    3.3768     8134027405.5704
   692.996    7.8594    4.2310    3.5477   1984.2249    3.3657     8409285976.5640
   715.997    7.8846    4.2376    3.5550   1987.8593    3.3548     8684209064.7833
   738.997    7.9104    4.2448    3.5623   1991.3647    3.3440     8958800235.1744
   761.998    7.9352    4.2513    3.5695   1994.8656    3.3334     9233065397.3299
   784.998    7.9601    4.2580    3.5767   1998.3382    3.3230     9507013867.0058
   807.998    7.9842    4.2643    3.5837   2001.6593    3.3128     9780650268.8801
   830.999    8.0089    4.2711    3.5908   2005.0143    3.3028    10053984144.5727
   853.999    8.0328    4.2776    3.5977   2008.2112    3.2931    10327026652.1833
   877.000    8.0570    4.2840    3.6048   2011.5234    3.2835    10599793049.4164
   900.000    8.0816    4.2909    3.6119   2014.7825    3.2742    10872305437.1016
   916.706    8.0996    4.2960    3.6172   2017.1730    3.2676    11070016213.7158
   933.412    8.1170    4.3009    3.6222   2019.3940    3.2612    11267610303.1824
   950.118    8.1343    4.3057    3.6274   2021.6202    3.2549    11465091449.2102
   966.823    8.1517    4.3107    3.6324   2023.8242    3.2487    11662467646.9865
   983.529    8.1704    4.3163    3.6380   2026.1489    3.2427    11859757399.0664
  1000.235    8.1883    4.3215    3.6433   2028.3483    3.2368    12056975156.0138
  1016.941    8.2039    4.3255    3.6479   2030.4976    3.2311    12254105750.3236
  1033.647    8.2219    4.3308    3.6533   2032.5637    3.2256    12451160331.7345
  1050.353    8.2377    4.3351    3.6580   2034.6335    3.2202    12648149577.2132
  1067.059    8.2537    4.3393    3.6628   2036.6882    3.2151    12845066529.6414
  1083.764    8.3401    4.3918    3.6858   2045.7371    3.2100    13042415173.0404
  1100.470    8.4581    4.4660    3.7171   2056.5988    3.2047    13240906217.5431
  1117.176    8.5926    4.5512    3.7521   2069.3486    3.1993    13440849417.1734
  1133.882    8.6075    4.5550    3.7567   2073.3880    3.1939    13641514074.5379
  1150.588    8.6237    4.5591    3.7617   2075.9710    3.1887    13842093584.9306
  1167.294    8.6392    4.5631    3.7665   2078.1934    3.1837    14042605204.4144
  1184.000    8.6548    4.5673    3.7713   2080.3642    3.1789    14243055529.9297
  1200.705    8.6702    4.5713    3.7760   2082.5299    3.1743    14443457085.9979
  1217.411    8.6857    4.5755    3.7808   2084.6843    3.1700    14643824724.4423
  1234.117    8.7004    4.5792    3.7854   2091.0464    3.1659    14844168255.7897
  1250.823    8.7442    4.6141    3.7911   2095.6353    3.1620    15044523510.0156
  1267.529    8.7761    4.6361    3.7967   2101.2970    3.1584    15244932996.1661
  1284.235    8.8276    4.6770    3.8038   2104.7471    3.1551    15445449798.7330
  1300.941    8.8678    4.6961    3.8134   2110.0935    3.1520    15646194355.0645
  1317.646    8.9062    4.7143    3.8229   2115.1822    3.1491    15847244277.3595
  1334.352    8.9442    4.7321    3.8327   2120.4671    3.1464    16048616825.4706
  1351.058    8.9841    4.7510    3.8433   2125.8987    3.1440    16250354094.5052
  1367.764    9.0242    4.7700    3.8543   2131.3904    3.1418    16452503130.0219
  1384.470    9.0587    4.7869    3.8634   2136.6782    3.1398    16655039771.7545
  1401.176    9.0794    4.7918    3.8720   2138.5728    3.1382    16857915205.7428
  1417.882    9.0958    4.7954    3.8787   2140.6652    3.1368    17061083637.4834
  1434.587    9.1123    4.7985    3.8858   2142.6029    3.1358    17264525356.1096
  1451.293    9.1295    4.8021    3.8932   2144.6912    3.1351    17468280871.3252
  1467.999    9.1474    4.8051    3.9017   2146.6642    3.1348    17672409268.2896
  1484.705    9.2152    4.8376    3.9317   2157.9314    3.1346    17877523687.8322
  1501.411    9.2425    4.8508    3.9411   2163.6012    3.1347    18083661829.4545
  1518.117    9.2687    4.8640    3.9500   2169.0561    3.1352    18290284618.8643
  1534.822    9.2950    4.8771    3.9590   2174.2298    3.1360    18497402874.5885
  1551.528    9.3200    4.8897    3.9674   2179.5492    3.1372    18705031302.6761
  1551.528    4.7435    0.0000    4.0170         nan    3.1372    18705031302.6761
  1564.495    4.7540    0.0000    4.0219         nan    3.1379    18868533745.3977
  1577.461    4.7646    0.0000    4.0267         nan    3.1389    19032269523.5683
  1590.427    4.7751    0.0000    4.0315         nan    3.1402    19196253170.3820
  1603.393    4.7856    0.0000    4.0363         nan    3.1418    19360499728.9409
  1616.360    4.7960    0.0000    4.0411         nan    3.1436    19525024258.1188
  1629.326    4.8060    0.0000    4.0457         nan    3.1458    19689838304.0706
  1642.292    4.8160    0.0000    4.0503         nan    3.1483    19854954550.8371
  1655.258    4.8260    0.0000    4.0549         nan    3.1512    20020390394.2529
  1668.225    4.8360    0.0000    4.0595         nan    3.1544    20186163842.8507
  1668.225    5.0761    0.0000    6.3096         nan    3.1544    20186163842.8507
  1727.579    5.1621    0.0000    6.3541         nan    3.0571    21371648283.8142
  1786.933    5.2431    0.0000    6.3961         nan    2.9585    22528432816.5725
  1846.288    5.3194    0.0000    6.4358         nan    2.8586    23655078725.3809
  1905.642    5.3912    0.0000    6.4733         nan    2.7575    24750235939.0578
  1964.996    5.4590    0.0000    6.5087         nan    2.6553    25812636072.6098
  2024.351    5.5228    0.0000    6.5422         nan    2.5521    26841086616.2950
  2083.705    5.5829    0.0000    6.5737         nan    2.4478    27834466051.9184
  2143.059    5.6394    0.0000    6.6034         nan    2.3427    28791719729.8291
  2202.414    5.6926    0.0000    6.6314         nan    2.2366    29711856368.2105
  2261.768    5.7425    0.0000    6.6578         nan    2.1297    30593945088.4647
  2321.122    5.7893    0.0000    6.6825         nan    2.0221    31437112912.8945
  2380.477    5.8331    0.0000    6.7056         nan    1.9138    32240542676.4405
  2439.831    5.8740    0.0000    6.7272         nan    1.8048    33003471330.5675
  2499.185    5.9120    0.0000    6.7474         nan    1.6952    33725188634.6121
  2558.540    5.9472    0.0000    6.7660         nan    1.5851    34405036266.8612
  2617.894    5.9798    0.0000    6.7833         nan    1.4745    35042407430.0897
  2677.248    6.0097    0.0000    6.7992         nan    1.3634    35636747096.3603
  2736.602    6.0371    0.0000    6.8137         nan    1.2520    36187553159.9198
  2795.957    6.0619    0.0000    6.8269         nan    1.1403    36694378987.0918
  2855.311    6.0843    0.0000    6.8388         nan    1.0284    37156838278.9625
  2914.665    6.1042    0.0000    6.8494         nan    0.9165    37574614032.8070
  2974.020    6.1217    0.0000    6.8587         nan    0.8048    37947475291.0617
  3033.374    6.1368    0.0000    6.8667         nan    0.6937    38275309868.8254
  3092.728    6.1495    0.0000    6.8735         nan    0.5840    38558193001.2929
  3152.083    6.1599    0.0000    6.8791         nan    0.4775    38796546593.0334
  3211.437    6.1679    0.0000    6.8834         nan    0.3794    38991565000.1581
  3270.791    6.1737    0.0000    6.8864         nan    0.3110    39146618678.9295
  3330.146    6.1771    0.0000    6.8883         nan    0.4442    39273773351.6230
  3389.500    6.1783    0.0000    6.8889         nan    0.0000    39455385363.1806
