# Depth[km]  Vp[km/s]  Vs[km/s] Rho[g/cm3]    T[K]     g[m/s2]         P[Pa]        
     0.000    3.6921    2.2214    1.7316    273.1500    3.7291              0.0000
    12.108    3.6921    2.2214    1.7316    317.0719    3.7382       78186349.2505
    12.108    4.6360    2.7893    2.1743    317.0719    3.7382       78186349.2505
    26.838    4.6360    2.7893    2.1743    370.5076    3.7441      197908109.5534
    26.838    6.5998    3.9708    3.0953    370.5076    3.7441      197908109.5534
    43.912    6.5998    3.9708    3.0953    432.4475    3.7378      395778605.6618
    43.912    7.8445    4.4867    3.4776    432.4475    3.7378      395778605.6618
    54.132    7.8409    4.4801    3.4781    469.5261    3.7309      528644801.8828
    64.353    7.8369    4.4733    3.4786    506.6047    3.7239      661282237.0930
    74.574    7.8326    4.4663    3.4790    543.6834    3.7170      793689096.5900
    84.795    7.8278    4.4590    3.4792    580.7620    3.7101      925862808.7402
    95.016    7.8230    4.4517    3.4795    617.8406    3.7033     1057802238.9025
   105.236    7.8170    4.4439    3.4796    654.9192    3.6964     1189503466.1706
   115.457    7.8117    4.4364    3.4797    691.9978    3.6896     1320965085.1727
   125.678    7.8064    4.4288    3.4798    729.0764    3.6828     1452190040.8384
   135.899    7.8010    4.4212    3.4800    766.1550    3.6761     1583178405.9071
   146.119    7.7946    4.4132    3.4798    803.2336    3.6694     1713926154.1572
   156.340    7.7890    4.4055    3.4798    840.3122    3.6627     1844432708.1282
   166.561    7.7837    4.3979    3.4799    877.3909    3.6560     1974702088.7988
   176.782    7.7772    4.3898    3.4796    914.4695    3.6494     2104730700.5313
   187.003    7.7717    4.3821    3.4796    951.5481    3.6428     2234518167.5494
   197.223    7.7652    4.3739    3.4792    988.6267    3.6362     2364064024.5155
   207.444    7.7591    4.3660    3.4790   1025.7053    3.6297     2493365783.2920
   217.665    7.7530    4.3580    3.4787   1062.7839    3.6232     2622425421.6836
   227.886    7.7470    4.3501    3.4783   1099.8625    3.6168     2751242585.0096
   238.107    7.7404    4.3420    3.4780   1136.9411    3.6104     2879817539.9356
   248.327    7.7341    4.3339    3.4776   1174.0197    3.6040     3008151469.2555
   258.548    7.7276    4.3258    3.4773   1211.0984    3.5976     3136245359.3366
   268.769    7.7213    4.3178    3.4769   1248.1770    3.5913     3264100904.4480
   278.990    7.7148    4.3097    3.4765   1285.2556    3.5851     3391718436.8346
   289.210    7.7084    4.3017    3.4761   1322.3342    3.5789     3519098957.9682
   299.431    7.7015    4.2934    3.4758   1359.4128    3.5727     3646244924.7550
   309.652    7.6930    4.2844    3.4753   1396.4914    3.5665     3773155637.7048
   319.873    7.6855    4.2758    3.4749   1433.5700    3.5604     3899832584.4822
   330.094    7.6781    4.2673    3.4745   1470.6486    3.5544     4026279731.8631
   340.314    7.6707    4.2587    3.4742   1507.7272    3.5484     4152498417.4338
   350.535    7.6621    4.2497    3.4736   1544.8059    3.5424     4278487027.2759
   360.756    7.6546    4.2411    3.4733   1581.8845    3.5365     4404246941.5669
   370.977    7.6465    4.2322    3.4728   1618.9631    3.5306     4529781739.9494
   381.197    7.6382    4.2234    3.4722   1656.0417    3.5248     4655089626.4926
   391.418    7.6295    4.2143    3.4717   1693.1203    3.5190     4780169695.0060
   401.639    7.6215    4.2054    3.4712   1730.1989    3.5132     4905026186.9519
   411.860    7.6135    4.1966    3.4708   1767.2775    3.5075     5029663127.2091
   422.081    7.6052    4.1878    3.4702   1804.3561    3.5019     5154079502.8667
   432.301    7.5968    4.1787    3.4697   1841.4347    3.4963     5278276417.5150
   442.522    7.5814    4.1669    3.4682   1878.5134    3.4907     5402237959.2645
   452.743    7.5737    4.1581    3.4678   1915.5920    3.4852     5525967384.9004
   475.106    7.6011    4.1652    3.4755   1919.5521    3.4733     5796544866.0320
   497.469    7.6396    4.1767    3.4849   1924.5828    3.4614     6066860934.4680
   519.832    7.6686    4.1846    3.4928   1928.6692    3.4497     6336922694.6826
   542.194    7.6970    4.1923    3.5006   1932.7489    3.4380     6606672530.2383
   564.557    7.7251    4.2000    3.5083   1936.6781    3.4264     6876105735.7204
   586.920    7.7518    4.2071    3.5159   1940.5301    3.4149     7145215331.0581
   609.283    7.7781    4.2143    3.5233   1944.1548    3.4035     7413991366.5350
   631.646    7.8052    4.2217    3.5308   1948.0309    3.3922     7682439447.2814
   654.009    7.8306    4.2284    3.5381   1951.6125    3.3810     7950561085.9934
   676.371    7.8557    4.2350    3.5453   1955.1656    3.3700     8218347927.5245
   698.734    7.8808    4.2419    3.5524   1958.6004    3.3592     8485801963.2981
   721.097    7.9052    4.2483    3.5595   1962.0482    3.3484     8752926904.2958
   743.460    7.9300    4.2551    3.5665   1965.4228    3.3379     9019728077.8098
   765.823    7.9543    4.2616    3.5735   1968.7562    3.3275     9286211697.9168
   788.186    7.9777    4.2678    3.5803   1971.9384    3.3173     9552380041.4746
   810.549    8.0016    4.2742    3.5873   1975.1856    3.3073     9818240713.7208
   832.911    8.0249    4.2805    3.5940   1978.3137    3.2974    10083804683.3555
   855.274    8.0486    4.2869    3.6009   1981.4493    3.2878    10349082293.3706
   877.637    8.0717    4.2932    3.6077   1984.4985    3.2784    10614086733.0311
   900.000    8.0962    4.3002    3.6147   1987.7500    3.2692    10878838764.5507
   916.802    8.1136    4.3050    3.6198   1989.9705    3.2625    11077528955.3080
   933.603    8.1310    4.3099    3.6249   1992.1631    3.2559    11276088981.8264
   950.405    8.1484    4.3147    3.6300   1994.3562    3.2494    11474527022.7160
   967.207    8.1654    4.3194    3.6350   1996.5444    3.2431    11672848867.6230
   984.009    8.1847    4.3254    3.6407   1998.8262    3.2370    11871076170.8778
  1000.810    8.2027    4.3308    3.6460   2000.9836    3.2310    12069226225.2566
  1017.612    8.2195    4.3354    3.6511   2003.1052    3.2251    12267290560.0779
  1034.414    8.2360    4.3399    3.6560   2005.1268    3.2194    12465266548.3882
  1051.215    8.2518    4.3440    3.6607   2007.2137    3.2140    12663155196.2260
  1068.017    8.2989    4.3697    3.6736   2011.8549    3.2086    12861180900.4351
  1084.819    8.4052    4.4358    3.7020   2022.0391    3.2032    13059988429.3873
  1101.621    8.5275    4.5129    3.7343   2035.2500    3.1976    13260095727.1492
  1118.422    8.6062    4.5599    3.7551   2042.8560    3.1920    13461283895.4568
  1135.224    8.6221    4.5640    3.7600   2046.0425    3.1864    13662803335.2699
  1152.026    8.6377    4.5681    3.7648   2048.3862    3.1810    13864228091.5241
  1168.827    8.6897    4.6095    3.7712   2051.7349    3.1758    14065612977.8512
  1185.629    8.7190    4.6287    3.7763   2059.2955    3.1708    14266976411.2448
  1202.431    8.7630    4.6634    3.7821   2064.8317    3.1661    14468315198.2431
  1219.233    8.7779    4.6676    3.7869   2067.2779    3.1615    14669635139.4874
  1236.034    8.7929    4.6718    3.7918   2069.6331    3.1572    14870922599.5729
  1252.836    8.8075    4.6759    3.7965   2071.9982    3.1532    15072190410.8899
  1269.638    8.8283    4.6835    3.8024   2075.0529    3.1494    15273483564.7128
  1286.439    8.8665    4.7015    3.8116   2080.0882    3.1459    15474934457.4682
  1303.241    8.9054    4.7200    3.8211   2085.2983    3.1425    15676651093.0302
  1320.043    8.9431    4.7378    3.8306   2090.5356    3.1394    15878655785.4746
  1336.845    8.9804    4.7555    3.8402   2095.4882    3.1365    16080964577.4117
  1353.646    9.0202    4.7747    3.8509   2101.0641    3.1339    16283621574.5446
  1370.448    9.0617    4.7940    3.8629   2106.5358    3.1314    16486704911.9557
  1387.250    9.0775    4.7992    3.8679   2108.8322    3.1293    16690079433.7736
  1404.051    9.0951    4.8021    3.8757   2110.6621    3.1274    16893650266.3521
  1420.853    9.1115    4.8055    3.8824   2112.6642    3.1259    17097482120.5958
  1437.655    9.1281    4.8088    3.8896   2114.6000    3.1247    17301579047.7117
  1454.457    9.1458    4.8123    3.8975   2116.6232    3.1239    17505993035.7193
  1471.258    9.1885    4.8295    3.9170   2126.2536    3.1233    17711070660.3853
  1488.060    9.2487    4.8616    3.9409   2133.8180    3.1229    17917248839.7221
  1504.862    9.2757    4.8750    3.9501   2139.5901    3.1227    18124267138.0335
  1521.663    9.3020    4.8882    3.9590   2144.7155    3.1229    18331749946.4019
  1538.465    9.3269    4.9006    3.9673   2150.1009    3.1235    18539698455.5079
  1555.267    9.3516    4.9132    3.9756   2155.0636    3.1245    18748121614.7958
  1555.267    4.9731    0.0000    4.0423         nan    3.1245    18748121614.7958
  1572.783    4.9858    0.0000    4.0483         nan    3.1251    18969525261.6570
  1590.300    4.9985    0.0000    4.0543         nan    3.1261    19191294228.2062
  1607.816    5.0112    0.0000    4.0603         nan    3.1277    19413464763.8025
  1625.333    5.0236    0.0000    4.0661         nan    3.1298    19636072001.0047
  1642.849    5.0357    0.0000    4.0719         nan    3.1325    19859148475.7340
  1660.366    5.0478    0.0000    4.0776         nan    3.1358    20082731572.3358
  1677.882    5.0599    0.0000    4.0833         nan    3.1398    20306865190.3545
  1695.399    5.0715    0.0000    4.0888         nan    3.1444    20531589807.5651
  1712.915    5.0830    0.0000    4.0943         nan    3.1497    20756946613.3197
  1712.915    5.3635    0.0000    6.4879         nan    3.1497    20756946613.3197
  1770.728    5.4202    0.0000    6.5280         nan    3.0517    21942007973.0175
  1828.542    5.4740    0.0000    6.5662         nan    2.9526    23097121614.6109
  1886.355    5.5252    0.0000    6.6027         nan    2.8524    24221096809.6409
  1944.168    5.5739    0.0000    6.6375         nan    2.7511    25312798473.9082
  2001.982    5.6201    0.0000    6.6706         nan    2.6489    26371145382.5069
  2059.795    5.6639    0.0000    6.7021         nan    2.5457    27395108690.3742
  2117.608    5.7054    0.0000    6.7321         nan    2.4417    28383710736.2637
  2175.421    5.7447    0.0000    6.7604         nan    2.3368    29336024122.9468
  2233.235    5.7819    0.0000    6.7873         nan    2.2312    30251171071.9288
  2291.048    5.8169    0.0000    6.8127         nan    2.1248    31128323076.0232
  2348.861    5.8499    0.0000    6.8367         nan    2.0179    31966700892.6178
  2406.674    5.8808    0.0000    6.8592         nan    1.9103    32765574947.3770
  2464.488    5.9098    0.0000    6.8804         nan    1.8021    33524266265.9952
  2522.301    5.9369    0.0000    6.9001         nan    1.6936    34242148121.2886
  2580.114    5.9621    0.0000    6.9185         nan    1.5846    34918648689.9246
  2637.928    5.9854    0.0000    6.9356         nan    1.4754    35553255197.6304
  2695.741    6.0069    0.0000    6.9514         nan    1.3660    36145520341.2776
  2753.554    6.0265    0.0000    6.9658         nan    1.2567    36695072327.9056
  2811.367    6.0444    0.0000    6.9790         nan    1.1476    37201630893.0812
  2869.181    6.0606    0.0000    6.9908         nan    1.0390    37665033642.4114
  2926.994    6.0749    0.0000    7.0014         nan    0.9316    38085281124.3450
  2984.807    6.0876    0.0000    7.0107         nan    0.8262    38462617935.3053
  3042.620    6.0985    0.0000    7.0188         nan    0.7246    38797688214.4931
  3100.434    6.1078    0.0000    7.0256         nan    0.6303    39091858855.2587
  3158.247    6.1153    0.0000    7.0311         nan    0.5517    39347966290.7019
  3216.060    6.1212    0.0000    7.0355         nan    0.5135    39572309977.5761
  3273.873    6.1254    0.0000    7.0386         nan    0.6151    39781220610.3955
  3331.687    6.1279    0.0000    7.0404         nan    1.6640    40031561317.0887
  3389.500    6.1287    0.0000    7.0410         nan    0.0000    40708905725.8385
