# Depth[km]  Vp[km/s]  Vs[km/s] Rho[g/cm3]    T[K]     g[m/s2]         P[Pa]        
     0.000    3.6894    2.2124    1.7302    273.1500    3.7291              0.0000
    11.453    3.6894    2.2124    1.7302    315.3161    3.7377       73893882.1537
    11.453    4.6834    2.8084    2.1963    315.3161    3.7377       73893882.1537
    27.724    4.6834    2.8084    2.1963    375.2268    3.7439      207467499.0559
    27.724    6.7837    4.0679    3.1812    375.2268    3.7439      207467499.0559
    44.174    6.7837    4.0679    3.1812    435.7942    3.7367      403386664.5896
    44.174    7.8432    4.4858    3.4774    435.7942    3.7367      403386664.5896
    54.403    7.8393    4.4791    3.4779    473.4550    3.7297      536302784.2766
    64.631    7.8350    4.4720    3.4782    511.1158    3.7228      668987629.9164
    74.859    7.8303    4.4649    3.4786    548.7767    3.7159      801439110.9790
    85.088    7.8251    4.4574    3.4788    586.4375    3.7090      933654632.9179
    95.316    7.8199    4.4499    3.4790    624.0983    3.7021     1065633275.4149
   105.545    7.8137    4.4419    3.4790    661.7591    3.6952     1197371175.9705
   115.773    7.8082    4.4342    3.4791    699.4199    3.6884     1328866802.0932
   126.002    7.8025    4.4264    3.4792    737.0807    3.6816     1460123191.9713
   136.230    7.7968    4.4186    3.4792    774.7416    3.6749     1591140456.6837
   146.459    7.7901    4.4104    3.4790    812.4024    3.6682     1721914438.8973
   156.687    7.7843    4.4026    3.4790    850.0632    3.6615     1852444516.7162
   166.915    7.7775    4.3943    3.4787    887.7240    3.6548     1982730615.3447
   177.144    7.7719    4.3864    3.4786    925.3848    3.6482     2112772910.1453
   187.372    7.7649    4.3781    3.4782    963.0456    3.6416     2242571309.5298
   197.601    7.7594    4.3703    3.4781   1000.7065    3.6350     2372126258.7622
   207.829    7.7527    4.3621    3.4777   1038.3673    3.6285     2501438443.1904
   218.058    7.7458    4.3537    3.4772   1076.0281    3.6220     2630502151.2508
   228.286    7.7393    4.3456    3.4768   1113.6889    3.6156     2759317922.1744
   238.515    7.7324    4.3372    3.4764   1151.3497    3.6092     2887888922.5887
   248.743    7.7265    4.3292    3.4762   1189.0105    3.6028     3016219849.3359
   258.971    7.7195    4.3208    3.4757   1226.6714    3.5965     3144311133.5191
   269.200    7.7132    4.3128    3.4753   1264.3322    3.5902     3272161002.5842
   279.428    7.7057    4.3043    3.4747   1301.9930    3.5839     3399768551.0729
   289.657    7.6989    4.2960    3.4742   1339.6538    3.5777     3527134383.7278
   299.885    7.6902    4.2868    3.4737   1377.3146    3.5715     3654261061.0200
   310.114    7.6826    4.2782    3.4733   1414.9754    3.5654     3781151157.7968
   320.342    7.6746    4.2693    3.4728   1452.6363    3.5593     3907808144.0601
   330.570    7.6660    4.2603    3.4723   1490.2971    3.5533     4034230456.2976
   340.799    7.6581    4.2515    3.4718   1527.9579    3.5473     4160419677.5619
   351.027    7.6502    4.2427    3.4714   1565.6187    3.5413     4286379590.2069
   361.256    7.6416    4.2336    3.4708   1603.2795    3.5354     4412108801.1702
   371.484    7.6323    4.2241    3.4701   1640.9403    3.5295     4537605301.5829
   381.713    7.6242    4.2152    3.4696   1678.6012    3.5237     4662872977.1970
   391.941    7.6151    4.2060    3.4690   1716.2620    3.5179     4787914120.8203
   402.170    7.6071    4.1970    3.4685   1753.9228    3.5122     4912729932.7022
   412.398    7.5990    4.1881    3.4680   1791.5836    3.5065     5037324136.1134
   422.626    7.5884    4.1782    3.4672   1829.2444    3.5009     5161692789.2884
   432.855    7.5749    4.1671    3.4658   1866.9052    3.4953     5285822626.5076
   443.083    7.5668    4.1581    3.4653   1904.5661    3.4898     5409722052.0610
   453.312    7.5587    4.1491    3.4649   1942.2269    3.4843     5533408924.7662
   475.646    7.5864    4.1563    3.4726   1946.2280    3.4724     5803346400.0443
   497.981    7.6135    4.1633    3.4803   1950.1991    3.4607     6072963368.2944
   520.315    7.6525    4.1751    3.4897   1955.3535    3.4490     6342327075.3366
   542.649    7.6818    4.1831    3.4977   1959.6018    3.4373     6611449987.4648
   564.984    7.7091    4.1904    3.5053   1963.5532    3.4258     6880264633.2863
   587.318    7.7362    4.1977    3.5129   1967.4315    3.4144     7148758436.7537
   609.653    7.7629    4.2049    3.5204   1971.2257    3.4030     7416930135.0339
   631.987    7.7891    4.2119    3.5278   1975.0368    3.3918     7684780489.8273
   654.321    7.8158    4.2193    3.5352   1978.7899    3.3808     7952311193.9829
   676.656    7.8410    4.2260    3.5424   1982.3937    3.3698     8219519013.8190
   698.990    7.8658    4.2326    3.5496   1985.9034    3.3590     8486401569.7057
   721.325    7.8906    4.2392    3.5567   1989.4268    3.3484     8752963647.9109
   743.659    7.9150    4.2457    3.5637   1992.8391    3.3379     9019209373.8293
   765.994    7.9393    4.2522    3.5707   1996.2094    3.3276     9285143997.1930
   788.328    7.9635    4.2587    3.5777   1999.5972    3.3174     9550775967.2122
   810.662    7.9868    4.2649    3.5845   2002.8060    3.3075     9816108574.7568
   832.997    8.0107    4.2713    3.5914   2006.0942    3.2977    10081151016.6637
   855.331    8.0338    4.2775    3.5981   2009.1812    3.2882    10345914386.7470
   877.666    8.0575    4.2840    3.6050   2012.3856    3.2788    10610411583.0828
   900.000    8.0814    4.2907    3.6119   2015.5573    3.2697    10874662558.3234
   916.698    8.0994    4.2958    3.6171   2017.9468    3.2631    11072011100.6054
   933.396    8.1168    4.3007    3.6222   2020.1668    3.2566    11269238913.8434
   950.095    8.1341    4.3055    3.6273   2022.3911    3.2502    11466350105.6600
   966.793    8.1514    4.3104    3.6324   2024.5950    3.2440    11663352117.3501
   983.491    8.1701    4.3161    3.6379   2026.9182    3.2379    11860262875.8063
  1000.189    8.1880    4.3213    3.6432   2029.1170    3.2319    12057097178.4922
  1016.888    8.2036    4.3253    3.6479   2031.2653    3.2262    12253839806.9028
  1033.586    8.2216    4.3306    3.6533   2033.3304    3.2206    12450501790.2256
  1050.284    8.2374    4.3348    3.6580   2035.3989    3.2152    12647093687.3020
  1066.982    8.2534    4.3390    3.6627   2037.4528    3.2099    12843608462.0514
  1083.681    8.3396    4.3915    3.6858   2046.6367    3.2048    13040548626.5119
  1100.379    8.4563    4.4648    3.7166   2057.3099    3.1995    13238613123.2252
  1117.077    8.5922    4.5509    3.7521   2070.1112    3.1940    13438121745.6367
  1133.775    8.6072    4.5547    3.7566   2074.1521    3.1885    13638355256.7367
  1150.473    8.6233    4.5588    3.7616   2076.7292    3.1832    13838497539.0216
  1167.172    8.6388    4.5628    3.7664   2078.9547    3.1781    14038566294.6096
  1183.870    8.6544    4.5670    3.7712   2081.1253    3.1732    14238568562.7102
  1200.568    8.6698    4.5710    3.7759   2083.2900    3.1685    14438516124.6971
  1217.266    8.6853    4.5752    3.7807   2085.4434    3.1641    14638423673.1322
  1233.965    8.7049    4.5839    3.7857   2090.4011    3.1599    14838309420.4398
  1250.663    8.7335    4.6031    3.7905   2096.6679    3.1560    15038188071.7855
  1267.361    8.7761    4.6362    3.7967   2101.0010    3.1523    15238108163.8225
  1284.059    8.8271    4.6767    3.8037   2105.3784    3.1489    15438141027.9649
  1300.757    8.8671    4.6957    3.8132   2110.4997    3.1456    15638389075.5579
  1317.456    8.9047    4.7134    3.8226   2115.9037    3.1426    15838929249.1315
  1334.154    8.9432    4.7316    3.8324   2121.2273    3.1399    16039782261.1383
  1350.852    8.9826    4.7501    3.8429   2126.4349    3.1373    16240992175.0978
  1367.550    9.0224    4.7689    3.8539   2131.8659    3.1350    16442603594.0440
  1384.249    9.0566    4.7856    3.8630   2137.3807    3.1330    16644590926.3505
  1400.947    9.0788    4.7915    3.8718   2139.2918    3.1312    16846914354.9281
  1417.645    9.0953    4.7951    3.8786   2141.4155    3.1297    17049530134.3321
  1434.343    9.1117    4.7982    3.8856   2143.3531    3.1286    17252410607.6697
  1451.042    9.1289    4.8018    3.8930   2145.4167    3.1278    17455595181.1519
  1467.740    9.1468    4.8048    3.9016   2147.4071    3.1273    17659142903.4999
  1484.438    9.2135    4.8366    3.9311   2158.3958    3.1270    17863654905.2036
  1501.136    9.2406    4.8497    3.9405   2164.1461    3.1270    18069166782.2070
  1517.834    9.2668    4.8625    3.9496   2169.6367    3.1273    18275155422.9413
  1534.533    9.2938    4.8764    3.9586   2174.8953    3.1279    18481635202.5909
  1551.231    9.3183    4.8884    3.9670   2179.8215    3.1290    18688616443.8388
  1551.231    5.0040    0.0000    4.0270         nan    3.1290    18688616443.8388
  1568.662    5.0168    0.0000    4.0329         nan    3.1297    18908417522.9833
  1586.093    5.0296    0.0000    4.0387         nan    3.1309    19128587387.0603
  1603.524    5.0424    0.0000    4.0445         nan    3.1327    19349161882.3090
  1620.955    5.0549    0.0000    4.0503         nan    3.1350    19570175942.7827
  1638.386    5.0671    0.0000    4.0559         nan    3.1379    19791661771.0627
  1655.818    5.0793    0.0000    4.0614         nan    3.1413    20013656127.1897
  1673.249    5.0914    0.0000    4.0670         nan    3.1455    20236202329.8815
  1690.680    5.1032    0.0000    4.0724         nan    3.1502    20459340701.1402
  1708.111    5.1148    0.0000    4.0778         nan    3.1557    20683111890.1126
  1708.111    5.2798    0.0000    6.4734         nan    3.1557    20683111890.1126
  1766.090    5.3351    0.0000    6.5149         nan    3.0579    21871296970.9736
  1824.069    5.3877    0.0000    6.5545         nan    2.9589    23029857872.9553
  1882.048    5.4378    0.0000    6.5923         nan    2.8588    24157561209.0693
  1940.027    5.4853    0.0000    6.6283         nan    2.7576    25253229888.5917
  1998.006    5.5304    0.0000    6.6627         nan    2.6554    26315741411.6001
  2055.984    5.5732    0.0000    6.6954         nan    2.5522    27344026457.8898
  2113.963    5.6138    0.0000    6.7264         nan    2.4481    28337067746.6350
  2171.942    5.6522    0.0000    6.7559         nan    2.3432    29293899160.0291
  2229.921    5.6885    0.0000    6.7838         nan    2.2374    30213605127.3375
  2287.900    5.7227    0.0000    6.8102         nan    2.1309    31095320288.4494
  2345.879    5.7549    0.0000    6.8351         nan    2.0237    31938229473.9801
  2403.858    5.7852    0.0000    6.8585         nan    1.9158    32741568065.8655
  2461.837    5.8135    0.0000    6.8805         nan    1.8075    33504622843.9262
  2519.816    5.8400    0.0000    6.9010         nan    1.6986    34226733488.7687
  2577.795    5.8646    0.0000    6.9202         nan    1.5893    34907295010.0304
  2635.774    5.8873    0.0000    6.9379         nan    1.4796    35545761535.6019
  2693.753    5.9083    0.0000    6.9543         nan    1.3698    36141652181.2455
  2751.732    5.9276    0.0000    6.9694         nan    1.2599    36694560224.1963
  2809.711    5.9450    0.0000    6.9830         nan    1.1502    37204167737.9130
  2867.690    5.9608    0.0000    6.9954         nan    1.0410    37670269654.0369
  2925.669    5.9749    0.0000    7.0064         nan    0.9327    38092814928.8832
  2983.647    5.9872    0.0000    7.0161         nan    0.8263    38471980613.3100
  3041.626    5.9979    0.0000    7.0245         nan    0.7233    38808313852.2263
  3099.605    6.0070    0.0000    7.0316         nan    0.6268    39103027035.7016
  3157.584    6.0143    0.0000    7.0374         nan    0.5447    39358679740.6092
  3215.563    6.0201    0.0000    7.0419         nan    0.4992    39580999106.1276
  3273.542    6.0241    0.0000    7.0451         nan    0.5810    39784877664.4289
  3331.521    6.0266    0.0000    7.0470         nan    1.5245    40022225773.1643
  3389.500    6.0274    0.0000    7.0477         nan    0.0000    40645123659.8043
