# Depth[km]  Vp[km/s]  Vs[km/s] Rho[g/cm3]    T[K]     g[m/s2]         P[Pa]        
     0.000    3.5678    2.1321    1.6358    273.1500    3.7291              0.0000
    10.163    3.5678    2.1321    1.6358    311.0519    3.7376       61997020.1109
    10.163    5.1254    3.0629    2.3499    311.0519    3.7376       61997020.1109
    28.499    5.1254    3.0629    2.3499    379.4360    3.7421      223037120.5869
    28.499    6.2931    3.7608    2.8853    379.4360    3.7421      223037120.5869
    46.102    6.2931    3.7608    2.8853    445.0863    3.7388      413094973.1485
    46.102    7.9527    4.5323    3.4846    445.0863    3.7388      413094973.1485
    56.067    7.9475    4.5247    3.4848    482.2516    3.7320      542923187.5494
    66.031    7.9420    4.5167    3.4848    519.4168    3.7252      672519344.1063
    75.996    7.9361    4.5086    3.4849    556.5820    3.7184      801881816.2655
    85.961    7.9300    4.5003    3.4848    593.7472    3.7117      931009111.5507
    95.926    7.9232    4.4918    3.4847    630.9125    3.7049     1059897939.8000
   105.891    7.9169    4.4834    3.4846    668.0777    3.6982     1188548466.3228
   115.856    7.9104    4.4750    3.4844    705.2429    3.6916     1316962504.9478
   125.821    7.9039    4.4666    3.4843    742.4082    3.6849     1445139426.7357
   135.786    7.8967    4.4580    3.4840    779.5734    3.6783     1573077513.6287
   145.751    7.8903    4.4497    3.4838    816.7386    3.6718     1700777250.5556
   155.716    7.8829    4.4409    3.4834    853.9038    3.6652     1828237751.4308
   165.681    7.8760    4.4324    3.4830    891.0691    3.6587     1955457451.4204
   175.646    7.8691    4.4239    3.4826    928.2343    3.6523     2082438178.1700
   185.611    7.8627    4.4157    3.4823    965.3995    3.6458     2209181692.8959
   195.576    7.8556    4.4072    3.4819   1002.5648    3.6394     2335687225.3206
   205.541    7.8484    4.3986    3.4814   1039.7300    3.6330     2461952775.0227
   215.506    7.8410    4.3900    3.4807   1076.8952    3.6267     2587977146.6530
   225.471    7.8340    4.3814    3.4803   1114.0604    3.6204     2713761865.9840
   235.436    7.8271    4.3729    3.4798   1151.2257    3.6141     2839311087.8051
   245.401    7.8205    4.3647    3.4793   1188.3909    3.6079     2964625879.8417
   255.366    7.8140    4.3565    3.4788   1225.5561    3.6017     3089705972.7345
   265.331    7.8064    4.3477    3.4781   1262.7214    3.5956     3214549982.1867
   275.295    7.7994    4.3392    3.4776   1299.8866    3.5894     3339159188.8164
   285.260    7.7924    4.3308    3.4769   1337.0518    3.5834     3463535200.6431
   295.225    7.7858    4.3226    3.4763   1374.2170    3.5773     3587678799.6564
   305.190    7.7782    4.3139    3.4756   1411.3823    3.5713     3711589788.5441
   315.155    7.7717    4.3057    3.4750   1448.5475    3.5654     3835269155.5513
   325.120    7.7651    4.2975    3.4744   1485.7127    3.5595     3958720615.5383
   335.085    7.7584    4.2892    3.4738   1522.8780    3.5536     4081945884.4950
   345.050    7.7506    4.2805    3.4729   1560.0432    3.5478     4204941931.2864
   355.015    7.7436    4.2720    3.4723   1597.2084    3.5420     4327709824.4807
   364.980    7.7372    4.2638    3.4716   1634.3736    3.5363     4450255193.8177
   374.945    7.7294    4.2550    3.4708   1671.5389    3.5306     4572576168.1919
   384.910    7.7228    4.2468    3.4701   1708.7041    3.5249     4694672900.7491
   394.875    7.7150    4.2380    3.4692   1745.8693    3.5193     4816546434.9135
   404.840    7.7077    4.2294    3.4685   1783.0345    3.5138     4938198360.4151
   414.805    7.7009    4.2211    3.4677   1820.1998    3.5083     5059631738.2985
   424.770    7.6932    4.2122    3.4669   1857.3650    3.5028     5180847947.8825
   434.735    7.6856    4.2035    3.4660   1894.5302    3.4974     5301846944.2209
   444.700    7.6783    4.1948    3.4653   1931.6955    3.4921     5422631560.2703
   467.465    7.7060    4.2032    3.4733   1936.0448    3.4800     5698433633.1785
   490.230    7.7332    4.2114    3.4813   1940.3636    3.4679     5973909941.0529
   512.995    7.7591    4.2191    3.4891   1944.6552    3.4559     6249055697.9183
   535.760    7.7834    4.2263    3.4967   1948.7174    3.4441     6523860052.1147
   558.525    7.8088    4.2338    3.5044   1952.8415    3.4323     6798321201.6653
   581.290    7.8337    4.2412    3.5120   1956.8506    3.4207     7072441542.6900
   604.055    7.8577    4.2482    3.5195   1960.7860    3.4091     7346217375.1490
   626.820    7.8813    4.2551    3.5269   1964.6802    3.3977     7619648403.9734
   649.585    7.9054    4.2622    3.5344   1968.6049    3.3864     7892740113.6292
   672.350    7.9283    4.2688    3.5417   1972.3477    3.3753     8165494382.6005
   695.115    7.9512    4.2753    3.5489   1976.0144    3.3643     8437910037.2622
   717.880    7.9742    4.2821    3.5561   1979.6067    3.3535     8709991951.5317
   740.645    7.9976    4.2890    3.5635   1983.3581    3.3428     8981753303.6022
   763.410    8.0198    4.2953    3.5706   1986.8787    3.3323     9253200652.9954
   786.175    8.0431    4.3024    3.5778   1990.3232    3.3220     9524340628.9991
   808.940    8.0650    4.3086    3.5849   1993.7662    3.3119     9795184568.7847
   831.705    8.0871    4.3149    3.5920   1997.1378    3.3020    10065736807.0200
   854.470    8.1101    4.3220    3.5992   2000.3764    3.2923    10336016682.0551
   877.235    8.1331    4.3290    3.6066   2003.7213    3.2828    10606049012.2514
   900.000    8.1562    4.3362    3.6139   2006.9285    3.2735    10875851100.4822
   916.959    8.1736    4.3416    3.6194   2009.3547    3.2668    11076628640.8611
   933.917    8.1911    4.3472    3.6250   2011.7172    3.2602    11277300841.9731
   950.876    8.2086    4.3527    3.6306   2014.0531    3.2538    11477875153.2266
   967.834    8.2283    4.3594    3.6369   2016.6452    3.2474    11678381513.0828
   984.793    8.2466    4.3656    3.6427   2018.9500    3.2413    11878833739.3444
  1001.751    8.2662    4.3725    3.6490   2021.3035    3.2352    12079236725.8741
  1018.710    8.2858    4.3794    3.6554   2023.6739    3.2294    12279614279.9479
  1035.669    8.3065    4.3870    3.6621   2026.0334    3.2237    12479986084.9590
  1052.627    8.3223    4.3917    3.6674   2028.2620    3.2181    12680332827.2482
  1069.586    8.3381    4.3964    3.6727   2030.4011    3.2128    12880624398.9308
  1086.544    8.3538    4.4010    3.6780   2032.5644    3.2076    13080869408.2991
  1103.503    8.4381    4.4524    3.7011   2041.4531    3.2025    13281565864.5130
  1120.461    8.5783    4.5418    3.7383   2055.1754    3.1972    13483582722.0422
  1137.420    8.7476    4.6510    3.7820   2073.5178    3.1917    13687459290.7558
  1154.378    8.8174    4.6923    3.8007   2076.8340    3.1859    13892669049.4775
  1171.337    8.8326    4.6965    3.8060   2079.2178    3.1803    14098161013.4584
  1188.296    8.8468    4.7003    3.8109   2081.6267    3.1749    14303566272.7477
  1205.254    8.8641    4.7051    3.8172   2084.0193    3.1698    14508923549.7850
  1222.213    8.8794    4.7095    3.8226   2086.4058    3.1648    14714260499.1750
  1239.171    8.8950    4.7138    3.8283   2088.8102    3.1601    14919574157.9436
  1256.130    8.9108    4.7183    3.8340   2091.2209    3.1556    15124887429.3762
  1273.088    8.9264    4.7227    3.8397   2093.6162    3.1514    15330213837.6528
  1290.047    8.9416    4.7270    3.8452   2096.0290    3.1474    15535561824.4683
  1307.006    8.9573    4.7315    3.8510   2098.4387    3.1437    15740951857.4572
  1323.964    8.9726    4.7358    3.8566   2100.8902    3.1402    15946404649.5948
  1340.923    8.9880    4.7403    3.8622   2103.2786    3.1371    16151933723.2440
  1357.881    9.0035    4.7450    3.8678   2105.7365    3.1342    16357555745.8452
  1374.840    9.0423    4.7643    3.8777   2111.3087    3.1317    16563401033.5153
  1391.798    9.0829    4.7851    3.8880   2117.0038    3.1294    16769615025.0799
  1408.757    9.1225    4.8054    3.8983   2122.7984    3.1274    16976226078.0058
  1425.715    9.1608    4.8251    3.9086   2128.5516    3.1256    17183246866.1238
  1442.674    9.2017    4.8468    3.9195   2134.4280    3.1241    17390711811.1733
  1459.633    9.2402    4.8672    3.9300   2140.3545    3.1230    17598646203.2318
  1476.591    9.2793    4.8883    3.9408   2146.8647    3.1221    17807068139.5823
  1493.550    9.3182    4.9095    3.9518   2152.3792    3.1216    18016011457.3657
  1510.508    9.3323    4.9140    3.9570   2154.6817    3.1214    18225348278.7161
  1527.467    9.3461    4.9183    3.9621   2156.9167    3.1217    18434946740.8243
  1544.425    9.3601    4.9230    3.9673   2159.1500    3.1224    18644835242.0011
  1561.384    9.3738    4.9275    3.9723   2161.3622    3.1237    18855044569.5357
  1561.384    4.7408    0.0000    4.0331         nan    3.1237    18855044569.5357
  1574.807    4.7520    0.0000    4.0381         nan    3.1243    19024257908.4154
  1588.231    4.7632    0.0000    4.0431         nan    3.1252    19193714313.7395
  1601.654    4.7744    0.0000    4.0481         nan    3.1264    19363429984.1400
  1615.078    4.7856    0.0000    4.0531         nan    3.1279    19533421710.7106
  1628.501    4.7966    0.0000    4.0581         nan    3.1298    19703705393.3382
  1641.924    4.8073    0.0000    4.0628         nan    3.1320    19874294136.7598
  1655.348    4.8179    0.0000    4.0676         nan    3.1345    20045203281.1435
  1668.771    4.8286    0.0000    4.0724         nan    3.1374    20216452358.5710
  1682.195    4.8392    0.0000    4.0772         nan    3.1407    20388061618.5607
  1682.195    5.1161    0.0000    6.3405         nan    3.1407    20388061618.5607
  1741.067    5.1953    0.0000    6.3840         nan    3.0436    21564460571.8073
  1799.940    5.2700    0.0000    6.4253         nan    2.9451    22712065463.9879
  1858.812    5.3406    0.0000    6.4643         nan    2.8454    23829497363.8203
  1917.685    5.4072    0.0000    6.5013         nan    2.7445    24915456404.2311
  1976.558    5.4701    0.0000    6.5362         nan    2.6425    25968716156.7934
  2035.430    5.5295    0.0000    6.5693         nan    2.5394    26988118836.0678
  2094.303    5.5855    0.0000    6.6005         nan    2.4354    27972571166.7082
  2153.175    5.6383    0.0000    6.6300         nan    2.3304    28921040780.9225
  2212.048    5.6879    0.0000    6.6578         nan    2.2245    29832553034.9697
  2270.921    5.7346    0.0000    6.6839         nan    2.1178    30706188149.5385
  2329.793    5.7784    0.0000    6.7085         nan    2.0103    31541078586.9915
  2388.666    5.8195    0.0000    6.7315         nan    1.9021    32336406579.1463
  2447.538    5.8578    0.0000    6.7531         nan    1.7931    33091401708.7388
  2506.411    5.8935    0.0000    6.7731         nan    1.6834    33805338428.6518
  2565.284    5.9266    0.0000    6.7918         nan    1.5731    34477533360.8821
  2624.156    5.9572    0.0000    6.8090         nan    1.4622    35107342146.4227
  2683.029    5.9853    0.0000    6.8249         nan    1.3506    35694155490.4239
  2741.901    6.0110    0.0000    6.8394         nan    1.2383    36237393813.5011
  2800.774    6.0344    0.0000    6.8526         nan    1.1254    36736499491.8267
  2859.647    6.0555    0.0000    6.8645         nan    1.0117    37190924828.2201
  2918.519    6.0742    0.0000    6.8751         nan    0.8971    37600112172.8703
  2977.392    6.0907    0.0000    6.8844         nan    0.7812    37963458838.7548
  3036.264    6.1049    0.0000    6.8925         nan    0.6633    38280250517.3250
  3095.137    6.1169    0.0000    6.8993         nan    0.5420    38549523561.8524
  3154.010    6.1267    0.0000    6.9048         nan    0.4137    38769747497.4677
  3212.882    6.1343    0.0000    6.9091         nan    0.2681    38937978260.1586
  3271.755    6.1397    0.0000    6.9122         nan    0.0630    39047069101.8685
  3330.627    6.1430    0.0000    6.9140         nan   -0.5444    39072719782.9214
  3389.500    6.1441    0.0000    6.9146         nan    0.0000    38851118110.2464
