# Depth[km]  Vp[km/s]  Vs[km/s] Rho[g/cm3]    T[K]     g[m/s2]         P[Pa]        
     0.000    3.5047    2.1106    1.6102    273.1500    3.7291              0.0000
    12.002    3.5047    2.1106    1.6102    324.5138    3.7394       72066245.3124
    12.002    4.6169    2.7804    2.1212    324.5138    3.7394       72066245.3124
    25.733    4.6169    2.7804    2.1212    383.2855    3.7454      180984455.0513
    25.733    5.8387    3.5162    2.6826    383.2855    3.7454      180984455.0513
    47.327    5.8387    3.5162    2.6826    475.7076    3.7451      397945915.9211
    47.327    7.9910    4.5382    3.5179    475.7076    3.7451      397945915.9211
    56.575    7.9821    4.5279    3.5173    515.2913    3.7385      519781633.2666
    65.823    7.9729    4.5175    3.5167    554.8750    3.7320      641383275.3977
    75.072    7.9634    4.5069    3.5160    594.4587    3.7255      762749592.8678
    84.320    7.9534    4.4962    3.5152    634.0424    3.7190      883878512.0027
    93.568    7.9437    4.4856    3.5144    673.6261    3.7126     1004770479.0926
   102.817    7.9339    4.4751    3.5137    713.2098    3.7062     1125426886.6020
   112.065    7.9239    4.4646    3.5128    752.7936    3.6998     1245845987.6732
   121.313    7.9137    4.4541    3.5119    792.3773    3.6935     1366027302.2130
   130.562    7.9035    4.4435    3.5110    831.9610    3.6871     1485971449.7140
   139.810    7.8932    4.4331    3.5100    871.5447    3.6808     1605678009.1597
   149.058    7.8828    4.4227    3.5090    911.1284    3.6746     1725146783.0779
   158.307    7.8726    4.4123    3.5079    950.7121    3.6684     1844377784.7927
   167.555    7.8618    4.4017    3.5068    990.2959    3.6622     1963370512.0584
   176.803    7.8517    4.3916    3.5058   1029.8796    3.6560     2082126166.5023
   186.052    7.8416    4.3814    3.5047   1069.4633    3.6499     2200646358.1320
   195.300    7.8308    4.3708    3.5036   1109.0470    3.6438     2318930657.2066
   204.548    7.8204    4.3606    3.5024   1148.6307    3.6377     2436978852.9885
   213.797    7.8099    4.3503    3.5013   1188.2144    3.6317     2554792178.2633
   223.045    7.7992    4.3400    3.5001   1227.7981    3.6257     2672370285.1944
   232.293    7.7884    4.3296    3.4989   1267.3819    3.6198     2789713983.3493
   241.542    7.7780    4.3193    3.4977   1306.9656    3.6138     2906825014.6363
   250.790    7.7686    4.3096    3.4965   1346.5493    3.6080     3023704717.0921
   260.038    7.7581    4.2993    3.4952   1386.1330    3.6021     3140353322.9701
   269.287    7.7486    4.2896    3.4940   1425.7167    3.5963     3256771336.6985
   278.535    7.7371    4.2788    3.4927   1465.3004    3.5906     3372959774.4042
   287.783    7.7280    4.2694    3.4914   1504.8842    3.5848     3488919138.3627
   297.032    7.7171    4.2590    3.4900   1544.4679    3.5792     3604649908.1637
   306.280    7.7077    4.2493    3.4889   1584.0516    3.5735     3720155198.5130
   315.528    7.6971    4.2390    3.4875   1623.6353    3.5679     3835436441.9300
   324.777    7.6864    4.2288    3.4861   1663.2190    3.5623     3950491374.0737
   334.025    7.6756    4.2185    3.4847   1702.8027    3.5568     4065321285.2234
   343.273    7.6645    4.2078    3.4833   1742.3864    3.5514     4179926859.4252
   352.522    7.6541    4.1977    3.4819   1781.9702    3.5459     4294309834.6185
   361.770    7.6436    4.1875    3.4805   1821.5539    3.5405     4408472186.8131
   371.018    7.6329    4.1772    3.4791   1861.1376    3.5352     4522414670.9475
   380.267    7.6224    4.1670    3.4777   1900.7213    3.5299     4636138395.9258
   389.515    7.6110    4.1563    3.4762   1940.3050    3.5246     4749644241.2045
   398.763    7.6008    4.1462    3.4748   1979.8887    3.5194     4862934953.9307
   408.012    7.5901    4.1358    3.4733   2019.4724    3.5143     4976011343.7234
   417.260    7.5793    4.1254    3.4717   2059.0562    3.5091     5088871438.5082
   441.397    7.6107    4.1352    3.4809   2064.4772    3.4959     5383313894.5294
   465.534    7.6418    4.1451    3.4899   2069.7146    3.4827     5677409745.5272
   489.671    7.6718    4.1545    3.4987   2074.7353    3.4696     5971143645.9193
   513.808    7.7007    4.1635    3.5073   2079.7375    3.4566     6264503796.3910
   537.945    7.7292    4.1727    3.5158   2084.4644    3.4436     6557479818.3687
   562.082    7.7566    4.1812    3.5244   2089.2833    3.4308     6850067070.8991
   586.219    7.7835    4.1895    3.5326   2093.8886    3.4181     7142260089.9214
   610.356    7.8101    4.1978    3.5409   2098.4084    3.4055     7434052525.9791
   634.493    7.8360    4.2059    3.5490   2102.7484    3.3930     7725443276.1276
   658.630    7.8624    4.2142    3.5572   2107.1067    3.3807     8016436461.9637
   682.767    7.8882    4.2222    3.5654   2111.4212    3.3685     8307039380.4445
   706.904    7.9134    4.2301    3.5734   2115.5455    3.3565     8597254126.2712
   731.041    7.9390    4.2382    3.5815   2119.7396    3.3447     8887088274.1486
   755.178    7.9644    4.2463    3.5896   2123.7145    3.3330     9176551376.1199
   779.315    7.9898    4.2545    3.5977   2127.6568    3.3215     9465653040.3959
   803.452    8.0155    4.2627    3.6060   2131.6166    3.3102     9754412990.5598
   827.589    8.0411    4.2710    3.6141   2135.4174    3.2991    10042846960.7296
   851.726    8.0667    4.2794    3.6224   2139.2151    3.2882    10330966869.5659
   875.863    8.0941    4.2889    3.6311   2142.9731    3.2775    10618807243.9716
   900.000    8.1210    4.2981    3.6397   2146.6489    3.2670    10906399613.1631
   916.855    8.1404    4.3050    3.6459   2149.1438    3.2599    11106995317.4522
   933.710    8.1602    4.3121    3.6523   2151.6911    3.2529    11307497689.8974
   950.565    8.1808    4.3197    3.6590   2154.1752    3.2459    11507925996.7738
   967.420    8.2019    4.3277    3.6658   2156.6938    3.2391    11708296312.7002
   984.275    8.2243    4.3364    3.6731   2159.2365    3.2324    11908630820.3625
  1001.130    8.2477    4.3459    3.6807   2161.7746    3.2259    12108957963.3731
  1017.985    8.2659    4.3519    3.6871   2164.4676    3.2195    12309260448.0319
  1034.840    8.2835    4.3577    3.6934   2167.0883    3.2132    12509509606.0683
  1051.695    8.3032    4.3647    3.7005   2169.9003    3.2070    12709729239.3797
  1068.550    8.3215    4.3710    3.7070   2172.6240    3.2010    12909933392.2418
  1085.405    8.3375    4.3761    3.7127   2175.0304    3.1952    13110094707.0982
  1102.260    8.3581    4.3846    3.7203   2176.7021    3.1896    13310248702.5433
  1119.115    8.3811    4.3945    3.7290   2177.8731    3.1840    13510486695.0911
  1135.970    8.4052    4.4050    3.7382   2179.2128    3.1787    13710858278.5849
  1152.825    8.5118    4.4707    3.7679   2189.2943    3.1733    13911932336.1711
  1169.680    8.6797    4.5771    3.8124   2207.6520    3.1677    14114652003.2738
  1186.535    8.8576    4.6906    3.8576   2220.5924    3.1617    14319408450.2628
  1203.390    8.8721    4.6950    3.8629   2222.8808    3.1557    14525125774.6908
  1220.245    8.8862    4.6989    3.8684   2225.0956    3.1498    14730736127.4069
  1237.100    8.9010    4.7035    3.8739   2227.2171    3.1442    14936255342.4130
  1253.955    8.9151    4.7076    3.8793   2229.1479    3.1388    15141695110.6864
  1270.811    8.9287    4.7115    3.8846   2231.0956    3.1336    15347065108.5464
  1287.666    8.9422    4.7153    3.8899   2232.7160    3.1287    15552377265.6655
  1304.521    8.9553    4.7189    3.8954   2234.4241    3.1240    15757650909.8554
  1321.376    8.9690    4.7231    3.9008   2236.0887    3.1196    15962903015.9050
  1338.231    8.9823    4.7268    3.9063   2237.8684    3.1154    16168152682.6607
  1355.086    8.9944    4.7302    3.9114   2238.9028    3.1115    16373408739.2293
  1371.941    9.0070    4.7333    3.9171   2240.4899    3.1079    16578692091.5095
  1388.796    9.0201    4.7371    3.9227   2241.7815    3.1046    16784034610.9373
  1405.651    9.0322    4.7401    3.9284   2243.0102    3.1016    16989453834.9277
  1422.506    9.0441    4.7432    3.9339   2244.1464    3.0990    17194966699.9723
  1439.361    9.0556    4.7464    3.9389   2244.8621    3.0966    17400576223.2202
  1456.216    9.0684    4.7496    3.9454   2246.1258    3.0947    17606332851.5969
  1473.071    9.0963    4.7631    3.9542   2248.8577    3.0930    17812357848.5275
  1489.926    9.1362    4.7841    3.9662   2253.2576    3.0917    18018815028.8305
  1506.781    9.1771    4.8065    3.9783   2257.3954    3.0906    18225810019.8853
  1523.636    9.2164    4.8279    3.9905   2261.4826    3.0898    18433366157.5146
  1540.491    9.2573    4.8506    4.0038   2266.2141    3.0894    18641534514.8581
  1557.346    9.2720    4.8564    4.0090   2268.4991    3.0894    18850156442.5698
  1557.346    4.9512    0.0000    4.0142         nan    3.0894    18850156442.5698
  1576.772    4.9655    0.0000    4.0208         nan    3.0898    19091262207.4704
  1596.198    4.9797    0.0000    4.0274         nan    3.0908    19332795219.3905
  1615.624    4.9940    0.0000    4.0340         nan    3.0925    19574803950.2624
  1635.050    5.0077    0.0000    4.0403         nan    3.0948    19817332815.4151
  1654.476    5.0213    0.0000    4.0466         nan    3.0979    20060426826.0360
  1673.902    5.0349    0.0000    4.0529         nan    3.1017    20304140636.6774
  1693.328    5.0481    0.0000    4.0591         nan    3.1063    20548529935.4816
  1712.754    5.0611    0.0000    4.0651         nan    3.1118    20793649332.6513
  1732.180    5.0740    0.0000    4.0711         nan    3.1181    21039561235.6436
  1732.180    5.2395    0.0000    6.4977         nan    3.1181    21039561235.6436
  1789.329    5.2987    0.0000    6.5389         nan    3.0210    22201091471.2767
  1846.478    5.3550    0.0000    6.5782         nan    2.9228    23333421172.9894
  1903.627    5.4084    0.0000    6.6156         nan    2.8235    24435337545.0282
  1960.776    5.4591    0.0000    6.6512         nan    2.7230    25505684736.1955
  2017.925    5.5072    0.0000    6.6851         nan    2.6215    26543361413.1879
  2075.074    5.5528    0.0000    6.7173         nan    2.5191    27547318627.7298
  2132.223    5.5960    0.0000    6.7478         nan    2.4157    28516557923.4932
  2189.372    5.6369    0.0000    6.7768         nan    2.3114    29450129635.8223
  2246.521    5.6754    0.0000    6.8042         nan    2.2063    30347131341.5478
  2303.670    5.7118    0.0000    6.8301         nan    2.1004    31206706417.2993
  2360.819    5.7460    0.0000    6.8545         nan    1.9938    32028042663.5209
  2417.968    5.7782    0.0000    6.8774         nan    1.8864    32810370945.5287
  2475.116    5.8082    0.0000    6.8989         nan    1.7784    33552963790.3934
  2532.265    5.8363    0.0000    6.9191         nan    1.6696    34255133858.4655
  2589.414    5.8624    0.0000    6.9378         nan    1.5603    34916232172.4203
  2646.563    5.8866    0.0000    6.9551         nan    1.4504    35535645926.4492
  2703.712    5.9088    0.0000    6.9711         nan    1.3398    36112795592.3532
  2760.861    5.9292    0.0000    6.9858         nan    1.2287    36647130848.3400
  2818.010    5.9478    0.0000    6.9991         nan    1.1169    37138124505.4307
  2875.159    5.9645    0.0000    7.0112         nan    1.0044    37585262920.1967
  2932.308    5.9794    0.0000    7.0219         nan    0.8911    37988029976.0827
  2989.457    5.9925    0.0000    7.0313         nan    0.7767    38345878636.9540
  3046.606    6.0038    0.0000    7.0395         nan    0.6607    38658176783.6412
  3103.755    6.0133    0.0000    7.0464         nan    0.5418    38924095007.7558
  3160.904    6.0212    0.0000    7.0521         nan    0.4171    39142347747.2430
  3218.053    6.0272    0.0000    7.0565         nan    0.2782    39310502684.0673
  3275.202    6.0315    0.0000    7.0596         nan    0.0902    39422705787.1329
  3332.351    6.0341    0.0000    7.0615         nan   -0.4287    39459117555.8960
  3389.500    6.0350    0.0000    7.0621         nan    0.0000    39286106780.8518
