# Depth[km]  Vp[km/s]  Vs[km/s] Rho[g/cm3]    T[K]     g[m/s2]         P[Pa]        
     0.000    3.3338    2.0072    1.5294    273.1500    3.7291              0.0000
    11.350    3.3338    2.0072    1.5294    317.1305    3.7396       64731551.6096
    11.350    5.0705    3.0529    2.3262    317.1305    3.7396       64731551.6096
    33.153    5.0705    3.0529    2.3262    401.6292    3.7455      254404837.8297
    33.153    5.6723    3.4152    2.6023    401.6292    3.7455      254404837.8297
    55.102    5.6723    3.4152    2.6023    486.6878    3.7468      468332822.7283
    55.102    7.9948    4.5373    3.5196    486.6878    3.7468      468332822.7283
    64.525    7.9877    4.5282    3.5194    523.2070    3.7401      592595687.4114
    73.948    7.9802    4.5188    3.5191    559.7262    3.7335      716629961.2975
    83.372    7.9725    4.5094    3.5188    596.2453    3.7269      840434753.8157
    92.795    7.9644    4.4999    3.5184    632.7645    3.7204      964008169.9834
   102.218    7.9565    4.4903    3.5180    669.2837    3.7139     1087350556.9983
   111.642    7.9488    4.4812    3.5176    705.8029    3.7074     1210463281.7038
   121.065    7.9409    4.4720    3.5172    742.3220    3.7009     1333346264.1224
   130.488    7.9325    4.4626    3.5167    778.8412    3.6944     1455998718.6364
   139.912    7.9247    4.4535    3.5163    815.3604    3.6880     1578421284.2491
   149.335    7.9162    4.4441    3.5157    851.8796    3.6816     1700613614.4441
   158.758    7.9079    4.4348    3.5151    888.3987    3.6753     1822574775.4996
   168.182    7.8997    4.4257    3.5146    924.9179    3.6690     1944305869.5271
   177.605    7.8912    4.4164    3.5139    961.4371    3.6627     2065806285.6642
   187.028    7.8832    4.4073    3.5134    997.9563    3.6564     2187078023.7577
   196.452    7.8751    4.3984    3.5128   1034.4754    3.6502     2308122609.5297
   205.875    7.8665    4.3892    3.5120   1070.9946    3.6440     2428937214.3074
   215.298    7.8579    4.3801    3.5113   1107.5138    3.6378     2549522061.2627
   224.722    7.8495    4.3708    3.5107   1144.0329    3.6317     2669879458.7058
   234.145    7.8411    4.3618    3.5100   1180.5521    3.6256     2790010173.7740
   243.568    7.8329    4.3529    3.5093   1217.0713    3.6195     2909915107.9517
   252.992    7.8245    4.3439    3.5085   1253.5905    3.6135     3029594524.8860
   262.415    7.8161    4.3347    3.5078   1290.1096    3.6075     3149049689.9438
   271.838    7.8077    4.3257    3.5070   1326.6288    3.6015     3268281568.5649
   281.262    7.8005    4.3174    3.5063   1363.1480    3.5956     3387290355.9579
   290.685    7.7921    4.3082    3.5055   1399.6672    3.5897     3506076917.2856
   300.108    7.7844    4.2997    3.5047   1436.1863    3.5838     3624642288.3941
   309.532    7.7766    4.2910    3.5039   1472.7055    3.5780     3742987827.9490
   318.955    7.7688    4.2823    3.5031   1509.2247    3.5722     3861114396.4659
   328.378    7.7599    4.2729    3.5022   1545.7439    3.5665     3979022186.1048
   337.801    7.7518    4.2642    3.5014   1582.2630    3.5608     4096712118.7705
   347.225    7.7435    4.2553    3.5006   1618.7822    3.5551     4214185728.5408
   356.648    7.7360    4.2467    3.4998   1655.3014    3.5495     4331445637.1308
   366.071    7.7271    4.2376    3.4989   1691.8206    3.5439     4448491567.8155
   375.495    7.7195    4.2290    3.4981   1728.3397    3.5384     4565324680.5080
   384.918    7.7109    4.2199    3.4972   1764.8589    3.5329     4681947301.3959
   394.341    7.7024    4.2109    3.4963   1801.3781    3.5274     4798358262.1182
   403.765    7.6948    4.2023    3.4954   1837.8973    3.5220     4914560124.7043
   413.188    7.6860    4.1931    3.4945   1874.4164    3.5166     5030554363.4429
   422.611    7.6773    4.1839    3.4936   1910.9356    3.5113     5146341181.7327
   432.035    7.6695    4.1752    3.4928   1947.4548    3.5060     5261923403.1502
   455.433    7.6979    4.1841    3.5011   1951.9843    3.4930     5548793287.9959
   478.831    7.7257    4.1928    3.5095   1956.5733    3.4800     5835282409.2986
   502.230    7.7530    4.2013    3.5177   1960.9224    3.4671     6121382605.7672
   525.628    7.7795    4.2096    3.5258   1965.2125    3.4543     6407085012.5588
   549.026    7.8058    4.2179    3.5338   1969.4098    3.4416     6692385626.2740
   572.424    7.8324    4.2264    3.5419   1973.5719    3.4290     6977285882.0441
   595.823    7.8567    4.2337    3.5497   1977.5467    3.4165     7261779119.4666
   619.221    7.8819    4.2416    3.5575   1981.5580    3.4042     7545860040.4963
   642.619    7.9065    4.2492    3.5653   1985.4239    3.3919     7829533495.5579
   666.017    7.9316    4.2572    3.5731   1989.2773    3.3798     8112804526.7178
   689.416    7.9557    4.2646    3.5808   1993.0046    3.3678     8395676955.5354
   712.814    7.9803    4.2725    3.5886   1996.7701    3.3560     8678155769.7928
   736.212    8.0046    4.2802    3.5963   2000.3428    3.3443     8960249361.7316
   759.610    8.0287    4.2878    3.6040   2003.9193    3.3328     9241966347.8869
   783.009    8.0529    4.2956    3.6117   2007.3912    3.3215     9523314623.3450
   806.407    8.0777    4.3037    3.6196   2010.9361    3.3103     9804313000.4739
   829.805    8.1022    4.3117    3.6275   2014.3097    3.2994    10084980954.4247
   853.203    8.1265    4.3197    3.6353   2017.6243    3.2886    10365324138.4780
   876.602    8.1525    4.3287    3.6436   2020.9018    3.2780    10645370786.4163
   900.000    8.1783    4.3377    3.6519   2024.1326    3.2677    10925155926.9324
   917.053    8.1979    4.3447    3.6583   2026.5061    3.2603    11128836778.3672
   934.107    8.2183    4.3522    3.6649   2028.8508    3.2530    11332415171.4651
   951.160    8.2390    4.3599    3.6716   2031.2128    3.2458    11535908081.4280
   968.213    8.2604    4.3682    3.6786   2033.4905    3.2388    11739331127.0347
   985.266    8.2798    4.3754    3.6850   2035.8721    3.2318    11942681102.1199
  1002.320    8.3089    4.3881    3.6943   2038.4002    3.2250    12146031108.6203
  1019.373    8.3287    4.3952    3.7013   2040.9275    3.2183    12349402166.8273
  1036.426    8.3477    4.4018    3.7082   2043.5203    3.2118    12552730220.2504
  1053.480    8.3653    4.4076    3.7145   2045.9745    3.2054    12756004003.6423
  1070.533    8.3805    4.4123    3.7199   2048.1626    3.1991    12959193355.1945
  1087.586    8.3954    4.4168    3.7253   2050.3948    3.1931    13162281793.8709
  1104.640    8.4403    4.4412    3.7387   2055.6058    3.1871    13365496667.8746
  1121.693    8.5703    4.5226    3.7741   2068.7403    3.1811    13569661086.0139
  1138.746    8.7344    4.6268    3.8173   2084.9158    3.1748    13775572587.5344
  1155.799    8.9031    4.7344    3.8602   2098.4846    3.1681    13983404851.4987
  1172.853    8.9193    4.7398    3.8659   2101.0418    3.1614    14192112878.2531
  1189.906    8.9338    4.7444    3.8710   2103.3589    3.1548    14400667520.1883
  1206.959    8.9483    4.7489    3.8761   2105.6653    3.1485    14609063933.5780
  1224.013    8.9629    4.7535    3.8813   2107.9746    3.1424    14817318677.5198
  1241.066    8.9768    4.7580    3.8862   2110.2538    3.1365    15025438472.5653
  1258.119    8.9909    4.7625    3.8911   2112.5018    3.1308    15233429338.1020
  1275.173    9.0050    4.7671    3.8962   2114.7905    3.1254    15441310682.1937
  1292.226    9.0186    4.7714    3.9011   2116.8906    3.1202    15649097513.3213
  1309.279    9.0315    4.7752    3.9063   2118.4705    3.1152    15856808605.9744
  1326.332    9.0440    4.7788    3.9113   2120.1164    3.1106    16064462147.8205
  1343.386    9.0566    4.7824    3.9165   2121.5601    3.1062    16272075657.0361
  1360.439    9.0690    4.7862    3.9213   2122.9361    3.1021    16479662919.2182
  1377.492    9.0816    4.7898    3.9267   2124.5424    3.0983    16687246345.4376
  1394.546    9.0938    4.7927    3.9326   2126.1567    3.0948    16894873972.9653
  1411.599    9.1232    4.8070    3.9409   2129.9920    3.0916    17102643212.5849
  1428.652    9.1640    4.8292    3.9515   2134.5417    3.0887    17310695190.6033
  1445.705    9.2044    4.8513    3.9626   2139.0586    3.0860    17519121161.1499
  1462.759    9.2434    4.8727    3.9733   2143.7426    3.0837    17727942882.8181
  1479.812    9.2847    4.8957    3.9852   2148.6044    3.0815    17937198980.3217
  1496.865    9.3248    4.9182    3.9973   2153.5059    3.0797    18146941856.8758
  1513.919    9.3629    4.9398    4.0089   2158.1840    3.0782    18357181808.1324
  1530.972    9.3757    4.9444    4.0134   2160.1018    3.0771    18567740111.1471
  1548.025    9.3887    4.9490    4.0187   2162.1912    3.0763    18778477987.3347
  1565.079    9.4020    4.9544    4.0230   2164.3699    3.0761    18989419258.3911
  1565.079    5.0212    0.0000    3.9779         nan    3.0761    18989419258.3911
  1581.793    5.0349    0.0000    3.9833         nan    3.0769    19194078174.3584
  1598.507    5.0485    0.0000    3.9887         nan    3.0782    19399068504.0830
  1615.221    5.0622    0.0000    3.9940         nan    3.0800    19604421776.7658
  1631.935    5.0757    0.0000    3.9994         nan    3.0823    19810169409.5832
  1648.650    5.0886    0.0000    4.0045         nan    3.0851    20016339390.0950
  1665.364    5.1016    0.0000    4.0096         nan    3.0885    20222962885.4239
  1682.078    5.1146    0.0000    4.0147         nan    3.0925    20430077709.7550
  1698.792    5.1273    0.0000    4.0197         nan    3.0970    20637720435.7464
  1715.507    5.1396    0.0000    4.0246         nan    3.1022    20845926168.6968
  1715.507    5.2082    0.0000    6.3973         nan    3.1022    20845926168.6968
  1773.230    5.2827    0.0000    6.4384         nan    3.0058    21995187928.9148
  1830.954    5.3531    0.0000    6.4773         nan    2.9082    23115682368.1632
  1888.678    5.4197    0.0000    6.5143         nan    2.8095    24206164248.6973
  1946.402    5.4826    0.0000    6.5492         nan    2.7097    25265458662.8738
  2004.126    5.5421    0.0000    6.5824         nan    2.6089    26292456738.2887
  2061.850    5.5983    0.0000    6.6138         nan    2.5072    27286112027.4295
  2119.574    5.6514    0.0000    6.6434         nan    2.4046    28245437476.4722
  2177.298    5.7015    0.0000    6.6714         nan    2.3011    29169502897.3011
  2235.022    5.7486    0.0000    6.6979         nan    2.1969    30057432893.4815
  2292.746    5.7930    0.0000    6.7228         nan    2.0920    30908405211.1805
  2350.470    5.8346    0.0000    6.7462         nan    1.9864    31721649511.4585
  2408.193    5.8737    0.0000    6.7682         nan    1.8802    32496446588.9415
  2465.917    5.9101    0.0000    6.7887         nan    1.7735    33232128098.2290
  2523.641    5.9441    0.0000    6.8079         nan    1.6662    33928076904.1498
  2581.365    5.9756    0.0000    6.8257         nan    1.5586    34583728253.4402
  2639.089    6.0048    0.0000    6.8421         nan    1.4507    35198572097.1865
  2696.813    6.0316    0.0000    6.8573         nan    1.3425    35772157119.9581
  2754.537    6.0562    0.0000    6.8712         nan    1.2342    36304097428.3400
  2812.261    6.0785    0.0000    6.8838         nan    1.1261    36794083584.6260
  2869.985    6.0986    0.0000    6.8951         nan    1.0182    37241901095.3606
  2927.709    6.1165    0.0000    6.9053         nan    0.9111    37647462377.5905
  2985.433    6.1322    0.0000    6.9142         nan    0.8054    38010864602.8850
  3043.157    6.1458    0.0000    6.9219         nan    0.7024    38332500918.1111
  3100.880    6.1572    0.0000    6.9284         nan    0.6047    38613291953.9940
  3158.604    6.1666    0.0000    6.9337         nan    0.5184    38855221066.0592
  3216.328    6.1738    0.0000    6.9378         nan    0.4614    39062763477.3119
  3274.052    6.1790    0.0000    6.9407         nan    0.5063    39247595485.5812
  3331.776    6.1821    0.0000    6.9425         nan    1.2410    39450463409.2872
  3389.500    6.1832    0.0000    6.9431         nan    0.0000    39947804433.3419
