# Depth[km]  Vp[km/s]  Vs[km/s] Rho[g/cm3]    T[K]     g[m/s2]         P[Pa]        
     0.000    3.6459    2.1853    1.6838    273.1500    3.7291              0.0000
    11.107    3.6459    2.1853    1.6838    314.8917    3.7379       69742088.0402
    11.107    4.6748    2.8019    2.1589    314.8917    3.7379       69742088.0402
    27.928    4.6748    2.8019    2.1589    378.1098    3.7448      205482875.3731
    27.928    6.5197    3.9077    3.0109    378.1098    3.7448      205482875.3731
    41.760    6.5197    3.9077    3.0109    430.0973    3.7407      361448006.2299
    41.760    7.9541    4.5353    3.4843    430.0973    3.7407      361448006.2299
    51.596    7.9490    4.5276    3.4845    467.0639    3.7340      489650758.9833
    61.432    7.9436    4.5198    3.4846    504.0304    3.7273      617626960.5026
    71.268    7.9378    4.5118    3.4846    540.9969    3.7205      745374979.5097
    81.104    7.9317    4.5035    3.4846    577.9634    3.7139      872893152.5665
    90.939    7.9255    4.4953    3.4845    614.9299    3.7072     1000180359.3915
   100.775    7.9185    4.4867    3.4843    651.8964    3.7006     1127234285.1173
   110.611    7.9120    4.4784    3.4842    688.8629    3.6940     1254054421.9188
   120.447    7.9055    4.4700    3.4840    725.8295    3.6874     1380643029.2141
   130.283    7.8988    4.4616    3.4838    762.7960    3.6809     1506999626.3882
   140.118    7.8917    4.4530    3.4834    799.7625    3.6744     1633121801.4172
   149.954    7.8850    4.4446    3.4832    836.7290    3.6679     1759010044.6219
   159.790    7.8776    4.4359    3.4827    873.6955    3.6615     1884663409.6338
   169.626    7.8704    4.4274    3.4823    910.6620    3.6551     2010080239.9686
   179.462    7.8638    4.4190    3.4819    947.6285    3.6487     2135263708.3916
   189.297    7.8567    4.4105    3.4815    984.5951    3.6423     2260213917.9923
   199.133    7.8495    4.4020    3.4810   1021.5616    3.6360     2384929286.7211
   208.969    7.8428    4.3937    3.4805   1058.5281    3.6297     2509410648.6050
   218.805    7.8357    4.3852    3.4799   1095.4946    3.6235     2633657748.9881
   228.641    7.8283    4.3766    3.4794   1132.4611    3.6173     2757671843.6672
   238.476    7.8210    4.3680    3.4788   1169.4276    3.6111     2881454329.9291
   248.312    7.8146    4.3598    3.4783   1206.3942    3.6050     3005006109.0470
   258.148    7.8079    4.3516    3.4777   1243.3607    3.5989     3128327901.7000
   267.984    7.8005    4.3430    3.4770   1280.3272    3.5928     3251418474.1141
   277.820    7.7933    4.3344    3.4764   1317.2937    3.5868     3374279871.2617
   287.655    7.7866    4.3261    3.4758   1354.2602    3.5808     3496914532.6128
   297.491    7.7795    4.3176    3.4752   1391.2267    3.5749     3619322107.1001
   307.327    7.7719    4.3091    3.4744   1428.1932    3.5690     3741500854.3042
   317.163    7.7650    4.3007    3.4737   1465.1598    3.5631     3863452658.2959
   326.998    7.7584    4.2926    3.4731   1502.1263    3.5573     3985181946.8366
   336.834    7.7512    4.2841    3.4723   1539.0928    3.5515     4106687279.6626
   346.670    7.7442    4.2758    3.4716   1576.0593    3.5458     4227968508.1055
   356.506    7.7372    4.2674    3.4709   1613.0258    3.5401     4349029357.8821
   366.342    7.7297    4.2587    3.4701   1649.9923    3.5344     4469869382.2562
   376.177    7.7230    4.2505    3.4694   1686.9589    3.5288     4590490044.6812
   386.013    7.7154    4.2418    3.4685   1723.9254    3.5232     4710892795.5052
   395.849    7.7081    4.2333    3.4678   1760.8919    3.5177     4831077625.3342
   405.685    7.7011    4.2248    3.4670   1797.8584    3.5123     4951047508.2983
   415.521    7.6938    4.2163    3.4662   1834.8249    3.5068     5070803357.0872
   425.356    7.6865    4.2076    3.4654   1871.7914    3.5015     5190346530.6977
   435.192    7.6786    4.1988    3.4644   1908.7579    3.4961     5309677025.0104
   458.433    7.7068    4.2073    3.4727   1913.1758    3.4837     5591502804.5527
   481.673    7.7339    4.2154    3.4808   1917.6066    3.4713     5872983849.5227
   504.913    7.7611    4.2237    3.4888   1921.8809    3.4589     6154113966.4954
   528.154    7.7870    4.2313    3.4967   1926.1294    3.4467     6434887746.5473
   551.394    7.8121    4.2387    3.5045   1930.1671    3.4346     6715296914.5058
   574.635    7.8374    4.2462    3.5122   1934.2569    3.4226     6995337898.4019
   597.875    7.8619    4.2534    3.5198   1938.1402    3.4107     7275009914.8574
   621.115    7.8860    4.2604    3.5274   1942.1264    3.3990     7554312703.5050
   644.356    7.9103    4.2674    3.5351   1946.1647    3.3873     7833255676.4977
   667.596    7.9341    4.2743    3.5425   1949.8816    3.3759     8111839219.3590
   690.836    7.9576    4.2812    3.5499   1953.5592    3.3645     8390060033.6620
   714.077    7.9807    4.2878    3.5572   1957.2009    3.3534     8667922741.3930
   737.317    8.0047    4.2950    3.5647   1960.9965    3.3424     8945441310.5292
   760.558    8.0276    4.3017    3.5719   1964.4763    3.3316     9222621303.1122
   783.798    8.0505    4.3082    3.5793   1968.0129    3.3209     9499468545.7208
   807.038    8.0742    4.3155    3.5867   1971.4498    3.3105     9776003287.1280
   830.279    8.0961    4.3216    3.5937   1974.7887    3.3003    10052224685.4672
   853.519    8.1197    4.3288    3.6012   1978.1739    3.2903    10328150246.6898
   876.760    8.1430    4.3359    3.6086   1981.4397    3.2805    10603808158.9970
   900.000    8.1662    4.3429    3.6161   1984.7253    3.2710    10879212923.1162
   916.972    8.1838    4.3485    3.6216   1987.0784    3.2642    11080109886.3564
   933.943    8.2004    4.3535    3.6269   1989.3975    3.2575    11280890186.1878
   950.915    8.2203    4.3604    3.6332   1991.9374    3.2510    11481580477.4565
   967.887    8.2385    4.3665    3.6391   1994.2337    3.2446    11682202904.3000
   984.859    8.2568    4.3725    3.6449   1996.5586    3.2383    11882753839.2851
  1001.830    8.2759    4.3792    3.6510   1998.8727    3.2322    12083247685.2533
  1018.802    8.2959    4.3863    3.6576   2001.1755    3.2263    12283710469.2717
  1035.774    8.3165    4.3938    3.6643   2003.4891    3.2205    12484166331.8066
  1052.746    8.3322    4.3985    3.6695   2005.6732    3.2149    12684589080.6654
  1069.717    8.3481    4.4033    3.6748   2007.7911    3.2094    12884948476.3895
  1086.689    8.3677    4.4106    3.6811   2010.2292    3.2042    13085284604.9546
  1103.661    8.4900    4.4879    3.7142   2022.4540    3.1989    13286363835.7184
  1120.632    8.6402    4.5842    3.7536   2036.9570    3.1934    13489081252.0815
  1137.604    8.8114    4.6946    3.7976   2051.2564    3.1876    13693709206.5110
  1154.576    8.8279    4.6996    3.8032   2053.9082    3.1816    13899303913.7895
  1171.548    8.8434    4.7040    3.8087   2056.2884    3.1759    14104818216.6066
  1188.519    8.8590    4.7083    3.8142   2058.6292    3.1704    14310258523.6058
  1205.491    8.8745    4.7125    3.8197   2061.0275    3.1651    14515638708.9912
  1222.463    8.8902    4.7169    3.8253   2063.3713    3.1601    14720975816.1101
  1239.435    8.9056    4.7212    3.8309   2065.7556    3.1552    14926283898.2763
  1256.406    8.9214    4.7256    3.8367   2068.1514    3.1506    15131582111.9768
  1273.378    8.9367    4.7300    3.8422   2070.4971    3.1463    15336882803.2541
  1290.350    8.9520    4.7342    3.8477   2072.8709    3.1422    15542195525.9342
  1307.321    8.9678    4.7388    3.8536   2075.2906    3.1384    15747546297.4341
  1324.293    8.9830    4.7432    3.8592   2077.6773    3.1348    15952951669.4596
  1341.265    8.9985    4.7477    3.8649   2080.0409    3.1315    16158425125.0865
  1358.237    9.0324    4.7639    3.8739   2084.8400    3.1286    16364075144.4987
  1375.208    9.0725    4.7841    3.8841   2090.4520    3.1258    16570038948.1748
  1392.180    9.1111    4.8036    3.8941   2096.0647    3.1233    16776358982.5905
  1409.152    9.1517    4.8247    3.9048   2101.8021    3.1211    16983061754.1538
  1426.123    9.1902    4.8447    3.9151   2107.5934    3.1192    17190174329.5041
  1443.095    9.2295    4.8655    3.9257   2113.5441    3.1175    17397712935.7570
  1460.067    9.2701    4.8875    3.9369   2119.7125    3.1161    17605717994.8564
  1477.039    9.3108    4.9098    3.9483   2125.9866    3.1151    17814227633.7953
  1494.010    9.3288    4.9168    3.9544   2128.5277    3.1144    18023127712.3830
  1510.982    9.3429    4.9213    3.9596   2130.7629    3.1140    18232279154.3452
  1527.954    9.3570    4.9258    3.9648   2132.9785    3.1142    18441685060.1499
  1544.926    9.3705    4.9301    3.9698   2135.1651    3.1147    18651368214.5765
  1561.897    9.3841    4.9346    3.9749   2137.3720    3.1158    18861354951.9015
  1561.897    5.2082    0.0000    4.0227         nan    3.1158    18861354951.9015
  1578.501    5.2202    0.0000    4.0278         nan    3.1166    19069596131.6983
  1595.105    5.2323    0.0000    4.0329         nan    3.1179    19278155442.6636
  1611.708    5.2444    0.0000    4.0380         nan    3.1197    19487064690.4749
  1628.312    5.2563    0.0000    4.0430         nan    3.1220    19696355884.1080
  1644.916    5.2678    0.0000    4.0479         nan    3.1248    19906057861.2040
  1661.519    5.2793    0.0000    4.0527         nan    3.1282    20116202284.4167
  1678.123    5.2908    0.0000    4.0576         nan    3.1322    20326827163.0810
  1694.727    5.3021    0.0000    4.0623         nan    3.1368    20537969866.3189
  1711.331    5.3130    0.0000    4.0670         nan    3.1420    20749666195.1725
  1711.331    5.1991    0.0000    6.4586         nan    3.1420    20749666195.1725
  1769.198    5.2742    0.0000    6.5008         nan    3.0446    21927806023.1630
  1827.066    5.3451    0.0000    6.5409         nan    2.9459    23076668769.4075
  1884.934    5.4121    0.0000    6.5788         nan    2.8461    24194955352.1317
  1942.802    5.4755    0.0000    6.6148         nan    2.7452    25281440202.1646
  2000.670    5.5354    0.0000    6.6489         nan    2.6432    26334966783.8443
  2058.538    5.5920    0.0000    6.6812         nan    2.5403    27354443841.4374
  2116.406    5.6455    0.0000    6.7117         nan    2.4365    28338842262.9913
  2174.274    5.6959    0.0000    6.7405         nan    2.3318    29287192482.6524
  2232.142    5.7433    0.0000    6.7677         nan    2.2264    30198582370.4336
  2290.010    5.7880    0.0000    6.7933         nan    2.1202    31072155585.3285
  2347.878    5.8299    0.0000    6.8174         nan    2.0133    31907110392.3933
  2405.746    5.8692    0.0000    6.8399         nan    1.9059    32702698978.9453
  2463.613    5.9059    0.0000    6.8610         nan    1.7978    33458227348.8068
  2521.481    5.9401    0.0000    6.8807         nan    1.6893    34173055934.2857
  2579.349    5.9719    0.0000    6.8990         nan    1.5804    34846601165.8364
  2637.217    6.0012    0.0000    6.9160         nan    1.4712    35478338395.3462
  2695.085    6.0282    0.0000    6.9316         nan    1.3618    36067806836.3886
  2752.953    6.0529    0.0000    6.9458         nan    1.2524    36614617659.5115
  2810.821    6.0754    0.0000    6.9588         nan    1.1431    37118467254.4717
  2868.689    6.0956    0.0000    6.9705         nan    1.0342    37579159367.4257
  2926.557    6.1136    0.0000    6.9809         nan    0.9263    37996643294.4313
  2984.425    6.1294    0.0000    6.9901         nan    0.8201    38371082915.8079
  3042.293    6.1431    0.0000    6.9980         nan    0.7170    38702989355.1993
  3100.160    6.1546    0.0000    7.0047         nan    0.6202    38993497033.9903
  3158.028    6.1640    0.0000    7.0101         nan    0.5369    39245001819.6887
  3215.896    6.1714    0.0000    7.0144         nan    0.4881    39462864853.7033
  3273.764    6.1766    0.0000    7.0174         nan    0.5591    39661026781.6230
  3331.632    6.1797    0.0000    7.0192         nan    1.4414    39888079375.4011
  3389.500    6.1807    0.0000    7.0198         nan    0.0000    40473593542.1553
