# Depth[km]  Vp[km/s]  Vs[km/s] Rho[g/cm3]    T[K]     g[m/s2]         P[Pa]        
     0.000    3.8373    2.3072    1.8354    273.1500    3.7291              0.0000
    11.890    3.8373    2.3072    1.8354    319.0597    3.7370       81383097.4718
    11.890    5.2387    3.1497    2.5057    319.0597    3.7370       81383097.4718
    30.711    5.2387    3.1497    2.5057    391.7342    3.7392      257617482.4464
    30.711    6.3953    3.8451    3.0589    391.7342    3.7392      257617482.4464
    46.402    6.3953    3.8451    3.0589    452.3219    3.7340      437085290.0065
    46.402    7.9494    4.5302    3.4840    452.3219    3.7340      437085290.0065
    56.267    7.9435    4.5221    3.4840    490.4151    3.7272      565421060.6718
    66.132    7.9374    4.5138    3.4839    528.5084    3.7204      693523421.2414
    75.997    7.9307    4.5052    3.4838    566.6016    3.7137      821390590.6227
    85.862    7.9241    4.4967    3.4837    604.6948    3.7070      949021711.2185
    95.727    7.9166    4.4877    3.4833    642.7880    3.7004     1076413847.7797
   105.592    7.9097    4.4791    3.4831    680.8813    3.6937     1203566772.1297
   115.457    7.9025    4.4703    3.4828    718.9745    3.6871     1330482532.7643
   125.322    7.8953    4.4615    3.4825    757.0677    3.6805     1457160145.2079
   135.187    7.8876    4.4525    3.4821    795.1609    3.6740     1583597583.5657
   145.053    7.8803    4.4438    3.4817    833.2542    3.6674     1709794709.0667
   154.918    7.8723    4.4347    3.4811    871.3474    3.6610     1835750846.6983
   164.783    7.8647    4.4258    3.4806    909.4406    3.6545     1961464874.0178
   174.648    7.8576    4.4172    3.4802    947.5339    3.6481     2086939980.8890
   184.513    7.8498    4.4082    3.4796    985.6271    3.6417     2212175949.5986
   194.378    7.8422    4.3994    3.4790   1023.7203    3.6353     2337170653.7583
   204.243    7.8343    4.3905    3.4782   1061.8135    3.6290     2461922973.7634
   214.108    7.8265    4.3815    3.4776   1099.9068    3.6227     2586433377.4068
   223.973    7.8188    4.3726    3.4769   1138.0000    3.6165     2710704688.4264
   233.838    7.8111    4.3638    3.4762   1176.0932    3.6103     2834738408.9148
   243.704    7.8039    4.3551    3.4756   1214.1864    3.6041     2958535502.6235
   253.569    7.7960    4.3462    3.4748   1252.2797    3.5980     3082095271.4729
   263.434    7.7881    4.3372    3.4740   1290.3729    3.5919     3205417439.3196
   273.299    7.7808    4.3286    3.4733   1328.4661    3.5858     3328504973.5287
   283.164    7.7727    4.3196    3.4725   1366.5594    3.5798     3451357301.7104
   293.029    7.7656    4.3110    3.4717   1404.6526    3.5738     3573975143.4532
   302.894    7.7584    4.3024    3.4710   1442.7458    3.5679     3696362587.3904
   312.759    7.7509    4.2938    3.4702   1480.8390    3.5620     3818519657.3888
   322.624    7.7429    4.2848    3.4693   1518.9323    3.5562     3940444461.1682
   332.489    7.7352    4.2760    3.4684   1557.0255    3.5504     4062138091.9090
   342.355    7.7277    4.2672    3.4676   1595.1187    3.5446     4183604363.7304
   352.220    7.7198    4.2583    3.4667   1633.2119    3.5389     4304843216.3845
   362.085    7.7120    4.2494    3.4658   1671.3052    3.5332     4425854995.8865
   371.950    7.7042    4.2406    3.4649   1709.3984    3.5276     4546641119.3685
   381.815    7.6966    4.2318    3.4640   1747.4916    3.5220     4667203139.3765
   391.680    7.6881    4.2226    3.4630   1785.5849    3.5165     4787541412.2095
   401.545    7.6809    4.2139    3.4621   1823.6781    3.5110     4907658611.3446
   411.410    7.6726    4.2048    3.4611   1861.7713    3.5055     5027555690.0102
   421.275    7.6642    4.1956    3.4600   1899.8645    3.5002     5147230556.1232
   431.140    7.6551    4.1860    3.4592   1937.9578    3.4948     5266688309.1708
   441.006    7.6473    4.1769    3.4583   1976.0510    3.4895     5385934331.7756
   463.955    7.6758    4.1856    3.4664   1980.5772    3.4773     5663214787.1877
   486.905    7.7035    4.1940    3.4745   1985.0653    3.4652     5940171341.9643
   509.855    7.7309    4.2025    3.4825   1989.4242    3.4532     6216798898.4441
   532.804    7.7561    4.2099    3.4902   1993.6487    3.4412     6493085485.2178
   555.754    7.7818    4.2175    3.4980   1997.9594    3.4294     6769029621.9503
   578.704    7.8071    4.2250    3.5058   2002.2622    3.4177     7044638671.5206
   601.654    7.8312    4.2321    3.5133   2006.2928    3.4061     7319904938.3024
   624.603    7.8558    4.2393    3.5209   2010.4493    3.3946     7594828111.9691
   647.553    7.8794    4.2462    3.5283   2014.3523    3.3832     7869411835.8011
   670.503    7.9026    4.2528    3.5358   2018.3481    3.3720     8143653880.1573
   693.452    7.9269    4.2601    3.5433   2022.3141    3.3609     8417564639.5949
   716.402    7.9498    4.2666    3.5506   2026.0905    3.3500     8691148459.5532
   739.352    7.9727    4.2732    3.5579   2029.8163    3.3393     8964406619.5977
   762.302    7.9957    4.2800    3.5651   2033.4616    3.3288     9237346395.8885
   785.251    8.0192    4.2869    3.5725   2037.2757    3.3184     9509983469.4272
   808.201    8.0422    4.2937    3.5798   2040.8285    3.3082     9782329969.5014
   831.151    8.0646    4.3002    3.5870   2044.3348    3.2982    10054390496.0235
   854.101    8.0877    4.3071    3.5944   2047.8197    3.2885    10326181946.3734
   877.050    8.1106    4.3140    3.6017   2051.2275    3.2789    10597721719.2977
   900.000    8.1337    4.3210    3.6090   2054.5929    3.2696    10869025026.4351
   916.855    8.1511    4.3265    3.6146   2057.0593    3.2629    11068068926.2315
   933.710    8.1686    4.3319    3.6202   2059.5130    3.2564    11267013199.8804
   950.565    8.1865    4.3378    3.6259   2061.9347    3.2500    11465868785.6256
   967.420    8.2050    4.3439    3.6318   2064.3449    3.2437    11664650930.8797
   984.275    8.2238    4.3502    3.6379   2066.8477    3.2376    11863376686.5661
  1001.130    8.2436    4.3573    3.6441   2069.3777    3.2316    12062063731.9402
  1017.985    8.2629    4.3640    3.6504   2071.7818    3.2258    12260725562.0042
  1034.840    8.2844    4.3721    3.6573   2074.2623    3.2201    12459387665.0881
  1051.695    8.3003    4.3768    3.6627   2076.5734    3.2146    12658033326.3885
  1068.550    8.3162    4.3815    3.6679   2078.7358    3.2093    12856626406.3853
  1085.405    8.3319    4.3862    3.6732   2080.9353    3.2041    13055174927.2048
  1102.260    8.3474    4.3908    3.6784   2083.1452    3.1992    13253688791.9466
  1119.115    8.4423    4.4496    3.7041   2093.5663    3.1943    13452729602.6369
  1135.970    8.6015    4.5517    3.7460   2108.3074    3.1892    13653285378.3705
  1152.825    8.7814    4.6676    3.7919   2125.6283    3.1837    13855881564.3494
  1169.680    8.8090    4.6803    3.8002   2128.2813    3.1782    14059586979.7863
  1186.535    8.8235    4.6842    3.8052   2130.7293    3.1728    14263293748.4054
  1203.390    8.8407    4.6891    3.8115   2133.1883    3.1677    14466958893.8488
  1220.245    8.8560    4.6933    3.8169   2135.6518    3.1628    14670605794.3058
  1237.100    8.8715    4.6978    3.8224   2138.0571    3.1581    14874227123.9784
  1253.955    8.8872    4.7022    3.8281   2140.5413    3.1536    15077843923.5665
  1270.810    8.9025    4.7065    3.8336   2143.0246    3.1494    15281471684.6630
  1287.665    8.9178    4.7108    3.8392   2145.4814    3.1455    15485121424.3453
  1304.520    8.9334    4.7153    3.8448   2147.9474    3.1418    15688812131.3678
  1321.375    8.9486    4.7197    3.8504   2150.4011    3.1384    15892560254.2722
  1338.230    8.9633    4.7238    3.8557   2152.8839    3.1352    16096374373.0299
  1355.085    8.9789    4.7285    3.8615   2155.3509    3.1324    16300279180.5627
  1371.940    8.9942    4.7330    3.8672   2157.8350    3.1299    16504302333.9299
  1388.795    9.0168    4.7422    3.8741   2161.1678    3.1276    16708493307.3246
  1405.650    9.0549    4.7613    3.8839   2166.7758    3.1257    16912979989.5629
  1422.505    9.0946    4.7817    3.8940   2172.6891    3.1241    17117864405.2340
  1439.360    9.1339    4.8021    3.9042   2178.7595    3.1227    17323175132.0561
  1456.215    9.1737    4.8231    3.9148   2184.6174    3.1216    17528943767.3674
  1473.070    9.2129    4.8439    3.9254   2190.8407    3.1209    17735199606.1381
  1489.925    9.2530    4.8655    3.9363   2196.9280    3.1205    17941970794.8132
  1506.780    9.2925    4.8872    3.9472   2203.5591    3.1203    18149287444.8497
  1523.635    9.3219    4.9021    3.9559   2207.9872    3.1206    18357113929.6040
  1540.490    9.3357    4.9066    3.9610   2210.3037    3.1213    18565321529.1280
  1557.345    9.3498    4.9112    3.9663   2212.6461    3.1224    18773846645.0141
  1557.345    5.0215    0.0000    4.0296         nan    3.1224    18773846645.0141
  1575.763    5.0371    0.0000    4.0357         nan    3.1232    19005764431.9523
  1594.181    5.0527    0.0000    4.0418         nan    3.1246    19238093347.0787
  1612.600    5.0683    0.0000    4.0479         nan    3.1266    19470876191.6794
  1631.018    5.0834    0.0000    4.0539         nan    3.1292    19704153153.9716
  1649.436    5.0982    0.0000    4.0597         nan    3.1325    19937963162.8869
  1667.854    5.1130    0.0000    4.0655         nan    3.1364    20172352381.6881
  1686.273    5.1277    0.0000    4.0713         nan    3.1411    20407371974.7276
  1704.691    5.1418    0.0000    4.0768         nan    3.1465    20643068830.9998
  1723.109    5.1559    0.0000    4.0824         nan    3.1527    20879493843.4708
  1723.109    5.2949    0.0000    6.5398         nan    3.1527    20879493843.4708
  1780.571    5.3744    0.0000    6.5809         nan    3.0544    22067976933.5487
  1838.033    5.4495    0.0000    6.6198         nan    2.9548    23226393972.8703
  1895.494    5.5204    0.0000    6.6566         nan    2.8540    24353468448.3337
  1952.956    5.5874    0.0000    6.6915         nan    2.7522    25447998228.6707
  2010.418    5.6506    0.0000    6.7244         nan    2.6494    26508850371.2645
  2067.880    5.7103    0.0000    6.7556         nan    2.5457    27534956714.3550
  2125.341    5.7665    0.0000    6.7851         nan    2.4410    28525310108.0566
  2182.803    5.8196    0.0000    6.8128         nan    2.3355    29478961171.2392
  2240.265    5.8695    0.0000    6.8390         nan    2.2292    30395015488.7896
  2297.727    5.9164    0.0000    6.8637         nan    2.1221    31272631174.2452
  2355.188    5.9605    0.0000    6.8869         nan    2.0144    32111016745.7031
  2412.650    6.0017    0.0000    6.9086         nan    1.9060    32909429270.4924
  2470.112    6.0402    0.0000    6.9289         nan    1.7969    33667172743.3714
  2527.574    6.0761    0.0000    6.9478         nan    1.6874    34383596670.3311
  2585.035    6.1093    0.0000    6.9654         nan    1.5772    35058094837.9030
  2642.497    6.1401    0.0000    6.9816         nan    1.4666    35690104254.8816
  2699.959    6.1684    0.0000    6.9966         nan    1.3555    36279104263.6197
  2757.421    6.1942    0.0000    7.0103         nan    1.2441    36824615828.2765
  2814.882    6.2177    0.0000    7.0227         nan    1.1322    37326201028.0728
  2872.344    6.2389    0.0000    7.0339         nan    1.0201    37783462820.2026
  2929.806    6.2577    0.0000    7.0439         nan    0.9076    38196045207.7644
  2987.268    6.2743    0.0000    7.0527         nan    0.7949    38563634102.1900
  3044.729    6.2885    0.0000    7.0602         nan    0.6821    38885959532.6362
  3102.191    6.3006    0.0000    7.0666         nan    0.5692    39162800799.4546
  3159.653    6.3105    0.0000    7.0719         nan    0.4563    39393998960.5695
  3217.115    6.3181    0.0000    7.0759         nan    0.3441    39579490780.7753
  3274.576    6.3236    0.0000    7.0788         nan    0.2341    39719421285.8508
  3332.038    6.3268    0.0000    7.0805         nan    0.1404    39814667317.3604
  3389.500    6.3279    0.0000    7.0811         nan    0.0000    39871785697.4613
