# Depth[km]  Vp[km/s]  Vs[km/s] Rho[g/cm3]    T[K]     g[m/s2]         P[Pa]        
     0.000    3.6512    2.1763    1.6425    273.1500    3.7291              0.0000
    11.013    3.6512    2.1763    1.6425    314.2342    3.7382       67451261.0702
    11.013    5.0245    2.9948    2.2602    314.2342    3.7382       67451261.0702
    27.765    5.0245    2.9948    2.2602    376.7369    3.7436      208996267.8118
    27.765    6.7346    4.0142    3.0296    376.7369    3.7436      208996267.8118
    45.139    6.7346    4.0142    3.0296    441.5583    3.7383      406043525.5471
    45.139    7.8418    4.4845    3.4772    441.5583    3.7383      406043525.5471
    55.018    7.8377    4.4778    3.4776    478.4151    3.7316      534461336.1794
    64.896    7.8333    4.4709    3.4780    515.2719    3.7249      662662009.9886
    74.775    7.8283    4.4637    3.4782    552.1287    3.7182      790642608.7839
    84.653    7.8233    4.4565    3.4784    588.9854    3.7115      918401845.1079
    94.532    7.8180    4.4490    3.4786    625.8422    3.7049     1045939958.0851
   104.411    7.8116    4.4412    3.4785    662.6990    3.6983     1173252192.5224
   114.289    7.8060    4.4336    3.4785    699.5558    3.6918     1300337056.1596
   124.168    7.8004    4.4259    3.4785    736.4125    3.6852     1427197586.4893
   134.046    7.7946    4.4182    3.4785    773.2693    3.6787     1553833931.8101
   143.925    7.7879    4.4102    3.4783    810.1261    3.6722     1680241996.5192
   153.804    7.7819    4.4024    3.4782    846.9829    3.6658     1806421162.1893
   163.682    7.7752    4.3943    3.4779    883.8397    3.6594     1932371260.9817
   173.561    7.7692    4.3865    3.4777    920.6964    3.6530     2058092413.1495
   183.440    7.7626    4.3784    3.4774    957.5532    3.6466     2183585136.8715
   193.318    7.7559    4.3703    3.4770    994.4100    3.6403     2308846241.9521
   203.197    7.7501    4.3625    3.4768   1031.2668    3.6340     2433878942.1156
   213.075    7.7429    4.3542    3.4762   1068.1235    3.6278     2558681367.5913
   222.954    7.7363    4.3461    3.4757   1104.9803    3.6216     2683250843.9994
   232.833    7.7297    4.3380    3.4753   1141.8371    3.6154     2807590772.2700
   242.711    7.7236    4.3301    3.4750   1178.6939    3.6092     2931705042.6177
   252.590    7.7170    4.3220    3.4745   1215.5507    3.6031     3055594288.0370
   262.468    7.7094    4.3136    3.4739   1252.4074    3.5970     3179254087.1845
   272.347    7.7027    4.3055    3.4734   1289.2642    3.5910     3302685383.1830
   282.226    7.6959    4.2974    3.4729   1326.1210    3.5850     3425892327.7634
   292.104    7.6875    4.2885    3.4723   1362.9778    3.5790     3548874315.8124
   301.983    7.6797    4.2799    3.4719   1399.8345    3.5731     3671633263.4228
   311.861    7.6717    4.2712    3.4714   1436.6913    3.5672     3794172212.0111
   321.740    7.6630    4.2622    3.4708   1473.5481    3.5614     3916490423.0798
   331.619    7.6552    4.2536    3.4703   1510.4049    3.5556     4038589961.5031
   341.497    7.6474    4.2450    3.4698   1547.2617    3.5498     4160473678.6045
   351.376    7.6387    4.2360    3.4692   1584.1184    3.5441     4282140204.8917
   361.254    7.6299    4.2270    3.4685   1620.9752    3.5384     4403587814.8491
   371.133    7.6214    4.2180    3.4680   1657.8320    3.5328     4524820208.3178
   381.012    7.6125    4.2090    3.4673   1694.6888    3.5272     4645838979.6895
   390.890    7.6042    4.2001    3.4668   1731.5455    3.5217     4766645117.3421
   400.769    7.5879    4.1881    3.4650   1768.4023    3.5162     4887220359.8114
   410.648    7.5857    4.1816    3.4653   1805.2591    3.5107     5007582759.7719
   420.526    7.5774    4.1727    3.4648   1842.1159    3.5053     5127755438.0060
   430.405    7.5645    4.1620    3.4635   1878.9726    3.5000     5247710984.8649
   440.283    7.5563    4.1531    3.4630   1915.8294    3.4947     5367452422.3013
   463.269    7.5848    4.1604    3.4710   1919.9409    3.4824     5645949680.3804
   486.255    7.6129    4.1678    3.4789   1923.9761    3.4703     5924108885.0211
   509.241    7.6532    4.1799    3.4887   1929.2687    3.4582     6202001323.0520
   532.227    7.6831    4.1882    3.4968   1933.4738    3.4462     6479635891.7202
   555.213    7.7116    4.1957    3.5048   1937.6021    3.4343     6756943505.6564
   578.198    7.7396    4.2034    3.5126   1941.5141    3.4224     7033914294.2616
   601.184    7.7665    4.2105    3.5202   1945.3416    3.4108     7310538567.7042
   624.170    7.7942    4.2181    3.5279   1949.2827    3.3992     7586820528.4933
   647.156    7.8206    4.2251    3.5354   1953.0192    3.3877     7862761588.2476
   670.142    7.8474    4.2325    3.5429   1956.7262    3.3765     8138359060.1437
   693.128    7.8730    4.2393    3.5503   1960.3383    3.3653     8413614815.4094
   716.113    7.8984    4.2461    3.5576   1963.8739    3.3543     8688528217.9336
   739.099    7.9236    4.2528    3.5648   1967.3697    3.3435     8963104200.3323
   762.085    7.9481    4.2593    3.5720   1970.7337    3.3329     9237346638.1541
   785.071    7.9728    4.2660    3.5791   1974.0936    3.3224     9511260954.1081
   808.057    7.9976    4.2728    3.5862   1977.4288    3.3122     9784858515.0831
   831.043    8.0213    4.2789    3.5931   1980.6921    3.3021    10058147866.6620
   854.028    8.0457    4.2856    3.6002   1983.9264    3.2923    10331141027.2534
   877.014    8.0696    4.2921    3.6072   1987.0654    3.2827    10603852965.0630
   900.000    8.0941    4.2990    3.6142   1990.2804    3.2733    10876299183.7887
   916.662    8.1120    4.3041    3.6194   1992.5872    3.2667    11073557987.5766
   933.323    8.1291    4.3088    3.6245   1994.7952    3.2602    11270697038.3312
   949.985    8.1465    4.3136    3.6296   1996.9684    3.2539    11467720805.1801
   966.647    8.1633    4.3183    3.6346   1999.1335    3.2477    11664635032.2372
   983.309    8.1824    4.3242    3.6402   2001.4193    3.2416    11861460240.4295
   999.970    8.2000    4.3294    3.6454   2003.5594    3.2357    12058210326.2800
  1016.632    8.2172    4.3344    3.6505   2005.6544    3.2300    12254881472.8988
  1033.294    8.2337    4.3388    3.6554   2007.6668    3.2244    12451473771.8041
  1049.955    8.2492    4.3428    3.6601   2009.7423    3.2190    12647984015.3597
  1066.617    8.2853    4.3610    3.6701   2013.5741    3.2138    12844558368.9168
  1083.279    8.3900    4.4261    3.6980   2023.0262    3.2085    13041828037.8179
  1099.941    8.5085    4.5005    3.7294   2035.8889    3.2031    13240362729.9356
  1116.602    8.6033    4.5589    3.7542   2044.9964    3.1976    13440063490.2832
  1133.264    8.6190    4.5626    3.7592   2048.4745    3.1921    13640210586.9934
  1149.926    8.6344    4.5666    3.7639   2050.8251    3.1868    13840271073.8549
  1166.588    8.6491    4.5701    3.7685   2054.6297    3.1817    14040248196.6238
  1183.249    8.7222    4.6336    3.7759   2057.8069    3.1769    14240225425.0472
  1199.911    8.7336    4.6350    3.7800   2067.0934    3.1722    14440199330.5516
  1216.573    8.7743    4.6659    3.7859   2069.5911    3.1678    14640144092.4231
  1233.234    8.7892    4.6702    3.7907   2071.9974    3.1636    14840092287.4499
  1249.896    8.8037    4.6743    3.7953   2074.2952    3.1596    15040023703.6690
  1266.558    8.8189    4.6784    3.8005   2076.6279    3.1559    15239963822.6620
  1283.220    8.8570    4.6965    3.8094   2081.7340    3.1524    15440038700.4957
  1299.881    8.8944    4.7141    3.8185   2086.7851    3.1492    15640365986.3755
  1316.543    8.9322    4.7320    3.8280   2091.8629    3.1462    15840975825.9657
  1333.205    8.9698    4.7498    3.8378   2097.0652    3.1434    16041898233.4907
  1349.866    9.0091    4.7685    3.8483   2102.3641    3.1408    16243172612.0419
  1366.528    9.0497    4.7877    3.8597   2107.9177    3.1384    16444855077.3220
  1383.190    9.0729    4.7972    3.8666   2111.0801    3.1363    16646863663.1603
  1399.852    9.0899    4.8003    3.8738   2112.9773    3.1345    16849107410.5432
  1416.513    9.1063    4.8037    3.8807   2114.9253    3.1331    17051603717.4429
  1433.175    9.1228    4.8073    3.8874   2116.9612    3.1319    17254359420.0940
  1449.837    9.1399    4.8105    3.8951   2118.9498    3.1311    17457417834.0931
  1466.499    9.1576    4.8137    3.9034   2120.8402    3.1306    17660840639.0002
  1483.160    9.2386    4.8560    3.9376   2134.7128    3.1303    17865341230.6185
  1499.822    9.2647    4.8685    3.9466   2140.2091    3.1302    18070948966.9782
  1516.484    9.2916    4.8821    3.9558   2145.6226    3.1304    18277022044.0075
  1533.145    9.3176    4.8954    3.9644   2150.9860    3.1310    18483574156.6935
  1549.807    9.3413    4.9070    3.9725   2156.1677    3.1321    18690602223.8908
  1549.807    4.6070    0.0000    4.0324         nan    3.1321    18690602223.8908
  1563.913    4.6192    0.0000    4.0380         nan    3.1325    18868879145.6942
  1578.019    4.6314    0.0000    4.0436         nan    3.1333    19047431390.4158
  1592.125    4.6437    0.0000    4.0492         nan    3.1345    19226277155.1863
  1606.231    4.6559    0.0000    4.0548         nan    3.1359    19405435344.2731
  1620.337    4.6678    0.0000    4.0603         nan    3.1377    19584922594.7578
  1634.443    4.6795    0.0000    4.0657         nan    3.1399    19764753378.9339
  1648.548    4.6911    0.0000    4.0710         nan    3.1425    19944946052.9260
  1662.654    4.7027    0.0000    4.0764         nan    3.1454    20125522817.6420
  1676.760    4.7143    0.0000    4.0817         nan    3.1488    20306506706.5404
  1676.760    5.1285    0.0000    6.3346         nan    3.1488    20306506706.5404
  1735.820    5.2093    0.0000    6.3781         nan    3.0515    21488588126.6287
  1794.880    5.2855    0.0000    6.4193         nan    2.9529    22641776083.8443
  1853.940    5.3574    0.0000    6.4583         nan    2.8530    23764685364.1361
  1913.000    5.4253    0.0000    6.4951         nan    2.7520    24856012107.0806
  1972.060    5.4893    0.0000    6.5300         nan    2.6499    25914528028.8578
  2031.120    5.5498    0.0000    6.5630         nan    2.5468    26939075556.1060
  2090.180    5.6068    0.0000    6.5941         nan    2.4426    27928563708.2483
  2149.240    5.6605    0.0000    6.6235         nan    2.3376    28881964597.9779
  2208.300    5.7110    0.0000    6.6512         nan    2.2317    29798310445.3953
  2267.360    5.7585    0.0000    6.6772         nan    2.1250    30676691039.7541
  2326.420    5.8030    0.0000    6.7017         nan    2.0176    31516251593.4570
  2385.480    5.8447    0.0000    6.7246         nan    1.9095    32316190952.6573
  2444.540    5.8836    0.0000    6.7461         nan    1.8007    33075760149.1118
  2503.600    5.9199    0.0000    6.7661         nan    1.6913    33794261299.3355
  2562.660    5.9535    0.0000    6.7846         nan    1.5814    34471046885.7205
  2621.720    5.9846    0.0000    6.8018         nan    1.4710    35105519495.0417
  2680.780    6.0132    0.0000    6.8176         nan    1.3602    35697132160.0681
  2739.840    6.0394    0.0000    6.8320         nan    1.2490    36245389566.7007
  2798.900    6.0631    0.0000    6.8452         nan    1.1376    36749850602.7418
  2857.960    6.0844    0.0000    6.8570         nan    1.0259    37210133137.0640
  2917.020    6.1035    0.0000    6.8675         nan    0.9143    37625922762.2373
  2976.080    6.1202    0.0000    6.8768         nan    0.8028    37996989077.0326
  3035.140    6.1346    0.0000    6.8848         nan    0.6919    38323217447.9515
  3094.200    6.1468    0.0000    6.8915         nan    0.5823    38604675578.2978
  3153.260    6.1568    0.0000    6.8971         nan    0.4758    38841767883.4832
  3212.320    6.1645    0.0000    6.9013         nan    0.3776    39035648186.5398
  3271.380    6.1700    0.0000    6.9044         nan    0.3082    39189580163.8371
  3330.440    6.1733    0.0000    6.9062         nan    0.4345    39315255781.9097
  3389.500    6.1744    0.0000    6.9068         nan    0.0000    39492493971.9881
