# Depth[km]  Vp[km/s]  Vs[km/s] Rho[g/cm3]    T[K]     g[m/s2]         P[Pa]        
     0.000    3.7837    2.2911    1.7277    273.1500    3.7291              0.0000
    10.482    3.7837    2.2911    1.7277    314.3491    3.7370       67535315.3880
    10.482    4.3206    2.6162    1.9729    314.3491    3.7370       67535315.3880
    31.862    4.3206    2.6162    1.9729    398.3859    3.7492      225159498.1067
    31.862    5.2609    3.1856    2.4022    398.3859    3.7492      225159498.1067
    45.962    5.2609    3.1856    2.4022    453.8096    3.7523      352150667.4617
    45.962    8.0001    4.5451    3.5195    453.8096    3.7523      352150667.4617
    55.870    7.9926    4.5354    3.5193    492.7547    3.7453      482993414.1823
    65.778    7.9847    4.5256    3.5190    531.6998    3.7384      613581990.2251
    75.686    7.9764    4.5155    3.5186    570.6449    3.7314      743915308.3213
    85.594    7.9682    4.5056    3.5182    609.5900    3.7245      873992773.5579
    95.502    7.9593    4.4953    3.5177    648.5351    3.7176     1003812543.1271
   105.410    7.9507    4.4852    3.5172    687.4802    3.7108     1133374301.5801
   115.318    7.9422    4.4753    3.5168    726.4253    3.7039     1262680350.6245
   125.226    7.9331    4.4652    3.5162    765.3704    3.6972     1391729243.8233
   135.134    7.9246    4.4554    3.5156    804.3155    3.6904     1520520880.4449
   145.042    7.9154    4.4454    3.5150    843.2607    3.6837     1649056077.3248
   154.949    7.9064    4.4354    3.5144    882.2058    3.6770     1777333751.2536
   164.857    7.8975    4.4256    3.5137    921.1509    3.6703     1905354477.3286
   174.765    7.8882    4.4157    3.5130    960.0960    3.6637     2033117960.0405
   184.673    7.8791    4.4058    3.5123    999.0411    3.6571     2160625017.7839
   194.581    7.8700    4.3961    3.5115   1037.9862    3.6505     2287876146.2607
   204.489    7.8609    4.3862    3.5107   1076.9313    3.6440     2414870814.1108
   214.397    7.8514    4.3763    3.5099   1115.8764    3.6375     2541609417.5314
   224.305    7.8425    4.3667    3.5092   1154.8215    3.6311     2668094681.6982
   234.213    7.8336    4.3571    3.5084   1193.7667    3.6247     2794328700.4888
   244.121    7.8246    4.3474    3.5075   1232.7118    3.6183     2920310543.3607
   254.029    7.8151    4.3376    3.5067   1271.6569    3.6120     3046040992.8938
   263.937    7.8064    4.3280    3.5059   1310.6020    3.6057     3171521534.6160
   273.845    7.7978    4.3187    3.5050   1349.5471    3.5994     3296752447.2619
   283.753    7.7891    4.3090    3.5042   1388.4922    3.5932     3421735497.9086
   293.661    7.7803    4.2997    3.5032   1427.4373    3.5870     3546471419.0547
   303.568    7.7721    4.2906    3.5024   1466.3824    3.5809     3670961255.6630
   313.476    7.7636    4.2813    3.5015   1505.3275    3.5748     3795206698.9820
   323.384    7.7542    4.2713    3.5005   1544.2726    3.5688     3919207206.7977
   333.292    7.7452    4.2619    3.4996   1583.2178    3.5628     4042964819.2709
   343.200    7.7363    4.2524    3.4986   1622.1629    3.5568     4166481185.1047
   353.108    7.7269    4.2426    3.4976   1661.1080    3.5509     4289755921.2348
   363.016    7.7184    4.2334    3.4967   1700.0531    3.5450     4412791935.0503
   372.924    7.7093    4.2237    3.4957   1738.9982    3.5392     4535591339.7997
   382.832    7.7000    4.2141    3.4946   1777.9433    3.5334     4658153023.3792
   392.740    7.6915    4.2046    3.4937   1816.8884    3.5277     4780480157.3752
   402.648    7.6819    4.1948    3.4927   1855.8335    3.5220     4902574539.1758
   412.556    7.6727    4.1851    3.4916   1894.7786    3.5164     5024435773.9124
   422.464    7.6634    4.1754    3.4906   1933.7238    3.5108     5146065462.8245
   432.372    7.6540    4.1656    3.4895   1972.6689    3.5053     5267465034.3022
   442.280    7.6452    4.1560    3.4885   2011.6140    3.4998     5388637170.1900
   465.166    7.6736    4.1650    3.4969   2016.3124    3.4872     5668385688.7225
   488.052    7.7009    4.1735    3.5050   2020.9195    3.4747     5947789216.5267
   510.938    7.7286    4.1823    3.5132   2025.4373    3.4623     6226841757.7222
   533.824    7.7546    4.1903    3.5212   2029.8103    3.4499     6505536433.2051
   556.710    7.7804    4.1984    3.5291   2034.0991    3.4377     6783864931.2531
   579.596    7.8063    4.2067    3.5370   2038.2374    3.4256     7061826621.4895
   602.482    7.8307    4.2141    3.5447   2042.3410    3.4135     7339417132.0421
   625.368    7.8556    4.2220    3.5524   2046.4357    3.4016     7616636593.6381
   648.254    7.8803    4.2296    3.5601   2050.4678    3.3898     7893489735.2076
   671.140    7.9042    4.2371    3.5677   2054.2993    3.3781     8169975173.1151
   694.026    7.9287    4.2448    3.5755   2058.2445    3.3666     8446100541.7622
   716.912    7.9526    4.2524    3.5830   2061.9515    3.3552     8721873825.0336
   739.798    7.9762    4.2598    3.5906   2065.6481    3.3440     8997294890.4533
   762.684    8.0005    4.2676    3.5983   2069.3802    3.3329     9272377230.7770
   785.570    8.0243    4.2751    3.6059   2072.9182    3.3220     9547131669.3738
   808.456    8.0480    4.2827    3.6135   2076.3735    3.3113     9821565790.0869
   831.342    8.0726    4.2909    3.6213   2079.8762    3.3007    10095699403.4643
   854.228    8.0976    4.2993    3.6293   2083.4349    3.2904    10369557947.7426
   877.114    8.1225    4.3078    3.6373   2086.7454    3.2802    10643159106.8827
   900.000    8.1479    4.3166    3.6455   2090.1095    3.2702    10916522765.9011
   916.955    8.1673    4.3235    3.6517   2092.5192    3.2630    11118833491.2787
   933.911    8.1873    4.3307    3.6582   2094.9731    3.2559    11321047578.7194
   950.866    8.2079    4.3384    3.6649   2097.3651    3.2489    11523183097.7887
   967.822    8.2296    4.3467    3.6720   2099.8367    3.2420    11725262504.4331
   984.777    8.2489    4.3539    3.6783   2102.3215    3.2352    11927281735.8397
  1001.733    8.2759    4.3652    3.6870   2104.7652    3.2286    12129292531.8080
  1018.688    8.2950    4.3718    3.6937   2107.3552    3.2221    12331311906.1167
  1035.644    8.3124    4.3775    3.7000   2109.8311    3.2157    12533278993.1928
  1052.599    8.3324    4.3847    3.7071   2112.6647    3.2095    12735212551.4443
  1069.554    8.3498    4.3905    3.7133   2115.2738    3.2035    12937117645.1074
  1086.510    8.3648    4.3952    3.7186   2117.5361    3.1976    13138954508.1040
  1103.465    8.3798    4.3997    3.7240   2119.8219    3.1919    13340711404.0281
  1120.421    8.4026    4.4096    3.7328   2121.1527    3.1863    13542490378.0410
  1137.376    8.5304    4.4894    3.7678   2134.9513    3.1807    13745101170.3719
  1154.332    8.6928    4.5923    3.8108   2152.1270    3.1749    13949460722.1301
  1171.287    8.8810    4.7128    3.8586   2166.2536    3.1687    14155887227.1683
  1188.242    8.8958    4.7173    3.8639   2167.8960    3.1623    14363335504.4709
  1205.198    8.9098    4.7214    3.8691   2170.0356    3.1562    14570650981.4197
  1222.153    8.9239    4.7256    3.8743   2172.0341    3.1503    14777843520.5791
  1239.109    8.9378    4.7298    3.8795   2174.1268    3.1446    14984926357.1466
  1256.064    8.9514    4.7338    3.8848   2175.9028    3.1391    15191913586.6002
  1273.020    8.9649    4.7377    3.8900   2177.9032    3.1339    15398821202.3145
  1289.975    8.9780    4.7415    3.8951   2179.6291    3.1289    15605660176.6741
  1306.931    8.9910    4.7452    3.9004   2181.2739    3.1242    15812445011.2713
  1323.886    9.0045    4.7492    3.9058   2182.9653    3.1197    16019199647.7382
  1340.841    9.0170    4.7526    3.9110   2184.3628    3.1155    16225938734.9457
  1357.797    9.0292    4.7558    3.9162   2185.8053    3.1116    16432676378.1096
  1374.752    9.0420    4.7597    3.9216   2187.3302    3.1080    16639435118.3757
  1391.708    9.0545    4.7633    3.9268   2188.4771    3.1047    16846232148.8751
  1408.663    9.0661    4.7660    3.9323   2189.8106    3.1018    17053092349.5269
  1425.619    9.0784    4.7696    3.9377   2190.9625    3.0991    17260040807.7024
  1442.574    9.1032    4.7811    3.9457   2193.6736    3.0968    17467162661.1867
  1459.530    9.1417    4.8012    3.9565   2198.0936    3.0947    17674623059.0399
  1476.485    9.1816    4.8228    3.9680   2202.9865    3.0930    17882534046.3744
  1493.440    9.2215    4.8446    3.9798   2207.3329    3.0915    18090937044.8959
  1510.396    9.2634    4.8681    3.9922   2211.8763    3.0904    18299876138.8857
  1527.351    9.3067    4.8928    4.0055   2216.4583    3.0895    18509411997.7890
  1544.307    9.3196    4.8973    4.0105   2218.9479    3.0891    18719367979.1493
  1561.262    9.3326    4.9021    4.0152   2221.0008    3.0890    18929543621.9664
  1561.262    5.1593    0.0000    3.9676         nan    3.0890    18929543621.9664
  1576.218    5.1705    0.0000    3.9721         nan    3.0900    19112947317.1236
  1591.174    5.1817    0.0000    3.9767         nan    3.0913    19296617654.2944
  1606.130    5.1929    0.0000    3.9812         nan    3.0931    19480577521.7289
  1621.086    5.2041    0.0000    3.9857         nan    3.0952    19664850710.2053
  1636.042    5.2149    0.0000    3.9901         nan    3.0978    19849458238.4637
  1650.998    5.2255    0.0000    3.9945         nan    3.1008    20034421139.4495
  1665.954    5.2362    0.0000    3.9988         nan    3.1043    20219765254.4462
  1680.909    5.2468    0.0000    4.0031         nan    3.1082    20405518528.8526
  1695.865    5.2572    0.0000    4.0073         nan    3.1127    20591707402.7512
  1695.865    5.2341    0.0000    6.3446         nan    3.1127    20591707402.7512
  1754.267    5.3111    0.0000    6.3856         nan    3.0159    21748778390.5989
  1812.668    5.3839    0.0000    6.4244         nan    2.9180    22876911691.0311
  1871.069    5.4526    0.0000    6.4611         nan    2.8189    23974841453.4997
  1929.470    5.5176    0.0000    6.4959         nan    2.7187    25041374448.9694
  1987.871    5.5790    0.0000    6.5288         nan    2.6175    26075385369.6995
  2046.273    5.6370    0.0000    6.5600         nan    2.5154    27075812869.1075
  2104.674    5.6917    0.0000    6.5895         nan    2.4124    28041656217.8355
  2163.075    5.7432    0.0000    6.6173         nan    2.3085    28971972488.6576
  2221.476    5.7918    0.0000    6.6435         nan    2.2038    29865874204.3051
  2279.877    5.8375    0.0000    6.6682         nan    2.0984    30722527404.5363
  2338.279    5.8803    0.0000    6.6914         nan    1.9924    31541150111.5479
  2396.680    5.9205    0.0000    6.7132         nan    1.8857    32321011199.1757
  2455.081    5.9580    0.0000    6.7336         nan    1.7784    33061429698.5398
  2513.482    5.9929    0.0000    6.7525         nan    1.6706    33761774611.6534
  2571.883    6.0254    0.0000    6.7702         nan    1.5624    34421465369.6512
  2630.284    6.0553    0.0000    6.7865         nan    1.4538    35039973166.6529
  2688.686    6.0829    0.0000    6.8015         nan    1.3450    35616823563.2552
  2747.087    6.1081    0.0000    6.8152         nan    1.2359    36151601043.3763
  2805.488    6.1310    0.0000    6.8277         nan    1.1268    36643956736.4995
  2863.889    6.1517    0.0000    6.8390         nan    1.0178    37093621543.7079
  2922.290    6.1700    0.0000    6.8490         nan    0.9093    37500429009.1470
  2980.692    6.1862    0.0000    6.8578         nan    0.8017    37864356877.4657
  3039.093    6.2001    0.0000    6.8654         nan    0.6959    38185607167.0842
  3097.494    6.2119    0.0000    6.8719         nan    0.5939    38464773013.5828
  3155.895    6.2215    0.0000    6.8771         nan    0.5001    38703224580.6527
  3214.296    6.2290    0.0000    6.8812         nan    0.4273    38904139663.4131
  3272.698    6.2343    0.0000    6.8841         nan    0.4277    39075899866.8661
  3331.099    6.2375    0.0000    6.8858         nan    0.9238    39247862280.9434
  3389.500    6.2386    0.0000    6.8864         nan    0.0000    39619372940.1011
