# Depth[km]  Vp[km/s]  Vs[km/s] Rho[g/cm3]    T[K]     g[m/s2]         P[Pa]        
     0.000    3.5404    2.1276    1.6183    273.1500    3.7291              0.0000
    10.910    3.5404    2.1276    1.6183    313.3774    3.7383       65841601.7619
    10.910    4.8976    2.9432    2.2386    313.3774    3.7383       65841601.7619
    28.689    4.8976    2.9432    2.2386    378.9353    3.7444      214630031.9088
    28.689    6.3425    3.8115    2.8991    378.9353    3.7444      214630031.9088
    43.035    6.3425    3.8115    2.8991    431.8349    3.7416      370362511.6630
    43.035    7.9549    4.5352    3.4846    431.8349    3.7416      370362511.6630
    53.141    7.9500    4.5276    3.4849    469.0977    3.7347      502123342.6463
    63.246    7.9447    4.5198    3.4850    506.3606    3.7278      633647831.0655
    73.352    7.9392    4.5118    3.4851    543.6234    3.7209      764934277.1539
    83.457    7.9333    4.5035    3.4852    580.8863    3.7140      895981013.2206
    93.563    7.9272    4.4953    3.4852    618.1491    3.7072     1026786993.4943
   103.668    7.9204    4.4867    3.4850    655.4120    3.7004     1157349561.7299
   113.774    7.9142    4.4784    3.4849    692.6748    3.6937     1287668192.3426
   123.879    7.9078    4.4700    3.4848    729.9377    3.6869     1417745559.4257
   133.985    7.9013    4.4616    3.4847    767.2005    3.6802     1547581331.1053
   144.090    7.8944    4.4530    3.4844    804.4634    3.6736     1677172804.5037
   154.196    7.8878    4.4446    3.4842    841.7262    3.6669     1806520312.2845
   164.301    7.8805    4.4358    3.4838    878.9891    3.6603     1935622626.3971
   174.407    7.8742    4.4276    3.4835    916.2519    3.6537     2064480570.5414
   184.512    7.8673    4.4191    3.4832    953.5148    3.6472     2193096064.0297
   194.618    7.8603    4.4106    3.4827    990.7776    3.6407     2321466602.4418
   204.723    7.8540    4.4024    3.4824   1028.0405    3.6342     2449594129.9786
   214.829    7.8467    4.3938    3.4819   1065.3033    3.6278     2577477982.4210
   224.934    7.8397    4.3852    3.4814   1102.5662    3.6214     2705116532.8347
   235.040    7.8325    4.3765    3.4809   1139.8290    3.6150     2832512126.8982
   245.145    7.8258    4.3682    3.4804   1177.0919    3.6087     2959666649.6377
   255.251    7.8191    4.3599    3.4799   1214.3547    3.6024     3086581228.7429
   265.356    7.8121    4.3514    3.4793   1251.6176    3.5962     3213254621.5436
   275.462    7.8055    4.3430    3.4788   1288.8804    3.5900     3339688268.1285
   285.567    7.7983    4.3344    3.4783   1326.1433    3.5838     3465885836.4582
   295.672    7.7922    4.3264    3.4778   1363.4061    3.5777     3591847475.2487
   305.778    7.7855    4.3180    3.4772   1400.6690    3.5716     3717573152.5845
   315.883    7.7781    4.3095    3.4765   1437.9319    3.5656     3843062023.7334
   325.989    7.7719    4.3014    3.4759   1475.1947    3.5596     3968316054.2999
   336.094    7.7651    4.2930    3.4754   1512.4576    3.5536     4093338972.7587
   346.200    7.7581    4.2846    3.4746   1549.7204    3.5477     4218129281.1830
   356.305    7.7509    4.2760    3.4739   1586.9833    3.5418     4342686444.2338
   366.411    7.7443    4.2678    3.4733   1624.2461    3.5360     4467014215.9615
   376.516    7.7374    4.2594    3.4726   1661.5090    3.5302     4591114304.8095
   386.622    7.7305    4.2510    3.4719   1698.7718    3.5245     4714986728.1845
   396.727    7.7236    4.2425    3.4712   1736.0347    3.5188     4838633272.8362
   406.833    7.7159    4.2337    3.4704   1773.2975    3.5132     4962053450.9411
   416.938    7.7094    4.2254    3.4698   1810.5604    3.5076     5085250203.6744
   427.044    7.7018    4.2167    3.4689   1847.8232    3.5021     5208225009.5127
   437.149    7.6948    4.2081    3.4683   1885.0861    3.4966     5330979120.6004
   447.255    7.6868    4.1991    3.4674   1922.3489    3.4912     5453513356.5770
   469.892    7.7141    4.2074    3.4753   1926.6585    3.4791     5727854484.7971
   492.529    7.7408    4.2155    3.4832   1930.9444    3.4671     6001871835.7234
   515.167    7.7662    4.2229    3.4910   1935.1939    3.4552     6275559259.7231
   537.804    7.7917    4.2306    3.4987   1939.3320    3.4434     6548913350.0892
   560.441    7.8160    4.2377    3.5062   1943.2400    3.4317     6821927052.7800
   583.078    7.8410    4.2452    3.5138   1947.2440    3.4201     7094597218.5068
   605.716    7.8642    4.2519    3.5211   1951.0571    3.4086     7366922993.4608
   628.353    7.8876    4.2586    3.5285   1954.9261    3.3972     7638902792.5844
   650.990    7.9118    4.2658    3.5360   1958.8292    3.3860     7910548087.4543
   673.627    7.9348    4.2725    3.5432   1962.5118    3.3749     8181860888.3833
   696.265    7.9575    4.2791    3.5504   1966.1130    3.3640     8452835735.3579
   718.902    7.9803    4.2858    3.5575   1969.6533    3.3532     8723476844.5712
   741.539    8.0037    4.2927    3.5649   1973.3576    3.3426     8993800260.2487
   764.176    8.0257    4.2989    3.5719   1976.7950    3.3322     9263811062.6961
   786.814    8.0484    4.3057    3.5791   1980.2280    3.3219     9533514433.8182
   809.451    8.0710    4.3124    3.5862   1983.5967    3.3118     9802924179.2878
   832.088    8.0923    4.3183    3.5931   1986.9336    3.3020    10072043395.2702
   854.725    8.1154    4.3254    3.6004   1990.1893    3.2923    10340891336.5687
   877.363    8.1382    4.3324    3.6076   1993.4213    3.2829    10609493662.3318
   900.000    8.1609    4.3393    3.6149   1996.6327    3.2737    10877866017.2837
   916.988    8.1785    4.3448    3.6205   1999.0377    3.2669    11079061468.2998
   933.977    8.1951    4.3499    3.6258   2001.3718    3.2603    11280143108.9258
   950.965    8.2134    4.3559    3.6316   2003.6936    3.2538    11481125304.9902
   967.954    8.2334    4.3629    3.6380   2006.2485    3.2474    11682044948.9076
   984.942    8.2517    4.3690    3.6439   2008.5919    3.2413    11882910414.4069
  1001.930    8.2710    4.3757    3.6501   2010.9168    3.2352    12083726007.2427
  1018.919    8.2907    4.3827    3.6564   2013.2560    3.2293    12284513132.7667
  1035.907    8.3113    4.3902    3.6632   2015.6030    3.2236    12485292986.7289
  1052.896    8.3271    4.3949    3.6685   2017.8237    3.2180    12686046750.0592
  1069.884    8.3429    4.3995    3.6738   2019.9887    3.2126    12886744451.9762
  1086.872    8.3587    4.4043    3.6791   2022.0972    3.2074    13087393914.2248
  1103.861    8.4653    4.4709    3.7080   2032.9790    3.2023    13288652071.7526
  1120.849    8.6122    4.5649    3.7468   2046.8844    3.1969    13491429367.5443
  1137.838    8.7942    4.6827    3.7934   2063.5123    3.1912    13696184459.4005
  1154.826    8.8226    4.6958    3.8020   2066.2445    3.1854    13902068845.7310
  1171.814    8.8378    4.7000    3.8073   2068.6316    3.1797    14107953920.9617
  1188.803    8.8538    4.7044    3.8130   2071.0058    3.1743    14313773169.3390
  1205.791    8.8691    4.7087    3.8184   2073.3943    3.1691    14519540394.1924
  1222.780    8.8851    4.7131    3.8242   2075.7753    3.1641    14725270543.9044
  1239.768    8.9005    4.7175    3.8297   2078.1626    3.1594    14930981475.2195
  1256.756    8.9163    4.7219    3.8354   2080.5789    3.1549    15136686030.0340
  1273.745    8.9316    4.7262    3.8409   2082.9509    3.1506    15342397455.9414
  1290.733    8.9472    4.7306    3.8466   2085.3469    3.1466    15548129848.0015
  1307.721    8.9627    4.7350    3.8523   2087.7642    3.1429    15753905822.4464
  1324.710    8.9778    4.7394    3.8579   2090.1794    3.1394    15959738346.3561
  1341.698    8.9931    4.7438    3.8636   2092.5635    3.1362    16165643748.3362
  1358.687    9.0192    4.7551    3.8712   2096.2490    3.1334    16371695626.1286
  1375.675    9.0586    4.7748    3.8812   2101.8477    3.1308    16578028566.5452
  1392.663    9.0976    4.7946    3.8912   2107.6471    3.1284    16784723260.3204
  1409.652    9.1364    4.8144    3.9015   2113.1844    3.1263    16991801437.8709
  1426.640    9.1761    4.8351    3.9120   2119.1151    3.1245    17199294705.4640
  1443.629    9.2161    4.8563    3.9228   2124.9727    3.1230    17407234428.6131
  1460.617    9.2558    4.8776    3.9336   2130.9377    3.1218    17615646939.4273
  1477.605    9.2959    4.8993    3.9449   2137.5686    3.1209    17824564127.0318
  1494.594    9.3236    4.9130    3.9532   2141.4147    3.1204    18033938036.6833
  1511.582    9.3380    4.9176    3.9585   2143.6829    3.1202    18243635050.1516
  1528.571    9.3519    4.9220    3.9636   2145.9173    3.1205    18453599254.0695
  1545.559    9.3656    4.9264    3.9687   2148.1403    3.1212    18663852928.9834
  1562.547    9.3793    4.9309    3.9738   2150.3375    3.1224    18874423586.9319
  1562.547    4.7310    0.0000    4.0513         nan    3.1224    18874423586.9319
  1576.214    4.7419    0.0000    4.0564         nan    3.1228    19047414345.0960
  1589.881    4.7528    0.0000    4.0616         nan    3.1235    19220649175.4877
  1603.548    4.7638    0.0000    4.0668         nan    3.1246    19394145040.8598
  1617.215    4.7747    0.0000    4.0719         nan    3.1260    19567919539.0291
  1630.882    4.7854    0.0000    4.0770         nan    3.1277    19741988933.9551
  1644.549    4.7958    0.0000    4.0819         nan    3.1297    19916367087.9174
  1658.216    4.8062    0.0000    4.0868         nan    3.1321    20091070640.1586
  1671.882    4.8166    0.0000    4.0918         nan    3.1349    20266120131.0373
  1685.549    4.8270    0.0000    4.0967         nan    3.1381    20441536872.9093
  1685.549    5.0875    0.0000    6.3441         nan    3.1381    20441536872.9093
  1744.306    5.1717    0.0000    6.3880         nan    3.0412    21615343304.7514
  1803.063    5.2510    0.0000    6.4294         nan    2.9430    22760530473.2629
  1861.820    5.3257    0.0000    6.4686         nan    2.8436    23875706051.7380
  1920.577    5.3961    0.0000    6.5056         nan    2.7429    24959562843.6665
  1979.334    5.4625    0.0000    6.5406         nan    2.6412    26010872350.9268
  2038.091    5.5251    0.0000    6.5736         nan    2.5385    27028479411.0659
  2096.848    5.5841    0.0000    6.6048         nan    2.4348    28011297710.3770
  2155.605    5.6396    0.0000    6.6342         nan    2.3302    28958306021.3435
  2214.362    5.6918    0.0000    6.6619         nan    2.2248    29868545054.2730
  2273.119    5.7408    0.0000    6.6880         nan    2.1186    30741114850.4847
  2331.875    5.7868    0.0000    6.7124         nan    2.0117    31575172670.3914
  2390.632    5.8298    0.0000    6.7353         nan    1.9041    32369931357.8319
  2449.389    5.8699    0.0000    6.7567         nan    1.7959    33124658194.1873
  2508.146    5.9073    0.0000    6.7766         nan    1.6871    33838674298.4487
  2566.903    5.9419    0.0000    6.7951         nan    1.5779    34511354687.1204
  2625.660    5.9739    0.0000    6.8122         nan    1.4682    35142129204.4337
  2684.417    6.0034    0.0000    6.8279         nan    1.3582    35730484685.2006
  2743.174    6.0303    0.0000    6.8423         nan    1.2480    36275968984.1079
  2801.931    6.0547    0.0000    6.8554         nan    1.1377    36778198003.8140
  2860.688    6.0766    0.0000    6.8672         nan    1.0275    37236867816.1735
  2919.445    6.0962    0.0000    6.8777         nan    0.9177    37651775943.6761
  2978.202    6.1134    0.0000    6.8869         nan    0.8087    38022860179.5260
  3036.958    6.1283    0.0000    6.8948         nan    0.7013    38350273533.8425
  3095.715    6.1408    0.0000    6.9016         nan    0.5975    38634540540.2721
  3154.472    6.1510    0.0000    6.9070         nan    0.5011    38876918944.2352
  3213.229    6.1589    0.0000    6.9113         nan    0.4243    39080365774.6105
  3271.986    6.1646    0.0000    6.9143         nan    0.4154    39252721043.0690
  3330.743    6.1680    0.0000    6.9162         nan    0.8663    39421492887.1376
  3389.500    6.1691    0.0000    6.9168         nan    0.0000    39773550379.0129
