# Depth[km]  Vp[km/s]  Vs[km/s] Rho[g/cm3]    T[K]     g[m/s2]         P[Pa]        
     0.000    3.9938    2.3771    1.8167    273.1500    3.7291              0.0000
    12.438    3.9938    2.3771    1.8167    319.5560    3.7376       84261360.7717
    12.438    4.9978    2.9747    2.2734    319.5560    3.7376       84261360.7717
    28.882    4.9978    2.9747    2.2734    380.9172    3.7427      223993431.0171
    28.882    6.2726    3.7335    2.8533    380.9172    3.7427      223993431.0171
    46.720    6.2726    3.7335    2.8533    447.4778    3.7399      414488499.5539
    46.720    7.9523    4.5319    3.4846    447.4778    3.7399      414488499.5539
    56.364    7.9472    4.5243    3.4847    483.4627    3.7333      540169059.9706
    66.008    7.9419    4.5167    3.4848    519.4476    3.7267      665632453.2817
    75.652    7.9362    4.5088    3.4849    555.4325    3.7202      790877218.7773
    85.296    7.9303    4.5008    3.4848    591.4174    3.7136      915902001.4891
    94.940    7.9237    4.4925    3.4846    627.4023    3.7071     1040703646.4580
   104.583    7.9176    4.4846    3.4846    663.3872    3.7007     1165282193.9347
   114.227    7.9113    4.4763    3.4844    699.3721    3.6942     1289639476.1116
   123.871    7.9051    4.4683    3.4843    735.3570    3.6878     1413775485.5061
   133.515    7.8981    4.4598    3.4840    771.3419    3.6814     1537687977.3358
   143.159    7.8918    4.4517    3.4838    807.3268    3.6751     1661376778.2979
   152.803    7.8853    4.4436    3.4835    843.3117    3.6687     1784844092.1984
   162.446    7.8781    4.4351    3.4831    879.2966    3.6624     1908086532.4102
   172.090    7.8713    4.4268    3.4827    915.2815    3.6562     2031102952.0569
   181.734    7.8650    4.4188    3.4824    951.2664    3.6499     2153897134.3356
   191.378    7.8581    4.4105    3.4820    987.2513    3.6437     2276468626.4253
   201.022    7.8511    4.4022    3.4815   1023.2362    3.6376     2398815588.4647
   210.666    7.8450    4.3943    3.4811   1059.2211    3.6314     2520940577.9940
   220.310    7.8377    4.3858    3.4805   1095.2060    3.6253     2642841746.9469
   229.953    7.8306    4.3775    3.4800   1131.1909    3.6192     2764518681.0202
   239.597    7.8235    4.3691    3.4795   1167.1758    3.6132     2885974258.1262
   249.241    7.8173    4.3612    3.4790   1203.1607    3.6072     3007209777.3660
   258.885    7.8108    4.3531    3.4784   1239.1456    3.6012     3128225774.8283
   268.529    7.8042    4.3451    3.4778   1275.1305    3.5953     3249020434.1049
   278.173    7.7970    4.3366    3.4773   1311.1154    3.5894     3369595965.7608
   287.816    7.7906    4.3286    3.4767   1347.1003    3.5836     3489955231.1231
   297.460    7.7842    4.3206    3.4762   1383.0852    3.5777     3610098847.6603
   307.104    7.7770    4.3123    3.4754   1419.0701    3.5720     3730024785.2562
   316.748    7.7703    4.3041    3.4748   1455.0550    3.5662     3849733853.9818
   326.392    7.7643    4.2964    3.4742   1491.0399    3.5605     3969230395.2449
   336.036    7.7572    4.2881    3.4736   1527.0248    3.5549     4088514481.7167
   345.680    7.7497    4.2797    3.4728   1563.0097    3.5492     4207583920.9858
   355.323    7.7434    4.2717    3.4722   1598.9946    3.5437     4326441324.3153
   364.967    7.7368    4.2636    3.4715   1634.9795    3.5381     4445090572.9904
   374.611    7.7292    4.2550    3.4707   1670.9644    3.5326     4563529569.0529
   384.255    7.7227    4.2470    3.4700   1706.9493    3.5272     4681758877.5834
   393.899    7.7149    4.2384    3.4692   1742.9342    3.5218     4799779700.9294
   403.543    7.7083    4.2303    3.4685   1778.9191    3.5164     4917593964.3018
   413.186    7.7020    4.2223    3.4678   1814.9041    3.5111     5035205659.1939
   422.830    7.6948    4.2139    3.4670   1850.8890    3.5058     5152613713.9636
   432.474    7.6874    4.2054    3.4662   1886.8739    3.5006     5269818532.5819
   455.850    7.7160    4.2140    3.4745   1891.3100    3.4880     5553803498.3713
   479.227    7.7429    4.2220    3.4826   1895.6327    3.4755     5837436924.6899
   502.603    7.7694    4.2300    3.4906   1899.7678    3.4631     6120705596.4578
   525.979    7.7956    4.2377    3.4985   1903.9410    3.4508     6403606092.8162
   549.356    7.8206    4.2451    3.5063   1907.9207    3.4386     6686134289.0338
   572.732    7.8466    4.2529    3.5141   1911.9615    3.4265     6968288999.5929
   596.108    7.8707    4.2598    3.5218   1916.0146    3.4146     7250073134.3694
   619.485    7.8959    4.2673    3.5295   1920.0080    3.4027     7531489324.8200
   642.861    7.9199    4.2743    3.5370   1923.7396    3.3911     7812535152.8039
   666.237    7.9437    4.2812    3.5444   1927.4775    3.3795     8093206865.7672
   689.613    7.9669    4.2878    3.5519   1931.1396    3.3681     8373510784.3146
   712.990    7.9912    4.2951    3.5594   1934.8871    3.3569     8653458824.0998
   736.366    8.0147    4.3019    3.5667   1938.4294    3.3458     8933056423.5372
   759.742    8.0370    4.3082    3.5739   1942.0169    3.3349     9212300888.2491
   783.119    8.0606    4.3153    3.5814   1945.4356    3.3243     9491208824.6957
   806.495    8.0837    4.3219    3.5887   1948.8433    3.3138     9769797569.8400
   829.871    8.1070    4.3290    3.5960   1952.1469    3.3035    10048073984.2131
   853.247    8.1301    4.3359    3.6034   1955.4668    3.2934    10326054060.4032
   876.624    8.1532    4.3428    3.6108   1958.7396    3.2836    10603756764.8412
   900.000    8.1763    4.3497    3.6181   1961.9843    3.2740    10881198073.5780
   916.645    8.1939    4.3555    3.6237   1964.2402    3.2674    11078519850.6010
   933.289    8.2111    4.3609    3.6291   1966.6477    3.2608    11275738699.0258
   949.934    8.2296    4.3671    3.6350   1968.9293    3.2544    11472871467.5948
   966.578    8.2471    4.3729    3.6406   1971.1484    3.2482    11669928395.3453
   983.223    8.2656    4.3792    3.6465   1973.3823    3.2420    11866916902.8691
   999.868    8.2840    4.3856    3.6525   1975.6679    3.2361    12063854802.8239
  1016.512    8.3036    4.3925    3.6589   1977.9025    3.2302    12260762393.7109
  1033.157    8.3238    4.3999    3.6655   1980.1365    3.2245    12457663303.9073
  1049.801    8.3394    4.4046    3.6706   1982.2226    3.2190    12654531446.3389
  1066.446    8.3549    4.4092    3.6759   1984.2699    3.2137    12851339901.8105
  1083.091    8.3908    4.4279    3.6864   1988.3350    3.2084    13048243083.4911
  1099.735    8.5136    4.5056    3.7196   2000.4191    3.2032    13245995020.7225
  1116.380    8.6581    4.5979    3.7577   2015.5463    3.1977    13445324586.3435
  1133.024    8.8171    4.7004    3.7984   2027.5852    3.1919    13646409683.0171
  1149.669    8.8345    4.7064    3.8041   2029.9598    3.1861    13848362929.9106
  1166.314    8.8490    4.7100    3.8095   2032.0565    3.1804    14050239190.3157
  1182.958    8.8632    4.7141    3.8143   2034.3921    3.1750    14252026488.7399
  1199.603    8.8795    4.7185    3.8203   2036.6281    3.1697    14453754073.5213
  1216.247    8.8949    4.7228    3.8258   2038.9035    3.1647    14655451653.3225
  1232.892    8.9102    4.7270    3.8314   2041.2380    3.1598    14857120827.8786
  1249.537    8.9254    4.7312    3.8369   2043.5116    3.1552    15058773517.9015
  1266.181    8.9406    4.7355    3.8424   2045.7982    3.1509    15260421002.9206
  1282.826    8.9558    4.7398    3.8479   2048.0986    3.1468    15462079941.9121
  1299.471    8.9708    4.7440    3.8534   2050.4060    3.1429    15663765176.7463
  1316.115    8.9860    4.7483    3.8590   2052.7323    3.1393    15865493710.2534
  1332.760    9.0029    4.7539    3.8649   2055.2290    3.1360    16067291597.1116
  1349.404    9.0414    4.7730    3.8747   2060.5581    3.1329    16269282848.6912
  1366.049    9.0805    4.7928    3.8847   2065.9734    3.1300    16471589986.0756
  1382.694    9.1173    4.8113    3.8944   2071.3938    3.1274    16674226006.3673
  1399.338    9.1567    4.8317    3.9047   2076.8381    3.1250    16877213977.9404
  1415.983    9.1949    4.8515    3.9150   2082.4422    3.1229    17080585949.4981
  1432.627    9.2335    4.8719    3.9255   2088.1867    3.1211    17284361074.4357
  1449.272    9.2733    4.8934    3.9365   2094.1641    3.1195    17488572788.0921
  1465.917    9.3122    4.9145    3.9473   2100.3208    3.1182    17693248449.1607
  1482.561    9.3292    4.9209    3.9533   2102.5276    3.1173    17898275152.9525
  1499.206    9.3434    4.9255    3.9585   2104.6872    3.1167    18103529691.1219
  1515.850    9.3570    4.9297    3.9635   2106.8287    3.1165    18309012407.9146
  1532.495    9.3705    4.9341    3.9685   2108.9532    3.1168    18514743434.8936
  1549.140    9.3840    4.9385    3.9734   2111.0415    3.1175    18720749173.3837
  1549.140    4.8015    0.0000    3.9675         nan    3.1175    18720749173.3837
  1563.694    4.8158    0.0000    3.9726         nan    3.1185    18900885797.3894
  1578.249    4.8302    0.0000    3.9777         nan    3.1199    19081316317.1932
  1592.804    4.8445    0.0000    3.9829         nan    3.1217    19262061351.9472
  1607.359    4.8589    0.0000    3.9880         nan    3.1239    19443142325.7938
  1621.913    4.8727    0.0000    3.9930         nan    3.1264    19624577694.8504
  1636.468    4.8863    0.0000    3.9979         nan    3.1293    19806384695.3485
  1651.023    4.8999    0.0000    4.0027         nan    3.1327    19988585364.1502
  1665.577    4.9135    0.0000    4.0076         nan    3.1365    20171204862.4074
  1680.132    4.9269    0.0000    4.0124         nan    3.1408    20354267750.2786
  1680.132    5.2002    0.0000    6.3383         nan    3.1408    20354267750.2786
  1739.076    5.2819    0.0000    6.3805         nan    3.0434    21531594908.6478
  1798.020    5.3589    0.0000    6.4204         nan    2.9447    22679771624.6720
  1856.963    5.4316    0.0000    6.4581         nan    2.8449    23797458995.5953
  1915.907    5.5002    0.0000    6.4938         nan    2.7439    24883397540.2751
  1974.851    5.5649    0.0000    6.5276         nan    2.6418    25936401499.3394
  2033.794    5.6260    0.0000    6.5595         nan    2.5388    26955354037.0477
  2092.738    5.6835    0.0000    6.5896         nan    2.4348    27939203186.0540
  2151.682    5.7377    0.0000    6.6180         nan    2.3299    28886958402.6067
  2210.626    5.7887    0.0000    6.6448         nan    2.2243    29797687637.4725
  2269.569    5.8367    0.0000    6.6700         nan    2.1178    30670514853.6012
  2328.513    5.8816    0.0000    6.6937         nan    2.0106    31504617941.2913
  2387.457    5.9237    0.0000    6.7158         nan    1.9028    32299227001.6015
  2446.401    5.9630    0.0000    6.7366         nan    1.7943    33053622986.5117
  2505.344    5.9996    0.0000    6.7559         nan    1.6853    33767136711.8153
  2564.288    6.0336    0.0000    6.7738         nan    1.5758    34439148290.5825
  2623.232    6.0649    0.0000    6.7904         nan    1.4658    35069087086.6397
  2682.175    6.0938    0.0000    6.8057         nan    1.3554    35656432367.7786
  2741.119    6.1202    0.0000    6.8196         nan    1.2447    36200714980.5503
  2800.063    6.1441    0.0000    6.8323         nan    1.1338    36701520628.4557
  2859.007    6.1657    0.0000    6.8437         nan    1.0227    37158495835.1635
  2917.950    6.1849    0.0000    6.8539         nan    0.9117    37571358697.6425
  2976.894    6.2017    0.0000    6.8629         nan    0.8010    37939918771.9824
  3035.838    6.2163    0.0000    6.8706         nan    0.6910    38264115729.5112
  3094.781    6.2286    0.0000    6.8771         nan    0.5828    38544100242.6873
  3153.725    6.2386    0.0000    6.8825         nan    0.4783    38780421425.5888
  3212.669    6.2464    0.0000    6.8866         nan    0.3840    38974527779.7993
  3271.613    6.2520    0.0000    6.8895         nan    0.3247    39130418395.3856
  3330.556    6.2553    0.0000    6.8913         nan    0.5041    39262311568.6610
  3389.500    6.2564    0.0000    6.8919         nan    0.0000    39467100120.0399
