# Depth[km]  Vp[km/s]  Vs[km/s] Rho[g/cm3]    T[K]     g[m/s2]         P[Pa]        
     0.000    3.6203    2.1746    1.6633    273.1500    3.7291              0.0000
    10.832    3.6203    2.1746    1.6633    312.7421    3.7379       67186030.1844
    10.832    4.8081    2.8881    2.2091    312.7421    3.7379       67186030.1844
    29.270    4.8081    2.8881    2.2091    380.1444    3.7447      219436927.1285
    29.270    6.4617    3.8814    2.9689    380.1444    3.7447      219436927.1285
    43.980    6.4617    3.8814    2.9689    433.9169    3.7409      382970376.8343
    43.980    7.9551    4.5349    3.4848    433.9169    3.7409      382970376.8343
    54.137    7.9503    4.5273    3.4851    471.0460    3.7339      515381921.3562
    64.293    7.9452    4.5196    3.4853    508.1752    3.7270      647555964.3139
    74.450    7.9397    4.5116    3.4854    545.3043    3.7201      779490624.7319
    84.607    7.9339    4.5034    3.4854    582.4334    3.7132      911183967.4186
    94.764    7.9280    4.4953    3.4855    619.5626    3.7063     1042635201.5218
   104.921    7.9214    4.4868    3.4853    656.6917    3.6995     1173841737.2196
   115.078    7.9152    4.4784    3.4853    693.8208    3.6927     1304802986.4649
   125.235    7.9091    4.4702    3.4852    730.9500    3.6859     1435521743.9058
   135.391    7.9027    4.4619    3.4851    768.0791    3.6792     1565997707.3986
   145.548    7.8958    4.4533    3.4848    805.2082    3.6725     1696228139.2490
   155.705    7.8894    4.4450    3.4847    842.3374    3.6658     1826213191.7079
   165.862    7.8822    4.4363    3.4843    879.4665    3.6592     1955951541.3743
   176.019    7.8760    4.4281    3.4841    916.5956    3.6526     2085444337.5047
   186.176    7.8693    4.4197    3.4838    953.7248    3.6460     2214693599.7079
   196.333    7.8624    4.4112    3.4834    990.8539    3.6395     2343696638.4195
   206.490    7.8562    4.4031    3.4831   1027.9830    3.6330     2472455380.0737
   216.646    7.8496    4.3947    3.4826   1065.1122    3.6265     2600970872.7088
   226.803    7.8423    4.3861    3.4821   1102.2413    3.6201     2729239720.8261
   236.960    7.8352    4.3774    3.4816   1139.3705    3.6137     2857262678.3293
   247.117    7.8285    4.3691    3.4812   1176.4996    3.6073     2985043417.1271
   257.274    7.8223    4.3610    3.4808   1213.6287    3.6010     3112583549.6337
   267.431    7.8154    4.3525    3.4803   1250.7579    3.5947     3239883173.4382
   277.588    7.8089    4.3442    3.4798   1287.8870    3.5885     3366942872.8116
   287.745    7.8016    4.3357    3.4792   1325.0161    3.5823     3493763377.0868
   297.901    7.7961    4.3279    3.4788   1362.1453    3.5761     3620346602.7421
   308.058    7.7892    4.3194    3.4782   1399.2744    3.5700     3746692928.8644
   318.215    7.7821    4.3109    3.4775   1436.4035    3.5639     3872800018.9700
   328.372    7.7758    4.3029    3.4770   1473.5327    3.5579     3998670797.9253
   338.529    7.7693    4.2947    3.4764   1510.6618    3.5519     4124309321.4258
   348.686    7.7630    4.2866    3.4759   1547.7909    3.5460     4249716641.7037
   358.843    7.7553    4.2778    3.4751   1584.9201    3.5401     4374890667.1440
   369.000    7.7492    4.2697    3.4746   1622.0492    3.5342     4499833155.2600
   379.156    7.7421    4.2613    3.4739   1659.1783    3.5284     4624547568.3379
   389.313    7.7346    4.2525    3.4732   1696.3075    3.5227     4749032089.7807
   399.470    7.7281    4.2443    3.4726   1733.4366    3.5169     4873289211.3348
   409.627    7.7212    4.2359    3.4719   1770.5658    3.5113     4997320940.6246
   419.784    7.7144    4.2275    3.4712   1807.6949    3.5057     5121127852.5634
   429.941    7.7078    4.2191    3.4706   1844.8240    3.5001     5244713980.1206
   440.098    7.7004    4.2105    3.4697   1881.9532    3.4946     5368077637.7195
   450.254    7.6938    4.2021    3.4691   1919.0823    3.4891     5491219969.4575
   472.742    7.7204    4.2101    3.4770   1923.3829    3.4771     5763714893.5144
   495.229    7.7458    4.2177    3.4846   1927.4411    3.4652     6035880484.8904
   517.716    7.7716    4.2254    3.4923   1931.6017    3.4534     6307712174.8181
   540.204    7.7966    4.2328    3.5000   1935.6975    3.4416     6579213159.8851
   562.691    7.8205    4.2398    3.5074   1939.5856    3.4300     6850374595.6438
   585.178    7.8452    4.2471    3.5149   1943.5542    3.4185     7121195782.8831
   607.665    7.8687    4.2540    3.5222   1947.3163    3.4071     7391676919.7449
   630.153    7.8919    4.2607    3.5296   1951.1886    3.3958     7661815467.7050
   652.640    7.9154    4.2676    3.5370   1955.0518    3.3846     7931621570.5465
   675.127    7.9384    4.2743    3.5442   1958.6538    3.3736     8201096674.8561
   697.615    7.9609    4.2808    3.5513   1962.2477    3.3627     8470237394.0177
   720.102    7.9835    4.2874    3.5584   1965.7570    3.3520     8739047845.1354
   742.589    8.0067    4.2942    3.5656   1969.4137    3.3414     9007542480.7398
   765.076    8.0285    4.3004    3.5726   1972.8187    3.3311     9275727029.5746
   787.564    8.0509    4.3070    3.5797   1976.2417    3.3209     9543606334.9486
   810.051    8.0732    4.3136    3.5868   1979.5865    3.3108     9811195238.9669
   832.538    8.0955    4.3203    3.5939   1982.8247    3.3010    10078502310.7395
   855.025    8.1180    4.3270    3.6010   1986.1067    3.2914    10345542479.6050
   877.513    8.1403    4.3337    3.6081   1989.3087    3.2820    10612333404.7473
   900.000    8.1629    4.3407    3.6154   1992.4721    3.2728    10878892058.2516
   916.774    8.1803    4.3462    3.6208   1994.8104    3.2661    11077521833.2921
   933.548    8.1967    4.3511    3.6261   1997.1274    3.2596    11276039843.2271
   950.323    8.2153    4.3573    3.6320   1999.6470    3.2531    11474465676.5570
   967.097    8.2346    4.3640    3.6382   2001.9197    3.2469    11672829686.8918
   983.871    8.2527    4.3700    3.6439   2004.2231    3.2407    11871134172.1713
  1000.645    8.2715    4.3766    3.6500   2006.5599    3.2347    12069385017.3443
  1017.420    8.2914    4.3836    3.6565   2008.8248    3.2289    12267609000.0339
  1034.194    8.3118    4.3911    3.6631   2011.1357    3.2232    12465829384.2515
  1050.968    8.3273    4.3957    3.6683   2013.3215    3.2176    12664020829.9326
  1067.742    8.3428    4.4003    3.6735   2015.4461    3.2123    12862151302.9421
  1084.517    8.3585    4.4049    3.6788   2017.5468    3.2071    13060232883.4924
  1101.291    8.4558    4.4654    3.7053   2027.4506    3.2020    13258851909.1119
  1118.065    8.5981    4.5563    3.7430   2040.9004    3.1966    13458878674.9945
  1134.839    8.7662    4.6648    3.7862   2058.7382    3.1910    13660742966.2397
  1151.614    8.8214    4.6964    3.8013   2061.4854    3.1853    13863812487.1191
  1168.388    8.8370    4.7006    3.8068   2063.8370    3.1796    14067065594.4822
  1185.162    8.8510    4.7044    3.8116   2066.1886    3.1742    14270235065.0066
  1201.936    8.8678    4.7091    3.8177   2068.5254    3.1690    14473348287.5576
  1218.711    8.8832    4.7134    3.8233   2070.8990    3.1640    14676436415.1915
  1235.485    8.8984    4.7176    3.8287   2073.2255    3.1592    14879495632.1946
  1252.259    8.9138    4.7220    3.8343   2075.5910    3.1547    15082539938.4880
  1269.033    8.9293    4.7264    3.8399   2077.9243    3.1504    15285588194.3198
  1285.808    8.9445    4.7307    3.8454   2080.2973    3.1463    15488654506.1216
  1302.582    8.9600    4.7350    3.8511   2082.6797    3.1425    15691755654.6971
  1319.356    8.9752    4.7394    3.8567   2085.0596    3.1390    15894909843.6405
  1336.130    8.9900    4.7436    3.8622   2087.4046    3.1358    16098126444.4600
  1352.905    9.0109    4.7517    3.8688   2090.4156    3.1328    16301450973.7084
  1369.679    9.0498    4.7711    3.8787   2095.9662    3.1301    16505018105.8051
  1386.453    9.0887    4.7909    3.8886   2101.5529    3.1276    16708929538.6610
  1403.227    9.1267    4.8102    3.8986   2106.9793    3.1254    16913203318.2093
  1420.002    9.1669    4.8312    3.9092   2112.8441    3.1235    17117873438.7884
  1436.776    9.2055    4.8515    3.9196   2118.5296    3.1219    17322968425.8866
  1453.550    9.2451    4.8726    3.9305   2124.4622    3.1205    17528510929.4051
  1470.324    9.2834    4.8932    3.9411   2130.8745    3.1194    17734524070.3842
  1487.099    9.3193    4.9124    3.9513   2135.9047    3.1187    17941012571.5059
  1503.873    9.3334    4.9169    3.9566   2138.1450    3.1183    18147856186.9082
  1520.647    9.3473    4.9213    3.9617   2140.3506    3.1183    18354945164.5442
  1537.421    9.3608    4.9256    3.9667   2142.5243    3.1188    18562300671.7339
  1554.195    9.3746    4.9302    3.9718   2144.7224    3.1197    18769951266.0002
  1554.195    4.9428    0.0000    4.0108         nan    3.1197    18769951266.0002
  1569.646    4.9541    0.0000    4.0160         nan    3.1204    18963406759.7475
  1585.098    4.9654    0.0000    4.0213         nan    3.1216    19157162054.0246
  1600.549    4.9767    0.0000    4.0266         nan    3.1231    19351242000.9180
  1616.000    4.9880    0.0000    4.0318         nan    3.1251    19545672482.2732
  1631.451    4.9988    0.0000    4.0369         nan    3.1275    19740475328.5775
  1646.902    5.0096    0.0000    4.0419         nan    3.1304    19935673024.1879
  1662.353    5.0204    0.0000    4.0469         nan    3.1338    20131294443.2717
  1677.804    5.0312    0.0000    4.0519         nan    3.1377    20327370239.9758
  1693.255    5.0415    0.0000    4.0568         nan    3.1421    20523927890.3818
  1693.255    5.2690    0.0000    6.3898         nan    3.1421    20523927890.3818
  1751.746    5.3301    0.0000    6.4311         nan    3.0447    21702066935.6152
  1810.237    5.3882    0.0000    6.4704         nan    2.9461    22850862084.3003
  1868.728    5.4433    0.0000    6.5078         nan    2.8463    23969065184.6192
  1927.219    5.4956    0.0000    6.5435         nan    2.7455    25055488610.1171
  1985.711    5.5452    0.0000    6.5774         nan    2.6436    26109002828.3630
  2044.202    5.5922    0.0000    6.6096         nan    2.5407    27128534345.2346
  2102.693    5.6368    0.0000    6.6402         nan    2.4370    28113063982.4675
  2161.184    5.6789    0.0000    6.6691         nan    2.3323    29061625457.7316
  2219.676    5.7186    0.0000    6.6965         nan    2.2269    29973304251.4740
  2278.167    5.7561    0.0000    6.7224         nan    2.1207    30847236759.4366
  2336.658    5.7913    0.0000    6.7468         nan    2.0138    31682609745.4889
  2395.149    5.8244    0.0000    6.7697         nan    1.9063    32478660133.4369
  2453.640    5.8554    0.0000    6.7912         nan    1.7981    33234675208.3078
  2512.132    5.8843    0.0000    6.8113         nan    1.6895    33949993343.1828
  2570.623    5.9111    0.0000    6.8300         nan    1.5804    34624005444.4255
  2629.114    5.9360    0.0000    6.8473         nan    1.4709    35256157430.2936
  2687.605    5.9589    0.0000    6.8633         nan    1.3612    35845954264.7161
  2746.097    5.9799    0.0000    6.8779         nan    1.2513    36392966440.5887
  2804.588    5.9990    0.0000    6.8912         nan    1.1414    36896840488.5205
  2863.079    6.0161    0.0000    6.9032         nan    1.0318    37357316414.4540
  2921.570    6.0315    0.0000    6.9140         nan    0.9228    37774257687.5150
  2980.061    6.0449    0.0000    6.9234         nan    0.8151    38147705347.7149
  3038.553    6.0566    0.0000    6.9316         nan    0.7098    38477981887.9380
  3097.044    6.0664    0.0000    6.9385         nan    0.6093    38765907330.2120
  3155.535    6.0745    0.0000    6.9441         nan    0.5193    39013298625.9815
  3214.026    6.0807    0.0000    6.9485         nan    0.4563    39224302927.0704
  3272.518    6.0851    0.0000    6.9516         nan    0.4868    39409790683.7787
  3331.009    6.0878    0.0000    6.9535         nan    1.1514    39607756350.5984
  3389.500    6.0887    0.0000    6.9541         nan    0.0000    40076066417.7465
