# Depth[km]  Vp[km/s]  Vs[km/s] Rho[g/cm3]    T[K]     g[m/s2]         P[Pa]        
     0.000    3.6434    2.1940    1.6571    273.1500    3.7291              0.0000
    11.993    3.6434    2.1940    1.6571    322.1962    3.7389       74110924.3987
    11.993    4.5590    2.7453    2.0735    322.1962    3.7389       74110924.3987
    28.516    4.5590    2.7453    2.0735    389.7727    3.7469      202206508.3285
    28.516    5.3375    3.2141    2.4276    389.7727    3.7469      202206508.3285
    45.256    5.3375    3.2141    2.4276    458.2387    3.7502      354473888.4915
    45.256    7.9973    4.5434    3.5189    458.2387    3.7502      354473888.4915
    55.039    7.9890    4.5333    3.5185    498.2519    3.7433      483573336.3633
    64.822    7.9803    4.5230    3.5180    538.2652    3.7364      612418773.3130
    74.606    7.9714    4.5125    3.5175    578.2785    3.7295      741008716.8872
    84.389    7.9618    4.5018    3.5168    618.2917    3.7227      869340767.7506
    94.173    7.9526    4.4913    3.5162    658.3050    3.7159      997415094.6629
   103.956    7.9434    4.4810    3.5156    698.3183    3.7091     1125233541.0098
   113.739    7.9340    4.4705    3.5150    738.3315    3.7024     1252795870.0760
   123.523    7.9242    4.4600    3.5142    778.3448    3.6957     1380101159.3291
   133.306    7.9144    4.4496    3.5134    818.3581    3.6890     1507147496.1471
   143.089    7.9049    4.4393    3.5127    858.3713    3.6823     1633936448.5397
   152.873    7.8949    4.4288    3.5119    898.3846    3.6757     1760468819.5701
   162.656    7.8851    4.4185    3.5110    938.3979    3.6692     1886742896.8007
   172.439    7.8753    4.4083    3.5101    978.4111    3.6626     2012759952.6611
   182.223    7.8652    4.3979    3.5092   1018.4244    3.6561     2138520384.1052
   192.006    7.8556    4.3878    3.5083   1058.4376    3.6496     2264024058.9988
   201.790    7.8457    4.3777    3.5073   1098.4509    3.6432     2389271690.4038
   211.573    7.8358    4.3675    3.5064   1138.4642    3.6368     2514265324.9026
   221.356    7.8256    4.3571    3.5054   1178.4774    3.6304     2639005640.3017
   231.140    7.8157    4.3470    3.5043   1218.4907    3.6241     2763491124.0855
   240.923    7.8058    4.3369    3.5033   1258.5040    3.6178     2887722881.6607
   250.706    7.7958    4.3266    3.5023   1298.5172    3.6116     3011704010.7887
   260.490    7.7866    4.3170    3.5013   1338.5305    3.6054     3135435257.0255
   270.273    7.7768    4.3067    3.5002   1378.5438    3.5992     3258916391.0982
   280.056    7.7673    4.2970    3.4991   1418.5570    3.5931     3382148483.5530
   289.840    7.7579    4.2871    3.4980   1458.5703    3.5870     3505132547.5676
   299.623    7.7486    4.2774    3.4969   1498.5836    3.5810     3627869097.5525
   309.407    7.7383    4.2669    3.4957   1538.5968    3.5750     3750358910.7776
   319.190    7.7287    4.2571    3.4947   1578.6101    3.5690     3872605201.0567
   328.973    7.7187    4.2471    3.4935   1618.6234    3.5631     3994608481.9341
   338.757    7.7090    4.2371    3.4923   1658.6366    3.5573     4116368494.8702
   348.540    7.6991    4.2271    3.4912   1698.6499    3.5514     4237888441.5553
   358.323    7.6892    4.2170    3.4899   1738.6632    3.5457     4359168410.7781
   368.107    7.6792    4.2068    3.4888   1778.6764    3.5399     4480209041.2751
   377.890    7.6691    4.1967    3.4875   1818.6897    3.5343     4601012306.6142
   387.673    7.6590    4.1866    3.4863   1858.7030    3.5286     4721578503.9700
   397.457    7.6490    4.1764    3.4850   1898.7162    3.5231     4841908986.9327
   407.240    7.6384    4.1660    3.4838   1938.7295    3.5175     4962006085.4162
   417.024    7.6284    4.1559    3.4825   1978.7428    3.5120     5081871493.1700
   426.807    7.6188    4.1458    3.4812   2018.7560    3.5066     5201506803.9088
   436.590    7.6081    4.1352    3.4799   2058.7693    3.5012     5320913278.4329
   459.761    7.6387    4.1450    3.4886   2063.8216    3.4886     5603576687.7125
   482.931    7.6668    4.1538    3.4971   2068.7123    3.4760     5885911020.4896
   506.102    7.6947    4.1625    3.5053   2073.4730    3.4635     6167899838.0077
   529.272    7.7220    4.1711    3.5135   2078.0499    3.4511     6449535932.8335
   552.443    7.7486    4.1795    3.5216   2082.5513    3.4388     6730814317.7295
   575.613    7.7743    4.1874    3.5297   2086.9841    3.4266     7011731497.2589
   598.784    7.8000    4.1954    3.5376   2091.3761    3.4145     7292284625.6143
   621.954    7.8255    4.2034    3.5455   2095.6637    3.4025     7572473778.5736
   645.125    7.8509    4.2114    3.5534   2099.8878    3.3906     7852302418.7893
   668.295    7.8752    4.2189    3.5611   2103.9272    3.3789     8131767474.9103
   691.466    7.9002    4.2269    3.5690   2108.0265    3.3673     8410875564.3076
   714.636    7.9243    4.2344    3.5766   2111.9336    3.3558     8689631844.9507
   737.807    7.9491    4.2423    3.5845   2115.9328    3.3445     8968041188.9485
   760.977    7.9731    4.2498    3.5922   2119.7510    3.3334     9246115830.3760
   784.148    7.9984    4.2581    3.6001   2123.6011    3.3225     9523870185.8628
   807.318    8.0226    4.2659    3.6079   2127.2398    3.3117     9801316186.5585
   830.489    8.0472    4.2740    3.6158   2130.8680    3.3011    10078462993.7538
   853.659    8.0712    4.2817    3.6236   2134.5129    3.2907    10355323592.5695
   876.830    8.0978    4.2909    3.6321   2138.1203    3.2805    10631934050.3798
   900.000    8.1238    4.3000    3.6403   2141.6032    3.2705    10908326072.7638
   916.671    8.1427    4.3066    3.6465   2144.0783    3.2635    11106970400.1592
   933.341    8.1624    4.3137    3.6528   2146.5884    3.2566    11305524815.2008
   950.012    8.1827    4.3212    3.6593   2149.0021    3.2498    11504007354.5750
   966.682    8.2039    4.3293    3.6662   2151.4972    3.2431    11702438291.7744
   983.353    8.2259    4.3378    3.6733   2153.9841    3.2365    11900837553.8872
  1000.023    8.2490    4.3471    3.6809   2156.5016    3.2301    12099231310.7680
  1016.694    8.2671    4.3532    3.6872   2159.1531    3.2237    12297604332.9019
  1033.364    8.2846    4.3590    3.6935   2161.7430    3.2175    12495927997.8556
  1050.035    8.3038    4.3657    3.7003   2164.4842    3.2115    12694223447.8595
  1066.705    8.3220    4.3721    3.7068   2167.1402    3.2056    12892503233.5644
  1083.376    8.3381    4.3773    3.7126   2169.5652    3.1999    13090746541.3589
  1100.046    8.3574    4.3848    3.7196   2171.3882    3.1943    13288977723.2044
  1116.717    8.3799    4.3944    3.7282   2172.6494    3.1889    13487279270.3695
  1133.387    8.4034    4.4048    3.7371   2173.9125    3.1836    13685707279.7507
  1150.058    8.5054    4.4674    3.7656   2183.1763    3.1784    13884800826.9056
  1166.728    8.6659    4.5690    3.8084   2200.5858    3.1729    14085453733.5650
  1183.399    8.8584    4.6924    3.8571   2215.3414    3.1670    14288178962.1562
  1200.069    8.8726    4.6964    3.8625   2217.6944    3.1610    14491959076.1233
  1216.740    8.8867    4.7005    3.8678   2219.8506    3.1553    14695636270.5848
  1233.410    8.9007    4.7046    3.8730   2221.9437    3.1497    14899219209.1829
  1250.081    8.9146    4.7087    3.8783   2223.8588    3.1444    15102721260.6356
  1266.751    8.9285    4.7129    3.8837   2225.8301    3.1393    15306157811.1891
  1283.422    8.9418    4.7167    3.8889   2227.6677    3.1344    15509541023.6147
  1300.092    8.9551    4.7205    3.8942   2229.2315    3.1298    15712883717.6534
  1316.763    8.9679    4.7239    3.8997   2230.8558    3.1254    15916205245.5393
  1333.433    8.9813    4.7279    3.9051   2232.5749    3.1213    16119524559.3253
  1350.104    8.9931    4.7310    3.9101   2233.7759    3.1174    16322848526.0545
  1366.774    9.0062    4.7347    3.9157   2235.2203    3.1138    16526196978.3094
  1383.445    9.0184    4.7378    3.9212   2236.5424    3.1106    16729600258.1808
  1400.115    9.0309    4.7414    3.9267   2237.9404    3.1076    16933075523.8605
  1416.786    9.0429    4.7446    3.9321   2239.0533    3.1049    17136638993.1486
  1433.456    9.0543    4.7477    3.9370   2239.7817    3.1026    17340295666.3707
  1450.127    9.0667    4.7509    3.9434   2241.0043    3.1006    17544091232.6146
  1466.797    9.0885    4.7604    3.9509   2243.1812    3.0989    17748113624.8397
  1483.468    9.1261    4.7801    3.9621   2247.1434    3.0976    17952509226.0497
  1500.138    9.1663    4.8020    3.9734   2251.4859    3.0965    18157397364.3939
  1516.809    9.2076    4.8245    3.9866   2255.5748    3.0957    18362846492.7794
  1533.479    9.2456    4.8452    3.9988   2260.2204    3.0953    18568898928.2204
  1550.150    9.2700    4.8572    4.0073   2263.3258    3.0952    18775455511.8686
  1550.150    4.4932    0.0000    3.9842         nan    3.0952    18775455511.8686
  1566.471    4.5026    0.0000    3.9909         nan    3.0957    18976897257.2437
  1582.793    4.5119    0.0000    3.9976         nan    3.0968    19178716660.4465
  1599.114    4.5213    0.0000    4.0043         nan    3.0982    19380941201.6863
  1615.436    4.5306    0.0000    4.0110         nan    3.1001    19583598827.5384
  1631.758    4.5396    0.0000    4.0174         nan    3.1025    19786712703.5736
  1648.079    4.5485    0.0000    4.0239         nan    3.1054    19990308261.3607
  1664.401    4.5574    0.0000    4.0303         nan    3.1087    20194418577.2129
  1680.722    4.5662    0.0000    4.0367         nan    3.1127    20399076691.2587
  1697.044    4.5747    0.0000    4.0429         nan    3.1172    20604312013.3068
  1697.044    5.5775    0.0000    6.3764         nan    3.1172    20604312013.3068
  1755.405    5.6177    0.0000    6.4129         nan    3.0195    21767621314.2558
  1813.765    5.6561    0.0000    6.4480         nan    2.9207    22900784329.5044
  1872.126    5.6927    0.0000    6.4816         nan    2.8209    24002742794.1245
  1930.486    5.7276    0.0000    6.5138         nan    2.7202    25072478007.9888
  1988.847    5.7607    0.0000    6.5447         nan    2.6185    26109010377.6651
  2047.207    5.7922    0.0000    6.5741         nan    2.5159    27111399032.1740
  2105.568    5.8221    0.0000    6.6022         nan    2.4125    28078741498.0933
  2163.928    5.8505    0.0000    6.6290         nan    2.3082    29010173426.0609
  2222.289    5.8773    0.0000    6.6544         nan    2.2032    29904868355.5940
  2280.650    5.9026    0.0000    6.6785         nan    2.0974    30762037504.7086
  2339.010    5.9265    0.0000    6.7013         nan    1.9910    31580929574.5610
  2397.371    5.9489    0.0000    6.7229         nan    1.8838    32360830555.9707
  2455.731    5.9699    0.0000    6.7431         nan    1.7761    33101063518.0433
  2514.092    5.9896    0.0000    6.7621         nan    1.6677    33800988358.2178
  2572.452    6.0079    0.0000    6.7798         nan    1.5588    34460001480.1201
  2630.813    6.0248    0.0000    6.7963         nan    1.4494    35077535349.4167
  2689.173    6.0404    0.0000    6.8115         nan    1.3395    35653057850.4767
  2747.534    6.0547    0.0000    6.8255         nan    1.2291    36186071312.3781
  2805.895    6.0677    0.0000    6.8382         nan    1.1182    36676110977.3706
  2864.255    6.0795    0.0000    6.8497         nan    1.0069    37122742497.1066
  2922.616    6.0900    0.0000    6.8600         nan    0.8951    37525557654.9834
  2980.976    6.0992    0.0000    6.8691         nan    0.7829    37884166669.2639
  3039.337    6.1072    0.0000    6.8770         nan    0.6700    38198183430.4542
  3097.697    6.1139    0.0000    6.8836         nan    0.5561    38467194803.1166
  3156.058    6.1194    0.0000    6.8891         nan    0.4406    38690689678.3355
  3214.418    6.1237    0.0000    6.8933         nan    0.3210    38867869558.9886
  3272.779    6.1267    0.0000    6.8963         nan    0.1878    38997024433.0266
  3331.139    6.1285    0.0000    6.8981         nan   -0.0364    39072634430.6098
  3389.500    6.1291    0.0000    6.8987         nan    0.0000    39057985945.8172
