# Depth[km]  Vp[km/s]  Vs[km/s] Rho[g/cm3]    T[K]     g[m/s2]         P[Pa]        
     0.000    3.6721    2.2162    1.6683    273.1500    3.7291              0.0000
    11.454    3.6721    2.2162    1.6683    318.6936    3.7383       71253929.4282
    11.454    4.8002    2.8970    2.1808    318.6936    3.7383       71253929.4282
    30.091    4.8002    2.8970    2.1808    392.8080    3.7456      223191482.1622
    30.091    6.0816    3.6703    2.7629    392.8080    3.7456      223191482.1622
    46.115    6.0816    3.6703    2.7629    456.5334    3.7443      389028615.9056
    46.115    7.9583    4.5344    3.5034    456.5334    3.7443      389028615.9056
    55.858    7.9508    4.5250    3.5033    495.2783    3.7375      516833611.4379
    65.601    7.9430    4.5155    3.5030    534.0233    3.7308      644398472.1984
    75.344    7.9346    4.5056    3.5027    572.7682    3.7240      771721740.9491
    85.087    7.9257    4.4956    3.5022    611.5132    3.7173      898800471.2269
    94.830    7.9172    4.4858    3.5018    650.2581    3.7106     1025634843.6859
   104.573    7.9084    4.4759    3.5014    689.0030    3.7040     1152226927.4867
   114.316    7.8997    4.4661    3.5010    727.7480    3.6973     1278576784.9274
   124.059    7.8903    4.4559    3.5004    766.4929    3.6908     1404682367.2816
   133.802    7.8815    4.4462    3.4999    805.2379    3.6842     1530543761.3317
   143.545    7.8718    4.4361    3.4993    843.9828    3.6777     1656161328.5080
   153.288    7.8620    4.4259    3.4985    882.7277    3.6712     1781531445.1741
   163.031    7.8531    4.4162    3.4980    921.4727    3.6647     1906657047.5803
   172.774    7.8433    4.4061    3.4972    960.2176    3.6583     2031539297.1911
   182.517    7.8338    4.3962    3.4966    998.9625    3.6519     2156176809.6405
   192.260    7.8239    4.3862    3.4957   1037.7075    3.6455     2280569289.8322
   202.003    7.8140    4.3761    3.4950   1076.4524    3.6392     2404716447.4823
   211.746    7.8041    4.3661    3.4941   1115.1974    3.6329     2528619557.3252
   221.489    7.7942    4.3561    3.4934   1153.9423    3.6266     2652280124.2599
   231.232    7.7847    4.3463    3.4925   1192.6872    3.6204     2775699220.3814
   240.975    7.7750    4.3364    3.4917   1231.4322    3.6142     2898877646.9234
   250.718    7.7639    4.3258    3.4906   1270.1771    3.6081     3021812235.6745
   260.461    7.7550    4.3165    3.4898   1308.9221    3.6020     3144504639.3939
   270.204    7.7460    4.3069    3.4890   1347.6670    3.5959     3266960473.2385
   279.947    7.7365    4.2971    3.4880   1386.4119    3.5899     3389178720.8427
   289.690    7.7263    4.2872    3.4870   1425.1569    3.5839     3511156951.5893
   299.433    7.7173    4.2777    3.4861   1463.9018    3.5779     3632898316.0579
   309.176    7.7072    4.2678    3.4851   1502.6468    3.5720     3754404627.8698
   318.918    7.6975    4.2579    3.4840   1541.3917    3.5662     3875673999.5452
   328.661    7.6884    4.2485    3.4831   1580.1366    3.5603     3996711058.8887
   338.404    7.6779    4.2383    3.4821   1618.8816    3.5546     4117516619.5992
   348.147    7.6676    4.2284    3.4809   1657.6265    3.5488     4238087971.9083
   357.890    7.6580    4.2186    3.4800   1696.3715    3.5432     4358428731.9739
   367.633    7.6476    4.2085    3.4789   1735.1164    3.5375     4478540960.3230
   377.376    7.6379    4.1987    3.4778   1773.8613    3.5319     4598425116.6871
   387.119    7.6274    4.1886    3.4768   1812.6063    3.5264     4718084118.4268
   396.862    7.6179    4.1788    3.4757   1851.3512    3.5209     4837518791.6984
   406.605    7.6070    4.1685    3.4746   1890.0961    3.5154     4956729062.0998
   416.348    7.5968    4.1585    3.4735   1928.8411    3.5100     5075716937.6705
   426.091    7.5857    4.1480    3.4723   1967.5860    3.5047     5194483133.1354
   435.834    7.5764    4.1384    3.4714   2006.3310    3.4994     5313031599.4384
   459.042    7.6084    4.1479    3.4802   2011.2692    3.4868     5595313859.0354
   482.251    7.6393    4.1570    3.4888   2016.0356    3.4743     5877290012.4776
   505.459    7.6693    4.1659    3.4973   2020.6804    3.4619     6158945842.9100
   528.667    7.6978    4.1742    3.5056   2025.2210    3.4496     6440270172.1620
   551.876    7.7262    4.1826    3.5138   2029.6761    3.4374     6721255527.1654
   575.084    7.7544    4.1909    3.5220   2034.0292    3.4253     7001899189.8394
   598.292    7.7817    4.1990    3.5300   2038.2612    3.4133     7282198000.1986
   621.500    7.8084    4.2069    3.5380   2042.4868    3.4014     7562148936.9624
   644.709    7.8351    4.2149    3.5459   2046.5187    3.3896     7841749686.6945
   667.917    7.8609    4.2224    3.5536   2050.5400    3.3780     8120998810.9180
   691.125    7.8866    4.2301    3.5614   2054.4393    3.3665     8399898672.7261
   714.334    7.9127    4.2379    3.5692   2058.3454    3.3552     8678458403.8281
   737.542    7.9378    4.2452    3.5769   2062.0907    3.3440     8956684472.1386
   760.750    7.9634    4.2530    3.5847   2065.8707    3.3330     9234582410.7302
   783.959    7.9884    4.2606    3.5923   2069.4386    3.3221     9512159759.8704
   807.167    8.0135    4.2683    3.6000   2073.0161    3.3115     9789424994.8475
   830.375    8.0386    4.2760    3.6077   2076.5065    3.3010    10066393607.6324
   853.583    8.0648    4.2844    3.6157   2080.1160    3.2908    10343091539.6949
   876.792    8.0904    4.2926    3.6235   2083.3849    3.2807    10619533819.2740
   900.000    8.1167    4.3011    3.6318   2086.8637    3.2709    10895745686.8460
   917.011    8.1358    4.3073    3.6378   2089.2655    3.2639    11097998843.9672
   934.023    8.1545    4.3135    3.6436   2091.6606    3.2569    11300144088.1619
   951.034    8.1765    4.3214    3.6505   2094.1487    3.2501    11502211535.4871
   968.046    8.1975    4.3290    3.6571   2096.5686    3.2435    11704229766.6488
   985.057    8.2179    4.3362    3.6636   2098.9631    3.2369    11906194744.7531
  1002.069    8.2425    4.3458    3.6713   2101.4171    3.2305    12108144224.2720
  1019.080    8.2653    4.3546    3.6786   2103.8494    3.2243    12310105869.7436
  1036.092    8.2932    4.3663    3.6876   2106.4298    3.2181    12512119930.0340
  1053.103    8.3107    4.3720    3.6933   2108.7451    3.2121    12714150641.6327
  1070.115    8.3278    4.3774    3.6991   2110.9360    3.2063    12916118718.9059
  1087.126    8.3448    4.3829    3.7048   2113.1145    3.2006    13118033636.1786
  1104.138    8.3622    4.3886    3.7106   2115.2723    3.1951    13319906237.7853
  1121.149    8.4050    4.4113    3.7233   2119.5983    3.1898    13521936490.9439
  1138.161    8.5588    4.5084    3.7645   2134.8896    3.1844    13725093559.8940
  1155.172    8.7410    4.6242    3.8121   2155.6286    3.1786    13930311231.3524
  1172.184    8.8536    4.6943    3.8411   2160.9671    3.1725    14137225912.4064
  1189.195    8.8690    4.6992    3.8464   2163.3170    3.1665    14344671307.6624
  1206.207    8.8852    4.7035    3.8527   2166.1428    3.1607    14552035798.4821
  1223.218    8.9008    4.7082    3.8583   2168.6149    3.1551    14759339543.1998
  1240.230    8.9161    4.7128    3.8639   2171.1137    3.1497    14966574444.9232
  1257.241    8.9311    4.7174    3.8693   2173.5842    3.1446    15173749482.1433
  1274.253    8.9455    4.7221    3.8742   2175.8829    3.1396    15380862311.6388
  1291.264    8.9591    4.7267    3.8788   2178.1345    3.1350    15587906732.0763
  1308.276    8.9753    4.7313    3.8849   2180.6997    3.1306    15794929551.3278
  1325.287    8.9902    4.7361    3.8904   2183.1921    3.1265    16001972020.8568
  1342.299    9.0044    4.7405    3.8955   2185.6687    3.1227    16209025796.4229
  1359.310    9.0181    4.7453    3.9003   2187.9041    3.1191    16416088876.1946
  1376.322    9.0322    4.7498    3.9054   2190.3314    3.1159    16623180487.6406
  1393.333    9.0465    4.7544    3.9104   2192.5562    3.1130    16830327086.5867
  1410.345    9.0652    4.7625    3.9159   2195.3663    3.1105    17037558471.7698
  1427.356    9.1083    4.7852    3.9270   2201.8442    3.1082    17245057455.3542
  1444.368    9.1465    4.8059    3.9363   2207.7005    3.1062    17452944541.0203
  1461.379    9.1877    4.8289    3.9464   2213.4404    3.1045    17661210442.8407
  1478.391    9.2281    4.8506    3.9571   2219.6764    3.1032    17869913146.4986
  1495.402    9.2689    4.8736    3.9677   2225.7498    3.1021    18079085961.3194
  1512.414    9.3094    4.8965    3.9785   2232.0433    3.1014    18288752974.4245
  1529.425    9.3494    4.9186    3.9913   2237.1534    3.1010    18498994653.9156
  1546.437    9.3645    4.9248    3.9960   2238.9758    3.1010    18709669638.6265
  1563.448    9.3771    4.9292    4.0005   2241.0377    3.1015    18920587326.0217
  1563.448    5.1107    0.0000    4.0073         nan    3.1015    18920587326.0217
  1579.329    5.1228    0.0000    4.0123         nan    3.1022    19118080701.4840
  1595.210    5.1348    0.0000    4.0173         nan    3.1034    19315870422.7477
  1611.090    5.1469    0.0000    4.0223         nan    3.1051    19513983952.7797
  1626.971    5.1589    0.0000    4.0273         nan    3.1072    19712449720.0426
  1642.851    5.1704    0.0000    4.0321         nan    3.1098    19911291974.4885
  1658.732    5.1819    0.0000    4.0369         nan    3.1129    20110536515.2894
  1674.612    5.1934    0.0000    4.0416         nan    3.1165    20310215954.0094
  1690.493    5.2049    0.0000    4.0464         nan    3.1207    20510363913.5553
  1706.373    5.2158    0.0000    4.0510         nan    3.1254    20711010422.0391
  1706.373    5.2539    0.0000    6.4093         nan    3.1254    20711010422.0391
  1764.412    5.3158    0.0000    6.4504         nan    3.0283    21877364114.5992
  1822.451    5.3745    0.0000    6.4896         nan    2.9301    23014543228.9337
  1880.490    5.4302    0.0000    6.5268         nan    2.8306    24121314397.0992
  1938.529    5.4830    0.0000    6.5623         nan    2.7301    25196504157.5107
  1996.568    5.5331    0.0000    6.5960         nan    2.6286    26238996328.5637
  2054.607    5.5806    0.0000    6.6280         nan    2.5261    27247729742.4234
  2112.645    5.6256    0.0000    6.6584         nan    2.4226    28221696286.9828
  2170.684    5.6681    0.0000    6.6872         nan    2.3183    29159939212.1916
  2228.723    5.7083    0.0000    6.7144         nan    2.2132    30061551667.2150
  2286.762    5.7461    0.0000    6.7401         nan    2.1073    30925675445.5177
  2344.801    5.7817    0.0000    6.7643         nan    2.0006    31751499916.5170
  2402.840    5.8151    0.0000    6.7871         nan    1.8933    32538261138.1995
  2460.878    5.8463    0.0000    6.8084         nan    1.7854    33285241149.4104
  2518.917    5.8755    0.0000    6.8284         nan    1.6768    33991767454.4048
  2576.956    5.9026    0.0000    6.8469         nan    1.5677    34657212728.2344
  2634.995    5.9277    0.0000    6.8641         nan    1.4582    35280994797.7087
  2693.034    5.9508    0.0000    6.8799         nan    1.3482    35862576999.0579
  2751.073    5.9719    0.0000    6.8945         nan    1.2378    36401469086.7673
  2809.112    5.9912    0.0000    6.9077         nan    1.1270    36897229009.8587
  2867.150    6.0085    0.0000    6.9196         nan    1.0161    37349466143.4712
  2925.189    6.0240    0.0000    6.9302         nan    0.9050    37757847116.7825
  2983.228    6.0376    0.0000    6.9396         nan    0.7939    38122106592.2431
  3041.267    6.0493    0.0000    6.9477         nan    0.6832    38442068222.3344
  3099.306    6.0592    0.0000    6.9545         nan    0.5732    38717688503.2547
  3157.345    6.0673    0.0000    6.9601         nan    0.4653    38949158402.5983
  3215.383    6.0736    0.0000    6.9644         nan    0.3628    39137174969.1568
  3273.422    6.0781    0.0000    6.9675         nan    0.2793    39283836608.9672
  3331.461    6.0808    0.0000    6.9694         nan    0.3257    39396800987.4806
  3389.500    6.0817    0.0000    6.9700         nan    0.0000    39528570083.8430
