# Depth[km]  Vp[km/s]  Vs[km/s] Rho[g/cm3]    T[K]     g[m/s2]         P[Pa]        
     0.000    3.6107    2.1751    1.6523    273.1500    3.7291              0.0000
    10.934    3.6107    2.1751    1.6523    317.0652    3.7381       67369995.1442
    10.934    4.5714    2.7539    2.0919    317.0652    3.7381       67369995.1442
    31.825    4.5714    2.7539    2.0919    400.9788    3.7478      230729756.7072
    31.825    5.3663    3.2327    2.4557    400.9788    3.7478      230729756.7072
    44.285    5.3663    3.2327    2.4557    451.0291    3.7500      345407868.3668
    44.285    7.9994    4.5454    3.5191    451.0291    3.7500      345407868.3668
    54.119    7.9915    4.5356    3.5188    490.5277    3.7431      475173262.0596
    63.952    7.9833    4.5255    3.5184    530.0263    3.7361      604684714.1608
    73.785    7.9746    4.5152    3.5180    569.5249    3.7292      733940877.0440
    83.619    7.9655    4.5048    3.5174    609.0235    3.7224      862939605.4132
    93.452    7.9567    4.4944    3.5169    648.5221    3.7155      991680691.5127
   103.286    7.9477    4.4842    3.5164    688.0206    3.7087     1120165522.9797
   113.119    7.9388    4.4741    3.5158    727.5192    3.7019     1248394506.6272
   122.952    7.9294    4.4637    3.5151    767.0178    3.6951     1376366096.9362
   132.786    7.9202    4.4535    3.5145    806.5164    3.6884     1504079845.4953
   142.619    7.9108    4.4435    3.5138    846.0150    3.6817     1631536899.1000
   152.453    7.9010    4.4330    3.5130    885.5136    3.6750     1758735559.5468
   162.286    7.8921    4.4232    3.5124    925.0122    3.6684     1885677815.0763
   172.120    7.8825    4.4131    3.5115    964.5108    3.6618     2012364323.5398
   181.953    7.8729    4.4029    3.5107   1004.0094    3.6553     2138793635.5891
   191.786    7.8634    4.3929    3.5098   1043.5080    3.6487     2264966270.0764
   201.620    7.8540    4.3830    3.5090   1083.0066    3.6423     2390882908.9169
   211.453    7.8441    4.3728    3.5081   1122.5052    3.6358     2516544075.8062
   221.287    7.8349    4.3631    3.5073   1162.0038    3.6294     2641951515.3825
   231.120    7.8251    4.3530    3.5063   1201.5023    3.6230     2767105892.1603
   240.953    7.8156    4.3430    3.5053   1241.0009    3.6167     2892006237.5218
   250.787    7.8060    4.3331    3.5045   1280.4995    3.6104     3016655360.6173
   260.620    7.7969    4.3234    3.5035   1319.9981    3.6041     3141054170.7868
   270.454    7.7878    4.3138    3.5025   1359.4967    3.5979     3265202606.3943
   280.287    7.7783    4.3038    3.5015   1398.9953    3.5917     3389101167.1321
   290.121    7.7692    4.2943    3.5005   1438.4939    3.5856     3512750966.8368
   299.954    7.7604    4.2847    3.4995   1477.9925    3.5795     3636154849.9124
   309.787    7.7508    4.2748    3.4985   1517.4911    3.5734     3759313364.4977
   319.621    7.7413    4.2649    3.4974   1556.9897    3.5674     3882226872.8761
   329.454    7.7321    4.2553    3.4964   1596.4883    3.5614     4004897105.9461
   339.288    7.7227    4.2456    3.4953   1635.9869    3.5555     4127324756.5201
   349.121    7.7135    4.2359    3.4943   1675.4855    3.5496     4249512228.1631
   358.954    7.7040    4.2260    3.4932   1714.9840    3.5438     4371460653.7873
   368.788    7.6940    4.2160    3.4920   1754.4826    3.5380     4493169227.8663
   378.621    7.6846    4.2061    3.4909   1793.9812    3.5323     4614639861.3118
   388.455    7.6755    4.1964    3.4899   1833.4798    3.5266     4735875920.9111
   398.288    7.6657    4.1864    3.4887   1872.9784    3.5209     4856877456.2829
   408.122    7.6557    4.1763    3.4876   1912.4770    3.5153     4977645172.9485
   417.955    7.6461    4.1664    3.4864   1951.9756    3.5098     5098181600.7359
   427.788    7.6368    4.1565    3.4852   1991.4742    3.5043     5218487673.0670
   437.622    7.6266    4.1463    3.4840   2030.9728    3.4988     5338564361.7508
   460.741    7.6558    4.1555    3.4925   2035.8400    3.4861     5620727701.2954
   483.860    7.6844    4.1646    3.5009   2040.5499    3.4735     5902545440.9164
   506.978    7.7120    4.1733    3.5092   2045.2516    3.4609     6184010766.9973
   530.097    7.7389    4.1817    3.5173   2049.6935    3.4484     6465113624.0538
   553.216    7.7650    4.1899    3.5253   2054.1251    3.4360     6745843448.2884
   576.335    7.7907    4.1978    3.5333   2058.4780    3.4237     7026200852.0565
   599.454    7.8169    4.2062    3.5412   2062.6608    3.4115     7306184362.0317
   622.573    7.8415    4.2137    3.5491   2066.9522    3.3995     7585792953.7057
   645.692    7.8661    4.2213    3.5568   2070.9826    3.3875     7865026538.9631
   668.811    7.8910    4.2292    3.5646   2075.0585    3.3757     8143887633.9218
   691.930    7.9150    4.2366    3.5723   2078.9327    3.3640     8422379575.0998
   715.049    7.9398    4.2445    3.5801   2082.8800    3.3525     8700508338.9791
   738.168    7.9638    4.2521    3.5877   2086.6442    3.3411     8978279902.9365
   761.287    7.9882    4.2598    3.5955   2090.4048    3.3299     9255703137.5511
   784.405    8.0126    4.2677    3.6032   2094.1608    3.3188     9532793298.4325
   807.524    8.0365    4.2754    3.6109   2097.7277    3.3080     9809557708.4175
   830.643    8.0615    4.2836    3.6189   2101.2777    3.2973    10086014187.9951
   853.762    8.0866    4.2921    3.6269   2104.8809    3.2868    10362185649.2685
   876.881    8.1120    4.3007    3.6350   2108.3203    3.2765    10638092291.6714
   900.000    8.1376    4.3096    3.6433   2111.7425    3.2664    10913756716.3535
   916.898    8.1571    4.3164    3.6496   2114.2524    3.2592    11115021644.5981
   933.795    8.1771    4.3238    3.6560   2116.6720    3.2521    11316190053.6564
   950.693    8.1974    4.3312    3.6626   2119.1271    3.2451    11517277869.9055
   967.591    8.2183    4.3389    3.6694   2121.5953    3.2382    11718300883.3930
   984.488    8.2409    4.3479    3.6768   2124.1087    3.2314    11919284243.7447
  1001.386    8.2651    4.3578    3.6846   2126.5793    3.2248    12120263116.4087
  1018.284    8.2840    4.3642    3.6913   2129.2391    3.2183    12321223808.2626
  1035.182    8.3018    4.3702    3.6976   2131.8041    3.2119    12522132413.5304
  1052.079    8.3211    4.3770    3.7045   2134.5442    3.2057    12723003900.5764
  1068.977    8.3389    4.3831    3.7108   2137.1430    3.1996    12923844090.6067
  1085.875    8.3543    4.3879    3.7164   2139.5621    3.1937    13124623233.9692
  1102.772    8.3717    4.3940    3.7227   2141.5648    3.1880    13325351630.7048
  1119.670    8.3945    4.4039    3.7313   2142.8866    3.1824    13526123322.0122
  1136.568    8.4668    4.4467    3.7525   2149.6974    3.1769    13727343931.5396
  1153.465    8.6211    4.5442    3.7938   2165.4050    3.1712    13929892456.3209
  1170.363    8.8062    4.6623    3.8418   2185.9783    3.1651    14134471910.5827
  1187.261    8.8810    4.7070    3.8614   2188.1014    3.1589    14340468621.4589
  1204.159    8.8952    4.7112    3.8666   2190.3276    3.1528    14546722278.0687
  1221.056    8.9091    4.7152    3.8718   2192.3793    3.1468    14752853098.3606
  1237.954    8.9234    4.7196    3.8773   2194.4261    3.1411    14958878738.5136
  1254.852    8.9375    4.7238    3.8826   2196.4303    3.1356    15164815439.9719
  1271.749    8.9506    4.7275    3.8878   2198.2638    3.1303    15370669766.4328
  1288.647    8.9642    4.7315    3.8930   2200.1090    3.1253    15576454172.0534
  1305.545    8.9772    4.7351    3.8983   2201.6043    3.1205    15782186202.8670
  1322.442    8.9906    4.7391    3.9038   2203.4333    3.1160    15987886905.9171
  1339.340    9.0033    4.7426    3.9090   2204.8806    3.1118    16193571126.0997
  1356.238    9.0161    4.7462    3.9143   2206.2258    3.1078    16399253129.9791
  1373.135    9.0286    4.7497    3.9198   2207.8488    3.1041    16604956838.3335
  1390.033    9.0407    4.7530    3.9250   2208.9263    3.1008    16810697568.2997
  1406.931    9.0526    4.7563    3.9302   2210.1052    3.0977    17016488369.4405
  1423.829    9.0650    4.7598    3.9356   2211.1531    3.0950    17222352952.0316
  1440.726    9.0770    4.7628    3.9415   2212.4148    3.0926    17428330236.7409
  1457.624    9.1078    4.7779    3.9510   2215.8389    3.0905    17634550950.4710
  1474.522    9.1480    4.7995    3.9625   2220.1407    3.0887    17841180827.3304
  1491.419    9.1859    4.8196    3.9737   2224.7081    3.0872    18048283831.3042
  1508.317    9.2282    4.8431    3.9863   2229.0514    3.0860    18255907952.8134
  1525.215    9.2683    4.8652    3.9990   2233.7112    3.0851    18464109238.8015
  1542.112    9.2960    4.8796    4.0082   2236.8363    3.0845    18672820228.6696
  1559.010    9.3090    4.8845    4.0126   2239.3517    3.0844    18881848724.8031
  1559.010    4.9952    0.0000    4.0169         nan    3.0844    18881848724.8031
  1577.999    5.0117    0.0000    4.0232         nan    3.0847    19117301119.5032
  1596.988    5.0283    0.0000    4.0296         nan    3.0856    19353146465.0771
  1615.977    5.0448    0.0000    4.0359         nan    3.0871    19589430009.5198
  1634.965    5.0608    0.0000    4.0420         nan    3.0893    19826193338.1968
  1653.954    5.0766    0.0000    4.0480         nan    3.0921    20063477731.4667
  1672.943    5.0923    0.0000    4.0540         nan    3.0957    20301333222.0383
  1691.932    5.1077    0.0000    4.0599         nan    3.1000    20539812505.8234
  1710.921    5.1227    0.0000    4.0656         nan    3.1051    20778965681.3031
  1729.910    5.1376    0.0000    4.0713         nan    3.1110    21018849054.8850
  1729.910    5.2221    0.0000    6.4782         nan    3.1110    21018849054.8850
  1787.137    5.2928    0.0000    6.5194         nan    3.0140    22175852452.3067
  1844.364    5.3598    0.0000    6.5586         nan    2.9157    23303701941.7338
  1901.591    5.4232    0.0000    6.5957         nan    2.8163    24401153275.3929
  1958.819    5.4832    0.0000    6.6309         nan    2.7159    25467027981.0118
  2016.046    5.5400    0.0000    6.6643         nan    2.6144    26500209303.7332
  2073.273    5.5937    0.0000    6.6960         nan    2.5119    27499638655.1126
  2130.500    5.6444    0.0000    6.7259         nan    2.4084    28464312467.1674
  2187.728    5.6923    0.0000    6.7542         nan    2.3041    29393279350.8272
  2244.955    5.7374    0.0000    6.7810         nan    2.1989    30285637475.9432
  2302.182    5.7799    0.0000    6.8061         nan    2.0930    31140532090.9643
  2359.409    5.8198    0.0000    6.8298         nan    1.9862    31957153090.7000
  2416.637    5.8572    0.0000    6.8521         nan    1.8787    32734732523.9897
  2473.864    5.8922    0.0000    6.8729         nan    1.7705    33472541909.7308
  2531.091    5.9248    0.0000    6.8923         nan    1.6616    34169889171.3403
  2588.318    5.9551    0.0000    6.9104         nan    1.5519    34826114915.1211
  2645.546    5.9831    0.0000    6.9271         nan    1.4416    35440587632.1930
  2702.773    6.0089    0.0000    6.9425         nan    1.3305    36012697142.5854
  2760.000    6.0325    0.0000    6.9566         nan    1.2186    36541845143.7416
  2817.227    6.0539    0.0000    6.9694         nan    1.1058    37027430871.8982
  2874.455    6.0732    0.0000    6.9809         nan    0.9918    37468828226.0108
  2931.682    6.0904    0.0000    6.9912         nan    0.8763    37865347303.7421
  2988.909    6.1055    0.0000    7.0003         nan    0.7585    38216165852.6965
  3046.136    6.1186    0.0000    7.0081         nan    0.6371    38520198507.2757
  3103.364    6.1296    0.0000    7.0147         nan    0.5091    38775825650.1105
  3160.591    6.1386    0.0000    7.0201         nan    0.3674    38980267628.7151
  3217.818    6.1456    0.0000    7.0243         nan    0.1913    39127915009.4775
  3275.045    6.1506    0.0000    7.0273         nan   -0.1035    39204827852.1284
  3332.273    6.1536    0.0000    7.0291         nan   -1.2012    39163192702.1327
  3389.500    6.1546    0.0000    7.0297         nan    0.0000    38679991648.3820
