# Depth[km]  Vp[km/s]  Vs[km/s] Rho[g/cm3]    T[K]     g[m/s2]         P[Pa]        
     0.000    4.0984    2.4557    1.8572    273.1500    3.7291              0.0000
    14.608    4.0984    2.4557    1.8572    331.0864    3.7386      101173733.6482
    14.608    4.5375    2.7189    2.0562    331.0864    3.7386      101173733.6482
    29.355    4.5375    2.7189    2.0562    389.5767    3.7459      214539254.4207
    29.355    5.9122    3.5426    2.6792    389.5767    3.7459      214539254.4207
    46.973    5.9122    3.5426    2.6792    459.4523    3.7457      391349858.5969
    46.973    7.9580    4.5339    3.5035    459.4523    3.7457      391349858.5969
    56.633    7.9506    4.5246    3.5033    497.7676    3.7390      518118939.6480
    66.293    7.9429    4.5151    3.5031    536.0828    3.7323      644652852.5787
    75.953    7.9346    4.5053    3.5028    574.3981    3.7256      770950071.4743
    85.613    7.9260    4.4955    3.5023    612.7134    3.7190      897007708.1937
    95.274    7.9174    4.4857    3.5019    651.0287    3.7124     1022825823.6583
   104.934    7.9088    4.4759    3.5015    689.3439    3.7058     1148406160.4401
   114.594    7.9002    4.4663    3.5011    727.6592    3.6992     1273749060.3568
   124.254    7.8908    4.4562    3.5005    765.9745    3.6927     1398852487.3902
   133.915    7.8823    4.4466    3.5001    804.2898    3.6862     1523716624.6047
   143.575    7.8727    4.4366    3.4995    842.6051    3.6797     1648341839.0464
   153.235    7.8636    4.4268    3.4989    880.9203    3.6733     1772726698.0882
   162.895    7.8542    4.4169    3.4982    919.2356    3.6669     1896871878.4968
   172.556    7.8446    4.4070    3.4975    957.5509    3.6605     2020776258.0399
   182.216    7.8353    4.3972    3.4968    995.8662    3.6542     2144440694.0043
   191.876    7.8259    4.3876    3.4961   1034.1814    3.6479     2267866760.0252
   201.536    7.8160    4.3775    3.4953   1072.4967    3.6416     2391052959.4032
   211.197    7.8059    4.3675    3.4944   1110.8120    3.6354     2513998419.7022
   220.857    7.7965    4.3578    3.4937   1149.1273    3.6292     2636705750.6061
   230.517    7.7867    4.3478    3.4928   1187.4425    3.6230     2759175880.5594
   240.177    7.7774    4.3382    3.4921   1225.7578    3.6169     2881409923.9735
   249.838    7.7662    4.3276    3.4910   1264.0731    3.6108     3003405392.3514
   259.498    7.7572    4.3182    3.4902   1302.3884    3.6048     3125163051.4593
   269.158    7.7483    4.3089    3.4893   1340.7036    3.5988     3246687722.3645
   278.818    7.7390    4.2992    3.4885   1379.0189    3.5928     3367979318.8503
   288.479    7.7302    4.2899    3.4876   1417.3342    3.5869     3489039472.3330
   298.139    7.7201    4.2800    3.4866   1455.6495    3.5810     3609867243.7905
   307.799    7.7111    4.2705    3.4857   1493.9647    3.5751     3730463199.9777
   317.459    7.7010    4.2607    3.4846   1532.2800    3.5693     3850827901.3894
   327.120    7.6917    4.2512    3.4837   1570.5953    3.5636     3970962871.0965
   336.780    7.6820    4.2414    3.4827   1608.9106    3.5578     4090871249.9512
   346.440    7.6722    4.2317    3.4817   1647.2258    3.5522     4210553238.5051
   356.100    7.6627    4.2220    3.4807   1685.5411    3.5465     4330009941.8090
   365.761    7.6519    4.2118    3.4796   1723.8564    3.5409     4449240672.9569
   375.421    7.6431    4.2024    3.4786   1762.1717    3.5354     4568248111.8885
   385.081    7.6323    4.1923    3.4775   1800.4869    3.5299     4687034516.8584
   394.741    7.6225    4.1825    3.4765   1838.8022    3.5244     4805600037.5203
   404.402    7.6125    4.1726    3.4755   1877.1175    3.5190     4923947116.0191
   414.062    7.6027    4.1628    3.4745   1915.4328    3.5137     5042077771.2536
   423.722    7.5917    4.1524    3.4733   1953.7480    3.5084     5159991178.0366
   433.382    7.5816    4.1424    3.4722   1992.0633    3.5031     5277688098.3858
   456.713    7.6141    4.1522    3.4811   1996.9508    3.4905     5561837013.3351
   480.044    7.6450    4.1613    3.4898   2001.7642    3.4779     5845678978.4529
   503.375    7.6748    4.1701    3.4983   2006.4223    3.4655     6129198148.7420
   526.706    7.7042    4.1788    3.5067   2010.9730    3.4531     6412383815.7742
   550.037    7.7329    4.1873    3.5149   2015.4048    3.4408     6695227834.3805
   573.368    7.7605    4.1954    3.5230   2019.7004    3.4286     6977721989.4923
   596.699    7.7881    4.2036    3.5311   2023.8663    3.4166     7259862988.1624
   620.029    7.8145    4.2114    3.5390   2028.0280    3.4046     7541648584.1928
   643.360    7.8413    4.2193    3.5470   2032.1415    3.3928     7823079870.5151
   666.691    7.8675    4.2271    3.5549   2036.1889    3.3811     8104161354.0777
   690.022    7.8936    4.2348    3.5627   2040.0732    3.3695     8384893327.0664
   713.353    7.9190    4.2423    3.5704   2043.8177    3.3581     8665275085.6725
   736.684    7.9442    4.2498    3.5781   2047.5685    3.3469     8945312936.1527
   760.015    7.9699    4.2576    3.5859   2051.3180    3.3359     9225019153.0011
   783.346    7.9953    4.2653    3.5936   2054.9454    3.3250     9504404307.8562
   806.676    8.0202    4.2729    3.6013   2058.4472    3.3143     9783476019.7401
   830.007    8.0455    4.2807    3.6091   2061.9459    3.3038    10062248719.8208
   853.338    8.0720    4.2893    3.6171   2065.4307    3.2935    10340746103.5572
   876.669    8.0972    4.2971    3.6250   2068.8472    3.2834    10618986747.7253
   900.000    8.1237    4.3058    3.6332   2072.1657    3.2736    10896995403.7378
   916.558    8.1424    4.3120    3.6391   2074.5453    3.2667    11094088391.3633
   933.116    8.1618    4.3187    3.6451   2076.8665    3.2600    11291090189.7275
   949.674    8.1819    4.3257    3.6513   2079.1931    3.2534    11488016287.7650
   966.232    8.2022    4.3330    3.6577   2081.5329    3.2469    11684883562.5280
   982.790    8.2230    4.3405    3.6644   2083.8806    3.2405    11881709664.9904
   999.348    8.2458    4.3493    3.6716   2086.2461    3.2343    12078521595.7878
  1015.906    8.2697    4.3588    3.6791   2088.6752    3.2282    12275349669.7436
  1032.464    8.2958    4.3695    3.6875   2091.1382    3.2222    12472232016.8114
  1049.022    8.3130    4.3751    3.6932   2093.3897    3.2163    12669124120.3183
  1065.580    8.3300    4.3806    3.6989   2095.4790    3.2106    12865959544.0058
  1082.137    8.3465    4.3859    3.7044   2097.5764    3.2051    13062744172.2827
  1098.695    8.3630    4.3913    3.7100   2099.6578    3.1997    13259485483.3567
  1115.253    8.3900    4.4036    3.7185   2102.6193    3.1945    13456270653.8546
  1131.811    8.5363    4.4957    3.7580   2117.0737    3.1893    13654005437.1579
  1148.369    8.7123    4.6078    3.8042   2134.9686    3.1837    13853677016.7590
  1164.927    8.8525    4.6961    3.8403   2144.9471    3.1778    14055167580.1935
  1181.485    8.8683    4.7017    3.8454   2147.1248    3.1718    14257367556.5507
  1198.043    8.8833    4.7063    3.8505   2149.3513    3.1661    14459457841.3091
  1214.601    8.8995    4.7105    3.8571   2152.2121    3.1606    14661489708.8061
  1231.159    8.9146    4.7151    3.8625   2154.6057    3.1552    14863483166.7443
  1247.717    8.9296    4.7197    3.8679   2156.9656    3.1501    15065419178.7148
  1264.275    8.9438    4.7241    3.8730   2159.3044    3.1452    15267300420.5370
  1280.833    8.9589    4.7288    3.8785   2161.6909    3.1406    15469143168.7412
  1297.391    8.9729    4.7333    3.8834   2163.9310    3.1361    15670957239.4234
  1313.949    8.9871    4.7375    3.8886   2166.3704    3.1320    15872749255.4992
  1330.507    9.0012    4.7421    3.8937   2168.7133    3.1281    16074540742.2071
  1347.065    9.0149    4.7467    3.8986   2170.9629    3.1245    16276339579.8507
  1363.623    9.0287    4.7510    3.9036   2173.2990    3.1211    16478159576.9996
  1380.181    9.0413    4.7554    3.9078   2175.3995    3.1181    16680003584.5409
  1396.739    9.0551    4.7598    3.9127   2177.5371    3.1154    16881886360.4280
  1413.297    9.0913    4.7789    3.9214   2182.4941    3.1129    17083942438.7544
  1429.855    9.1327    4.8009    3.9322   2188.8512    3.1108    17286345501.3828
  1446.412    9.1703    4.8214    3.9414   2194.4055    3.1089    17489122435.3008
  1462.970    9.2083    4.8425    3.9509   2200.0598    3.1073    17692254962.3941
  1479.528    9.2496    4.8650    3.9620   2206.2992    3.1059    17895812238.1334
  1496.086    9.2895    4.8876    3.9724   2212.1177    3.1049    18099837262.0303
  1512.644    9.3298    4.9108    3.9830   2218.5220    3.1042    18304336627.9624
  1529.202    9.3661    4.9312    3.9931   2224.0614    3.1039    18509322459.8848
  1545.760    9.3782    4.9355    3.9973   2225.8812    3.1039    18714650154.5843
  1545.760    4.6748    0.0000    3.9575         nan    3.1039    18714650154.5843
  1561.261    4.6876    0.0000    3.9633         nan    3.1048    18905198916.1594
  1576.762    4.7003    0.0000    3.9691         nan    3.1061    19096082893.4631
  1592.264    4.7130    0.0000    3.9748         nan    3.1078    19287326286.6858
  1607.765    4.7258    0.0000    3.9806         nan    3.1100    19478954315.1194
  1623.266    4.7380    0.0000    3.9862         nan    3.1126    19670987368.1775
  1638.767    4.7501    0.0000    3.9917         nan    3.1156    19863446365.7413
  1654.268    4.7622    0.0000    3.9972         nan    3.1191    20056359385.9539
  1669.769    4.7743    0.0000    4.0027         nan    3.1231    20249756397.9257
  1685.270    4.7859    0.0000    4.0080         nan    3.1277    20443663587.9505
  1685.270    5.2647    0.0000    6.3326         nan    3.1277    20443663587.9505
  1744.037    5.3422    0.0000    6.3734         nan    3.0306    21611353769.7959
  1802.803    5.4155    0.0000    6.4121         nan    2.9324    22749890349.9340
  1861.570    5.4846    0.0000    6.4487         nan    2.8330    23858003042.1250
  1920.336    5.5500    0.0000    6.4834         nan    2.7325    24934495640.6239
  1979.103    5.6118    0.0000    6.5162         nan    2.6311    25978241443.2029
  2037.869    5.6701    0.0000    6.5473         nan    2.5287    26988179464.2522
  2096.636    5.7252    0.0000    6.5766         nan    2.4255    27963311327.4846
  2155.403    5.7771    0.0000    6.6044         nan    2.3214    28902698769.6733
  2214.169    5.8259    0.0000    6.6305         nan    2.2166    29805461712.2314
  2272.936    5.8719    0.0000    6.6551         nan    2.1111    30670776893.3706
  2331.702    5.9150    0.0000    6.6783         nan    2.0050    31497877093.8874
  2390.469    5.9554    0.0000    6.7000         nan    1.8984    32286051035.3430
  2449.235    5.9932    0.0000    6.7203         nan    1.7913    33034644094.7240
  2508.002    6.0283    0.0000    6.7392         nan    1.6838    33743060082.1723
  2566.768    6.0610    0.0000    6.7568         nan    1.5760    34410764479.3882
  2625.535    6.0911    0.0000    6.7730         nan    1.4680    35037289792.3845
  2684.301    6.1189    0.0000    6.7880         nan    1.3601    35622244104.7748
  2743.068    6.1443    0.0000    6.8017         nan    1.2523    36165324682.7939
  2801.835    6.1673    0.0000    6.8141         nan    1.1451    36666339899.8484
  2860.601    6.1881    0.0000    6.8253         nan    1.0388    37125245495.3253
  2919.368    6.2065    0.0000    6.8353         nan    0.9342    37542206814.3324
  2978.134    6.2228    0.0000    6.8441         nan    0.8326    37917710995.9299
  3036.901    6.2368    0.0000    6.8517         nan    0.7364    38252782252.1974
  3095.667    6.2487    0.0000    6.8581         nan    0.6505    38549429541.5442
  3154.434    6.2584    0.0000    6.8634         nan    0.5866    38811681127.1731
  3213.200    6.2659    0.0000    6.8674         nan    0.5791    39048346464.1648
  3271.967    6.2712    0.0000    6.8703         nan    0.7670    39282116430.0578
  3330.733    6.2744    0.0000    6.8720         nan    2.2777    39591822930.7346
  3389.500    6.2755    0.0000    6.8726         nan    0.0000    40511712359.0642
