# Depth[km]  Vp[km/s]  Vs[km/s] Rho[g/cm3]    T[K]     g[m/s2]         P[Pa]        
     0.000    3.6491    2.1851    1.6404    273.1500    3.7291              0.0000
    10.516    3.6491    2.1851    1.6404    315.9595    3.7378       64325692.6935
    10.516    4.5423    2.7200    2.0419    315.9595    3.7378       64325692.6935
    27.716    4.5423    2.7200    2.0419    385.9913    3.7466      195605062.0902
    27.716    5.9548    3.5658    2.6769    385.9913    3.7466      195605062.0902
    49.801    5.9548    3.5658    2.6769    475.9111    3.7464      417102699.7267
    49.801    7.9941    4.5391    3.5189    475.9111    3.7464      417102699.7267
    59.471    7.9858    4.5290    3.5185    515.2785    3.7395      544561790.1941
    69.140    7.9773    4.5189    3.5180    554.6459    3.7327      671772658.4353
    78.809    7.9684    4.5086    3.5175    594.0134    3.7259      798734143.4404
    88.478    7.9590    4.4980    3.5168    633.3808    3.7192      925444147.7772
    98.147    7.9501    4.4879    3.5163    672.7482    3.7125     1051903292.6758
   107.816    7.9409    4.4776    3.5157    712.1156    3.7058     1178113101.3757
   117.485    7.9315    4.4673    3.5149    751.4830    3.6991     1304071681.7850
   127.154    7.9221    4.4570    3.5143    790.8504    3.6925     1429779123.7335
   136.823    7.9124    4.4467    3.5135    830.2178    3.6859     1555235410.4837
   146.492    7.9031    4.4366    3.5128    869.5852    3.6793     1680441130.5118
   156.161    7.8936    4.4265    3.5120    908.9526    3.6728     1805397120.4899
   165.830    7.8838    4.4164    3.5111    948.3200    3.6663     1930101802.8498
   175.499    7.8740    4.4062    3.5102    987.6874    3.6599     2054554851.2077
   185.169    7.8644    4.3961    3.5093   1027.0548    3.6534     2178757127.9057
   194.838    7.8550    4.3863    3.5085   1066.4222    3.6470     2302710262.1033
   204.507    7.8448    4.3759    3.5075   1105.7897    3.6407     2426413910.5625
   214.176    7.8356    4.3662    3.5066   1145.1571    3.6344     2549869768.4573
   223.845    7.8258    4.3561    3.5057   1184.5245    3.6281     2673079437.2513
   233.514    7.8160    4.3462    3.5047   1223.8919    3.6218     2796041347.1908
   243.183    7.8057    4.3359    3.5037   1263.2593    3.6156     2918756107.2804
   252.852    7.7964    4.3261    3.5027   1302.6267    3.6094     3041226108.0868
   262.521    7.7876    4.3168    3.5017   1341.9941    3.6033     3163452304.8953
   272.190    7.7778    4.3065    3.5006   1381.3615    3.5972     3285435011.9490
   281.859    7.7684    4.2969    3.4996   1420.7289    3.5912     3407174985.4567
   291.528    7.7593    4.2873    3.4985   1460.0963    3.5851     3528673164.8072
   301.197    7.7502    4.2778    3.4974   1499.4637    3.5792     3649930283.0354
   310.867    7.7402    4.2675    3.4963   1538.8311    3.5732     3770946998.4396
   320.536    7.7310    4.2580    3.4953   1578.1986    3.5674     3891726263.8398
   330.205    7.7213    4.2482    3.4942   1617.5660    3.5615     4012269497.3381
   339.874    7.7121    4.2384    3.4931   1656.9334    3.5557     4132577450.9091
   349.543    7.7022    4.2285    3.4919   1696.3008    3.5500     4252650718.8325
   359.212    7.6924    4.2186    3.4907   1735.6682    3.5442     4372489393.3778
   368.881    7.6824    4.2085    3.4895   1775.0356    3.5386     4492094434.9194
   378.550    7.6734    4.1989    3.4885   1814.4030    3.5330     4611469969.2780
   388.219    7.6633    4.1888    3.4873   1853.7704    3.5274     4730617316.3241
   397.888    7.6532    4.1787    3.4860   1893.1378    3.5218     4849534563.4471
   407.557    7.6434    4.1687    3.4848   1932.5052    3.5164     4968224161.2977
   417.226    7.6333    4.1586    3.4836   1971.8726    3.5109     5086687964.3914
   426.896    7.6235    4.1487    3.4824   2011.2400    3.5056     5204926780.7730
   436.565    7.6138    4.1386    3.4811   2050.6075    3.5002     5322942350.9668
   459.736    7.6429    4.1478    3.4897   2055.5618    3.4875     5605630675.7513
   482.908    7.6717    4.1569    3.4981   2060.3716    3.4749     5887979318.1384
   506.080    7.6998    4.1657    3.5064   2065.0818    3.4624     6169980979.6772
   529.252    7.7266    4.1741    3.5146   2069.6595    3.4499     6451626623.2396
   552.423    7.7534    4.1825    3.5227   2074.2630    3.4376     6732910900.9044
   575.595    7.7793    4.1905    3.5308   2078.6790    3.4253     7013832660.3486
   598.767    7.8048    4.1986    3.5386   2082.8749    3.4132     7294382023.0008
   621.939    7.8302    4.2065    3.5465   2087.1340    3.4011     7574558254.0349
   645.111    7.8557    4.2146    3.5544   2091.3637    3.3892     7854371289.4064
   668.282    7.8801    4.2221    3.5622   2095.5434    3.3774     8133820837.8652
   691.454    7.9045    4.2298    3.5699   2099.4413    3.3658     8412904145.9022
   714.626    7.9293    4.2375    3.5778   2103.4951    3.3543     8691632690.6789
   737.798    7.9533    4.2451    3.5854   2107.3064    3.3430     8970010349.5701
   760.969    7.9776    4.2529    3.5931   2111.0902    3.3318     9248041689.8655
   784.141    8.0024    4.2608    3.6010   2114.9448    3.3208     9525748031.7382
   807.313    8.0264    4.2685    3.6088   2118.5752    3.3100     9803138723.7878
   830.485    8.0512    4.2766    3.6167   2122.1726    3.2993    10080225054.0771
   853.656    8.0757    4.2848    3.6245   2125.7533    3.2889    10357021844.9412
   876.828    8.1020    4.2938    3.6329   2129.3522    3.2787    10633562057.9854
   900.000    8.1280    4.3029    3.6412   2132.8123    3.2686    10909878994.1803
   916.719    8.1471    4.3095    3.6474   2135.3198    3.2615    11109039491.9424
   933.439    8.1668    4.3167    3.6538   2137.7893    3.2545    11308108359.9301
   950.158    8.1869    4.3241    3.6603   2140.2553    3.2477    11507101576.6390
   966.877    8.2081    4.3321    3.6671   2142.6964    3.2409    11706038192.5584
   983.597    8.2304    4.3409    3.6743   2145.1782    3.2343    11904941516.5757
  1000.316    8.2534    4.3501    3.6818   2147.6846    3.2278    12103834984.6346
  1017.036    8.2721    4.3565    3.6884   2150.3124    3.2214    12302707450.0411
  1033.755    8.2891    4.3620    3.6945   2152.8531    3.2152    12501526974.3776
  1050.474    8.3088    4.3690    3.7015   2155.6755    3.2091    12700314544.3950
  1067.194    8.3268    4.3753    3.7080   2158.2937    3.2031    12899086904.0809
  1083.913    8.3425    4.3802    3.7136   2160.6876    3.1973    13097812734.0925
  1100.632    8.3615    4.3875    3.7206   2162.5787    3.1917    13296515940.7278
  1117.352    8.3836    4.3969    3.7288   2163.8412    3.1862    13495276825.6233
  1134.071    8.4072    4.4075    3.7378   2165.1109    3.1809    13694156896.2449
  1150.790    8.5332    4.4860    3.7724   2177.6583    3.1755    13893862155.0095
  1167.510    8.6987    4.5909    3.8160   2196.2312    3.1699    14095307040.5306
  1184.229    8.8641    4.6961    3.8582   2207.4054    3.1639    14298667413.6398
  1200.949    8.8788    4.7006    3.8635   2209.6319    3.1579    14502900255.8541
  1217.668    8.8937    4.7051    3.8691   2211.8681    3.1521    14707033357.5863
  1234.387    8.9074    4.7092    3.8743   2213.8127    3.1464    14911073875.5540
  1251.107    8.9211    4.7131    3.8795   2215.7786    3.1410    15115024285.2364
  1267.826    8.9345    4.7169    3.8847   2217.6265    3.1359    15318899402.7735
  1284.545    8.9476    4.7208    3.8898   2219.5692    3.1309    15522708031.1852
  1301.265    8.9608    4.7244    3.8952   2221.1451    3.1263    15726470316.5393
  1317.984    8.9743    4.7284    3.9007   2222.7441    3.1218    15930213886.2574
  1334.703    8.9869    4.7318    3.9060   2224.3040    3.1177    16133949896.9691
  1351.423    8.9994    4.7352    3.9113   2225.7998    3.1138    16337687687.0283
  1368.142    9.0122    4.7388    3.9168   2227.1813    3.1101    16541452084.1241
  1384.862    9.0244    4.7421    3.9222   2228.4318    3.1068    16745263575.8241
  1401.581    9.0366    4.7454    3.9276   2229.7014    3.1038    16949136321.1064
  1418.300    9.0487    4.7489    3.9327   2230.7703    3.1011    17153083976.5373
  1435.020    9.0602    4.7519    3.9379   2231.5571    3.0987    17357121764.6633
  1451.739    9.0724    4.7549    3.9443   2232.8755    3.0967    17561302899.8623
  1468.458    9.1035    4.7704    3.9537   2236.1913    3.0949    17765759243.7266
  1485.178    9.1425    4.7913    3.9648   2240.2173    3.0935    17970633808.2851
  1501.897    9.1823    4.8127    3.9769   2244.5268    3.0924    18176013296.4539
  1518.616    9.2219    4.8343    3.9892   2249.1175    3.0916    18381947365.0284
  1535.336    9.2618    4.8564    4.0019   2253.3585    3.0910    18588471404.5883
  1552.055    9.2814    4.8654    4.0087   2256.0351    3.0909    18795463732.5835
  1552.055    5.1967    0.0000    4.0281         nan    3.0909    18795463732.5835
  1570.274    5.2130    0.0000    4.0337         nan    3.0909    19022453458.6035
  1588.493    5.2294    0.0000    4.0394         nan    3.0914    19249760856.9804
  1606.712    5.2458    0.0000    4.0450         nan    3.0925    19477425649.7018
  1624.931    5.2617    0.0000    4.0505         nan    3.0942    19705485484.7150
  1643.150    5.2773    0.0000    4.0559         nan    3.0965    19933976451.7323
  1661.369    5.2928    0.0000    4.0612         nan    3.0995    20162940928.7409
  1679.588    5.3084    0.0000    4.0666         nan    3.1031    20392426954.0256
  1697.807    5.3231    0.0000    4.0717         nan    3.1075    20622477891.9557
  1716.026    5.3379    0.0000    4.0768         nan    3.1126    20853140060.7842
  1716.026    5.1899    0.0000    6.4168         nan    3.1126    20853140060.7842
  1773.732    5.2532    0.0000    6.4585         nan    3.0160    22009430163.0832
  1831.438    5.3132    0.0000    6.4983         nan    2.9183    23136945327.5297
  1889.144    5.3701    0.0000    6.5361         nan    2.8193    24234442004.2352
  1946.850    5.4240    0.0000    6.5720         nan    2.7193    25300738255.8718
  2004.556    5.4752    0.0000    6.6062         nan    2.6183    26334710904.3215
  2062.262    5.5237    0.0000    6.6386         nan    2.5163    27335293079.0000
  2119.968    5.5695    0.0000    6.6693         nan    2.4133    28301472105.4263
  2177.674    5.6129    0.0000    6.6985         nan    2.3095    29232287688.5359
  2235.380    5.6538    0.0000    6.7260         nan    2.2048    30126830355.1925
  2293.086    5.6923    0.0000    6.7520         nan    2.0994    30984240128.7387
  2350.792    5.7286    0.0000    6.7765         nan    1.9932    31803705418.0560
  2408.498    5.7626    0.0000    6.7995         nan    1.8864    32584462117.9617
  2466.204    5.7944    0.0000    6.8210         nan    1.7789    33325792923.5075
  2523.910    5.8241    0.0000    6.8412         nan    1.6708    34027026881.6311
  2581.616    5.8517    0.0000    6.8599         nan    1.5623    34687539225.7203
  2639.322    5.8772    0.0000    6.8772         nan    1.4532    35306751574.4299
  2697.028    5.9007    0.0000    6.8932         nan    1.3437    35884132639.9018
  2754.734    5.9223    0.0000    6.9079         nan    1.2339    36419199697.8085
  2812.440    5.9418    0.0000    6.9212         nan    1.1237    36911521271.8743
  2870.146    5.9595    0.0000    6.9332         nan    1.0134    37360721867.7282
  2927.852    5.9752    0.0000    6.9440         nan    0.9030    37766490381.7728
  2985.558    5.9890    0.0000    6.9534         nan    0.7928    38128595536.6150
  3043.264    6.0010    0.0000    6.9616         nan    0.6832    38446915773.9122
  3100.970    6.0111    0.0000    6.9685         nan    0.5748    38721501692.9183
  3158.676    6.0193    0.0000    6.9741         nan    0.4693    38952720629.4893
  3216.382    6.0257    0.0000    6.9785         nan    0.3716    39141642932.4418
  3274.088    6.0303    0.0000    6.9816         nan    0.3012    39291315059.5070
  3331.794    6.0330    0.0000    6.9835         nan    0.4162    39412672001.1275
  3389.500    6.0339    0.0000    6.9841         nan    0.0000    39580399227.6030
