# Depth[km]  Vp[km/s]  Vs[km/s] Rho[g/cm3]    T[K]     g[m/s2]         P[Pa]        
     0.000    3.6946    2.2285    1.6737    273.1500    3.7291              0.0000
    12.382    3.6946    2.2285    1.6737    321.1282    3.7390       77282808.7441
    12.382    4.5978    2.7733    2.0829    321.1282    3.7390       77282808.7441
    29.283    4.5978    2.7733    2.0829    386.6200    3.7471      208905183.8903
    29.283    6.1470    3.7078    2.7847    386.6200    3.7471      208905183.8903
    46.976    6.1470    3.7078    2.7847    455.1806    3.7453      393518648.3930
    46.976    7.9602    4.5353    3.5039    455.1806    3.7453      393518648.3930
    56.795    7.9532    4.5262    3.5038    493.2282    3.7385      522368932.3033
    66.613    7.9458    4.5169    3.5037    531.2758    3.7316      650979300.2976
    76.432    7.9380    4.5073    3.5035    569.3234    3.7249      779348256.5223
    86.251    7.9302    4.4979    3.5032    607.3710    3.7181      907475665.3852
    96.069    7.9216    4.4880    3.5028    645.4186    3.7114     1035358751.0266
   105.888    7.9132    4.4783    3.5025    683.4662    3.7047     1162996901.4758
   115.706    7.9050    4.4688    3.5022    721.5138    3.6980     1290393089.6817
   125.525    7.8962    4.4591    3.5017    759.5614    3.6913     1417545275.6576
   135.344    7.8878    4.4494    3.5013    797.6090    3.6847     1544453277.9397
   145.162    7.8786    4.4397    3.5008    835.6566    3.6782     1671117392.0611
   154.981    7.8702    4.4302    3.5003    873.7042    3.6716     1797537805.6626
   164.799    7.8609    4.4203    3.4997    911.7518    3.6651     1923714271.9772
   174.618    7.8520    4.4107    3.4992    949.7994    3.6586     2049645344.6363
   184.437    7.8433    4.4012    3.4986    987.8470    3.6521     2175334070.7980
   194.255    7.8341    4.3915    3.4980   1025.8946    3.6457     2300780295.1348
   204.074    7.8248    4.3818    3.4973   1063.9422    3.6393     2425981732.1169
   213.893    7.8152    4.3720    3.4966   1101.9898    3.6330     2550938804.3961
   223.711    7.8060    4.3623    3.4959   1140.0374    3.6267     2675652992.6737
   233.530    7.7967    4.3526    3.4952   1178.0850    3.6204     2800126041.8231
   243.348    7.7876    4.3431    3.4945   1216.1326    3.6142     2924358855.7904
   253.167    7.7782    4.3334    3.4937   1254.1802    3.6080     3048350695.3126
   262.986    7.7691    4.3238    3.4930   1292.2278    3.6018     3172102825.4511
   272.804    7.7597    4.3142    3.4921   1330.2754    3.5957     3295615344.6556
   282.623    7.7511    4.3050    3.4913   1368.3230    3.5896     3418888091.4767
   292.442    7.7422    4.2956    3.4905   1406.3705    3.5836     3541923990.6103
   302.260    7.7333    4.2861    3.4897   1444.4181    3.5776     3664725394.8111
   312.079    7.7247    4.2769    3.4889   1482.4657    3.5716     3787293113.9657
   321.897    7.7151    4.2672    3.4880   1520.5133    3.5657     3909625946.0170
   331.716    7.7057    4.2575    3.4870   1558.5609    3.5598     4031723316.4966
   341.535    7.6967    4.2482    3.4862   1596.6085    3.5540     4153589472.2497
   351.353    7.6871    4.2386    3.4852   1634.6561    3.5482     4275225123.7374
   361.172    7.6784    4.2292    3.4844   1672.7037    3.5424     4396631047.5036
   370.990    7.6684    4.2194    3.4834   1710.7513    3.5367     4517808459.9467
   380.809    7.6594    4.2099    3.4826   1748.7989    3.5311     4638759047.3858
   390.628    7.6500    4.2003    3.4817   1786.8465    3.5255     4759486206.6134
   400.446    7.6400    4.1905    3.4807   1824.8941    3.5199     4879987935.7659
   410.265    7.6310    4.1810    3.4798   1862.9417    3.5144     5000267777.1447
   420.084    7.6209    4.1711    3.4788   1900.9893    3.5089     5120327407.5738
   429.902    7.6119    4.1616    3.4780   1939.0369    3.5035     5240168394.9406
   439.721    7.6014    4.1515    3.4769   1977.0845    3.4981     5359791148.1335
   462.735    7.6326    4.1608    3.4855   1981.7770    3.4857     5640049528.0587
   485.749    7.6628    4.1698    3.4940   1986.4462    3.4732     5919994630.5238
   508.763    7.6922    4.1785    3.5024   1990.9256    3.4609     6199614502.6654
   531.777    7.7204    4.1868    3.5106   1995.3339    3.4486     6478898330.2424
   554.791    7.7481    4.1949    3.5186   1999.5686    3.4364     6757836810.3143
   577.805    7.7756    4.2030    3.5266   2003.8072    3.4244     7036427226.2089
   600.819    7.8026    4.2111    3.5346   2007.9469    3.4124     7314669666.6829
   623.832    7.8282    4.2185    3.5423   2011.8509    3.4006     7592554568.9098
   646.846    7.8547    4.2264    3.5501   2015.8529    3.3889     7870084238.5416
   669.860    7.8800    4.2338    3.5578   2019.6831    3.3773     8147262320.0959
   692.874    7.9057    4.2415    3.5655   2023.4879    3.3658     8424090351.2065
   715.888    7.9305    4.2488    3.5731   2027.2266    3.3545     8700571904.9473
   738.902    7.9559    4.2565    3.5808   2030.9024    3.3434     8976714056.9063
   761.916    7.9807    4.2639    3.5883   2034.5017    3.3324     9252526174.3894
   784.930    8.0057    4.2715    3.5959   2037.9722    3.3216     9528014702.5775
   807.944    8.0307    4.2792    3.6036   2041.4542    3.3110     9803193482.3919
   830.958    8.0554    4.2869    3.6112   2044.8333    3.3006    10078073511.5235
   853.972    8.0803    4.2946    3.6189   2048.2844    3.2904    10352669953.4167
   876.986    8.1062    4.3031    3.6269   2051.5221    3.2803    10627009856.9554
   900.000    8.1325    4.3117    3.6350   2054.8410    3.2705    10901122525.7150
   916.959    8.1514    4.3179    3.6410   2057.1639    3.2635    11102902429.5842
   933.918    8.1729    4.3258    3.6475   2059.5882    3.2565    11304592431.9158
   950.877    8.1923    4.3322    3.6537   2061.9034    3.2497    11506203768.8256
   967.836    8.2127    4.3395    3.6602   2064.3166    3.2429    11707739628.5002
   984.795    8.2330    4.3466    3.6667   2066.6172    3.2364    11909216258.0598
  1001.754    8.2579    4.3565    3.6745   2069.0394    3.2299    12110678050.9458
  1018.713    8.2826    4.3663    3.6824   2071.5281    3.2236    12312168830.7715
  1035.672    8.3076    4.3765    3.6904   2074.0141    3.2174    12513699750.5871
  1052.630    8.3248    4.3819    3.6961   2076.1600    3.2114    12715218751.2942
  1069.589    8.3416    4.3872    3.7018   2078.3278    3.2055    12916668200.7281
  1086.548    8.3590    4.3930    3.7077   2080.3892    3.1998    13118063181.2072
  1103.507    8.3755    4.3983    3.7132   2082.5398    3.1943    13319411058.6772
  1120.466    8.4767    4.4601    3.7412   2092.6565    3.1888    13521320225.0298
  1137.425    8.6435    4.5658    3.7857   2108.1952    3.1831    13724842118.2390
  1154.384    8.8491    4.6977    3.8384   2125.3444    3.1769    13930620218.9581
  1171.343    8.8673    4.7046    3.8442   2127.7076    3.1706    14137577117.4709
  1188.302    8.8825    4.7093    3.8493   2129.9877    3.1645    14344419363.5046
  1205.261    8.8988    4.7137    3.8558   2132.7987    3.1586    14551176612.4880
  1222.220    8.9146    4.7184    3.8616   2135.2567    3.1529    14757877700.7354
  1239.179    8.9296    4.7229    3.8670   2137.6530    3.1475    14964503661.7434
  1256.138    8.9447    4.7274    3.8725   2140.1168    3.1422    15171061463.7413
  1273.097    8.9594    4.7320    3.8777   2142.4761    3.1372    15377562494.8085
  1290.056    8.9744    4.7367    3.8832   2144.8857    3.1325    15584019371.6116
  1307.015    8.9891    4.7413    3.8885   2147.2710    3.1280    15790450235.6314
  1323.974    9.0028    4.7458    3.8933   2149.5092    3.1238    15996853133.0281
  1340.933    9.0173    4.7504    3.8986   2151.9045    3.1198    16203243102.3086
  1357.891    9.0303    4.7549    3.9030   2154.0385    3.1162    16409628959.1293
  1374.850    9.0448    4.7596    3.9083   2156.3391    3.1128    16616029431.6286
  1391.809    9.0616    4.7658    3.9137   2159.0843    3.1098    16822490253.0941
  1408.768    9.1029    4.7882    3.9233   2164.4102    3.1071    17029147409.1094
  1425.727    9.1445    4.8102    3.9343   2170.8506    3.1046    17236167832.8835
  1442.686    9.1837    4.8318    3.9439   2176.4686    3.1024    17443566692.4927
  1459.645    9.2236    4.8540    3.9538   2182.2796    3.1005    17651331724.2701
  1476.604    9.2646    4.8763    3.9650   2188.3488    3.0989    17859523891.6407
  1493.563    9.3050    4.8992    3.9756   2194.8236    3.0976    18068181847.4928
  1510.522    9.3454    4.9223    3.9864   2201.4851    3.0967    18277314323.5766
  1527.481    9.3726    4.9366    3.9943   2204.9640    3.0960    18486870828.7393
  1544.440    9.3851    4.9410    3.9986   2206.9972    3.0958    18696707254.6068
  1561.399    9.3975    4.9453    4.0030   2209.0068    3.0961    18906759107.5426
  1561.399    4.9524    0.0000    4.0043         nan    3.0961    18906759107.5426
  1577.641    4.9653    0.0000    4.0098         nan    3.0968    19108267894.1711
  1593.884    4.9781    0.0000    4.0152         nan    3.0979    19310095656.5425
  1610.126    4.9910    0.0000    4.0207         nan    3.0995    19512271199.4462
  1626.369    5.0038    0.0000    4.0261         nan    3.1015    19714823833.9209
  1642.611    5.0160    0.0000    4.0313         nan    3.1041    19917778618.0676
  1658.854    5.0283    0.0000    4.0365         nan    3.1072    20121162843.3756
  1675.096    5.0405    0.0000    4.0417         nan    3.1108    20325010925.2093
  1691.339    5.0526    0.0000    4.0469         nan    3.1149    20529357334.4933
  1707.581    5.0643    0.0000    4.0519         nan    3.1197    20734233467.9425
  1707.581    5.2216    0.0000    6.3969         nan    3.1197    20734233467.9425
  1765.579    5.2810    0.0000    6.4383         nan    3.0231    21895389338.6309
  1823.576    5.3375    0.0000    6.4778         nan    2.9252    23027669509.1469
  1881.573    5.3911    0.0000    6.5154         nan    2.8262    24129844759.6741
  1939.570    5.4420    0.0000    6.5512         nan    2.7262    25200744773.1907
  1997.567    5.4903    0.0000    6.5853         nan    2.6251    26239255909.7267
  2055.565    5.5360    0.0000    6.6177         nan    2.5230    27244319338.7541
  2113.562    5.5793    0.0000    6.6485         nan    2.4201    28214929489.5894
  2171.559    5.6203    0.0000    6.6776         nan    2.3162    29150132797.5263
  2229.556    5.6590    0.0000    6.7052         nan    2.2116    30049026735.7668
  2287.553    5.6955    0.0000    6.7312         nan    2.1063    30910759137.3181
  2345.551    5.7299    0.0000    6.7558         nan    2.0002    31734527832.9046
  2403.548    5.7621    0.0000    6.7789         nan    1.8935    32519580653.3925
  2461.545    5.7923    0.0000    6.8005         nan    1.7863    33265215883.0026
  2519.542    5.8204    0.0000    6.8208         nan    1.6785    33970783303.5553
  2577.539    5.8466    0.0000    6.8396         nan    1.5703    34635686056.8776
  2635.536    5.8708    0.0000    6.8571         nan    1.4618    35259383696.3353
  2693.534    5.8932    0.0000    6.8732         nan    1.3530    35841397042.1265
  2751.531    5.9136    0.0000    6.8879         nan    1.2441    36381315884.9659
  2809.528    5.9322    0.0000    6.9014         nan    1.1354    36878811384.5966
  2867.525    5.9489    0.0000    6.9135         nan    1.0270    37333656560.2480
  2925.522    5.9639    0.0000    6.9243         nan    0.9194    37745761448.0497
  2983.520    5.9770    0.0000    6.9338         nan    0.8134    38115236458.7851
  3041.517    5.9884    0.0000    6.9420         nan    0.7102    38442513941.4024
  3099.514    5.9980    0.0000    6.9490         nan    0.6128    38728600959.0368
  3157.511    6.0058    0.0000    6.9547         nan    0.5277    38975663429.5786
  3215.508    6.0119    0.0000    6.9591         nan    0.4744    39188585544.7064
  3273.506    6.0162    0.0000    6.9622         nan    0.5313    39380107922.5538
  3331.503    6.0188    0.0000    6.9641         nan    1.3350    39594688076.8959
  3389.500    6.0197    0.0000    6.9648         nan    0.0000    40133936402.2644
