# Depth[km]  Vp[km/s]  Vs[km/s] Rho[g/cm3]    T[K]     g[m/s2]         P[Pa]        
     0.000    3.4815    2.0938    1.6027    273.1500    3.7291              0.0000
    10.637    3.4815    2.0938    1.6027    313.3689    3.7383       63577364.8410
    10.637    4.8779    2.9335    2.2456    313.3689    3.7383       63577364.8410
    28.031    4.8779    2.9335    2.2456    379.1390    3.7441      209589018.8340
    28.031    6.3023    3.7902    2.9013    379.1390    3.7441      209589018.8340
    43.215    6.3023    3.7902    2.9013    436.5514    3.7411      374525382.6815
    43.215    7.9529    4.5338    3.4843    436.5514    3.7411      374525382.6815
    53.066    7.9477    4.5261    3.4844    473.8028    3.7343      502942711.4109
    62.918    7.9421    4.5181    3.4845    511.0542    3.7276      631132047.9038
    72.769    7.9361    4.5100    3.4845    548.3056    3.7209      759091796.8731
    82.621    7.9299    4.5017    3.4844    585.5569    3.7142      886820145.0873
    92.473    7.9228    4.4930    3.4842    622.8083    3.7076     1014313720.0330
   102.324    7.9163    4.4847    3.4841    660.0597    3.7009     1141572510.1721
   112.176    7.9097    4.4762    3.4839    697.3111    3.6943     1268598471.3172
   122.027    7.9031    4.4678    3.4837    734.5624    3.6878     1395391573.2976
   131.879    7.8957    4.4590    3.4833    771.8138    3.6813     1521949379.9389
   141.731    7.8890    4.4506    3.4831    809.0652    3.6748     1648271843.4004
   151.582    7.8816    4.4419    3.4826    846.3166    3.6683     1774358692.3821
   161.434    7.8745    4.4333    3.4822    883.5679    3.6618     1900208510.8169
   171.285    7.8673    4.4246    3.4818    920.8193    3.6554     2025822781.2536
   181.137    7.8606    4.4163    3.4814    958.0707    3.6491     2151203065.6420
   190.989    7.8533    4.4076    3.4809    995.3221    3.6427     2276348890.3248
   200.840    7.8461    4.3991    3.4804   1032.5734    3.6364     2401258628.9328
   210.692    7.8385    4.3904    3.4797   1069.8248    3.6302     2525930794.8500
   220.544    7.8312    4.3818    3.4792   1107.0762    3.6239     2650365959.4885
   230.395    7.8237    4.3730    3.4786   1144.3276    3.6177     2774567394.2347
   240.247    7.8165    4.3644    3.4780   1181.5789    3.6116     2898536359.6258
   250.098    7.8102    4.3563    3.4775   1218.8303    3.6054     3022273816.0970
   259.950    7.8025    4.3476    3.4768   1256.0817    3.5993     3145778719.2000
   269.802    7.7953    4.3391    3.4762   1293.3331    3.5933     3269052440.4509
   279.653    7.7886    4.3307    3.4756   1330.5844    3.5873     3392097782.1809
   289.505    7.7819    4.3225    3.4749   1367.8358    3.5813     3514915388.6416
   299.356    7.7741    4.3136    3.4741   1405.0872    3.5754     3637503112.0982
   309.208    7.7671    4.3052    3.4735   1442.3386    3.5695     3759861885.0548
   319.060    7.7599    4.2968    3.4728   1479.5899    3.5637     3881995197.8678
   328.911    7.7523    4.2881    3.4719   1516.8413    3.5579     4003901695.8977
   338.763    7.7453    4.2797    3.4712   1554.0927    3.5521     4125582937.1010
   348.614    7.7388    4.2715    3.4706   1591.3441    3.5464     4247042883.0872
   358.466    7.7306    4.2626    3.4696   1628.5954    3.5407     4368279149.4238
   368.318    7.7237    4.2542    3.4689   1665.8468    3.5351     4489292561.6313
   378.169    7.7169    4.2458    3.4682   1703.0982    3.5295     4610088666.0829
   388.021    7.7085    4.2368    3.4672   1740.3496    3.5239     4730665003.3447
   397.872    7.7015    4.2283    3.4665   1777.6009    3.5184     4851021840.6853
   407.724    7.6941    4.2197    3.4656   1814.8523    3.5130     4971162698.8470
   417.576    7.6868    4.2110    3.4648   1852.1037    3.5076     5091089025.2823
   427.427    7.6791    4.2023    3.4638   1889.3551    3.5023     5210800627.3804
   437.279    7.6715    4.1934    3.4631   1926.6064    3.4970     5330300136.4563
   460.415    7.6997    4.2020    3.4713   1931.0322    3.4846     5610814663.0273
   483.551    7.7273    4.2104    3.4794   1935.4395    3.4723     5890994450.2883
   506.687    7.7538    4.2183    3.4874   1939.8066    3.4602     6170835150.2352
   529.823    7.7789    4.2256    3.4951   1943.9541    3.4481     6450325299.2663
   552.959    7.8046    4.2332    3.5030   1948.1587    3.4361     6729461100.6868
   576.095    7.8291    4.2404    3.5106   1952.1283    3.4242     7008240973.9795
   599.231    7.8545    4.2480    3.5183   1956.2260    3.4125     7286666119.2670
   622.367    7.8784    4.2550    3.5257   1960.0402    3.4009     7564735864.7180
   645.503    7.9030    4.2622    3.5334   1964.1739    3.3894     7842454136.6493
   668.639    7.9263    4.2689    3.5409   1967.9671    3.3781     8119827398.6117
   691.775    7.9496    4.2756    3.5482   1971.6908    3.3669     8396851604.7757
   714.912    7.9729    4.2825    3.5555   1975.3561    3.3559     8673531078.3581
   738.048    7.9967    4.2894    3.5630   1979.1701    3.3450     8949877993.0873
   761.184    8.0195    4.2960    3.5703   1982.7272    3.3343     9225900948.6210
   784.320    8.0427    4.3028    3.5776   1986.2431    3.3239     9501606534.0186
   807.456    8.0654    4.3094    3.5848   1989.6984    3.3136     9777005387.0818
   830.592    8.0877    4.3158    3.5920   1993.1307    3.3035    10052103925.0669
   853.728    8.1111    4.3230    3.5993   1996.4440    3.2937    10326920541.3173
   876.864    8.1346    4.3302    3.6068   1999.8160    3.2840    10601482047.9795
   900.000    8.1578    4.3373    3.6142   2003.0883    3.2746    10875806356.5632
   916.927    8.1753    4.3427    3.6198   2005.5124    3.2679    11076294567.1990
   933.854    8.1928    4.3483    3.6254   2007.8575    3.2613    11276680202.3815
   950.781    8.2102    4.3540    3.6309   2010.1597    3.2549    11476968600.5672
   967.707    8.2300    4.3607    3.6372   2012.7465    3.2486    11677188923.5311
   984.634    8.2484    4.3669    3.6431   2015.0542    3.2425    11877357498.4342
  1001.561    8.2676    4.3735    3.6493   2017.4137    3.2365    12077478568.4894
  1018.488    8.2873    4.3806    3.6557   2019.7621    3.2306    12277574111.5540
  1035.415    8.3079    4.3881    3.6624   2022.1031    3.2249    12477664527.6326
  1052.342    8.3238    4.3929    3.6677   2024.2951    3.2194    12677730368.3795
  1069.269    8.3394    4.3975    3.6729   2026.4404    3.2140    12877739494.7736
  1086.195    8.3552    4.4022    3.6782   2028.5939    3.2089    13077703202.6283
  1103.122    8.4446    4.4571    3.7027   2037.8550    3.2038    13278156821.2233
  1120.049    8.5849    4.5465    3.7399   2051.6841    3.1985    13479965399.5736
  1136.976    8.7506    4.6533    3.7827   2069.9990    3.1930    13683606965.7854
  1153.903    8.8186    4.6934    3.8009   2072.7966    3.1873    13888541991.8283
  1170.830    8.8340    4.6977    3.8063   2075.1678    3.1817    14093748343.7121
  1187.757    8.8498    4.7020    3.8119   2077.5796    3.1763    14298891831.4124
  1204.683    8.8654    4.7063    3.8174   2079.9525    3.1711    14503987838.4165
  1221.610    8.8807    4.7106    3.8229   2082.3303    3.1662    14709043962.4039
  1238.537    8.8963    4.7149    3.8285   2084.7563    3.1615    14914077896.8308
  1255.464    8.9121    4.7194    3.8343   2087.1287    3.1570    15119112063.2736
  1272.391    8.9276    4.7238    3.8399   2089.5191    3.1528    15324159567.5031
  1289.318    8.9428    4.7281    3.8454   2091.9197    3.1488    15529229124.0656
  1306.245    8.9585    4.7326    3.8512   2094.3498    3.1451    15734341375.9085
  1323.171    8.9737    4.7369    3.8568   2096.7534    3.1417    15939514825.4788
  1340.098    8.9889    4.7413    3.8624   2099.1685    3.1386    16144763118.0865
  1357.025    9.0070    4.7476    3.8685   2101.8906    3.1357    16350117513.0009
  1373.952    9.0465    4.7674    3.8785   2107.5082    3.1331    16555712223.6045
  1390.879    9.0857    4.7872    3.8885   2113.2018    3.1308    16761670895.0946
  1407.806    9.1245    4.8071    3.8987   2118.9222    3.1288    16968014500.0633
  1424.733    9.1644    4.8278    3.9093   2124.5673    3.1270    17174772684.6003
  1441.659    9.2029    4.8480    3.9197   2130.6152    3.1256    17381969820.0300
  1458.586    9.2436    4.8699    3.9306   2136.4820    3.1244    17589635082.9955
  1475.513    9.2829    4.8911    3.9416   2142.7404    3.1235    17797800233.1902
  1492.440    9.3190    4.9104    3.9519   2148.1521    3.1230    18006468571.8098
  1509.367    9.3331    4.9149    3.9571   2150.3929    3.1228    18215511672.9250
  1526.294    9.3470    4.9193    3.9622   2152.6307    3.1231    18424816991.4016
  1543.221    9.3611    4.9240    3.9674   2154.8593    3.1238    18634413008.0796
  1560.147    9.3748    4.9285    3.9725   2157.0635    3.1250    18844328958.0963
  1560.147    4.7321    0.0000    4.0200         nan    3.1250    18844328958.0963
  1573.215    4.7427    0.0000    4.0248         nan    3.1257    19008592473.7246
  1586.283    4.7532    0.0000    4.0297         nan    3.1267    19173092852.7397
  1599.351    4.7638    0.0000    4.0346         nan    3.1280    19337845086.1816
  1612.419    4.7743    0.0000    4.0394         nan    3.1296    19502864697.3995
  1625.487    4.7848    0.0000    4.0443         nan    3.1316    19668166961.8326
  1638.555    4.7948    0.0000    4.0489         nan    3.1338    19833763905.2478
  1651.622    4.8048    0.0000    4.0535         nan    3.1364    19999669005.8997
  1664.690    4.8149    0.0000    4.0582         nan    3.1393    20165900243.6348
  1677.758    4.8249    0.0000    4.0628         nan    3.1425    20332476239.4277
  1677.758    5.1082    0.0000    6.3245         nan    3.1425    20332476239.4277
  1736.784    5.1938    0.0000    6.3681         nan    3.0455    21509653063.3409
  1795.809    5.2744    0.0000    6.4093         nan    2.9471    22658101770.7061
  1854.835    5.3502    0.0000    6.4483         nan    2.8475    23776427289.0906
  1913.861    5.4217    0.0000    6.4851         nan    2.7468    24863320912.5732
  1972.886    5.4891    0.0000    6.5198         nan    2.6449    25917553676.7363
  2031.912    5.5527    0.0000    6.5526         nan    2.5421    26937970853.1410
  2090.937    5.6125    0.0000    6.5835         nan    2.4383    27923487362.8530
  2149.963    5.6688    0.0000    6.6127         nan    2.3335    28873083949.7875
  2208.988    5.7217    0.0000    6.6402         nan    2.2280    29785804004.1883
  2268.014    5.7714    0.0000    6.6660         nan    2.1217    30660750963.2078
  2327.040    5.8180    0.0000    6.6903         nan    2.0147    31497086247.3292
  2386.065    5.8616    0.0000    6.7130         nan    1.9070    32294027722.8596
  2445.091    5.9023    0.0000    6.7342         nan    1.7987    33050848718.1382
  2504.116    5.9401    0.0000    6.7539         nan    1.6900    33766877672.7914
  2563.142    5.9752    0.0000    6.7723         nan    1.5807    34441498574.0722
  2622.167    6.0077    0.0000    6.7892         nan    1.4711    35074152450.5130
  2681.193    6.0375    0.0000    6.8048         nan    1.3611    35664340385.1012
  2740.219    6.0647    0.0000    6.8191         nan    1.2511    36211628854.9423
  2799.244    6.0894    0.0000    6.8320         nan    1.1410    36715658831.0098
  2858.270    6.1117    0.0000    6.8437         nan    1.0311    37176161288.6811
  2917.295    6.1315    0.0000    6.8541         nan    0.9218    37592984269.9694
  2976.321    6.1489    0.0000    6.8632         nan    0.8136    37966142088.2242
  3035.347    6.1639    0.0000    6.8711         nan    0.7076    38295910166.2166
  3094.372    6.1766    0.0000    6.8777         nan    0.6060    38583022671.9836
  3153.398    6.1870    0.0000    6.8832         nan    0.5140    38829129680.2607
  3212.423    6.1950    0.0000    6.8874         nan    0.4466    39038018082.2658
  3271.449    6.2007    0.0000    6.8904         nan    0.4650    39219634914.1325
  3330.474    6.2042    0.0000    6.8922         nan    1.0639    39408771507.6384
  3389.500    6.2053    0.0000    6.8928         nan    0.0000    39841594446.3073
