# Depth[km]  Vp[km/s]  Vs[km/s] Rho[g/cm3]    T[K]     g[m/s2]         P[Pa]        
     0.000    3.8656    2.3034    1.7920    273.1500    3.7291              0.0000
    12.393    3.8656    2.3034    1.7920    319.6877    3.7378       82815745.4261
    12.393    4.7547    2.8332    2.2042    319.6877    3.7378       82815745.4261
    27.606    4.7547    2.8332    2.2042    376.8211    3.7435      208156061.2408
    27.606    6.3324    3.7732    2.9356    376.8211    3.7435      208156061.2408
    44.460    6.3324    3.7732    2.9356    440.1171    3.7396      393370457.8640
    44.460    7.8415    4.4847    3.4771    440.1171    3.7396      393370457.8640
    54.026    7.8375    4.4782    3.4775    476.0430    3.7331      517763687.4959
    63.592    7.8331    4.4714    3.4778    511.9690    3.7266      641952744.6017
    73.158    7.8284    4.4645    3.4780    547.8949    3.7201      765936041.8805
    82.724    7.8232    4.4573    3.4782    583.8208    3.7137      889711384.8372
    92.290    7.8180    4.4500    3.4783    619.7468    3.7073     1013277545.4668
   101.856    7.8118    4.4424    3.4782    655.6727    3.7009     1136631247.9636
   111.422    7.8061    4.4349    3.4782    691.5986    3.6946     1259771271.9003
   120.988    7.8006    4.4274    3.4782    727.5245    3.6882     1382700254.6771
   130.555    7.7948    4.4199    3.4782    763.4505    3.6819     1505418235.9169
   140.121    7.7882    4.4120    3.4779    799.3764    3.6756     1627921501.9606
   149.687    7.7824    4.4044    3.4778    835.3023    3.6694     1750209589.0875
   159.253    7.7756    4.3965    3.4775    871.2283    3.6632     1872282625.6265
   168.819    7.7698    4.3889    3.4774    907.1542    3.6570     1994140493.4154
   178.385    7.7632    4.3809    3.4770    943.0801    3.6508     2115783176.5952
   187.951    7.7572    4.3732    3.4768    979.0060    3.6447     2237210212.5408
   197.517    7.7508    4.3654    3.4764   1014.9320    3.6386     2358422180.9490
   207.083    7.7438    4.3573    3.4758   1050.8579    3.6325     2479415200.8665
   216.649    7.7379    4.3497    3.4755   1086.7838    3.6265     2600191873.2545
   226.215    7.7315    4.3418    3.4750   1122.7098    3.6205     2720754087.0638
   235.782    7.7246    4.3337    3.4746   1158.6357    3.6145     2841100478.3282
   245.348    7.7180    4.3258    3.4741   1194.5616    3.6086     2961232626.5990
   254.914    7.7112    4.3178    3.4736   1230.4875    3.6027     3081150961.8505
   264.480    7.7048    4.3100    3.4731   1266.4135    3.5968     3200856092.9378
   274.046    7.6982    4.3020    3.4726   1302.3394    3.5910     3320348920.6502
   283.612    7.6902    4.2935    3.4719   1338.2653    3.5852     3439628286.1674
   293.178    7.6819    4.2849    3.4714   1374.1913    3.5795     3558694154.2428
   302.744    7.6741    4.2764    3.4709   1410.1172    3.5738     3677550751.3979
   312.310    7.6663    4.2679    3.4704   1446.0431    3.5681     3796201228.5280
   321.876    7.6585    4.2595    3.4699   1481.9690    3.5624     3914646724.8391
   331.442    7.6500    4.2508    3.4693   1517.8950    3.5568     4032885897.6256
   341.008    7.6423    4.2423    3.4688   1553.8209    3.5513     4150919616.6680
   350.575    7.6333    4.2334    3.4681   1589.7468    3.5458     4268748427.8544
   360.141    7.6142    4.2205    3.4657   1625.6728    3.5403     4386342741.8151
   369.707    7.6165    4.2159    3.4669   1661.5987    3.5348     4503735094.3232
   379.273    7.6083    4.2072    3.4663   1697.5246    3.5294     4620957391.5987
   388.839    7.5917    4.1953    3.4644   1733.4505    3.5241     4737959004.3856
   398.405    7.5840    4.1868    3.4639   1769.3765    3.5188     4854742550.3467
   407.971    7.5819    4.1805    3.4643   1805.3024    3.5135     4971348720.9227
   417.537    7.5730    4.1715    3.4636   1841.2283    3.5083     5087774697.6022
   427.103    7.5610    4.1613    3.4624   1877.1543    3.5031     5203995834.5784
   450.748    7.5903    4.1689    3.4707   1881.3241    3.4904     5491133846.2698
   474.393    7.6299    4.1806    3.4805   1886.4620    3.4778     5777974058.5216
   498.038    7.6603    4.1888    3.4888   1890.7074    3.4652     6064521901.3324
   521.683    7.6914    4.1973    3.4973   1895.0244    3.4527     6350724785.1162
   545.327    7.7206    4.2053    3.5054   1899.1442    3.4404     6636572865.8687
   568.972    7.7497    4.2131    3.5135   1903.1279    3.4281     6922056676.1512
   592.617    7.7774    4.2205    3.5213   1906.9976    3.4160     7207170109.9915
   616.262    7.8063    4.2285    3.5294   1910.9646    3.4040     7491913455.5871
   639.907    7.8332    4.2357    3.5370   1914.6832    3.3921     7776286637.8281
   663.552    7.8598    4.2428    3.5446   1918.3733    3.3804     8060281013.8478
   687.196    7.8861    4.2498    3.5522   1921.9812    3.3688     8343899305.3054
   710.841    7.9122    4.2568    3.5597   1925.5249    3.3574     8627145037.9666
   734.486    7.9383    4.2639    3.5671   1929.0266    3.3461     8910022996.6006
   758.131    7.9640    4.2709    3.5745   1932.4631    3.3351     9192539548.6858
   781.776    7.9893    4.2776    3.5818   1935.8844    3.3243     9474703057.9718
   805.421    8.0139    4.2841    3.5890   1939.1464    3.3136     9756519030.5390
   829.065    8.0392    4.2911    3.5962   1942.4521    3.3032    10037998301.0572
   852.710    8.0635    4.2975    3.6034   1945.6527    3.2930    10319154256.6606
   876.355    8.0888    4.3047    3.6106   1948.9101    3.2830    10600002872.5964
   900.000    8.1136    4.3115    3.6179   1952.1180    3.2733    10880566045.5892
   916.957    8.1311    4.3164    3.6230   1954.3064    3.2666    11081521442.7574
   933.914    8.1485    4.3212    3.6281   1956.4705    3.2599    11282343591.3329
   950.871    8.1664    4.3264    3.6333   1958.6337    3.2534    11483043003.3067
   967.828    8.1839    4.3313    3.6385   1960.8770    3.2470    11683628117.8422
   984.785    8.2029    4.3371    3.6441   1963.0309    3.2409    11884118341.4639
  1001.742    8.2211    4.3426    3.6495   1965.1590    3.2348    12084528971.7022
  1018.698    8.2374    4.3470    3.6544   1967.2180    3.2289    12284847450.9717
  1035.655    8.2538    4.3513    3.6593   1969.2425    3.2232    12485069850.8304
  1052.612    8.2774    4.3608    3.6661   1972.0282    3.2177    12685258556.5956
  1069.569    8.3790    4.4237    3.6935   1981.7379    3.2122    12886036232.8696
  1086.526    8.4892    4.4925    3.7229   1995.6863    3.2066    13088019086.5255
  1103.483    8.6378    4.5971    3.7555   2009.6228    3.2007    13291332917.2501
  1120.440    8.6982    4.6471    3.7620   2017.1398    3.1949    13495338101.8157
  1137.397    8.7219    4.6593    3.7676   2019.6014    3.1892    13699299646.6202
  1154.354    8.7372    4.6637    3.7724   2022.0261    3.1838    13903179628.4074
  1171.311    8.7525    4.6682    3.7772   2024.4698    3.1786    14106969403.1430
  1188.268    8.7677    4.6725    3.7820   2026.9295    3.1735    14310684561.0078
  1205.225    8.7831    4.6769    3.7869   2029.3209    3.1688    14514339123.1061
  1222.181    8.7981    4.6812    3.7917   2031.6936    3.1642    14717947200.0440
  1239.138    8.8130    4.6854    3.7966   2034.0086    3.1599    14921523784.4771
  1256.095    8.8405    4.6973    3.8033   2037.7720    3.1559    15125135247.3269
  1273.052    8.8802    4.7159    3.8129   2043.0807    3.1521    15328923403.6977
  1290.009    8.9181    4.7339    3.8222   2048.0993    3.1485    15532970836.0042
  1306.966    8.9550    4.7512    3.8316   2053.0820    3.1451    15737285150.1075
  1323.923    8.9946    4.7703    3.8418   2058.4078    3.1419    15941900390.5341
  1340.880    9.0326    4.7882    3.8522   2063.5361    3.1390    16146856756.0477
  1357.837    9.0689    4.8050    3.8625   2068.1419    3.1363    16352172076.5441
  1374.794    9.0848    4.8087    3.8684   2070.2831    3.1339    16557743283.7402
  1391.751    9.1007    4.8122    3.8747   2072.2679    3.1318    16763480616.0651
  1408.708    9.1170    4.8158    3.8812   2074.2654    3.1300    16969418980.8932
  1425.665    9.1337    4.8193    3.8882   2076.2064    3.1285    17175598356.9214
  1442.621    9.1508    4.8227    3.8956   2078.2009    3.1274    17382063409.7095
  1459.578    9.1974    4.8428    3.9164   2089.3745    3.1266    17589204769.9998
  1476.535    9.2667    4.8799    3.9440   2097.5096    3.1259    17797574710.1139
  1493.492    9.2957    4.8950    3.9537   2103.2149    3.1254    18006885674.7579
  1510.449    9.3202    4.9067    3.9621   2108.6568    3.1252    18216640754.0325
  1527.406    9.3472    4.9206    3.9710   2113.8256    3.1255    18426845365.3762
  1544.363    9.3718    4.9330    3.9793   2118.9110    3.1261    18637523457.7177
  1561.320    9.3964    4.9457    3.9873   2123.8231    3.1272    18848677440.0294
  1561.320    4.5622    0.0000    4.0361         nan    3.1272    18848677440.0294
  1574.593    4.5734    0.0000    4.0415         nan    3.1278    19016322628.9766
  1587.867    4.5846    0.0000    4.0468         nan    3.1287    19184223731.3947
  1601.140    4.5958    0.0000    4.0522         nan    3.1299    19352396207.0759
  1614.413    4.6071    0.0000    4.0576         nan    3.1314    19520856083.4991
  1627.687    4.6182    0.0000    4.0629         nan    3.1333    19689618648.5018
  1640.960    4.6288    0.0000    4.0680         nan    3.1354    19858695841.9944
  1654.233    4.6395    0.0000    4.0731         nan    3.1379    20028101636.8721
  1667.507    4.6501    0.0000    4.0782         nan    3.1407    20197854698.0049
  1680.780    4.6608    0.0000    4.0833         nan    3.1439    20367974376.4858
  1680.780    5.1990    0.0000    6.3439         nan    3.1439    20367974376.4858
  1739.701    5.2751    0.0000    6.3862         nan    3.0466    21547062690.9565
  1798.623    5.3470    0.0000    6.4262         nan    2.9480    22697040234.6237
  1857.544    5.4150    0.0000    6.4642         nan    2.8482    23816580157.1474
  1916.466    5.4792    0.0000    6.5002         nan    2.7473    24904430641.0170
  1975.387    5.5400    0.0000    6.5343         nan    2.6453    25959410203.0957
  2034.308    5.5973    0.0000    6.5666         nan    2.5424    26980403740.6419
  2093.230    5.6515    0.0000    6.5971         nan    2.4385    27966359200.8131
  2152.151    5.7025    0.0000    6.6259         nan    2.3337    28916284789.8406
  2211.072    5.7506    0.0000    6.6531         nan    2.2281    29829246657.3202
  2269.994    5.7959    0.0000    6.6786         nan    2.1218    30704367015.2146
  2328.915    5.8383    0.0000    6.7027         nan    2.0147    31540822678.8573
  2387.837    5.8781    0.0000    6.7253         nan    1.9070    32337844041.9706
  2446.758    5.9153    0.0000    6.7464         nan    1.7987    33094714528.1673
  2505.679    5.9499    0.0000    6.7661         nan    1.6899    33810770612.3875
  2564.601    5.9821    0.0000    6.7843         nan    1.5807    34485402575.1504
  2623.522    6.0118    0.0000    6.8013         nan    1.4710    35118056266.0321
  2682.443    6.0392    0.0000    6.8168         nan    1.3611    35708236345.6086
  2741.365    6.0642    0.0000    6.8311         nan    1.2510    36255511814.3189
  2800.286    6.0869    0.0000    6.8441         nan    1.1409    36759525261.3984
  2859.208    6.1073    0.0000    6.8557         nan    1.0310    37220008478.9414
  2918.129    6.1256    0.0000    6.8661         nan    0.9217    37636809568.2385
  2977.050    6.1416    0.0000    6.8753         nan    0.8135    38009942095.5509
  3035.972    6.1554    0.0000    6.8832         nan    0.7075    38339679710.9168
  3094.893    6.1671    0.0000    6.8899         nan    0.6059    38626753203.3879
  3153.814    6.1766    0.0000    6.8953         nan    0.5138    38872806193.8723
  3212.736    6.1840    0.0000    6.8996         nan    0.4463    39081611990.0584
  3271.657    6.1893    0.0000    6.9026         nan    0.4642    39263083404.0559
  3330.579    6.1925    0.0000    6.9044         nan    1.0607    39451893973.1229
  3389.500    6.1935    0.0000    6.9050         nan    0.0000    39883414010.9641
