# Depth[km]  Vp[km/s]  Vs[km/s] Rho[g/cm3]    T[K]     g[m/s2]         P[Pa]        
     0.000    3.6266    2.1929    1.6541    273.1500    3.7291              0.0000
    11.734    3.6266    2.1929    1.6541    321.0147    3.7387       72378595.9162
    11.734    4.5674    2.7618    2.0831    321.0147    3.7387       72378595.9162
    30.116    4.5674    2.7618    2.0831    396.0023    3.7474      215543548.2915
    30.116    5.5533    3.3580    2.5328    396.0023    3.7474      215543548.2915
    45.250    5.5533    3.3580    2.5328    457.7376    3.7491      359184444.7058
    45.250    7.9974    4.5436    3.5189    457.7376    3.7491      359184444.7058
    55.070    7.9891    4.5334    3.5185    497.7969    3.7422      488730008.8382
    64.890    7.9805    4.5231    3.5180    537.8562    3.7353      618019774.5604
    74.710    7.9715    4.5126    3.5175    577.9155    3.7284      747052398.2185
    84.530    7.9620    4.5019    3.5169    617.9747    3.7215      875825409.9725
    94.350    7.9528    4.4914    3.5163    658.0340    3.7147     1004338935.8060
   104.170    7.9436    4.4811    3.5157    698.0933    3.7079     1132594861.3725
   113.990    7.9343    4.4706    3.5150    738.1526    3.7011     1260592947.2161
   123.810    7.9245    4.4601    3.5143    778.2119    3.6943     1388332266.9187
   133.630    7.9147    4.4496    3.5135    818.2712    3.6876     1515810806.8589
   143.450    7.9052    4.4394    3.5128    858.3305    3.6810     1643030236.3728
   153.269    7.8953    4.4289    3.5120    898.3897    3.6743     1769991456.7611
   163.089    7.8854    4.4186    3.5111    938.4490    3.6677     1896692656.5341
   172.909    7.8757    4.4085    3.5102    978.5083    3.6611     2023135114.4355
   182.729    7.8657    4.3980    3.5093   1018.5676    3.6546     2149319231.3316
   192.549    7.8560    4.3879    3.5084   1058.6269    3.6481     2275244877.3711
   202.369    7.8462    4.3779    3.5074   1098.6862    3.6416     2400912827.7207
   212.189    7.8363    4.3676    3.5066   1138.7455    3.6352     2526325081.9289
   222.009    7.8261    4.3572    3.5056   1178.8047    3.6288     2651482267.3100
   231.829    7.8162    4.3471    3.5045   1218.8640    3.6224     2776382959.6823
   241.649    7.8064    4.3370    3.5035   1258.9233    3.6161     2901028239.4242
   251.469    7.7964    4.3267    3.5025   1298.9826    3.6099     3025421186.5139
   261.289    7.7872    4.3171    3.5015   1339.0419    3.6036     3149562584.9186
   271.109    7.7774    4.3068    3.5004   1379.1012    3.5974     3273452208.6842
   280.929    7.7679    4.2971    3.4993   1419.1605    3.5913     3397091137.4135
   290.749    7.7585    4.2872    3.4983   1459.2197    3.5852     3520480392.4384
   300.569    7.7492    4.2775    3.4971   1499.2790    3.5791     3643620494.5883
   310.389    7.7390    4.2671    3.4960   1539.3383    3.5731     3766512230.3077
   320.209    7.7296    4.2573    3.4949   1579.3976    3.5671     3889158816.0285
   330.029    7.7194    4.2472    3.4937   1619.4569    3.5612     4011560787.5946
   339.849    7.7103    4.2374    3.4927   1659.5162    3.5553     4133719529.7609
   349.669    7.7003    4.2274    3.4915   1699.5754    3.5494     4255636810.9407
   359.489    7.6902    4.2172    3.4903   1739.6347    3.5436     4377312014.7095
   369.308    7.6800    4.2069    3.4891   1779.6940    3.5379     4498746100.0521
   379.128    7.6701    4.1969    3.4878   1819.7533    3.5322     4619940093.7503
   388.948    7.6599    4.1866    3.4866   1859.8126    3.5265     4740895508.9853
   398.768    7.6502    4.1766    3.4854   1899.8719    3.5209     4861615016.7969
   408.588    7.6400    4.1664    3.4842   1939.9312    3.5153     4982101326.8853
   418.408    7.6294    4.1559    3.4828   1979.9904    3.5098     5102353102.0293
   428.228    7.6199    4.1459    3.4816   2020.0497    3.5044     5222372012.3278
   438.048    7.6092    4.1354    3.4803   2060.1090    3.4990     5342160637.5636
   461.146    7.6395    4.1451    3.4890   2065.1403    3.4863     5623778948.6386
   484.243    7.6681    4.1541    3.4974   2069.9946    3.4738     5905069716.9397
   507.341    7.6959    4.1628    3.5057   2074.7727    3.4613     6186019377.7222
   530.439    7.7229    4.1713    3.5138   2079.3017    3.4489     6466616473.2700
   553.536    7.7491    4.1794    3.5219   2083.8139    3.4366     6746853510.0838
   576.634    7.7747    4.1873    3.5299   2088.2361    3.4244     7026728332.8632
   599.731    7.8004    4.1954    3.5378   2092.5913    3.4123     7306239202.6452
   622.829    7.8259    4.2034    3.5457   2096.8812    3.4003     7585387965.5214
   645.926    7.8510    4.2113    3.5535   2101.1044    3.3885     7864175082.3096
   669.024    7.8755    4.2189    3.5613   2105.1240    3.3768     8142598827.0772
   692.122    7.9003    4.2267    3.5691   2109.2094    3.3652     8420666459.9736
   715.219    7.9245    4.2343    3.5767   2113.1067    3.3538     8698382491.9248
   738.317    7.9491    4.2421    3.5845   2117.1122    3.3425     8975752844.3559
   761.414    7.9733    4.2497    3.5923   2120.9040    3.3314     9252790260.6948
   784.512    7.9981    4.2578    3.6001   2124.7565    3.3204     9529505081.7424
   807.610    8.0223    4.2656    3.6079   2128.3860    3.3096     9805907520.3715
   830.707    8.0468    4.2737    3.6157   2132.0053    3.2991    10082010246.5379
   853.805    8.0709    4.2814    3.6235   2135.6166    3.2887    10357825571.4156
   876.902    8.0976    4.2906    3.6320   2139.2318    3.2785    10633392098.6863
   900.000    8.1232    4.2996    3.6402   2142.7028    3.2685    10908739312.0136
   917.258    8.1430    4.3065    3.6466   2145.2740    3.2612    11114259209.2748
   934.516    8.1633    4.3139    3.6531   2147.8681    3.2540    11319682079.6207
   951.775    8.1845    4.3217    3.6600   2150.4080    3.2469    11525027949.0660
   969.033    8.2058    4.3297    3.6669   2152.9490    3.2400    11730312809.4000
   986.291    8.2287    4.3387    3.6743   2155.5357    3.2332    11935558564.9769
  1003.549    8.2529    4.3483    3.6823   2158.1852    3.2265    12140802814.7260
  1020.807    8.2711    4.3543    3.6887   2160.9200    3.2200    12346024450.2365
  1038.065    8.2899    4.3607    3.6954   2163.6787    3.2136    12551195416.3028
  1055.324    8.3091    4.3673    3.7024   2166.5050    3.2073    12756337345.6029
  1072.582    8.3279    4.3739    3.7090   2169.1895    3.2012    12961455720.6264
  1089.840    8.3433    4.3787    3.7145   2171.5984    3.1953    13166520693.0511
  1107.098    8.3666    4.3886    3.7232   2173.0139    3.1896    13371598913.8156
  1124.356    8.3903    4.3989    3.7322   2174.2665    3.1840    13576796217.7754
  1141.615    8.4269    4.4178    3.7445   2176.7635    3.1786    13782220147.0902
  1158.873    8.5849    4.5175    3.7870   2192.0676    3.1730    13988794748.0596
  1176.131    8.7883    4.6478    3.8394   2209.3238    3.1671    14197606667.8782
  1193.389    8.8665    4.6945    3.8602   2217.9237    3.1609    14408029326.7099
  1210.647    8.8813    4.6989    3.8658   2220.1488    3.1548    14618760085.2929
  1227.905    8.8959    4.7030    3.8713   2222.4590    3.1489    14829386917.0077
  1245.164    8.9101    4.7072    3.8767   2224.4549    3.1433    15039918184.4851
  1262.422    8.9240    4.7111    3.8822   2226.2826    3.1379    15250367678.8996
  1279.680    8.9381    4.7153    3.8877   2228.1994    3.1327    15460754053.6846
  1296.938    8.9520    4.7192    3.8933   2230.0016    3.1279    15671095415.2108
  1314.196    8.9653    4.7230    3.8987   2231.7668    3.1232    15881405990.9027
  1331.454    8.9790    4.7269    3.9043   2233.5137    3.1189    16091702112.0153
  1348.713    8.9918    4.7305    3.9095   2234.6956    3.1148    16301996983.2216
  1365.971    9.0051    4.7342    3.9154   2236.2702    3.1111    16512315504.7856
  1383.229    9.0177    4.7374    3.9210   2237.6645    3.1076    16722688808.2330
  1400.487    9.0309    4.7411    3.9269   2238.9077    3.1045    16933139185.3051
  1417.745    9.0431    4.7443    3.9325   2240.2312    3.1017    17143684228.9602
  1435.004    9.0550    4.7477    3.9376   2240.6758    3.0992    17354323858.2715
  1452.262    9.0678    4.7509    3.9442   2242.2351    3.0972    17565109681.6222
  1469.520    9.0920    4.7616    3.9524   2244.4351    3.0954    17776150561.2215
  1486.778    9.1338    4.7840    3.9645   2248.9363    3.0940    17987617828.4858
  1504.036    9.1738    4.8056    3.9763   2253.5705    3.0929    18199625822.7599
  1521.294    9.2159    4.8286    3.9894   2257.8580    3.0921    18412220941.3242
  1538.553    9.2567    4.8511    4.0026   2262.6099    3.0917    18625465755.2098
  1555.811    9.2747    4.8590    4.0090   2264.7888    3.0916    18839202764.1651
  1573.069    9.2873    4.8637    4.0134   2266.9598    3.0920    19053222350.8379
  1573.069    5.1351    0.0000    4.1312         nan    3.0920    19053222350.8379
  1590.501    5.1517    0.0000    4.1370         nan    3.0912    19276053020.6936
  1607.933    5.1682    0.0000    4.1427         nan    3.0909    19499134248.7869
  1625.365    5.1848    0.0000    4.1485         nan    3.0911    19722500949.0966
  1642.797    5.2010    0.0000    4.1541         nan    3.0918    19946186596.4676
  1660.229    5.2167    0.0000    4.1596         nan    3.0930    20170221950.1326
  1677.661    5.2324    0.0000    4.1650         nan    3.0949    20394642850.1048
  1695.093    5.2481    0.0000    4.1705         nan    3.0973    20619491674.5419
  1712.525    5.2632    0.0000    4.1757         nan    3.1004    20844806886.0228
  1729.957    5.2781    0.0000    4.1809         nan    3.1041    21070627823.8627
  1729.957    5.5579    0.0000    6.4756         nan    3.1041    21070627823.8627
  1787.183    5.6093    0.0000    6.5120         nan    3.0069    22224158040.8242
  1844.409    5.6583    0.0000    6.5468         nan    2.9086    23347666109.5483
  1901.634    5.7050    0.0000    6.5800         nan    2.8093    24440109549.5784
  1958.860    5.7493    0.0000    6.6117         nan    2.7092    25500493555.3030
  2016.085    5.7915    0.0000    6.6419         nan    2.6081    26527869978.6752
  2073.311    5.8316    0.0000    6.6707         nan    2.5063    27521336564.8383
  2130.537    5.8696    0.0000    6.6981         nan    2.4037    28480036444.0506
  2187.762    5.9056    0.0000    6.7240         nan    2.3004    29403157895.4013
  2244.988    5.9397    0.0000    6.7487         nan    2.1964    30289934419.1467
  2302.214    5.9719    0.0000    6.7720         nan    2.0918    31139645176.6104
  2359.439    6.0021    0.0000    6.7940         nan    1.9867    31951615886.2314
  2416.665    6.0306    0.0000    6.8147         nan    1.8812    32725220317.2733
  2473.890    6.0573    0.0000    6.8341         nan    1.7752    33459882595.6027
  2531.116    6.0822    0.0000    6.8523         nan    1.6690    34155080651.5940
  2588.342    6.1054    0.0000    6.8692         nan    1.5626    34810351327.3322
  2645.567    6.1269    0.0000    6.8850         nan    1.4561    35425297967.7889
  2702.793    6.1467    0.0000    6.8995         nan    1.3498    35999601855.0183
  2760.018    6.1648    0.0000    6.9128         nan    1.2438    36533039786.9343
  2817.244    6.1813    0.0000    6.9249         nan    1.1386    37025511850.0261
  2874.470    6.1962    0.0000    6.9358         nan    1.0348    37477086830.7687
  2931.695    6.2095    0.0000    6.9456         nan    0.9331    37888079667.6683
  2988.921    6.2212    0.0000    6.9542         nan    0.8353    38259190575.2954
  3046.146    6.2313    0.0000    6.9616         nan    0.7442    38591771531.2421
  3103.372    6.2398    0.0000    6.9679         nan    0.6660    38888379951.8644
  3160.598    6.2468    0.0000    6.9731         nan    0.6155    39154057719.6021
  3217.823    6.2522    0.0000    6.9771         nan    0.6355    39399745179.5125
  3275.049    6.2560    0.0000    6.9799         nan    0.8995    39653529430.5724
  3332.274    6.2584    0.0000    6.9816         nan    2.8164    40012878356.4028
  3389.500    6.2591    0.0000    6.9822         nan    0.0000    41138152551.6715
