# Depth[km]  Vp[km/s]  Vs[km/s] Rho[g/cm3]    T[K]     g[m/s2]         P[Pa]        
     0.000    3.5149    2.0833    1.6405    273.1500    3.7291              0.0000
    10.112    3.5149    2.0833    1.6405    309.9573    3.7375       61862161.0830
    10.112    4.9824    2.9530    2.3255    309.9573    3.7375       61862161.0830
    27.980    4.9824    2.9530    2.3255    375.0036    3.7423      217161764.7134
    27.980    6.4507    3.8232    3.0108    375.0036    3.7423      217161764.7134
    45.223    6.4507    3.8232    3.0108    437.7725    3.7372      411436237.2099
    45.223    7.8438    4.4857    3.4776    437.7725    3.7372      411436237.2099
    55.313    7.8401    4.4791    3.4781    474.5030    3.7303      542579441.9113
    65.403    7.8360    4.4723    3.4785    511.2336    3.7235      673499219.7451
    75.493    7.8316    4.4653    3.4789    547.9642    3.7167      804193552.3289
    85.583    7.8268    4.4581    3.4791    584.6948    3.7099      934660002.5560
    95.673    7.8219    4.4508    3.4794    621.4253    3.7031     1064897729.7692
   105.763    7.8159    4.4431    3.4794    658.1559    3.6964     1194902922.2856
   115.852    7.8106    4.4356    3.4796    694.8865    3.6896     1324674047.2282
   125.942    7.8053    4.4281    3.4797    731.6171    3.6830     1454214145.7020
   136.032    7.8000    4.4206    3.4798    768.3476    3.6763     1583523362.7902
   146.122    7.7936    4.4126    3.4796    805.0782    3.6697     1712597574.9995
   156.212    7.7880    4.4049    3.4796    841.8088    3.6631     1841436186.6244
   166.302    7.7825    4.3973    3.4796    878.5393    3.6565     1970042527.2969
   176.392    7.7762    4.3894    3.4794    915.2699    3.6500     2098413782.0851
   186.482    7.7699    4.3814    3.4791    952.0005    3.6435     2226547034.3784
   196.572    7.7642    4.3736    3.4790    988.7311    3.6370     2354444462.3448
   206.662    7.7581    4.3658    3.4787   1025.4616    3.6305     2482106818.4759
   216.752    7.7520    4.3578    3.4784   1062.1922    3.6241     2609532718.8476
   226.842    7.7460    4.3500    3.4780   1098.9228    3.6178     2736721792.1741
   236.932    7.7396    4.3420    3.4777   1135.6534    3.6114     2863674109.8751
   247.022    7.7329    4.3338    3.4773   1172.3839    3.6052     2990391121.2219
   257.111    7.7265    4.3258    3.4769   1209.1145    3.5989     3116873835.7961
   267.201    7.7204    4.3180    3.4766   1245.8451    3.5927     3243123655.6741
   277.291    7.7138    4.3099    3.4762   1282.5757    3.5865     3369141574.4840
   287.381    7.7074    4.3019    3.4758   1319.3062    3.5803     3494927989.5229
   297.471    7.7006    4.2937    3.4754   1356.0368    3.5742     3620484744.6436
   307.561    7.6923    4.2848    3.4749   1392.7674    3.5682     3745811558.0543
   317.651    7.6847    4.2763    3.4745   1429.4979    3.5622     3870909865.1585
   327.741    7.6772    4.2677    3.4741   1466.2285    3.5562     3995783601.6086
   337.831    7.6690    4.2590    3.4736   1502.9591    3.5502     4120431609.6729
   347.921    7.6615    4.2505    3.4732   1539.6897    3.5443     4244854956.1085
   358.011    7.6540    4.2420    3.4728   1576.4202    3.5385     4369057250.0101
   368.101    7.6462    4.2333    3.4724   1613.1508    3.5327     4493039788.4383
   378.191    7.6365    4.2238    3.4717   1649.8814    3.5269     4616798310.7248
   388.280    7.6286    4.2151    3.4712   1686.6120    3.5212     4740333794.6577
   398.370    7.6211    4.2066    3.4708   1723.3425    3.5155     4863653183.7142
   408.460    7.6131    4.1978    3.4703   1760.0731    3.5099     4986757802.2631
   418.550    7.6048    4.1888    3.4699   1796.8037    3.5043     5109649040.8480
   428.640    7.5962    4.1799    3.4692   1833.5342    3.4988     5232325593.1407
   438.730    7.5811    4.1683    3.4677   1870.2648    3.4933     5354769111.8007
   448.820    7.5733    4.1595    3.4672   1906.9954    3.4878     5476985545.8526
   471.379    7.6011    4.1667    3.4751   1910.9823    3.4758     5750103292.2999
   493.938    7.6399    4.1783    3.4845   1916.0127    3.4638     6022953665.5034
   516.497    7.6687    4.1860    3.4925   1920.1620    3.4519     6295543271.3508
   539.056    7.6983    4.1942    3.5005   1924.3158    3.4401     6567818741.4293
   561.615    7.7261    4.2018    3.5082   1928.1646    3.4283     6839771161.4529
   584.174    7.7531    4.2090    3.5158   1932.0363    3.4167     7111388617.5162
   606.733    7.7794    4.2160    3.5233   1935.7148    3.4052     7382665841.2571
   629.292    7.8068    4.2236    3.5309   1939.5907    3.3938     7653607816.9023
   651.851    7.8326    4.2305    3.5382   1943.1729    3.3825     7924215362.2974
   674.410    7.8579    4.2372    3.5455   1946.7316    3.3714     8194480506.3125
   696.969    7.8830    4.2440    3.5526   1950.2009    3.3604     8464405643.4686
   719.528    7.9078    4.2505    3.5598   1953.6582    3.3496     8733994796.1683
   742.087    7.9327    4.2573    3.5669   1957.0413    3.3389     9003252657.3968
   764.646    7.9572    4.2639    3.5740   1960.3935    3.3284     9272185711.8503
   787.205    7.9808    4.2702    3.5808   1963.5847    3.3181     9540796203.2491
   809.764    8.0050    4.2767    3.5878   1966.8684    3.3080     9809091756.3425
   832.323    8.0286    4.2831    3.5946   1969.9686    3.2980    10077083680.5264
   854.882    8.0524    4.2896    3.6015   1973.1419    3.2883    10344783076.4590
   877.441    8.0760    4.2960    3.6084   1976.2659    3.2788    10612206543.8816
   900.000    8.1004    4.3029    3.6154   1979.4448    3.2696    10879371348.2242
   916.826    8.1178    4.3077    3.6206   1981.6924    3.2628    11078413334.8193
   933.652    8.1350    4.3125    3.6256   1983.8482    3.2562    11277323376.0948
   950.479    8.1526    4.3174    3.6308   1986.0568    3.2497    11476110017.4392
   967.305    8.1703    4.3225    3.6360   1988.3276    3.2434    11674784498.1692
   984.131    8.1887    4.3280    3.6415   1990.5127    3.2372    11873363766.9360
  1000.957    8.2071    4.3336    3.6469   1992.6367    3.2312    12071862034.1194
  1017.784    8.2237    4.3381    3.6518   1994.7256    3.2253    12270272979.8653
  1034.610    8.2402    4.3425    3.6568   1996.7682    3.2197    12468593630.8861
  1051.436    8.2559    4.3467    3.6615   1998.8300    3.2141    12666825631.1264
  1068.262    8.3177    4.3824    3.6782   2004.6025    3.2087    12865296220.9820
  1085.088    8.4230    4.4480    3.7063   2015.2155    3.2033    13064643778.4303
  1101.915    8.5497    4.5278    3.7398   2028.7436    3.1977    13265314179.4112
  1118.741    8.6103    4.5626    3.7560   2034.7578    3.1919    13466968930.2518
  1135.567    8.6264    4.5669    3.7609   2037.7112    3.1863    13668829428.0446
  1152.393    8.6822    4.6118    3.7676   2041.5472    3.1809    13870645510.0799
  1169.219    8.7351    4.6550    3.7739   2047.2817    3.1757    14072466067.3557
  1186.046    8.7523    4.6620    3.7784   2054.0729    3.1707    14274244534.3411
  1202.872    8.7675    4.6665    3.7832   2056.5763    3.1659    14475952236.9534
  1219.698    8.7824    4.6706    3.7880   2058.9418    3.1614    14677610815.4553
  1236.524    8.7974    4.6749    3.7928   2061.2930    3.1571    14879236242.7465
  1253.351    8.8122    4.6792    3.7975   2063.7290    3.1530    15080840814.7288
  1270.177    8.8398    4.6907    3.8048   2067.5887    3.1492    15282503351.7358
  1287.003    8.8774    4.7084    3.8138   2072.6250    3.1456    15484352843.3053
  1303.829    8.9169    4.7274    3.8234   2077.7761    3.1422    15686465313.9389
  1320.655    8.9545    4.7450    3.8331   2082.9532    3.1391    15888871866.9493
  1337.482    8.9932    4.7634    3.8433   2088.0689    3.1362    16091602097.9953
  1354.308    9.0323    4.7820    3.8539   2093.5439    3.1335    16294692356.0948
  1371.134    9.0679    4.7979    3.8644   2098.0164    3.1310    16498165402.9597
  1387.960    9.0823    4.8024    3.8690   2100.3642    3.1289    16701878067.3566
  1404.787    9.0999    4.8054    3.8768   2102.1947    3.1270    16905775884.1034
  1421.613    9.1162    4.8088    3.8835   2104.1672    3.1255    17109934757.7922
  1438.439    9.1332    4.8120    3.8910   2106.0825    3.1243    17314367381.7893
  1455.265    9.1503    4.8153    3.8985   2108.0608    3.1235    17519116003.5300
  1472.091    9.2236    4.8509    3.9309   2120.9449    3.1228    17724857712.0211
  1488.918    9.2579    4.8681    3.9434   2126.4904    3.1223    17931734507.5118
  1505.744    9.2856    4.8819    3.9528   2132.0576    3.1221    18139151799.2244
  1522.570    9.3117    4.8952    3.9615   2137.5008    3.1223    18347032431.0149
  1539.396    9.3363    4.9074    3.9698   2142.9041    3.1228    18555371963.6385
  1556.222    9.3613    4.9202    3.9782   2147.5528    3.1238    18764187785.3973
  1556.222    5.2553    0.0000    4.0278         nan    3.1238    18764187785.3973
  1572.567    5.2666    0.0000    4.0328         nan    3.1245    18969962839.6404
  1588.911    5.2779    0.0000    4.0377         nan    3.1257    19176036929.9290
  1605.256    5.2892    0.0000    4.0427         nan    3.1273    19382440198.6981
  1621.600    5.3005    0.0000    4.0476         nan    3.1295    19589203358.7082
  1637.944    5.3113    0.0000    4.0523         nan    3.1321    19796353706.9264
  1654.289    5.3221    0.0000    4.0570         nan    3.1353    20003920780.3416
  1670.633    5.3329    0.0000    4.0618         nan    3.1390    20211940476.6148
  1686.978    5.3435    0.0000    4.0664         nan    3.1433    20420448833.6332
  1703.322    5.3538    0.0000    4.0709         nan    3.1482    20629479583.3407
  1703.322    5.2291    0.0000    6.4483         nan    3.1482    20629479583.3407
  1761.466    5.3077    0.0000    6.4903         nan    3.0502    21813681998.0864
  1819.610    5.3819    0.0000    6.5300         nan    2.9510    22968275733.8281
  1877.754    5.4520    0.0000    6.5677         nan    2.8505    24091941988.5632
  1935.898    5.5182    0.0000    6.6033         nan    2.7490    25183436960.8650
  1994.042    5.5807    0.0000    6.6371         nan    2.6463    26241586534.6791
  2052.186    5.6397    0.0000    6.6690         nan    2.5427    27265281708.6004
  2110.330    5.6954    0.0000    6.6991         nan    2.4381    28253474618.9601
  2168.475    5.7478    0.0000    6.7276         nan    2.3326    29205175029.4674
  2226.619    5.7972    0.0000    6.7544         nan    2.2263    30119447174.9666
  2284.763    5.8437    0.0000    6.7797         nan    2.1191    30995406864.8073
  2342.907    5.8873    0.0000    6.8034         nan    2.0112    31832218746.0442
  2401.051    5.9281    0.0000    6.8257         nan    1.9025    32629093623.2140
  2459.195    5.9662    0.0000    6.8465         nan    1.7931    33385285710.1374
  2517.339    6.0017    0.0000    6.8659         nan    1.6830    34100089649.2309
  2575.483    6.0347    0.0000    6.8839         nan    1.5722    34772837068.4782
  2633.627    6.0651    0.0000    6.9005         nan    1.4608    35402892328.6003
  2691.771    6.0931    0.0000    6.9159         nan    1.3486    35989646906.5875
  2749.915    6.1188    0.0000    6.9299         nan    1.2358    36532511496.8008
  2808.059    6.1420    0.0000    6.9427         nan    1.1221    37030904225.0776
  2866.203    6.1630    0.0000    6.9542         nan    1.0074    37484232040.4364
  2924.347    6.1816    0.0000    6.9644         nan    0.8914    37891859620.2914
  2982.492    6.1980    0.0000    6.9734         nan    0.7736    38253054145.6014
  3040.636    6.2122    0.0000    6.9812         nan    0.6528    38566880144.6768
  3098.780    6.2241    0.0000    6.9877         nan    0.5267    38831981643.5576
  3156.924    6.2339    0.0000    6.9931         nan    0.3898    39046079571.2176
  3215.068    6.2415    0.0000    6.9973         nan    0.2255    39204630922.9458
  3273.212    6.2469    0.0000    7.0002         nan   -0.0329    39296411815.0307
  3331.356    6.2501    0.0000    7.0020         nan   -0.9284    39283007386.1669
  3389.500    6.2512    0.0000    7.0026         nan    0.0000    38905032416.7507
