# Depth[km]  Vp[km/s]  Vs[km/s] Rho[g/cm3]    T[K]     g[m/s2]         P[Pa]        
     0.000    3.6121    2.1361    1.6509    273.1500    3.7291              0.0000
    11.445    3.6121    2.1361    1.6509    315.6247    3.7385       70454569.5042
    11.445    4.8581    2.8729    2.2203    315.6247    3.7385       70454569.5042
    26.147    4.8581    2.8729    2.2203    370.1965    3.7437      192498122.3316
    26.147    6.6393    3.9262    3.0344    370.1965    3.7437      192498122.3316
    43.996    6.6393    3.9262    3.0344    436.4457    3.7381      395261078.0807
    43.996    7.8428    4.4856    3.4773    436.4457    3.7381      395261078.0807
    53.892    7.8389    4.4790    3.4777    473.1766    3.7314      523903968.7521
    63.788    7.8345    4.4721    3.4781    509.9075    3.7247      652329524.3248
    73.684    7.8299    4.4651    3.4784    546.6385    3.7180      780535923.8150
    83.581    7.8247    4.4577    3.4786    583.3694    3.7113      908520901.7514
    93.477    7.8197    4.4505    3.4787    620.1003    3.7047     1036283401.7088
   103.373    7.8134    4.4426    3.4787    656.8312    3.6981     1163819781.5394
   113.269    7.8079    4.4351    3.4788    693.5622    3.6915     1291128572.0540
   123.165    7.8022    4.4274    3.4788    730.2931    3.6849     1418212647.8200
   133.061    7.7966    4.4198    3.4788    767.0240    3.6784     1545072166.7415
   142.957    7.7900    4.4118    3.4786    803.7550    3.6719     1671703098.2102
   152.853    7.7841    4.4040    3.4785    840.4859    3.6654     1798104815.3845
   162.749    7.7775    4.3960    3.4782    877.2168    3.6590     1924277123.1947
   172.645    7.7716    4.3882    3.4781    913.9477    3.6526     2050220061.9211
   182.541    7.7651    4.3802    3.4778    950.6787    3.6462     2175934820.0223
   192.437    7.7592    4.3724    3.4776    987.4096    3.6398     2301420723.2177
   202.333    7.7529    4.3645    3.4772   1024.1405    3.6335     2426677750.4892
   212.230    7.7459    4.3563    3.4767   1060.8715    3.6273     2551701517.6789
   222.126    7.7401    4.3486    3.4764   1097.6024    3.6210     2676494963.8388
   232.022    7.7334    4.3404    3.4760   1134.3333    3.6148     2801060404.7380
   241.918    7.7267    4.3323    3.4756   1171.0642    3.6086     2925396562.5889
   251.814    7.7201    4.3242    3.4751   1207.7952    3.6025     3049505185.0874
   261.710    7.7134    4.3161    3.4747   1244.5261    3.5964     3173386761.5825
   271.606    7.7068    4.3081    3.4742   1281.2570    3.5903     3297042025.6077
   281.502    7.7002    4.3000    3.4737   1317.9880    3.5843     3420471827.6800
   291.398    7.6917    4.2911    3.4731   1354.7189    3.5783     3543675700.8894
   301.294    7.6833    4.2823    3.4725   1391.4498    3.5724     3666653029.2667
   311.190    7.6759    4.2739    3.4721   1428.1807    3.5665     3789407990.1423
   321.086    7.6681    4.2653    3.4717   1464.9117    3.5606     3911944645.5452
   330.982    7.6601    4.2566    3.4712   1501.6426    3.5548     4034262971.0208
   340.878    7.6518    4.2478    3.4706   1538.3735    3.5490     4156362230.1613
   350.775    7.6436    4.2390    3.4701   1575.1044    3.5432     4278244349.1243
   360.671    7.6349    4.2300    3.4695   1611.8354    3.5375     4399909475.5574
   370.567    7.6259    4.2209    3.4688   1648.5663    3.5319     4521356227.2801
   380.463    7.6179    4.2122    3.4683   1685.2972    3.5263     4642588531.0149
   390.359    7.6100    4.2036    3.4678   1722.0282    3.5207     4763610069.0825
   400.255    7.6011    4.1945    3.4671   1758.7591    3.5152     4884419865.7349
   410.151    7.5926    4.1854    3.4666   1795.4900    3.5097     5005019216.1869
   420.047    7.5830    4.1760    3.4659   1832.2209    3.5042     5125408283.8877
   429.943    7.5697    4.1652    3.4645   1868.9519    3.4989     5245574787.7521
   439.839    7.5618    4.1565    3.4640   1905.6828    3.4935     5365524686.3818
   462.847    7.5902    4.1638    3.4720   1909.7821    3.4812     5644281627.9724
   485.855    7.6183    4.1711    3.4800   1913.7929    3.4690     5922695135.0723
   508.863    7.6587    4.1833    3.4897   1919.0628    3.4568     6200835807.6073
   531.871    7.6888    4.1915    3.4979   1923.3389    3.4448     6478716848.7209
   554.879    7.7173    4.1993    3.5058   1927.2810    3.4328     6756264417.8753
   577.887    7.7449    4.2067    3.5136   1931.2425    3.4209     7033465457.6622
   600.895    7.7724    4.2141    3.5213   1935.0953    3.4092     7310318661.9478
   623.904    7.8000    4.2217    3.5290   1938.9457    3.3975     7586824198.3291
   646.912    7.8266    4.2288    3.5365   1942.7186    3.3860     7862982409.6609
   669.920    7.8524    4.2356    3.5440   1946.3875    3.3747     8138790486.0786
   692.928    7.8784    4.2428    3.5513   1949.8930    3.3635     8414245973.2143
   715.936    7.9036    4.2494    3.5586   1953.4264    3.3524     8689351664.7846
   738.944    7.9291    4.2563    3.5658   1956.8867    3.3415     8964113613.1236
   761.952    7.9541    4.2631    3.5731   1960.3142    3.3308     9238539131.9466
   784.960    7.9782    4.2694    3.5800   1963.5704    3.3203     9512629842.1369
   807.968    8.0028    4.2760    3.5872   1966.9126    3.3100     9786393757.9875
   830.976    8.0268    4.2825    3.5941   1970.0970    3.2999    10059842119.4214
   853.984    8.0511    4.2892    3.6012   1973.3089    3.2900    10332986124.6942
   876.992    8.0750    4.2956    3.6081   1976.4275    3.2803    10605842002.3092
   900.000    8.1001    4.3028    3.6154   1979.7594    3.2709    10878431694.8621
   916.747    8.1174    4.3075    3.6205   1981.9993    3.2641    11076611397.5338
   933.494    8.1346    4.3123    3.6255   1984.1462    3.2576    11274661787.3274
   950.241    8.1520    4.3172    3.6306   1986.3466    3.2512    11472591172.9188
   966.988    8.1690    4.3219    3.6356   1988.4884    3.2449    11670406099.0897
   983.735    8.1880    4.3277    3.6413   1990.7633    3.2387    11868127247.5292
  1000.483    8.2062    4.3333    3.6466   1992.8990    3.2328    12065773179.0577
  1017.230    8.2229    4.3378    3.6516   1994.9810    3.2270    12263335508.8580
  1033.977    8.2394    4.3422    3.6566   1997.0157    3.2213    12460811054.6286
  1050.724    8.2551    4.3465    3.6612   1999.0589    3.2158    12658199807.9694
  1067.471    8.3101    4.3776    3.6762   2004.5609    3.2105    12855781172.3290
  1084.218    8.4177    4.4448    3.7049   2014.7490    3.2051    13054207205.5383
  1100.965    8.5405    4.5220    3.7374   2028.4402    3.1995    13253942111.4022
  1117.712    8.6089    4.5621    3.7556   2034.8725    3.1939    13454688766.5699
  1134.459    8.6251    4.5664    3.7605   2037.8859    3.1883    13655699418.0779
  1151.206    8.6440    4.5745    3.7652   2044.7338    3.1829    13856615925.0908
  1167.954    8.6933    4.6135    3.7713   2050.7533    3.1778    14057481273.9588
  1184.701    8.7509    4.6616    3.7780   2054.2434    3.1728    14258361463.2033
  1201.448    8.7660    4.6660    3.7827   2056.7299    3.1681    14459232563.9152
  1218.195    8.7808    4.6701    3.7875   2059.0177    3.1635    14660055141.1180
  1234.942    8.7958    4.6744    3.7923   2061.4284    3.1593    14860845146.1765
  1251.689    8.8105    4.6786    3.7971   2063.8139    3.1552    15061617294.7790
  1268.436    8.8356    4.6888    3.8038   2067.2411    3.1515    15262435358.8851
  1285.183    8.8726    4.7060    3.8126   2072.3375    3.1479    15463423161.3596
  1301.930    8.9118    4.7248    3.8222   2077.5812    3.1446    15664669690.4614
  1318.677    8.9501    4.7429    3.8319   2082.6469    3.1414    15866210680.6904
  1335.425    8.9865    4.7603    3.8413   2087.7596    3.1385    16068053827.0997
  1352.172    9.0259    4.7788    3.8521   2092.9736    3.1359    16270241366.9383
  1368.919    9.0656    4.7974    3.8635   2098.1144    3.1334    16472841956.6250
  1385.666    9.0801    4.8016    3.8684   2100.3890    3.1313    16675712640.5447
  1402.413    9.0976    4.8047    3.8760   2102.1921    3.1294    16878769525.2983
  1419.160    9.1137    4.8080    3.8826   2104.1847    3.1279    17082079030.8825
  1435.907    9.1303    4.8113    3.8897   2106.1349    3.1267    17285648978.2580
  1452.654    9.1477    4.8147    3.8975   2108.0906    3.1258    17489530234.2971
  1469.401    9.1939    4.8342    3.9185   2120.0057    3.1252    17694107503.0148
  1486.148    9.2531    4.8657    3.9417   2125.8935    3.1248    17899803259.9243
  1502.896    9.2805    4.8793    3.9511   2131.6412    3.1246    18106322173.6879
  1519.643    9.3068    4.8926    3.9599   2136.9416    3.1247    18313304242.9624
  1536.390    9.3325    4.9056    3.9685   2141.9868    3.1253    18520754625.3171
  1553.137    9.3571    4.9181    3.9767   2146.9006    3.1262    18728680941.0113
  1553.137    5.0870    0.0000    3.9936         nan    3.1262    18728680941.0113
  1568.500    5.0970    0.0000    3.9985         nan    3.1273    18920611809.4573
  1583.864    5.1070    0.0000    4.0034         nan    3.1287    19112842095.6549
  1599.227    5.1170    0.0000    4.0083         nan    3.1306    19305396771.6146
  1614.591    5.1270    0.0000    4.0132         nan    3.1329    19498301823.7921
  1629.955    5.1366    0.0000    4.0179         nan    3.1357    19691579873.8347
  1645.318    5.1461    0.0000    4.0226         nan    3.1389    19885254098.5598
  1660.682    5.1556    0.0000    4.0273         nan    3.1426    20079353331.1264
  1676.045    5.1652    0.0000    4.0320         nan    3.1468    20273908234.3239
  1691.409    5.1743    0.0000    4.0365         nan    3.1516    20468946999.5373
  1691.409    5.0979    0.0000    6.3925         nan    3.1516    20468946999.5373
  1749.964    5.1716    0.0000    6.4367         nan    3.0543    21652681161.6940
  1808.518    5.2412    0.0000    6.4786         nan    2.9557    22807576965.7257
  1867.073    5.3071    0.0000    6.5183         nan    2.8558    23932256374.1866
  1925.628    5.3694    0.0000    6.5560         nan    2.7548    25025416597.0985
  1984.183    5.4283    0.0000    6.5917         nan    2.6527    26085825426.1138
  2042.738    5.4839    0.0000    6.6255         nan    2.5495    27112317256.5455
  2101.293    5.5365    0.0000    6.6575         nan    2.4453    28103789670.7590
  2159.848    5.5860    0.0000    6.6877         nan    2.3402    29059200485.2899
  2218.403    5.6328    0.0000    6.7162         nan    2.2342    29977565186.7874
  2276.957    5.6767    0.0000    6.7431         nan    2.1274    30857954690.8331
  2335.512    5.7180    0.0000    6.7684         nan    2.0197    31699493370.8041
  2394.067    5.7566    0.0000    6.7921         nan    1.9114    32501357316.3568
  2452.622    5.7928    0.0000    6.8142         nan    1.8024    33262772783.8847
  2511.177    5.8264    0.0000    6.8349         nan    1.6927    33983014804.9783
  2569.732    5.8577    0.0000    6.8542         nan    1.5824    34661405919.9399
  2628.287    5.8866    0.0000    6.8720         nan    1.4716    35297315003.4425
  2686.842    5.9132    0.0000    6.8883         nan    1.3602    35890156143.9348
  2745.396    5.9375    0.0000    6.9033         nan    1.2484    36439387520.5230
  2803.951    5.9596    0.0000    6.9170         nan    1.1361    36944510196.2683
  2862.506    5.9796    0.0000    6.9293         nan    1.0234    37405066687.9409
  2921.061    5.9973    0.0000    6.9402         nan    0.9103    37820639050.4050
  2979.616    6.0129    0.0000    6.9499         nan    0.7969    38190845950.0248
  3038.171    6.0264    0.0000    6.9582         nan    0.6831    38515337569.2973
  3096.726    6.0377    0.0000    6.9652         nan    0.5688    38793785535.2659
  3155.281    6.0470    0.0000    6.9709         nan    0.4538    39025860185.3488
  3213.835    6.0542    0.0000    6.9754         nan    0.3375    39211170451.6912
  3272.390    6.0594    0.0000    6.9786         nan    0.2169    39349066433.7591
  3330.945    6.0624    0.0000    6.9805         nan    0.0679    39437723406.9598
  3389.500    6.0635    0.0000    6.9811         nan    0.0000    39465488909.9368
