# Depth[km]  Vp[km/s]  Vs[km/s] Rho[g/cm3]    T[K]     g[m/s2]         P[Pa]        
     0.000    3.6027    2.1759    1.6814    273.1500    3.7291              0.0000
    10.681    3.6027    2.1759    1.6814    314.3100    3.7376       66971801.6200
    10.681    4.9823    3.0091    2.3254    314.3100    3.7376       66971801.6200
    28.354    4.9823    3.0091    2.3254    382.4223    3.7423      220573477.6814
    28.354    6.1860    3.7361    2.8871    382.4223    3.7423      220573477.6814
    44.743    6.1860    3.7361    2.8871    445.5862    3.7392      397652860.0793
    44.743    7.9505    4.5316    3.4840    445.5862    3.7392      397652860.0793
    54.502    7.9449    4.5237    3.4841    483.1960    3.7325      524785509.3596
    64.261    7.9389    4.5155    3.4840    520.8058    3.7259      651691474.1518
    74.019    7.9326    4.5072    3.4840    558.4156    3.7192      778369083.6097
    83.778    7.9260    4.4987    3.4838    596.0255    3.7126      904816750.3946
    93.537    7.9186    4.4899    3.4835    633.6353    3.7061     1031031358.9518
   103.296    7.9118    4.4814    3.4833    671.2451    3.6995     1157012903.7852
   113.054    7.9049    4.4728    3.4830    708.8549    3.6930     1282763272.3615
   122.813    7.8978    4.4641    3.4827    746.4648    3.6865     1408281862.9798
   132.572    7.8902    4.4553    3.4823    784.0746    3.6800     1533566444.8923
   142.330    7.8830    4.4465    3.4819    821.6844    3.6736     1658616857.4976
   152.089    7.8754    4.4377    3.4815    859.2943    3.6672     1783433793.9409
   161.848    7.8675    4.4288    3.4809    896.9041    3.6608     1908014506.0971
   171.606    7.8607    4.4204    3.4805    934.5139    3.6545     2032361513.5753
   181.365    7.8529    4.4115    3.4799    972.1237    3.6482     2156475721.2882
   191.124    7.8454    4.4027    3.4793   1009.7336    3.6419     2280354817.3631
   200.882    7.8374    4.3938    3.4786   1047.3434    3.6357     2403997932.0729
   210.641    7.8302    4.3853    3.4780   1084.9532    3.6295     2527405524.3825
   220.400    7.8227    4.3765    3.4774   1122.5631    3.6233     2650581729.0758
   230.159    7.8152    4.3677    3.4768   1160.1729    3.6172     2773527457.0792
   239.917    7.8081    4.3592    3.4761   1197.7827    3.6111     2896242572.9437
   249.676    7.8003    4.3505    3.4754   1235.3925    3.6050     3018726261.8346
   259.435    7.7932    4.3419    3.4746   1273.0024    3.5990     3140977445.3289
   269.193    7.7853    4.3330    3.4740   1310.6122    3.5930     3262999823.5286
   278.952    7.7782    4.3245    3.4732   1348.2220    3.5871     3384795627.8651
   288.711    7.7701    4.3155    3.4724   1385.8318    3.5812     3506362127.9451
   298.469    7.7628    4.3070    3.4716   1423.4417    3.5753     3627699883.5045
   308.228    7.7556    4.2985    3.4709   1461.0515    3.5695     3748812987.9551
   317.987    7.7477    4.2897    3.4700   1498.6613    3.5637     3869700777.1419
   327.745    7.7404    4.2811    3.4691   1536.2712    3.5580     3990362947.4282
   337.504    7.7329    4.2725    3.4684   1573.8810    3.5523     4110803728.3910
   347.263    7.7251    4.2637    3.4674   1611.4908    3.5467     4231022453.1656
   357.022    7.7174    4.2549    3.4666   1649.1006    3.5411     4351018912.8343
   366.780    7.7098    4.2461    3.4657   1686.7105    3.5355     4470796218.4283
   376.539    7.7020    4.2374    3.4648   1724.3203    3.5300     4590354252.4410
   386.298    7.6947    4.2287    3.4639   1761.9301    3.5245     4709694864.9714
   396.056    7.6865    4.2197    3.4630   1799.5400    3.5191     4828819819.3359
   405.815    7.6783    4.2107    3.4619   1837.1498    3.5137     4947727243.8474
   415.574    7.6713    4.2021    3.4611   1874.7596    3.5084     5066420336.1082
   425.332    7.6620    4.1926    3.4601   1912.3694    3.5031     5184901071.5806
   435.091    7.6539    4.1835    3.4592   1949.9793    3.4979     5303171849.4916
   458.337    7.6830    4.1924    3.4675   1954.5154    3.4855     5584778092.8216
   481.582    7.7109    4.2009    3.4756   1958.9913    3.4732     5866053689.7077
   504.827    7.7385    4.2094    3.4837   1963.4110    3.4611     6146992522.7343
   528.073    7.7646    4.2171    3.4917   1967.7572    3.4490     6427591237.1666
   551.318    7.7898    4.2244    3.4995   1971.9640    3.4370     6707841314.9076
   574.564    7.8152    4.2319    3.5073   1976.1864    3.4251     6987740021.6984
   597.809    7.8407    4.2395    3.5151   1980.3725    3.4134     7267292940.1345
   621.055    7.8647    4.2465    3.5226   1984.3104    3.4017     7546494098.4404
   644.300    7.8884    4.2533    3.5302   1988.3515    3.3903     7825341838.2245
   667.546    7.9133    4.2607    3.5378   1992.3784    3.3789     8103848911.7930
   690.791    7.9366    4.2674    3.5452   1996.2182    3.3677     8382016416.7066
   714.036    7.9602    4.2744    3.5526   1999.9411    3.3567     8659842354.8689
   737.282    7.9831    4.2808    3.5600   2003.6674    3.3459     8937333912.9415
   760.527    8.0074    4.2882    3.5675   2007.4702    3.3352     9214507723.9387
   783.773    8.0300    4.2947    3.5748   2011.0628    3.3247     9491372642.3256
   807.018    8.0532    4.3015    3.5821   2014.5838    3.3145     9767932056.4976
   830.264    8.0761    4.3082    3.5894   2018.1281    3.3044    10044201736.9287
   853.509    8.0991    4.3150    3.5967   2021.5508    3.2946    10320195080.3484
   876.755    8.1226    4.3221    3.6042   2024.9536    3.2849    10595930577.8059
   900.000    8.1459    4.3293    3.6117   2028.3100    3.2756    10871432340.5542
   916.707    8.1631    4.3346    3.6172   2030.6962    3.2690    11069227058.5618
   933.413    8.1805    4.3402    3.6227   2033.1063    3.2626    11266925492.5084
   950.120    8.1979    4.3457    3.6283   2035.4593    3.2562    11464537121.0661
   966.826    8.2161    4.3517    3.6341   2037.8410    3.2501    11662077451.9099
   983.533    8.2354    4.3585    3.6402   2040.3440    3.2441    11859568563.0724
  1000.240    8.2551    4.3654    3.6465   2042.7184    3.2382    12057029303.5356
  1016.946    8.2747    4.3724    3.6529   2045.0781    3.2324    12254474342.9968
  1033.653    8.2949    4.3797    3.6594   2047.4507    3.2268    12451917842.4210
  1050.359    8.3107    4.3844    3.6647   2049.6720    3.2214    12649338644.7277
  1067.066    8.3263    4.3891    3.6699   2051.8051    3.2162    12846710292.9271
  1083.773    8.3415    4.3935    3.6750   2054.0181    3.2111    13044037080.7873
  1100.479    8.3672    4.4051    3.6829   2057.3792    3.2062    13241402884.0492
  1117.186    8.4895    4.4828    3.7156   2069.8194    3.2013    13439556170.3903
  1133.892    8.6502    4.5858    3.7577   2085.6913    3.1962    13639406282.5202
  1150.599    8.8041    4.6843    3.7972   2098.2424    3.1907    13841111984.7995
  1167.305    8.8193    4.6885    3.8025   2100.7794    3.1853    14043668028.6252
  1184.012    8.8335    4.6924    3.8073   2103.1389    3.1800    14246146262.8478
  1200.719    8.8501    4.6970    3.8134   2105.5391    3.1749    14448577377.5894
  1217.425    8.8653    4.7013    3.8187   2107.9241    3.1700    14650988526.8509
  1234.132    8.8808    4.7055    3.8243   2110.3280    3.1654    14853380243.9114
  1250.838    8.8961    4.7098    3.8298   2112.7323    3.1610    15055769240.0362
  1267.545    8.9114    4.7142    3.8354   2115.1379    3.1569    15258168549.5230
  1284.252    8.9269    4.7186    3.8410   2117.5303    3.1530    15460596397.0493
  1300.958    8.9420    4.7229    3.8465   2119.9317    3.1493    15663066335.0722
  1317.665    8.9571    4.7273    3.8520   2122.3612    3.1459    15865592346.2990
  1334.371    8.9723    4.7316    3.8577   2124.7846    3.1428    16068194899.7682
  1351.078    8.9874    4.7361    3.8632   2127.1656    3.1400    16270890139.2830
  1367.785    9.0022    4.7404    3.8686   2129.5600    3.1375    16473691013.9080
  1384.491    9.0402    4.7593    3.8783   2134.7120    3.1353    16676727273.3516
  1401.198    9.0776    4.7781    3.8881   2140.4701    3.1333    16880128955.6099
  1417.904    9.1173    4.7986    3.8983   2146.2522    3.1316    17083926594.3020
  1434.611    9.1549    4.8180    3.9082   2151.9449    3.1302    17288141791.2011
  1451.318    9.1953    4.8393    3.9191   2157.8567    3.1291    17492807998.5986
  1468.024    9.2333    4.8596    3.9293   2163.7765    3.1283    17697952640.7479
  1484.731    9.2722    4.8805    3.9401   2170.2367    3.1278    17903593020.0123
  1501.437    9.3122    4.9027    3.9512   2176.5233    3.1276    18109773311.5669
  1518.144    9.3294    4.9094    3.9572   2178.8414    3.1278    18316387531.3076
  1534.851    9.3430    4.9136    3.9621   2181.0724    3.1284    18523299169.9567
  1551.557    9.3568    4.9181    3.9673   2183.3014    3.1295    18730515906.8433
  1551.557    4.7669    0.0000    4.0004         nan    3.1295    18730515906.8433
  1564.741    4.7779    0.0000    4.0052         nan    3.1303    18895662183.1200
  1577.924    4.7890    0.0000    4.0100         nan    3.1314    19061049257.5437
  1591.107    4.8000    0.0000    4.0149         nan    3.1328    19226692428.5954
  1604.291    4.8110    0.0000    4.0197         nan    3.1345    19392607538.6032
  1617.474    4.8219    0.0000    4.0244         nan    3.1365    19558810089.2735
  1630.657    4.8324    0.0000    4.0290         nan    3.1388    19725312383.6686
  1643.841    4.8429    0.0000    4.0336         nan    3.1415    19892128295.9861
  1657.024    4.8534    0.0000    4.0382         nan    3.1445    20059276178.0623
  1670.207    4.8638    0.0000    4.0428         nan    3.1479    20226775037.2107
  1670.207    5.2062    0.0000    6.3135         nan    3.1479    20226775037.2107
  1729.493    5.2843    0.0000    6.3558         nan    3.0504    21408983668.6535
  1788.779    5.3580    0.0000    6.3958         nan    2.9516    22562020967.2453
  1848.065    5.4276    0.0000    6.4337         nan    2.8517    23684544200.8353
  1907.351    5.4933    0.0000    6.4697         nan    2.7505    24775287349.1119
  1966.637    5.5555    0.0000    6.5037         nan    2.6484    25833056025.1357
  2025.923    5.6141    0.0000    6.5358         nan    2.5452    26856723183.4497
  2085.209    5.6695    0.0000    6.5662         nan    2.4410    27845225476.6144
  2144.495    5.7217    0.0000    6.5949         nan    2.3360    28797560154.2849
  2203.781    5.7708    0.0000    6.6220         nan    2.2301    29712782426.7270
  2263.067    5.8170    0.0000    6.6475         nan    2.1235    30590003234.3228
  2322.353    5.8604    0.0000    6.6714         nan    2.0161    31428387383.0780
  2381.639    5.9010    0.0000    6.6939         nan    1.9081    32227152025.4573
  2440.925    5.9389    0.0000    6.7149         nan    1.7994    32985565485.7828
  2500.211    5.9743    0.0000    6.7345         nan    1.6901    33702946454.0581
  2559.497    6.0071    0.0000    6.7527         nan    1.5804    34378663606.5536
  2618.783    6.0374    0.0000    6.7695         nan    1.4701    35012135767.3562
  2678.069    6.0653    0.0000    6.7850         nan    1.3595    35602832812.7568
  2737.354    6.0908    0.0000    6.7992         nan    1.2486    36150277675.7241
  2796.640    6.1140    0.0000    6.8121         nan    1.1374    36654050092.1141
  2855.926    6.1348    0.0000    6.8237         nan    1.0261    37113793279.3373
  2915.212    6.1534    0.0000    6.8340         nan    0.9149    37529225862.7791
  2974.498    6.1697    0.0000    6.8431         nan    0.8041    37900163823.1430
  3033.784    6.1838    0.0000    6.8510         nan    0.6941    38226563056.6660
  3093.070    6.1957    0.0000    6.8576         nan    0.5859    38508608327.3499
  3152.356    6.2055    0.0000    6.8630         nan    0.4820    38746919294.9801
  3211.642    6.2130    0.0000    6.8672         nan    0.3891    38943101026.1447
  3270.928    6.2184    0.0000    6.8702         nan    0.3348    39101558444.6529
  3330.214    6.2216    0.0000    6.8720         nan    0.5418    39237922963.0238
  3389.500    6.2227    0.0000    6.8726         nan    0.0000    39458669422.6493
