# Depth[km]  Vp[km/s]  Vs[km/s] Rho[g/cm3]    T[K]     g[m/s2]         P[Pa]        
     0.000    3.6492    2.1866    1.7770    273.1500    3.7291              0.0000
    10.333    3.6492    2.1866    1.7770    313.6552    3.7365       68473057.4467
    10.333    4.8805    2.9244    2.3765    313.6552    3.7365       68473057.4467
    28.009    4.8805    2.9244    2.3765    382.9486    3.7405      225432226.4169
    28.009    6.4942    3.8913    3.1623    382.9486    3.7405      225432226.4169
    48.106    6.4942    3.8913    3.1623    461.7312    3.7320      463141525.7602
    48.106    7.8363    4.4800    3.4766    461.7312    3.7320      463141525.7602
    58.120    7.8309    4.4725    3.4768    500.9899    3.7251      593076022.7825
    68.134    7.8252    4.4648    3.4769    540.2487    3.7184      722778649.4353
    78.149    7.8191    4.4568    3.4769    579.5074    3.7116      852246880.9006
    88.163    7.8128    4.4488    3.4769    618.7661    3.7048      981479437.8799
    98.178    7.8054    4.4402    3.4766    658.0249    3.6981     1110472433.0283
   108.192    7.7987    4.4319    3.4765    697.2836    3.6915     1239224430.4233
   118.206    7.7918    4.4235    3.4763    736.5423    3.6848     1367738108.3126
   128.221    7.7842    4.4148    3.4759    775.8011    3.6782     1496009933.4390
   138.235    7.7772    4.4064    3.4756    815.0598    3.6716     1624038964.9743
   148.250    7.7694    4.3975    3.4752    854.3185    3.6650     1751824761.8374
   158.264    7.7624    4.3890    3.4748    893.5773    3.6585     1879367482.2822
   168.278    7.7545    4.3802    3.4743    932.8360    3.6520     2006667180.1235
   178.293    7.7465    4.3713    3.4737    972.0947    3.6456     2133720570.5151
   188.307    7.7398    4.3629    3.4733   1011.3535    3.6391     2260531046.7123
   198.322    7.7315    4.3538    3.4725   1050.6122    3.6327     2387096565.9722
   208.336    7.7241    4.3452    3.4719   1089.8709    3.6264     2513414524.6670
   218.351    7.7161    4.3362    3.4712   1129.1297    3.6201     2639486997.6136
   228.365    7.7082    4.3273    3.4705   1168.3884    3.6138     2765315701.3812
   238.379    7.6996    4.3181    3.4697   1207.6471    3.6076     2890900491.5530
   248.394    7.6921    4.3095    3.4690   1246.9059    3.6014     3016241515.7904
   258.408    7.6844    4.3007    3.4683   1286.1646    3.5952     3141341792.9267
   268.423    7.6753    4.2913    3.4675   1325.4234    3.5891     3266200248.9277
   278.437    7.6658    4.2818    3.4667   1364.6821    3.5831     3390817162.3887
   288.451    7.6561    4.2722    3.4659   1403.9408    3.5770     3515194575.5423
   298.466    7.6471    4.2628    3.4652   1443.1996    3.5710     3639336313.6589
   308.480    7.6372    4.2531    3.4644   1482.4583    3.5651     3763243332.0204
   318.495    7.6271    4.2432    3.4635   1521.7170    3.5592     3886913752.6903
   328.509    7.6172    4.2335    3.4627   1560.9758    3.5533     4010349051.3162
   338.523    7.5988    4.2205    3.4604   1600.2345    3.5475     4133526014.1197
   348.538    7.5976    4.2141    3.4610   1639.4932    3.5418     4256473191.1646
   358.552    7.5811    4.2018    3.4591   1678.7520    3.5361     4379198028.4001
   368.567    7.5723    4.1925    3.4584   1718.0107    3.5304     4501678622.7258
   378.581    7.5634    4.1831    3.4578   1757.2694    3.5248     4623939168.2653
   388.595    7.5564    4.1744    3.4574   1796.5282    3.5192     4745986630.0252
   398.610    7.5452    4.1641    3.4563   1835.7869    3.5137     4867816079.0053
   408.624    7.5361    4.1545    3.4556   1875.0456    3.5082     4989422906.0663
   418.639    7.5269    4.1449    3.4549   1914.3044    3.5028     5110814269.8099
   428.653    7.5176    4.1353    3.4541   1953.5631    3.4974     5231991229.3575
   438.667    7.5080    4.1254    3.4533   1992.8218    3.4921     5352955253.8114
   448.682    7.4986    4.1158    3.4525   2032.0806    3.4868     5473707475.5506
   471.248    7.5267    4.1230    3.4605   2036.4716    3.4750     5745673711.0023
   493.814    7.5546    4.1302    3.4683   2040.7905    3.4633     6017340384.0338
   516.380    7.5822    4.1373    3.4761   2045.0525    3.4517     6288702979.7285
   538.945    7.6095    4.1445    3.4838   2049.1633    3.4401     6559756675.1794
   561.511    7.6489    4.1564    3.4933   2054.5618    3.4287     6830571227.1186
   584.077    7.6770    4.1639    3.5011   2058.8655    3.4174     7101155927.6627
   606.643    7.7054    4.1716    3.5089   2063.1308    3.4061     7371449259.7260
   629.209    7.7324    4.1789    3.5165   2067.1994    3.3950     7641446724.3534
   651.775    7.7590    4.1859    3.5241   2071.2335    3.3841     7911142953.1427
   674.341    7.7846    4.1927    3.5314   2075.1045    3.3732     8180535165.6540
   696.907    7.8114    4.2000    3.5389   2079.1053    3.3625     8449628638.5808
   719.473    7.8373    4.2070    3.5462   2082.9236    3.3520     8718431997.0860
   742.039    7.8621    4.2135    3.5535   2086.6321    3.3416     8986944111.5585
   764.605    7.8868    4.2201    3.5606   2090.2905    3.3314     9255166465.4604
   787.170    7.9113    4.2266    3.5677   2093.9008    3.3214     9523103916.2466
   809.736    7.9359    4.2332    3.5747   2097.4695    3.3116     9790764869.9345
   832.302    7.9596    4.2395    3.5816   2100.8809    3.3019    10058156357.1572
   854.868    7.9837    4.2459    3.5887   2104.3636    3.2925    10325290326.3542
   877.434    8.0079    4.2525    3.5957   2107.7885    3.2834    10592184603.5265
   900.000    8.0314    4.2588    3.6025   2111.0651    3.2744    10858849116.8752
   916.678    8.0494    4.2639    3.6077   2113.5491    3.2680    11055730775.1913
   933.356    8.0667    4.2686    3.6128   2115.9497    3.2617    11252505312.4733
   950.035    8.0842    4.2734    3.6180   2118.3257    3.2555    11449178163.6055
   966.713    8.1034    4.2791    3.6235   2120.9403    3.2495    11645768565.0337
   983.391    8.1211    4.2841    3.6287   2123.2775    3.2436    11842287561.5680
  1000.069    8.1392    4.2895    3.6341   2125.6114    3.2379    12038736866.0191
  1016.748    8.1572    4.2948    3.6394   2127.9247    3.2323    12235128116.7903
  1033.426    8.1746    4.2996    3.6446   2130.2954    3.2269    12431466698.4501
  1050.104    8.1908    4.3039    3.6494   2132.5011    3.2217    12627747231.3232
  1066.782    8.2068    4.3082    3.6542   2134.6750    3.2167    12823969228.4398
  1083.461    8.2228    4.3124    3.6590   2136.8578    3.2119    13020142720.8077
  1100.139    8.2393    4.3171    3.6643   2139.7386    3.2073    13216292795.1259
  1116.817    8.3563    4.3902    3.6946   2151.7588    3.2027    13413112437.0761
  1133.495    8.4841    4.4710    3.7276   2166.4310    3.1979    13611339172.9215
  1150.173    8.5773    4.5279    3.7518   2174.3883    3.1930    13810795848.3624
  1166.852    8.5929    4.5319    3.7566   2176.8330    3.1882    14010720548.7428
  1183.530    8.6093    4.5364    3.7616   2179.2224    3.1836    14210605494.8859
  1200.208    8.6250    4.5405    3.7665   2181.5352    3.1793    14410464323.8721
  1216.886    8.6405    4.5444    3.7713   2183.8033    3.1751    14610305348.9784
  1233.565    8.6560    4.5485    3.7761   2186.1325    3.1712    14810143112.1874
  1250.243    8.6712    4.5526    3.7808   2188.3962    3.1676    15009989061.2290
  1266.921    8.6875    4.5572    3.7860   2190.6561    3.1643    15209866014.2046
  1283.599    8.7033    4.5615    3.7910   2192.9333    3.1612    15409798515.4892
  1300.278    8.7187    4.5655    3.7959   2195.2232    3.1583    15609796765.2484
  1316.956    8.7351    4.5704    3.8010   2197.4609    3.1558    15809882085.0716
  1333.634    8.7512    4.5750    3.8062   2199.7578    3.1536    16010080390.9432
  1350.312    8.7939    4.5968    3.8160   2205.5275    3.1516    16210531750.9276
  1366.991    8.8398    4.6207    3.8268   2211.6424    3.1499    16411398756.8192
  1383.669    8.8833    4.6435    3.8372   2217.6299    3.1485    16612714111.7627
  1400.347    8.9346    4.6712    3.8500   2223.8920    3.1473    16814547319.4544
  1417.025    8.9834    4.6976    3.8627   2231.4920    3.1463    17016972356.0100
  1433.703    9.0257    4.7198    3.8744   2237.2100    3.1456    17219974702.1317
  1450.382    9.0468    4.7276    3.8817   2239.9957    3.1453    17423431835.9568
  1467.060    9.0696    4.7367    3.8897   2242.8937    3.1452    17627267145.6893
  1483.738    9.0929    4.7461    3.8980   2245.8833    3.1456    17831527944.9466
  1500.416    9.1184    4.7571    3.9072   2248.9677    3.1463    18036270541.6620
  1517.095    9.1426    4.7672    3.9162   2254.9419    3.1474    18241537261.0566
  1533.773    9.2002    4.8046    3.9346   2263.7867    3.1488    18447593280.3960
  1550.451    9.2258    4.8171    3.9434   2268.9747    3.1506    18654457624.4473
  1550.451    4.9103    0.0000    4.0026         nan    3.1506    18654457624.4473
  1563.175    4.9210    0.0000    4.0070         nan    3.1516    18815002908.7591
  1575.899    4.9316    0.0000    4.0113         nan    3.1529    18975775390.5823
  1588.623    4.9422    0.0000    4.0157         nan    3.1545    19136789245.5861
  1601.347    4.9528    0.0000    4.0201         nan    3.1563    19298059128.5250
  1614.071    4.9635    0.0000    4.0245         nan    3.1585    19459600123.9097
  1626.796    4.9736    0.0000    4.0286         nan    3.1610    19621423754.1625
  1639.520    4.9837    0.0000    4.0328         nan    3.1638    19783542189.0611
  1652.244    4.9938    0.0000    4.0370         nan    3.1669    19945972280.7543
  1664.968    5.0039    0.0000    4.0411         nan    3.1704    20108731454.6841
  1664.968    5.0588    0.0000    6.3192         nan    3.1704    20108731454.6841
  1724.434    5.1249    0.0000    6.3646         nan    3.0732    21304392626.7744
  1783.901    5.1876    0.0000    6.4077         nan    2.9746    22471477290.5726
  1843.368    5.2469    0.0000    6.4488         nan    2.8747    23608568408.1541
  1902.834    5.3032    0.0000    6.4878         nan    2.7736    24714319980.9729
  1962.301    5.3565    0.0000    6.5249         nan    2.6713    25787453600.8135
  2021.768    5.4070    0.0000    6.5600         nan    2.5680    26826755524.8635
  2081.234    5.4547    0.0000    6.5934         nan    2.4636    27831074192.0487
  2140.701    5.4997    0.0000    6.6249         nan    2.3582    28799318120.1463
  2200.167    5.5422    0.0000    6.6548         nan    2.2519    29730454140.8992
  2259.634    5.5823    0.0000    6.6829         nan    2.1448    30623505942.4701
  2319.101    5.6199    0.0000    6.7094         nan    2.0368    31477552905.7650
  2378.567    5.6552    0.0000    6.7344         nan    1.9281    32291729236.2892
  2438.034    5.6882    0.0000    6.7577         nan    1.8187    33065223414.0159
  2497.501    5.7190    0.0000    6.7795         nan    1.7087    33797278013.9174
  2556.967    5.7476    0.0000    6.7997         nan    1.5982    34487189991.4629
  2616.434    5.7741    0.0000    6.8185         nan    1.4871    35134311597.1392
  2675.900    5.7984    0.0000    6.8358         nan    1.3756    35738052201.1055
  2735.367    5.8207    0.0000    6.8517         nan    1.2638    36297881512.1599
  2794.834    5.8410    0.0000    6.8661         nan    1.1517    36813335053.6732
  2854.300    5.8593    0.0000    6.8791         nan    1.0396    37284023489.0798
  2913.767    5.8755    0.0000    6.8907         nan    0.9276    37709648885.1896
  2973.234    5.8898    0.0000    6.9009         nan    0.8162    38090034277.2363
  3032.700    5.9022    0.0000    6.9098         nan    0.7059    38425180644.9530
  3092.167    5.9127    0.0000    6.9172         nan    0.5981    38715385639.2902
  3151.633    5.9212    0.0000    6.9233         nan    0.4959    38961518209.4860
  3211.100    5.9278    0.0000    6.9280         nan    0.4082    39165752020.3540
  3270.567    5.9325    0.0000    6.9314         nan    0.3713    39333982306.1898
  3330.033    5.9354    0.0000    6.9334         nan    0.6784    39487049590.7198
  3389.500    5.9363    0.0000    6.9341         nan    0.0000    39766782976.3489
