# Depth[km]  Vp[km/s]  Vs[km/s] Rho[g/cm3]    T[K]     g[m/s2]         P[Pa]        
     0.000    3.4784    2.1003    1.6306    273.1500    3.7291              0.0000
    11.003    3.4784    2.1003    1.6306    314.0012    3.7383       66905032.2625
    11.003    4.7635    2.8762    2.2330    314.0012    3.7383       66905032.2625
    27.018    4.7635    2.8762    2.2330    373.4648    3.7439      200591705.2421
    27.018    6.4535    3.8966    3.0253    373.4648    3.7439      200591705.2421
    43.909    6.4535    3.8966    3.0253    436.1838    3.7387      391906247.9285
    43.909    7.8427    4.4856    3.4773    436.1838    3.7387      391906247.9285
    53.932    7.8388    4.4789    3.4777    473.4001    3.7319      522218437.2517
    63.955    7.8343    4.4719    3.4780    510.6165    3.7251      652307746.1166
    73.978    7.8296    4.4648    3.4783    547.8329    3.7183      782172303.0311
    84.001    7.8244    4.4574    3.4785    585.0493    3.7116      911809722.4221
    94.024    7.8192    4.4499    3.4787    622.2656    3.7048     1041219036.8196
   104.048    7.8128    4.4420    3.4787    659.4820    3.6981     1170396451.4132
   114.071    7.8072    4.4344    3.4787    696.6984    3.6915     1299340425.4244
   124.094    7.8016    4.4267    3.4788    733.9148    3.6848     1428054022.6791
   134.117    7.7958    4.4189    3.4788    771.1311    3.6782     1556537268.9674
   144.140    7.7891    4.4108    3.4785    808.3475    3.6717     1684786068.0086
   154.163    7.7832    4.4030    3.4785    845.5639    3.6651     1812799912.3098
   164.186    7.7764    4.3948    3.4782    882.7803    3.6586     1940578616.0465
   174.209    7.7706    4.3869    3.4781    919.9967    3.6521     2068122233.9589
   184.232    7.7639    4.3788    3.4777    957.2130    3.6457     2195431313.6683
   194.255    7.7581    4.3710    3.4775    994.4294    3.6392     2322505856.4177
   204.278    7.7514    4.3628    3.4771   1031.6458    3.6329     2449345888.1811
   214.301    7.7444    4.3545    3.4766   1068.8622    3.6265     2575946242.7192
   224.324    7.7379    4.3464    3.4761   1106.0785    3.6202     2702307520.6652
   234.347    7.7310    4.3381    3.4757   1143.2949    3.6139     2828433292.4686
   244.371    7.7251    4.3302    3.4754   1180.5113    3.6077     2954327422.5646
   254.394    7.7182    4.3220    3.4750   1217.7277    3.6015     3079990578.8594
   264.417    7.7117    4.3139    3.4745   1254.9440    3.5953     3205421007.7524
   274.440    7.7039    4.3053    3.4739   1292.1604    3.5892     3330616969.2605
   284.463    7.6975    4.2973    3.4734   1329.3768    3.5831     3455580021.4696
   294.486    7.6887    4.2882    3.4728   1366.5932    3.5770     3580312212.1453
   304.509    7.6811    4.2796    3.4724   1403.8095    3.5710     3704815599.9060
   314.532    7.6731    4.2709    3.4719   1441.0259    3.5651     3829094061.3130
   324.555    7.6647    4.2620    3.4713   1478.2423    3.5592     3953145995.7588
   334.578    7.6566    4.2532    3.4709   1515.4587    3.5533     4076972855.7892
   344.601    7.6488    4.2445    3.4704   1552.6750    3.5474     4200578348.2195
   354.624    7.6400    4.2354    3.4698   1589.8914    3.5416     4323961100.6237
   364.647    7.6309    4.2262    3.4691   1627.1078    3.5359     4447119455.4450
   374.670    7.6228    4.2174    3.4686   1664.3242    3.5302     4570057122.6249
   384.694    7.6138    4.2082    3.4679   1701.5406    3.5245     4692775710.1450
   394.717    7.6051    4.1990    3.4674   1738.7569    3.5189     4815276366.7285
   404.740    7.5891    4.1871    3.4656   1775.9733    3.5133     4937540194.2368
   414.763    7.5874    4.1808    3.4661   1813.1897    3.5078     5059587262.8626
   424.786    7.5782    4.1714    3.4654   1850.4061    3.5023     5181439961.5997
   434.809    7.5654    4.1607    3.4642   1887.6224    3.4969     5303068935.8960
   444.832    7.5573    4.1518    3.4637   1924.8388    3.4915     5424478532.9305
   467.590    7.5854    4.1590    3.4716   1928.9424    3.4794     5700022692.5780
   490.349    7.6131    4.1662    3.4794   1932.9628    3.4674     5975236067.7930
   513.107    7.6531    4.1783    3.4891   1938.2288    3.4555     6250188679.7340
   535.866    7.6827    4.1864    3.4971   1942.4153    3.4436     6524889794.0793
   558.624    7.7106    4.1939    3.5049   1946.3914    3.4318     6799267375.9180
   581.382    7.7386    4.2015    3.5127   1950.3804    3.4201     7073314938.5322
   604.141    7.7652    4.2085    3.5203   1954.2101    3.4086     7347028596.4438
   626.899    7.7923    4.2160    3.5278   1957.9762    3.3972     7620403677.0209
   649.658    7.8191    4.2232    3.5354   1961.8114    3.3859     7893445737.7534
   672.416    7.8453    4.2302    3.5428   1965.5371    3.3747     8166157395.4119
   695.174    7.8706    4.2369    3.5501   1969.1516    3.3637     8438536331.2780
   717.933    7.8961    4.2440    3.5573   1972.6089    3.3528     8710581242.3803
   740.691    7.9202    4.2501    3.5644   1976.0188    3.3421     8982292033.7732
   763.450    7.9454    4.2571    3.5715   1979.4020    3.3316     9253676028.9101
   786.208    7.9697    4.2635    3.5786   1982.8072    3.3213     9524744247.6832
   808.966    7.9941    4.2701    3.5856   1986.1462    3.3111     9795505239.6706
   831.725    8.0178    4.2765    3.5925   1989.3254    3.3012    10065964721.0753
   854.483    8.0418    4.2828    3.5996   1992.6032    3.2915    10336135622.5668
   877.242    8.0655    4.2894    3.6064   1995.6580    3.2820    10606029909.6307
   900.000    8.0899    4.2962    3.6134   1998.9256    3.2727    10875664482.4753
   916.891    8.1079    4.3013    3.6187   2001.2760    3.2660    11075565780.9225
   933.783    8.1253    4.3061    3.6239   2003.5331    3.2594    11275344239.2751
   950.674    8.1431    4.3112    3.6290   2005.7294    3.2530    11475004544.4369
   967.566    8.1601    4.3159    3.6341   2007.9237    3.2467    11674551501.9499
   984.457    8.1793    4.3217    3.6397   2010.2429    3.2406    11874007463.9653
  1001.349    8.1975    4.3271    3.6451   2012.4632    3.2347    12073390201.9138
  1018.240    8.2139    4.3314    3.6501   2014.5556    3.2289    12272688675.3648
  1035.132    8.2311    4.3364    3.6552   2016.6451    3.2232    12471903650.6377
  1052.023    8.2472    4.3408    3.6599   2018.7120    3.2178    12671038854.5618
  1068.915    8.2820    4.3579    3.6696   2022.7847    3.2125    12870230697.6681
  1085.806    8.3897    4.4249    3.6983   2032.3875    3.2072    13070136157.9304
  1102.698    8.5097    4.5004    3.7300   2045.3838    3.2018    13271348732.0939
  1119.589    8.6022    4.5568    3.7543   2054.2474    3.1962    13473734924.2876
  1136.481    8.6182    4.5610    3.7592   2057.6757    3.1907    13676556884.6930
  1153.372    8.6338    4.5649    3.7641   2060.1002    3.1854    13879292749.2213
  1170.264    8.6492    4.5688    3.7688   2062.3102    3.1803    14081949373.6736
  1187.155    8.6642    4.5724    3.7735   2066.4171    3.1754    14284535059.7777
  1204.046    8.7367    4.6356    3.7809   2069.2785    3.1707    14487135361.3250
  1220.938    8.7434    4.6320    3.7848   2078.8170    3.1663    14689741359.6296
  1237.829    8.7891    4.6683    3.7911   2081.3442    3.1621    14892336016.4697
  1254.721    8.8034    4.6722    3.7957   2083.7263    3.1582    15094953329.3637
  1271.612    8.8188    4.6765    3.8008   2086.0705    3.1546    15297578830.1705
  1288.504    8.8582    4.6951    3.8101   2091.3091    3.1511    15500354468.7126
  1305.395    8.8961    4.7130    3.8194   2096.4484    3.1479    15703405125.5597
  1322.287    8.9356    4.7317    3.8294   2101.8344    3.1450    15906761937.3231
  1339.178    8.9748    4.7503    3.8396   2107.0854    3.1422    16110463864.5797
  1356.070    9.0137    4.7688    3.8502   2112.5351    3.1397    16314539161.1861
  1372.961    9.0552    4.7884    3.8618   2118.1528    3.1375    16519040699.5861
  1389.853    9.0761    4.7950    3.8693   2120.6579    3.1355    16723900514.8683
  1406.744    9.0926    4.7986    3.8759   2122.7161    3.1338    16929002687.1711
  1423.636    9.1090    4.8023    3.8825   2124.7683    3.1324    17134345230.2845
  1440.527    9.1258    4.8055    3.8898   2126.7727    3.1314    17339966620.9250
  1457.418    9.1434    4.8086    3.8979   2128.7325    3.1308    17545929130.9915
  1474.310    9.1816    4.8233    3.9153   2137.7693    3.1304    17752523160.1764
  1491.201    9.2418    4.8549    3.9395   2145.4502    3.1302    17960193745.3198
  1508.093    9.2685    4.8679    3.9487   2150.8777    3.1303    18168735450.2390
  1524.984    9.2958    4.8818    3.9579   2156.3495    3.1308    18377767917.9527
  1541.876    9.3204    4.8945    3.9659   2161.7257    3.1316    18587285686.6427
  1558.767    9.3452    4.9066    3.9745   2166.9727    3.1329    18797300444.9894
  1558.767    4.8035    0.0000    4.0348         nan    3.1329    18797300444.9894
  1572.051    4.8147    0.0000    4.0396         nan    3.1336    18965310538.8789
  1585.334    4.8259    0.0000    4.0445         nan    3.1345    19133556897.8569
  1598.617    4.8371    0.0000    4.0493         nan    3.1358    19302055337.7065
  1611.900    4.8483    0.0000    4.0541         nan    3.1373    19470822242.7367
  1625.184    4.8594    0.0000    4.0589         nan    3.1392    19639873407.6654
  1638.467    4.8700    0.0000    4.0635         nan    3.1414    19809221665.8236
  1651.750    4.8806    0.0000    4.0681         nan    3.1440    19978881727.6256
  1665.033    4.8913    0.0000    4.0727         nan    3.1469    20148872602.7189
  1678.317    4.9019    0.0000    4.0773         nan    3.1502    20319213987.4910
  1678.317    5.1391    0.0000    6.3461         nan    3.1502    20319213987.4910
  1737.323    5.2243    0.0000    6.3895         nan    3.0527    21502880468.0575
  1796.329    5.3045    0.0000    6.4305         nan    2.9539    22657512254.0191
  1855.336    5.3801    0.0000    6.4692         nan    2.8539    23781716809.8493
  1914.342    5.4513    0.0000    6.5058         nan    2.7527    24874186622.2367
  1973.348    5.5185    0.0000    6.5404         nan    2.6504    25933692597.2135
  2032.355    5.5818    0.0000    6.5730         nan    2.5470    26959078518.1322
  2091.361    5.6414    0.0000    6.6038         nan    2.4428    27949256363.9301
  2150.367    5.6975    0.0000    6.6328         nan    2.3376    28903202321.0071
  2209.374    5.7503    0.0000    6.6602         nan    2.2315    29819953361.9784
  2268.380    5.7999    0.0000    6.6859         nan    2.1246    30698604304.2866
  2327.386    5.8463    0.0000    6.7100         nan    2.0170    31538305269.7904
  2386.392    5.8898    0.0000    6.7326         nan    1.9087    32338259485.7596
  2445.399    5.9304    0.0000    6.7537         nan    1.7998    33097721386.5960
  2504.405    5.9681    0.0000    6.7734         nan    1.6902    33815994980.3828
  2563.411    6.0031    0.0000    6.7916         nan    1.5801    34492432460.3750
  2622.418    6.0355    0.0000    6.8085         nan    1.4694    35126433054.1897
  2681.424    6.0652    0.0000    6.8240         nan    1.3583    35717442118.0024
  2740.430    6.0924    0.0000    6.8382         nan    1.2468    36264950511.1194
  2799.437    6.1171    0.0000    6.8511         nan    1.1348    36768494328.2506
  2858.443    6.1393    0.0000    6.8627         nan    1.0226    37227655148.4205
  2917.449    6.1591    0.0000    6.8731         nan    0.9101    37642061121.7950
  2976.456    6.1764    0.0000    6.8822         nan    0.7974    38011389568.4833
  3035.462    6.1914    0.0000    6.8900         nan    0.6845    38335372597.8951
  3094.468    6.2041    0.0000    6.8967         nan    0.5718    38613809430.1092
  3153.475    6.2144    0.0000    6.9021         nan    0.4595    38846595524.5665
  3212.481    6.2224    0.0000    6.9063         nan    0.3487    39033801039.9580
  3271.487    6.2281    0.0000    6.9093         nan    0.2433    39175930138.3557
  3330.494    6.2316    0.0000    6.9111         nan    0.1752    39275126129.1927
  3389.500    6.2327    0.0000    6.9117         nan    0.0000    39346559552.2216
