# Depth[km]  Vp[km/s]  Vs[km/s] Rho[g/cm3]    T[K]     g[m/s2]         P[Pa]        
     0.000    3.8782    2.3443    1.7809    273.1500    3.7291              0.0000
    11.576    3.8782    2.3443    1.7809    313.2767    3.7373       76875753.7493
    11.576    4.5607    2.7568    2.0943    313.2767    3.7373       76875753.7493
    28.240    4.5607    2.7568    2.0943    371.0460    3.7451      207304229.9790
    28.240    6.3091    3.8137    2.8971    371.0460    3.7451      207304229.9790
    45.140    6.3091    3.8137    2.8971    429.6328    3.7417      390667118.5080
    45.140    7.8476    4.4879    3.4783    429.6328    3.7417      390667118.5080
    55.150    7.8448    4.4819    3.4790    464.3353    3.7349      520960530.9689
    65.160    7.8418    4.4758    3.4796    499.0377    3.7282      651041193.3081
    75.170    7.8384    4.4695    3.4801    533.7402    3.7214      780907516.8687
    85.180    7.8346    4.4629    3.4805    568.4427    3.7147      910557056.5247
    95.190    7.8308    4.4563    3.4810    603.1451    3.7080     1039988807.6004
   105.201    7.8267    4.4496    3.4814    637.8476    3.7013     1169202716.1348
   115.211    7.8215    4.4423    3.4815    672.5501    3.6947     1298193275.9885
   125.221    7.8172    4.4355    3.4819    707.2526    3.6880     1426960501.0088
   135.231    7.8128    4.4285    3.4821    741.9550    3.6814     1555508321.5530
   145.241    7.8084    4.4216    3.4824    776.6575    3.6749     1683835930.6154
   155.252    7.8040    4.4146    3.4826    811.3600    3.6683     1811942809.2007
   165.262    7.7983    4.4071    3.4826    846.0624    3.6618     1939824902.6073
   175.272    7.7939    4.4002    3.4827    880.7649    3.6553     2067482730.4443
   185.282    7.7885    4.3928    3.4827    915.4674    3.6489     2194916456.1670
   195.292    7.7839    4.3857    3.4828    950.1698    3.6424     2322125637.8262
   205.302    7.7784    4.3784    3.4827    984.8723    3.6360     2449110733.0447
   215.313    7.7739    4.3713    3.4827   1019.5748    3.6297     2575872043.0896
   225.323    7.7686    4.3639    3.4826   1054.2772    3.6233     2702409673.9192
   235.333    7.7637    4.3568    3.4824   1088.9797    3.6170     2828721555.7548
   245.343    7.7584    4.3494    3.4823   1123.6822    3.6108     2954808307.7405
   255.353    7.7526    4.3418    3.4821   1158.3846    3.6046     3080670414.6440
   265.364    7.7481    4.3348    3.4821   1193.0871    3.5984     3206312508.4850
   275.374    7.7425    4.3273    3.4819   1227.7896    3.5922     3331735301.3566
   285.384    7.7371    4.3200    3.4817   1262.4921    3.5861     3456936042.5073
   295.394    7.7317    4.3127    3.4815   1297.1945    3.5800     3581916119.3401
   305.404    7.7270    4.3056    3.4814   1331.8970    3.5740     3706679160.6845
   315.414    7.7208    4.2979    3.4812   1366.5995    3.5679     3831226606.2844
   325.425    7.7145    4.2901    3.4810   1401.3019    3.5620     3955558208.0614
   335.435    7.7080    4.2821    3.4809   1436.0044    3.5560     4079675232.6504
   345.445    7.7007    4.2740    3.4805   1470.7069    3.5502     4203576377.1752
   355.455    7.6943    4.2661    3.4803   1505.4093    3.5443     4327262904.3938
   365.465    7.6875    4.2581    3.4801   1540.1118    3.5385     4450738175.6164
   375.475    7.6809    4.2501    3.4799   1574.8143    3.5327     4574003493.0790
   385.486    7.6744    4.2423    3.4797   1609.5167    3.5270     4697060202.3915
   395.496    7.6676    4.2342    3.4795   1644.2192    3.5213     4819909185.4662
   405.506    7.6609    4.2262    3.4792   1678.9217    3.5157     4942551476.9303
   415.516    7.6539    4.2181    3.4790   1713.6241    3.5101     5064988331.5777
   425.526    7.6461    4.2096    3.4785   1748.3266    3.5045     5187218309.1621
   435.537    7.6393    4.2016    3.4783   1783.0291    3.4990     5309242556.6898
   445.547    7.6322    4.1934    3.4780   1817.7316    3.4935     5431064911.9910
   468.269    7.6628    4.2018    3.4862   1821.7908    3.4812     5707480421.0548
   490.992    7.6922    4.2098    3.4943   1825.7583    3.4690     5983567459.4039
   513.715    7.7204    4.2174    3.5022   1829.5726    3.4568     6259311628.1206
   536.437    7.7484    4.2251    3.5099   1833.2571    3.4447     6534701849.0538
   559.160    7.7761    4.2326    3.5176   1836.9581    3.4328     6809735333.6943
   581.883    7.8033    4.2400    3.5252   1840.6280    3.4209     7084411015.9103
   604.605    7.8297    4.2472    3.5327   1844.1020    3.4091     7358722050.7242
   627.328    7.8560    4.2543    3.5401   1847.6420    3.3975     7632667587.0575
   650.051    7.8815    4.2611    3.5474   1851.0297    3.3860     7906248601.9178
   672.773    7.9064    4.2678    3.5546   1854.2755    3.3746     8179458174.6779
   695.496    7.9315    4.2745    3.5617   1857.5694    3.3634     8452299227.4294
   718.219    7.9564    4.2812    3.5688   1860.7952    3.3524     8724779443.3780
   740.941    7.9810    4.2879    3.5759   1864.0239    3.3415     8996904228.7127
   763.664    8.0049    4.2942    3.5828   1867.0789    3.3307     9268675598.4188
   786.387    8.0291    4.3008    3.5898   1870.1940    3.3202     9540100066.9610
   809.109    8.0526    4.3071    3.5966   1873.1550    3.3098     9811185860.7465
   831.832    8.0770    4.3140    3.6036   1876.2531    3.2997    10081945727.8316
   854.555    8.1009    4.3206    3.6105   1879.2438    3.2897    10352396178.8270
   877.277    8.1241    4.3269    3.6173   1882.0953    3.2800    10622543505.1099
   900.000    8.1471    4.3331    3.6241   1884.9440    3.2705    10892396387.3945
   916.821    8.1644    4.3380    3.6291   1887.0016    3.2637    11091903109.5164
   933.641    8.1825    4.3433    3.6344   1889.1550    3.2569    11291274548.2451
   950.462    8.2001    4.3484    3.6396   1891.1988    3.2504    11490521525.8906
   967.282    8.2176    4.3534    3.6448   1893.2342    3.2439    11689650324.3483
   984.103    8.2357    4.3589    3.6501   1895.2645    3.2376    11888671350.6648
  1000.923    8.3159    4.4248    3.6593   1899.5763    3.2315    12087701987.1171
  1017.744    8.3664    4.4640    3.6659   1909.0541    3.2254    12286782203.9863
  1034.564    8.3988    4.4801    3.6754   1913.6811    3.2195    12485925721.8490
  1051.385    8.4876    4.5337    3.7005   1923.3333    3.2136    12685640323.2550
  1068.205    8.5893    4.5960    3.7286   1933.7575    3.2075    12886425627.6787
  1085.026    8.7081    4.6700    3.7605   1944.5770    3.2013    13088454035.8022
  1101.846    8.7234    4.6745    3.7652   1947.1112    3.1951    13291077879.6889
  1118.667    8.7385    4.6790    3.7698   1949.5343    3.1891    13493557454.6178
  1135.487    8.7536    4.6832    3.7746   1951.8368    3.1832    13695906423.9831
  1152.308    8.7687    4.6876    3.7793   1954.1485    3.1776    13898138671.8787
  1169.128    8.7838    4.6920    3.7840   1956.4700    3.1722    14100264379.9740
  1185.949    8.7988    4.6963    3.7888   1958.7803    3.1669    14302297368.8889
  1202.769    8.8138    4.7006    3.7935   1961.0660    3.1620    14504249835.3022
  1219.590    8.8416    4.7126    3.8004   1964.7917    3.1572    14706194069.9646
  1236.410    8.8787    4.7301    3.8091   1969.5765    3.1526    14908246994.3645
  1253.231    8.9147    4.7472    3.8177   1974.2766    3.1482    15110465655.8319
  1270.051    8.9517    4.7648    3.8268   1979.1762    3.1440    15312873344.7584
  1286.872    8.9891    4.7827    3.8363   1983.9161    3.1401    15515502380.0761
  1303.692    9.0261    4.8003    3.8459   1988.7827    3.1363    15718379807.1784
  1320.513    9.0623    4.8175    3.8558   1993.8454    3.1327    15921527666.3546
  1337.333    9.0828    4.8246    3.8623   1996.2894    3.1294    16124875070.0428
  1354.154    9.0979    4.8282    3.8678   1998.2175    3.1264    16328323548.2545
  1370.974    9.1134    4.8318    3.8736   2000.1618    3.1236    16531871843.5817
  1387.795    9.1289    4.8354    3.8796   2002.0508    3.1212    16735551725.8835
  1404.615    9.1448    4.8388    3.8860   2003.9178    3.1191    16939398082.4479
  1421.436    9.1608    4.8423    3.8925   2005.7780    3.1173    17143443679.1928
  1438.256    9.2192    4.8704    3.9174   2019.5326    3.1157    17348194477.7260
  1455.077    9.3025    4.9164    3.9503   2028.7114    3.1141    17554355245.7414
  1471.897    9.3301    4.9304    3.9595   2034.3733    3.1127    17761515717.1864
  1488.718    9.3578    4.9447    3.9686   2039.6340    3.1116    17969062469.5277
  1505.538    9.3830    4.9573    3.9770   2044.7794    3.1109    18176994457.0703
  1522.359    9.4081    4.9701    3.9853   2049.7113    3.1105    18385313941.9790
  1539.179    9.4321    4.9825    3.9931   2054.6366    3.1105    18594031576.0803
  1556.000    9.4546    4.9940    4.0005   2059.4279    3.1109    18803146206.1389
  1556.000    5.3573    0.0000    4.0576         nan    3.1109    18803146206.1389
  1572.154    5.3723    0.0000    4.0623         nan    3.1110    19007179526.7617
  1588.308    5.3872    0.0000    4.0671         nan    3.1115    19211455195.8230
  1604.462    5.4022    0.0000    4.0719         nan    3.1124    19416001622.5884
  1620.617    5.4171    0.0000    4.0766         nan    3.1138    19620847925.9219
  1636.771    5.4313    0.0000    4.0811         nan    3.1157    19826019187.9505
  1652.925    5.4455    0.0000    4.0856         nan    3.1181    20031542411.8956
  1669.079    5.4597    0.0000    4.0901         nan    3.1210    20237451391.3000
  1685.233    5.4737    0.0000    4.0946         nan    3.1245    20443780410.2337
  1701.388    5.4872    0.0000    4.0989         nan    3.1285    20650560661.8539
  1701.388    5.2160    0.0000    6.3856         nan    3.1285    20650560661.8539
  1759.598    5.2603    0.0000    6.4274         nan    3.0319    21817281601.7232
  1817.809    5.3024    0.0000    6.4675         nan    2.9341    22955201173.2120
  1876.020    5.3426    0.0000    6.5060         nan    2.8351    24063108700.7487
  1934.231    5.3807    0.0000    6.5427         nan    2.7350    25139840691.9448
  1992.442    5.4170    0.0000    6.5779         nan    2.6338    26184280162.7790
  2050.652    5.4514    0.0000    6.6114         nan    2.5317    27195356117.9140
  2108.863    5.4840    0.0000    6.6434         nan    2.4286    28172043173.1546
  2167.074    5.5149    0.0000    6.6739         nan    2.3245    29113361307.2571
  2225.285    5.5442    0.0000    6.7028         nan    2.2197    30018375746.5305
  2283.495    5.5717    0.0000    6.7302         nan    2.1140    30886196985.9612
  2341.706    5.5977    0.0000    6.7561         nan    2.0076    31715980963.1842
  2399.917    5.6220    0.0000    6.7805         nan    1.9004    32506929415.0103
  2458.128    5.6449    0.0000    6.8035         nan    1.7926    33258290466.8264
  2516.338    5.6662    0.0000    6.8250         nan    1.6843    33969359531.8049
  2574.549    5.6860    0.0000    6.8451         nan    1.5754    34639480650.2349
  2632.760    5.7044    0.0000    6.8637         nan    1.4660    35268048475.6574
  2690.971    5.7213    0.0000    6.8810         nan    1.3562    35854511251.1537
  2749.182    5.7369    0.0000    6.8968         nan    1.2462    36398375361.7505
  2807.392    5.7510    0.0000    6.9112         nan    1.1360    36899212494.0795
  2865.603    5.7637    0.0000    6.9243         nan    1.0258    37356671305.6474
  2923.814    5.7750    0.0000    6.9359         nan    0.9159    37770497278.0784
  2982.025    5.7850    0.0000    6.9462         nan    0.8067    38140568323.6123
  3040.235    5.7936    0.0000    6.9551         nan    0.6990    38466962927.1197
  3098.446    5.8009    0.0000    6.9626         nan    0.5943    38750101651.2822
  3156.657    5.8068    0.0000    6.9687         nan    0.4964    38991073941.2900
  3214.868    5.8115    0.0000    6.9735         nan    0.4161    39192510339.9807
  3273.078    5.8148    0.0000    6.9769         nan    0.3970    39361456102.7668
  3331.289    5.8167    0.0000    6.9790         nan    0.7931    39522715293.1460
  3389.500    5.8174    0.0000    6.9796         nan    0.0000    39844926261.6222
