# Depth[km]  Vp[km/s]  Vs[km/s] Rho[g/cm3]    T[K]     g[m/s2]         P[Pa]        
     0.000    3.5829    2.1338    1.6889    273.1500    3.7291              0.0000
    10.990    3.5829    2.1338    1.6889    314.5811    3.7378       69216170.9942
    10.990    4.9655    2.9573    2.3406    314.5811    3.7378       69216170.9942
    29.499    4.9655    2.9573    2.3406    384.3620    3.7425      231144197.2147
    29.499    6.2324    3.7118    2.9378    384.3620    3.7425      231144197.2147
    43.789    6.2324    3.7118    2.9378    438.2405    3.7392      388267183.3097
    43.789    7.9527    4.5335    3.4843    438.2405    3.7392      388267183.3097
    53.761    7.9475    4.5257    3.4845    475.8368    3.7324      518190570.4546
    63.733    7.9418    4.5177    3.4845    513.4331    3.7255      647880367.1135
    73.705    7.9358    4.5095    3.4845    551.0293    3.7188      777334885.6641
    83.677    7.9295    4.5010    3.4845    588.6256    3.7120      906552330.4605
    93.649    7.9224    4.4923    3.4843    626.2219    3.7053     1035529441.4811
   103.622    7.9160    4.4839    3.4841    663.8182    3.6986     1164266086.6316
   113.594    7.9093    4.4753    3.4839    701.4145    3.6919     1292764094.6993
   123.566    7.9026    4.4669    3.4838    739.0107    3.6852     1421023588.0697
   133.538    7.8952    4.4580    3.4834    776.6070    3.6786     1549042229.8651
   143.510    7.8885    4.4495    3.4832    814.2033    3.6720     1676819924.2115
   153.482    7.8810    4.4408    3.4827    851.7996    3.6655     1804356375.7471
   163.454    7.8738    4.4320    3.4823    889.3958    3.6589     1931650024.2185
   173.426    7.8668    4.4234    3.4819    926.9921    3.6525     2058702578.3078
   183.398    7.8601    4.4150    3.4816    964.5884    3.6460     2185515746.7112
   193.370    7.8528    4.4063    3.4810   1002.1847    3.6396     2312088824.3007
   203.342    7.8454    4.3976    3.4805   1039.7809    3.6332     2438419921.7525
   213.314    7.8379    4.3889    3.4799   1077.3772    3.6269     2564507770.1296
   223.286    7.8304    4.3801    3.4793   1114.9735    3.6205     2690353569.9167
   233.258    7.8231    4.3715    3.4787   1152.5698    3.6143     2815960182.1657
   243.230    7.8160    4.3629    3.4782   1190.1660    3.6080     2941328528.3818
   253.202    7.8093    4.3546    3.4776   1227.7623    3.6018     3066459860.9701
   263.174    7.8018    4.3459    3.4769   1265.3586    3.5957     3191353224.3264
   273.146    7.7946    4.3372    3.4763   1302.9549    3.5895     3316010000.2682
   283.118    7.7878    4.3288    3.4757   1340.5511    3.5835     3440433103.3554
   293.090    7.7809    4.3204    3.4751   1378.1474    3.5774     3564623060.6534
   303.062    7.7730    4.3115    3.4742   1415.7437    3.5714     3688576925.2236
   313.034    7.7658    4.3029    3.4736   1453.3400    3.5655     3812296177.7791
   323.006    7.7594    4.2949    3.4729   1490.9362    3.5595     3935785709.1781
   332.978    7.7516    4.2860    3.4721   1528.5325    3.5537     4059043814.6022
   342.950    7.7443    4.2774    3.4713   1566.1288    3.5478     4182070844.8414
   352.922    7.7373    4.2689    3.4706   1603.7251    3.5421     4304870801.6538
   362.894    7.7294    4.2601    3.4698   1641.3213    3.5363     4427443256.0483
   372.866    7.7227    4.2517    3.4691   1678.9176    3.5306     4549789345.1384
   382.838    7.7152    4.2430    3.4682   1716.5139    3.5250     4671911491.8394
   392.810    7.7074    4.2341    3.4674   1754.1102    3.5194     4793808854.5894
   402.782    7.7002    4.2255    3.4666   1791.7065    3.5138     4915483621.3340
   412.754    7.6924    4.2167    3.4657   1829.3027    3.5083     5036937196.1831
   422.726    7.6855    4.2081    3.4650   1866.8990    3.5029     5158171821.9253
   432.698    7.6778    4.1993    3.4640   1904.4953    3.4974     5279187639.0112
   442.670    7.6698    4.1903    3.4632   1942.0916    3.4921     5399986021.3919
   465.536    7.6981    4.1989    3.4713   1946.5500    3.4799     5676854119.4161
   488.403    7.7254    4.2072    3.4793   1950.9083    3.4678     5953396982.3774
   511.269    7.7509    4.2148    3.4871   1955.1071    3.4558     6229603308.4674
   534.136    7.7760    4.2221    3.4949   1959.3662    3.4439     6505467409.7166
   557.002    7.8018    4.2298    3.5026   1963.5642    3.4320     6780991686.3019
   579.869    7.8258    4.2368    3.5101   1967.5495    3.4203     7056169915.5122
   602.735    7.8506    4.2441    3.5178   1971.5980    3.4088     7331000739.6929
   625.602    7.8745    4.2511    3.5252   1975.4557    3.3973     7605485991.5413
   648.468    7.8980    4.2580    3.5326   1979.3716    3.3860     7879626023.1283
   671.335    7.9218    4.2649    3.5401   1983.3295    3.3748     8153430093.5984
   694.201    7.9448    4.2715    3.5474   1987.0506    3.3637     8426899062.2253
   717.068    7.9679    4.2783    3.5546   1990.6921    3.3529     8700032723.4599
   739.934    7.9907    4.2849    3.5619   1994.3259    3.3422     8972838018.2219
   762.801    8.0144    4.2920    3.5693   1998.0292    3.3316     9245332617.2485
   785.667    8.0369    4.2985    3.5764   2001.4935    3.3213     9517521400.0953
   808.534    8.0594    4.3050    3.5836   2005.0104    3.3111     9789407757.7068
   831.400    8.0821    4.3118    3.5908   2008.4160    3.3012    10061008912.3179
   854.267    8.1045    4.3184    3.5980   2011.7944    3.2914    10332336469.0938
   877.133    8.1277    4.3255    3.6054   2015.1205    3.2819    10603410954.5563
   900.000    8.1509    4.3326    3.6127   2018.3995    3.2726    10874252915.6824
   916.707    8.1678    4.3377    3.6182   2020.7587    3.2660    11071928131.0430
   933.414    8.1853    4.3434    3.6237   2023.1424    3.2595    11269503591.0871
   950.121    8.2025    4.3488    3.6292   2025.5069    3.2531    11466987166.7567
   966.828    8.2218    4.3556    3.6353   2027.9599    3.2469    11664399276.7198
   983.535    8.2401    4.3615    3.6413   2030.3490    3.2408    11861760014.1431
  1000.242    8.2596    4.3685    3.6475   2032.6947    3.2349    12059080724.1192
  1016.949    8.2791    4.3754    3.6538   2035.0292    3.2291    12256377780.4290
  1033.656    8.2996    4.3830    3.6604   2037.3849    3.2234    12453669996.6748
  1050.363    8.3152    4.3876    3.6657   2039.6058    3.2179    12650937987.9972
  1067.070    8.3307    4.3922    3.6708   2041.7108    3.2126    12848150432.1185
  1083.777    8.3462    4.3968    3.6761   2043.8770    3.2075    13045316019.3568
  1100.484    8.3914    4.4216    3.6890   2048.8936    3.2025    13242654227.7909
  1117.191    8.5140    4.4997    3.7217   2061.7328    3.1975    13440905454.6886
  1133.898    8.6794    4.6057    3.7649   2077.9327    3.1922    13640871944.2145
  1150.605    8.8087    4.6876    3.7982   2087.9938    3.1866    13842548450.7565
  1167.312    8.8239    4.6918    3.8036   2090.4873    3.1810    14044902471.3806
  1184.019    8.8380    4.6957    3.8084   2092.8610    3.1757    14247173048.0267
  1200.726    8.8547    4.7003    3.8144   2095.2446    3.1705    14449391079.6441
  1217.433    8.8700    4.7045    3.8200   2097.6529    3.1656    14651588045.7721
  1234.140    8.8855    4.7089    3.8255   2100.0131    3.1609    14853762555.5383
  1250.847    8.9006    4.7131    3.8309   2102.3946    3.1564    15055924690.8611
  1267.554    8.9160    4.7175    3.8365   2104.7607    3.1521    15258089451.1998
  1284.261    8.9313    4.7219    3.8421   2107.1835    3.1481    15460275939.4052
  1300.968    8.9465    4.7261    3.8476   2109.5527    3.1444    15662497932.0512
  1317.675    8.9619    4.7306    3.8533   2111.9676    3.1409    15864774583.2358
  1334.382    8.9768    4.7349    3.8587   2114.3568    3.1377    16067120202.1034
  1351.089    8.9920    4.7393    3.8644   2116.7772    3.1348    16269550721.8396
  1367.796    9.0130    4.7475    3.8709   2119.8603    3.1322    16472113166.4620
  1384.503    9.0525    4.7675    3.8809   2125.5634    3.1299    16674939113.0636
  1401.210    9.0901    4.7864    3.8907   2131.0587    3.1278    16878131118.5280
  1417.917    9.1293    4.8066    3.9009   2136.8117    3.1259    17081708512.6883
  1434.624    9.1675    4.8264    3.9110   2142.4417    3.1244    17285697519.9945
  1451.331    9.2067    4.8472    3.9216   2148.5361    3.1232    17490126271.1795
  1468.038    9.2455    4.8680    3.9322   2154.4805    3.1222    17695025194.4277
  1484.745    9.2844    4.8890    3.9429   2160.8801    3.1215    17900417292.2556
  1501.452    9.3199    4.9080    3.9531   2165.8292    3.1212    18106310963.5889
  1518.159    9.3338    4.9125    3.9582   2168.1161    3.1213    18312583373.0591
  1534.866    9.3474    4.9168    3.9632   2170.3210    3.1218    18519123697.2364
  1551.573    9.3610    4.9212    3.9682   2172.5135    3.1227    18725957349.0402
  1551.573    5.0045    0.0000    3.9845         nan    3.1227    18725957349.0402
  1567.124    5.0171    0.0000    3.9896         nan    3.1238    18919568837.9310
  1582.674    5.0297    0.0000    3.9947         nan    3.1253    19113494302.1670
  1598.225    5.0423    0.0000    3.9997         nan    3.1272    19307759419.6202
  1613.776    5.0549    0.0000    4.0048         nan    3.1295    19502390928.4661
  1629.327    5.0669    0.0000    4.0097         nan    3.1323    19697411347.5212
  1644.878    5.0788    0.0000    4.0146         nan    3.1356    19892843993.2995
  1660.428    5.0908    0.0000    4.0194         nan    3.1394    20088718808.2799
  1675.979    5.1028    0.0000    4.0243         nan    3.1437    20285067441.1214
  1691.530    5.1143    0.0000    4.0289         nan    3.1486    20481918122.9214
  1691.530    5.1869    0.0000    6.3899         nan    3.1486    20481918122.9214
  1750.081    5.2495    0.0000    6.4326         nan    3.0513    21663835904.8017
  1808.631    5.3089    0.0000    6.4733         nan    2.9527    22816677000.8926
  1867.182    5.3653    0.0000    6.5120         nan    2.8530    23939142034.1539
  1925.733    5.4188    0.0000    6.5488         nan    2.7521    25029995143.4121
  1984.283    5.4695    0.0000    6.5838         nan    2.6501    26088061227.6354
  2042.834    5.5175    0.0000    6.6171         nan    2.5471    27112223600.2887
  2101.385    5.5630    0.0000    6.6486         nan    2.4432    28101421996.6444
  2159.935    5.6059    0.0000    6.6785         nan    2.3384    29054650895.9838
  2218.486    5.6465    0.0000    6.7068         nan    2.2327    29970958128.0926
  2277.037    5.6847    0.0000    6.7335         nan    2.1262    30849443746.2383
  2335.588    5.7206    0.0000    6.7586         nan    2.0190    31689259169.3254
  2394.138    5.7544    0.0000    6.7823         nan    1.9111    32489606607.0232
  2452.689    5.7859    0.0000    6.8044         nan    1.8025    33249738803.8832
  2511.240    5.8154    0.0000    6.8251         nan    1.6934    33968959173.9323
  2569.790    5.8427    0.0000    6.8444         nan    1.5838    34646622444.5760
  2628.341    5.8681    0.0000    6.8622         nan    1.4737    35282136012.4379
  2686.892    5.8914    0.0000    6.8787         nan    1.3633    35874962349.1289
  2745.442    5.9128    0.0000    6.8937         nan    1.2526    36424623037.3085
  2803.993    5.9322    0.0000    6.9074         nan    1.1417    36930705467.1749
  2862.544    5.9497    0.0000    6.9198         nan    1.0309    37392874092.0095
  2921.094    5.9653    0.0000    6.9308         nan    0.9204    37810889920.4305
  2979.645    5.9790    0.0000    6.9406         nan    0.8106    38184645819.4334
  3038.196    5.9909    0.0000    6.9490         nan    0.7022    38514234423.4076
  3096.747    6.0009    0.0000    6.9561         nan    0.5969    38800089517.4067
  3155.297    6.0090    0.0000    6.9619         nan    0.4984    39043312940.4061
  3213.848    6.0154    0.0000    6.9664         nan    0.4174    39246547476.2941
  3272.399    6.0199    0.0000    6.9696         nan    0.3975    39416853170.5520
  3330.949    6.0226    0.0000    6.9715         nan    0.7911    39579064590.3996
  3389.500    6.0235    0.0000    6.9721         nan    0.0000    39901991925.5774
