# Depth[km]  Vp[km/s]  Vs[km/s] Rho[g/cm3]    T[K]     g[m/s2]         P[Pa]        
     0.000    3.8543    2.2939    1.7839    273.1500    3.7291              0.0000
    12.360    3.8543    2.2939    1.7839    319.4850    3.7379       82223597.3756
    12.360    4.7629    2.8346    2.2044    319.4850    3.7379       82223597.3756
    27.537    4.7629    2.8346    2.2044    376.3839    3.7435      207279225.0241
    27.537    6.3445    3.7759    2.9364    376.3839    3.7435      207279225.0241
    44.371    6.3445    3.7759    2.9364    439.4919    3.7396      392317435.2394
    44.371    7.8417    4.4848    3.4771    439.4919    3.7396      392317435.2394
    53.962    7.8377    4.4783    3.4775    475.4513    3.7331      517045847.1663
    63.554    7.8333    4.4715    3.4778    511.4107    3.7266      641569231.1712
    73.146    7.8287    4.4646    3.4781    547.3700    3.7201      765885911.6916
    82.737    7.8234    4.4574    3.4782    583.3294    3.7137      889993727.8832
    92.329    7.8183    4.4502    3.4784    619.2887    3.7073     1013891474.8147
   101.921    7.8121    4.4425    3.4783    655.2481    3.7009     1137575865.8927
   111.512    7.8065    4.4351    3.4783    691.2075    3.6945     1261045636.4818
   121.104    7.8009    4.4276    3.4783    727.1668    3.6881     1384303430.0274
   130.696    7.7951    4.4200    3.4783    763.1262    3.6818     1507349304.3932
   140.287    7.7886    4.4122    3.4780    799.0855    3.6755     1630179535.7346
   149.879    7.7828    4.4046    3.4779    835.0449    3.6692     1752793659.1348
   159.471    7.7761    4.3966    3.4776    871.0043    3.6630     1875191751.9831
   169.062    7.7702    4.3890    3.4775    906.9636    3.6568     1997373749.0026
   178.654    7.7636    4.3811    3.4771    942.9230    3.6506     2119339687.1145
   188.246    7.7577    4.3734    3.4769    978.8823    3.6445     2241089051.7496
   197.837    7.7513    4.3655    3.4765   1014.8417    3.6384     2362622425.8570
   207.429    7.7443    4.3575    3.4760   1050.8011    3.6323     2483935920.8238
   217.021    7.7384    4.3498    3.4757   1086.7604    3.6262     2605032146.3214
   226.613    7.7320    4.3420    3.4752   1122.7198    3.6202     2725913163.0202
   236.204    7.7252    4.3338    3.4747   1158.6791    3.6142     2846577440.4402
   245.796    7.7185    4.3259    3.4743   1194.6385    3.6083     2967026448.2519
   255.388    7.7118    4.3179    3.4738   1230.5979    3.6024     3087260738.6013
   264.979    7.7054    4.3101    3.4733   1266.5572    3.5965     3207280908.9431
   274.571    7.6988    4.3022    3.4728   1302.5166    3.5907     3327087881.5987
   284.163    7.6913    4.2939    3.4722   1338.4759    3.5848     3446681389.3521
   293.754    7.6826    4.2851    3.4715   1374.4353    3.5791     3566060505.4103
   303.346    7.6747    4.2765    3.4711   1410.3947    3.5733     3685228553.5752
   312.938    7.6669    4.2681    3.4706   1446.3540    3.5677     3804189624.5020
   322.529    7.6594    4.2597    3.4701   1482.3134    3.5620     3922944824.9702
   332.121    7.6509    4.2510    3.4695   1518.2727    3.5564     4041492843.1747
   341.713    7.6430    4.2425    3.4690   1554.2321    3.5508     4159834667.5525
   351.304    7.6341    4.2335    3.4683   1590.1915    3.5453     4277970751.9552
   360.896    7.6150    4.2206    3.4660   1626.1508    3.5398     4395871380.2384
   370.488    7.6171    4.2160    3.4671   1662.1102    3.5343     4513569507.3264
   380.080    7.6091    4.2074    3.4666   1698.0695    3.5289     4631096830.0365
   389.671    7.6002    4.1984    3.4659   1734.0289    3.5235     4748423173.1777
   399.263    7.5849    4.1870    3.4642   1769.9883    3.5182     4865530443.2203
   408.855    7.5828    4.1806    3.4646   1805.9476    3.5129     4982438652.4922
   418.446    7.5746    4.1719    3.4640   1841.9070    3.5077     5099168180.6398
   428.038    7.5618    4.1614    3.4627   1877.8663    3.5025     5215692063.7560
   451.636    7.5911    4.1690    3.4710   1882.0268    3.4898     5502234936.0248
   475.234    7.6306    4.1807    3.4807   1887.1427    3.4772     5788481181.1301
   498.832    7.6610    4.1888    3.4891   1891.3926    3.4647     6074436094.4837
   522.430    7.6920    4.1974    3.4975   1895.7029    3.4522     6360047129.4915
   546.028    7.7218    4.2056    3.5057   1899.8135    3.4399     6645309583.0247
   569.627    7.7501    4.2131    3.5137   1903.7894    3.4277     6930208986.8507
   593.225    7.7778    4.2205    3.5215   1907.6296    3.4156     7214734541.9636
   616.823    7.8066    4.2285    3.5295   1911.6108    3.4036     7498891487.2323
   640.421    7.8334    4.2357    3.5371   1915.3232    3.3917     7782679650.3584
   664.019    7.8600    4.2427    3.5447   1919.0066    3.3800     8066090481.1615
   687.617    7.8863    4.2497    3.5523   1922.6079    3.3685     8349126747.5432
   711.215    7.9123    4.2567    3.5597   1926.1452    3.3571     8631792010.0940
   734.813    7.9383    4.2638    3.5671   1929.6346    3.3459     8914091261.5397
   758.411    7.9640    4.2708    3.5745   1933.0712    3.3349     9196030588.1981
   782.009    7.9893    4.2775    3.5818   1936.4869    3.3240     9477618069.8879
   805.608    8.0138    4.2840    3.5890   1939.7433    3.3134     9758859442.3577
   829.206    8.0391    4.2910    3.5962   1943.0436    3.3030    10039765490.8301
   852.804    8.0633    4.2974    3.6033   1946.2389    3.2928    10320349541.0185
   876.402    8.0885    4.3045    3.6106   1949.4912    3.2829    10600627707.2132
   900.000    8.1134    4.3114    3.6178   1952.6870    3.2732    10880621349.4257
   916.961    8.1308    4.3162    3.6229   1954.8781    3.2664    11081609530.0677
   933.921    8.1482    4.3210    3.6281   1957.0489    3.2598    11282464504.2476
   950.882    8.1661    4.3262    3.6333   1959.2122    3.2533    11483196649.0408
   967.842    8.1837    4.3311    3.6385   1961.4580    3.2469    11683814379.2985
   984.803    8.2026    4.3369    3.6441   1963.6130    3.2407    11884337129.0099
  1001.763    8.2208    4.3424    3.6495   1965.7423    3.2347    12084780176.0391
  1018.724    8.2372    4.3468    3.6543   1967.8023    3.2288    12285130963.8160
  1035.684    8.2536    4.3511    3.6593   1969.8278    3.2231    12485385566.6606
  1052.645    8.2769    4.3604    3.6660   1972.3946    3.2176    12685604754.5572
  1069.605    8.3790    4.4237    3.6935   1981.7240    3.2121    12886414292.1808
  1086.566    8.4872    4.4911    3.7224   1996.1655    3.2064    13088418167.5607
  1103.527    8.6602    4.6190    3.7569   2007.6276    3.2006    13291791839.8362
  1120.487    8.6901    4.6391    3.7615   2017.6917    3.1947    13495856572.7760
  1137.448    8.7218    4.6591    3.7676   2020.1856    3.1891    13699838213.5916
  1154.408    8.7370    4.6635    3.7724   2022.6168    3.1836    13903751654.0317
  1171.369    8.7523    4.6680    3.7771   2025.0642    3.1784    14107573894.9532
  1188.329    8.7675    4.6724    3.7820   2027.5272    3.1734    14311320169.1571
  1205.290    8.7828    4.6767    3.7868   2029.8999    3.1686    14515005183.9020
  1222.250    8.7978    4.6810    3.7916   2032.2929    3.1641    14718643179.4450
  1239.211    8.8128    4.6852    3.7965   2034.6097    3.1598    14922249944.5413
  1256.171    8.8403    4.6972    3.8033   2038.3782    3.1557    15125891996.5036
  1273.132    8.8787    4.7150    3.8127   2043.4731    3.1519    15329705651.5258
  1290.093    8.9174    4.7335    3.8221   2048.6829    3.1483    15533776036.5412
  1307.053    8.9549    4.7511    3.8316   2053.6886    3.1449    15738118528.4235
  1324.014    8.9944    4.7702    3.8417   2058.9816    3.1418    15942764852.7760
  1340.974    9.0324    4.7880    3.8521   2064.1468    3.1388    16147752351.6873
  1357.935    9.0687    4.8048    3.8624   2068.7576    3.1361    16353098688.4686
  1374.895    9.0844    4.8085    3.8684   2070.8460    3.1337    16558700143.7471
  1391.856    9.1005    4.8120    3.8747   2072.8461    3.1316    16764467540.9112
  1408.816    9.1168    4.8156    3.8812   2074.8831    3.1298    16970436857.8805
  1425.777    9.1335    4.8192    3.8881   2076.8263    3.1284    17176647503.1860
  1442.738    9.1504    4.8225    3.8955   2078.7590    3.1273    17383142979.2583
  1459.698    9.1965    4.8421    3.9161   2089.9870    3.1264    17590306926.4517
  1476.659    9.2666    4.8798    3.9440   2098.1379    3.1257    17798700825.6523
  1493.619    9.2934    4.8930    3.9531   2103.7260    3.1252    18008029457.8587
  1510.580    9.3205    4.9067    3.9623   2109.1178    3.1251    18217808909.5660
  1527.540    9.3467    4.9201    3.9710   2114.4212    3.1253    18428052219.2672
  1544.501    9.3716    4.9329    3.9793   2119.4977    3.1260    18638762952.8235
  1561.461    9.3953    4.9449    3.9870   2124.4645    3.1271    18849941928.9987
  1561.461    4.5610    0.0000    4.0371         nan    3.1271    18849941928.9987
  1574.757    4.5721    0.0000    4.0424         nan    3.1277    19017903920.6415
  1588.053    4.5833    0.0000    4.0478         nan    3.1286    19186122430.9001
  1601.349    4.5945    0.0000    4.0532         nan    3.1298    19354612993.0338
  1614.645    4.6057    0.0000    4.0586         nan    3.1313    19523391711.8859
  1627.941    4.6168    0.0000    4.0639         nan    3.1331    19692473909.3112
  1641.237    4.6274    0.0000    4.0690         nan    3.1352    19861871600.8213
  1654.533    4.6380    0.0000    4.0742         nan    3.1377    20031598887.2087
  1667.828    4.6486    0.0000    4.0793         nan    3.1406    20201674528.9366
  1681.124    4.6593    0.0000    4.0844         nan    3.1438    20372117977.6491
  1681.124    5.1934    0.0000    6.3447         nan    3.1438    20372117977.6491
  1740.034    5.2695    0.0000    6.3871         nan    3.0464    21551056913.8166
  1798.943    5.3415    0.0000    6.4272         nan    2.9478    22700903892.5594
  1857.853    5.4095    0.0000    6.4653         nan    2.8480    23820328973.6958
  1916.762    5.4738    0.0000    6.5013         nan    2.7471    24908077361.7536
  1975.672    5.5346    0.0000    6.5355         nan    2.6452    25962964667.0539
  2034.581    5.5920    0.0000    6.5678         nan    2.5422    26983872911.8299
  2093.491    5.6462    0.0000    6.5984         nan    2.4383    27969747160.8833
  2152.400    5.6973    0.0000    6.6272         nan    2.3335    28919592682.9097
  2211.310    5.7454    0.0000    6.6545         nan    2.2279    29832472579.7150
  2270.219    5.7907    0.0000    6.6801         nan    2.1215    30707505839.4040
  2329.129    5.8332    0.0000    6.7042         nan    2.0144    31543865793.4132
  2388.038    5.8730    0.0000    6.7268         nan    1.9067    32340778981.3801
  2446.948    5.9102    0.0000    6.7480         nan    1.7983    33097524456.5043
  2505.857    5.9448    0.0000    6.7677         nan    1.6894    33813433607.1374
  2564.767    5.9770    0.0000    6.7860         nan    1.5801    34487890630.7587
  2623.676    6.0067    0.0000    6.8030         nan    1.4703    35120333895.0735
  2682.586    6.0341    0.0000    6.8186         nan    1.3603    35710258587.3754
  2741.495    6.0591    0.0000    6.8328         nan    1.2500    36257221344.3549
  2800.405    6.0818    0.0000    6.8458         nan    1.1397    36760848092.1012
  2859.314    6.1023    0.0000    6.8575         nan    1.0295    37220847367.4150
  2918.224    6.1205    0.0000    6.8679         nan    0.9197    37637033524.3949
  2977.133    6.1366    0.0000    6.8771         nan    0.8108    38009368895.5944
  3036.043    6.1504    0.0000    6.8850         nan    0.7038    38338045023.0729
  3094.952    6.1621    0.0000    6.8917         nan    0.6006    38623651908.8166
  3153.862    6.1716    0.0000    6.8972         nan    0.5055    38867569486.9528
  3212.771    6.1790    0.0000    6.9014         nan    0.4315    39073013071.7742
  3271.681    6.1843    0.0000    6.9044         nan    0.4308    39248478444.6599
  3330.590    6.1875    0.0000    6.9063         nan    0.9273    39423740636.5429
  3389.500    6.1885    0.0000    6.9069         nan    0.0000    39801013001.6867
