# Depth[km]  Vp[km/s]  Vs[km/s] Rho[g/cm3]    T[K]     g[m/s2]         P[Pa]        
     0.000    3.4185    2.0623    1.5888    273.1500    3.7291              0.0000
    14.164    3.4185    2.0623    1.5888    330.9553    3.7415       83917198.9256
    14.164    4.3855    2.6456    2.0382    330.9553    3.7415       83917198.9256
    30.588    4.3855    2.6456    2.0382    397.9920    3.7500      209168686.6535
    30.588    5.8815    3.5481    2.7335    397.9920    3.7500      209168686.6535
    48.001    5.8815    3.5481    2.7335    469.0625    3.7490      387658994.5980
    48.001    7.9951    4.5407    3.5188    469.0625    3.7490      387658994.5980
    57.411    7.9870    4.5309    3.5184    507.4694    3.7424      511789422.2526
    66.822    7.9787    4.5210    3.5179    545.8763    3.7357      635684918.5521
    76.232    7.9700    4.5109    3.5174    584.2832    3.7292      759344368.2315
    85.642    7.9609    4.5007    3.5168    622.6901    3.7226      882765618.6769
    95.052    7.9522    4.4907    3.5163    661.0970    3.7161     1005948971.1334
   104.462    7.9433    4.4807    3.5157    699.5038    3.7095     1128895969.7945
   113.872    7.9343    4.4707    3.5150    737.9107    3.7031     1251606289.1507
   123.282    7.9249    4.4606    3.5143    776.3176    3.6966     1374079169.9879
   132.692    7.9158    4.4507    3.5136    814.7245    3.6902     1496314192.3257
   142.102    7.9064    4.4407    3.5129    853.1314    3.6838     1618311385.8541
   151.512    7.8968    4.4307    3.5121    891.5383    3.6774     1740070292.6243
   160.922    7.8875    4.4208    3.5113    929.9452    3.6711     1861591521.6036
   170.332    7.8780    4.4109    3.5104    968.3520    3.6648     1982875039.5875
   179.742    7.8690    4.4012    3.5097   1006.7589    3.6586     2103922725.1136
   189.152    7.8594    4.3914    3.5087   1045.1658    3.6523     2224734486.5532
   198.562    7.8497    4.3815    3.5078   1083.5727    3.6461     2345308245.8844
   207.972    7.8398    4.3715    3.5068   1121.9796    3.6400     2465644772.1279
   217.382    7.8303    4.3617    3.5059   1160.3865    3.6338     2585746030.8279
   226.792    7.8213    4.3522    3.5050   1198.7933    3.6277     2705614010.4237
   236.202    7.8118    4.3425    3.5041   1237.2002    3.6217     2825249382.1563
   245.613    7.8018    4.3326    3.5031   1275.6071    3.6157     2944652182.4020
   255.023    7.7924    4.3229    3.5021   1314.0140    3.6097     3063822560.7330
   264.433    7.7842    4.3139    3.5011   1352.4209    3.6037     3182762788.0539
   273.843    7.7743    4.3038    3.5000   1390.8278    3.5978     3301471736.2912
   283.253    7.7654    4.2946    3.4990   1429.2346    3.5919     3419949640.0460
   292.663    7.7561    4.2850    3.4979   1467.6415    3.5861     3538199317.9896
   302.073    7.7473    4.2757    3.4969   1506.0484    3.5803     3656222193.6223
   311.483    7.7375    4.2657    3.4957   1544.4553    3.5746     3774017451.6765
   320.893    7.7285    4.2564    3.4948   1582.8622    3.5689     3891587236.7163
   330.303    7.7191    4.2468    3.4936   1621.2691    3.5632     4008933583.4498
   339.713    7.7098    4.2372    3.4925   1659.6760    3.5575     4126055839.9573
   349.123    7.7004    4.2276    3.4915   1698.0828    3.5520     4242956770.8717
   358.533    7.6909    4.2179    3.4903   1736.4897    3.5464     4359636771.9327
   367.943    7.6811    4.2081    3.4891   1774.8966    3.5409     4476095245.3803
   377.353    7.6715    4.1984    3.4880   1813.3035    3.5354     4592333623.6522
   386.763    7.6622    4.1888    3.4869   1851.7104    3.5300     4708355631.5671
   396.173    7.6526    4.1790    3.4857   1890.1173    3.5247     4824162149.1477
   405.583    7.6428    4.1693    3.4845   1928.5241    3.5193     4939752573.4045
   414.993    7.6330    4.1594    3.4833   1966.9310    3.5140     5055128533.9503
   424.403    7.6235    4.1497    3.4821   2005.3379    3.5088     5170291259.1660
   448.183    7.6538    4.1592    3.4908   2010.2889    3.4957     5461196041.2049
   471.963    7.6829    4.1684    3.4995   2015.1563    3.4826     5751737855.0406
   495.743    7.7119    4.1776    3.5080   2019.9030    3.4696     6041907331.5924
   519.523    7.7395    4.1862    3.5163   2024.4232    3.4567     6331687908.7511
   543.303    7.7662    4.1945    3.5246   2028.9489    3.4439     6621070463.5347
   567.082    7.7931    4.2029    3.5327   2033.3317    3.4312     6910054203.6848
   590.862    7.8190    4.2110    3.5410   2037.7149    3.4187     7198641169.8585
   614.642    7.8451    4.2191    3.5490   2042.0213    3.4062     7486832016.0024
   638.422    7.8707    4.2271    3.5570   2046.1800    3.3939     7774622553.2941
   662.202    7.8959    4.2349    3.5650   2050.2123    3.3817     8062013227.6499
   685.982    7.9213    4.2430    3.5729   2054.2823    3.3696     8349010102.6992
   709.761    7.9461    4.2507    3.5808   2058.1834    3.3577     8635619333.9330
   733.541    7.9709    4.2586    3.5887   2062.0261    3.3459     8921845826.0853
   757.321    7.9960    4.2666    3.5967   2065.9348    3.3344     9207702156.4854
   781.101    8.0205    4.2744    3.6045   2069.6044    3.3230     9493196993.2404
   804.881    8.0451    4.2822    3.6125   2073.2433    3.3118     9778339822.0677
   828.661    8.0707    4.2907    3.6206   2076.8415    3.3008    10063153579.1298
   852.440    8.0965    4.2994    3.6289   2080.5312    3.2900    10347663086.0912
   876.220    8.1223    4.3081    3.6371   2083.9947    3.2794    10631888474.4315
   900.000    8.1487    4.3173    3.6457   2087.4498    3.2690    10915854294.2277
   916.844    8.1682    4.3242    3.6519   2089.8536    3.2618    11116761830.7721
   933.687    8.1879    4.3313    3.6583   2092.2887    3.2547    11317572670.5804
   950.531    8.2092    4.3394    3.6652   2094.6566    3.2477    11518309551.5259
   967.374    8.2300    4.3473    3.6719   2097.1204    3.2408    11718989889.4355
   984.218    8.2494    4.3543    3.6783   2099.5074    3.2341    11919605113.4309
  1001.061    8.2763    4.3658    3.6869   2101.9981    3.2275    12120211463.3049
  1017.905    8.2956    4.3726    3.6938   2104.5761    3.2210    12320828032.4441
  1034.749    8.3128    4.3781    3.7000   2107.0217    3.2146    12521394278.2595
  1051.592    8.3327    4.3854    3.7070   2109.8326    3.2084    12721923996.3585
  1068.436    8.3497    4.3911    3.7131   2112.4315    3.2024    12922421149.4033
  1085.279    8.3649    4.3957    3.7185   2114.6765    3.1965    13122849745.9805
  1102.123    8.3796    4.4001    3.7238   2116.9704    3.1908    13323198150.4281
  1118.967    8.4013    4.4093    3.7320   2118.4293    3.1852    13523550866.0602
  1135.810    8.5232    4.4852    3.7656   2131.6956    3.1797    13724676599.8979
  1152.654    8.6820    4.5857    3.8077   2148.2141    3.1738    13927478180.3437
  1169.497    8.8809    4.7134    3.8582   2163.4974    3.1676    14132382742.8889
  1186.341    8.8959    4.7181    3.8635   2165.2713    3.1613    14338373768.4609
  1203.184    8.9099    4.7223    3.8686   2167.4053    3.1551    14544231111.8792
  1220.028    8.9238    4.7264    3.8738   2169.4743    3.1492    14749962625.4138
  1236.872    8.9375    4.7304    3.8790   2171.3346    3.1435    14955581279.9693
  1253.715    8.9509    4.7342    3.8842   2173.2302    3.1380    15161102172.4561
  1270.559    8.9645    4.7382    3.8896   2175.0499    3.1327    15366544414.4556
  1287.402    8.9776    4.7421    3.8946   2176.7235    3.1277    15571915473.5900
  1304.246    8.9905    4.7456    3.8998   2178.5148    3.1229    15777227353.5969
  1321.089    9.0033    4.7493    3.9050   2180.1826    3.1184    15982500217.9941
  1337.933    9.0163    4.7532    3.9103   2181.6831    3.1142    16187750162.6980
  1354.777    9.0285    4.7564    3.9155   2183.1264    3.1102    16392997267.5194
  1371.620    9.0409    4.7599    3.9207   2184.5687    3.1066    16598256970.0219
  1388.464    9.0534    4.7636    3.9259   2185.8906    3.1032    16803545855.5692
  1405.307    9.0654    4.7667    3.9314   2187.1288    3.1001    17008892456.1476
  1422.151    9.0778    4.7703    3.9368   2188.3392    3.0974    17214321330.3701
  1438.995    9.0988    4.7793    3.9440   2190.4230    3.0949    17419894777.3393
  1455.838    9.1364    4.7991    3.9547   2195.1645    3.0928    17625772759.9889
  1472.682    9.1764    4.8205    3.9661   2199.4817    3.0910    17832086896.9352
  1489.525    9.2175    4.8433    3.9778   2204.2037    3.0894    18038880654.5440
  1506.369    9.2560    4.8642    3.9897   2208.7462    3.0881    18246182680.9647
  1523.212    9.2986    4.8885    4.0025   2213.5672    3.0872    18454041075.8382
  1540.056    9.3195    4.8983    4.0098   2216.1656    3.0865    18662355673.4577
  1556.900    9.3327    4.9034    4.0143   2218.3246    3.0863    18870935547.1335
  1556.900    5.0247    0.0000    4.0484         nan    3.0863    18870935547.1335
  1574.276    5.0387    0.0000    4.0542         nan    3.0861    19088204788.4958
  1591.652    5.0527    0.0000    4.0601         nan    3.0863    19305768805.3134
  1609.028    5.0667    0.0000    4.0659         nan    3.0871    19523661501.5968
  1626.405    5.0804    0.0000    4.0716         nan    3.0884    19741915759.6460
  1643.781    5.0937    0.0000    4.0771         nan    3.0902    19960561594.3090
  1661.157    5.1070    0.0000    4.0827         nan    3.0926    20179633531.2781
  1678.533    5.1203    0.0000    4.0882         nan    3.0955    20399172625.3157
  1695.909    5.1332    0.0000    4.0936         nan    3.0992    20619216809.3589
  1713.286    5.1458    0.0000    4.0988         nan    3.1034    20839804235.4520
  1713.286    5.3186    0.0000    6.4050         nan    3.1034    20839804235.4520
  1771.086    5.3941    0.0000    6.4446         nan    3.0063    21992286104.8749
  1828.887    5.4655    0.0000    6.4821         nan    2.9081    23115405852.6167
  1886.687    5.5331    0.0000    6.5176         nan    2.8087    24207950851.5230
  1944.488    5.5969    0.0000    6.5513         nan    2.7083    25268775871.7615
  2002.288    5.6572    0.0000    6.5831         nan    2.6068    26296798577.2755
  2060.089    5.7142    0.0000    6.6133         nan    2.5045    27290995626.2197
  2117.889    5.7681    0.0000    6.6418         nan    2.4012    28250399258.0725
  2175.690    5.8188    0.0000    6.6688         nan    2.2971    29174094265.5666
  2233.490    5.8666    0.0000    6.6942         nan    2.1922    30061215256.0931
  2291.291    5.9116    0.0000    6.7181         nan    2.0865    30910944123.4312
  2349.091    5.9538    0.0000    6.7406         nan    1.9801    31722507651.2259
  2406.892    5.9934    0.0000    6.7617         nan    1.8730    32495175156.1147
  2464.692    6.0303    0.0000    6.7814         nan    1.7652    33228256058.7063
  2522.493    6.0648    0.0000    6.7998         nan    1.6568    33921097243.0112
  2580.293    6.0967    0.0000    6.8169         nan    1.5477    34573079998.1617
  2638.094    6.1263    0.0000    6.8327         nan    1.4380    35183616232.9823
  2695.894    6.1535    0.0000    6.8473         nan    1.3277    35752143473.0118
  2753.695    6.1784    0.0000    6.8606         nan    1.2166    36278117818.7026
  2811.495    6.2009    0.0000    6.8728         nan    1.1049    36761003434.9776
  2869.296    6.2213    0.0000    6.8837         nan    0.9922    37200255955.7711
  2927.096    6.2394    0.0000    6.8934         nan    0.8783    37595294750.8108
  2984.897    6.2553    0.0000    6.9019         nan    0.7627    37945453670.3930
  3042.697    6.2691    0.0000    6.9093         nan    0.6445    38249887257.3510
  3100.498    6.2807    0.0000    6.9156         nan    0.5214    38507376449.4946
  3158.298    6.2902    0.0000    6.9207         nan    0.3885    38715880322.8458
  3216.099    6.2976    0.0000    6.9246         nan    0.2308    38871340221.4586
  3273.899    6.3028    0.0000    6.9274         nan   -0.0123    38963740357.1105
  3331.700    6.3060    0.0000    6.9291         nan   -0.8329    38958815183.9940
  3389.500    6.3070    0.0000    6.9297         nan    0.0000    38625220568.4547
