# Depth[km]  Vp[km/s]  Vs[km/s] Rho[g/cm3]    T[K]     g[m/s2]         P[Pa]        
     0.000    3.4669    2.0719    1.5823    273.1500    3.7291              0.0000
    10.431    3.4669    2.0719    1.5823    311.8850    3.7383       61548099.1052
    10.431    4.8069    2.8727    2.1939    311.8850    3.7383       61548099.1052
    25.961    4.8069    2.8727    2.1939    369.5646    3.7441      188922228.9586
    25.961    6.4362    3.8464    2.9376    369.5646    3.7441      188922228.9586
    43.023    6.4362    3.8464    2.9376    432.9293    3.7402      376575332.0587
    43.023    7.8431    4.4862    3.4772    432.9293    3.7402      376575332.0587
    52.975    7.8391    4.4795    3.4777    469.8905    3.7334      506014418.3245
    62.927    7.8348    4.4727    3.4780    506.8517    3.7267      635234171.6314
    72.879    7.8301    4.4656    3.4783    543.8129    3.7199      764232577.1191
    82.831    7.8250    4.4583    3.4785    580.7741    3.7132      893007334.6580
    92.783    7.8199    4.4509    3.4787    617.7353    3.7066     1021557605.3619
   102.735    7.8136    4.4430    3.4786    654.6965    3.6999     1149879421.4658
   112.687    7.8080    4.4354    3.4787    691.6577    3.6933     1277971320.9476
   122.639    7.8023    4.4277    3.4788    728.6189    3.6867     1405836222.5291
   132.591    7.7967    4.4201    3.4788    765.5801    3.6802     1533474232.4433
   142.544    7.7901    4.4120    3.4786    802.5413    3.6736     1660881345.4581
   152.496    7.7841    4.4042    3.4785    839.5026    3.6671     1788056888.4954
   162.448    7.7774    4.3961    3.4782    876.4638    3.6607     1915001338.6876
   172.400    7.7716    4.3884    3.4781    913.4250    3.6542     2041714621.1451
   182.352    7.7650    4.3802    3.4778    950.3862    3.6478     2168196701.7593
   192.304    7.7590    4.3724    3.4775    987.3474    3.6414     2294447064.5315
   202.256    7.7527    4.3644    3.4772   1024.3086    3.6351     2420466257.9823
   212.208    7.7456    4.3562    3.4766   1061.2698    3.6288     2546249857.5945
   222.160    7.7398    4.3484    3.4764   1098.2310    3.6225     2671800815.5616
   232.112    7.7325    4.3399    3.4758   1135.1922    3.6163     2797119716.2168
   242.064    7.7263    4.3319    3.4755   1172.1534    3.6101     2922206978.5545
   252.016    7.7198    4.3239    3.4750   1209.1146    3.6039     3047066189.9859
   261.969    7.7129    4.3157    3.4746   1246.0758    3.5978     3171696106.4642
   271.921    7.7063    4.3076    3.4741   1283.0371    3.5917     3296097402.8404
   281.873    7.6995    4.2994    3.4736   1319.9983    3.5857     3420270991.1656
   291.825    7.6915    4.2908    3.4730   1356.9595    3.5797     3544216233.0295
   301.777    7.6828    4.2818    3.4724   1393.9207    3.5737     3667932891.8183
   311.729    7.6751    4.2732    3.4720   1430.8819    3.5678     3791425339.3385
   321.681    7.6672    4.2645    3.4716   1467.8431    3.5619     3914697356.4938
   331.633    7.6585    4.2555    3.4710   1504.8043    3.5560     4037747058.3613
   341.585    7.6508    4.2469    3.4705   1541.7655    3.5502     4160575614.1954
   351.537    7.6428    4.2382    3.4700   1578.7267    3.5445     4283186814.1682
   361.489    7.6330    4.2288    3.4692   1615.6879    3.5387     4405576559.7666
   371.441    7.6247    4.2198    3.4687   1652.6491    3.5331     4527746048.6108
   381.394    7.6169    4.2112    3.4682   1689.6104    3.5274     4649701536.7455
   391.346    7.6079    4.2020    3.4675   1726.5716    3.5219     4771441904.3265
   401.298    7.5917    4.1901    3.4657   1763.5328    3.5163     4892946363.3832
   411.250    7.5913    4.1842    3.4664   1800.4940    3.5108     5014241012.3645
   421.202    7.5816    4.1747    3.4657   1837.4552    3.5054     5135345851.5891
   431.154    7.5680    4.1637    3.4643   1874.4164    3.5000     5256226239.2216
   441.106    7.5600    4.1549    3.4638   1911.3776    3.4946     5376888200.7797
   464.051    7.5887    4.1624    3.4718   1915.4323    3.4824     5654951602.6782
   486.995    7.6167    4.1697    3.4797   1919.4591    3.4703     5932676936.9852
   509.940    7.6571    4.1819    3.4895   1924.7282    3.4582     6210136920.2950
   532.885    7.6871    4.1901    3.4976   1929.0367    3.4462     6487342864.5675
   555.830    7.7152    4.1977    3.5055   1932.9882    3.4343     6764220588.9618
   578.774    7.7428    4.2051    3.5133   1936.9073    3.4225     7040757830.4300
   601.719    7.7704    4.2126    3.5210   1940.7774    3.4109     7316953213.2108
   624.664    7.7977    4.2200    3.5286   1944.6636    3.3993     7592808311.6679
   647.608    7.8244    4.2272    3.5362   1948.4129    3.3879     7868322788.8456
   670.553    7.8505    4.2343    3.5436   1952.0337    3.3766     8143492404.9220
   693.498    7.8760    4.2410    3.5509   1955.6109    3.3655     8418316738.1396
   716.442    7.9014    4.2479    3.5582   1959.1158    3.3545     8692799177.4197
   739.387    7.9265    4.2546    3.5654   1962.5901    3.3437     8966944573.0509
   762.332    7.9510    4.2611    3.5725   1965.9389    3.3331     9240756788.0474
   785.277    7.9756    4.2676    3.5796   1969.3048    3.3227     9514241950.9575
   808.221    8.0001    4.2742    3.5867   1972.6384    3.3124     9787411655.0812
   831.166    8.0240    4.2806    3.5936   1975.8476    3.3024    10060273287.7833
   854.111    8.0483    4.2873    3.6007   1979.0579    3.2926    10332838728.6431
   877.055    8.0721    4.2937    3.6076   1982.1801    3.2830    10605123359.3186
   900.000    8.0972    4.3008    3.6148   1985.5146    3.2737    10877148721.5803
   916.836    8.1146    4.3056    3.6200   1987.7591    3.2670    11076527478.8623
   933.673    8.1320    4.3106    3.6251   1989.9381    3.2604    11275779411.4003
   950.509    8.1495    4.3154    3.6302   1992.1182    3.2540    11474911585.2948
   967.345    8.1665    4.3201    3.6352   1994.3081    3.2477    11673931058.7718
   984.182    8.1858    4.3262    3.6409   1996.5920    3.2416    11872859814.6750
  1001.018    8.2039    4.3315    3.6463   1998.7741    3.2357    12071715537.0987
  1017.854    8.2207    4.3361    3.6513   2000.8792    3.2299    12270489689.9102
  1034.691    8.2372    4.3405    3.6563   2002.9189    3.2243    12469179844.8045
  1051.527    8.2531    4.3448    3.6610   2004.9881    3.2188    12667786898.3876
  1068.363    8.3040    4.3730    3.6748   2010.2359    3.2135    12866562801.4961
  1085.200    8.4143    4.4420    3.7043   2020.4423    3.2082    13066182953.6916
  1102.036    8.5351    4.5180    3.7362   2033.9417    3.2027    13267126818.0761
  1118.873    8.6075    4.5607    3.7554   2040.8246    3.1970    13469104205.9864
  1135.709    8.6236    4.5649    3.7603   2043.8510    3.1915    13671377946.3633
  1152.545    8.6391    4.5689    3.7651   2046.3878    3.1862    13873562166.3152
  1169.382    8.6867    4.6061    3.7712   2052.3918    3.1811    14075700195.2850
  1186.218    8.7168    4.6261    3.7763   2060.2059    3.1762    14277813808.9261
  1203.054    8.7645    4.6642    3.7826   2062.6922    3.1715    14479921380.9627
  1219.891    8.7797    4.6686    3.7874   2065.1314    3.1671    14682028298.7762
  1236.727    8.7945    4.6728    3.7922   2067.4711    3.1629    14884108188.9252
  1253.563    8.8092    4.6768    3.7969   2069.8708    3.1589    15086173380.4210
  1270.400    8.8329    4.6861    3.8034   2073.1207    3.1552    15288285034.0845
  1287.236    8.8719    4.7047    3.8127   2078.3553    3.1518    15490578922.9445
  1304.072    8.9091    4.7221    3.8219   2083.5162    3.1485    15693140600.7828
  1320.909    8.9477    4.7404    3.8317   2088.7490    3.1455    15895996431.8486
  1337.745    8.9869    4.7590    3.8420   2093.9526    3.1427    16099191343.9585
  1354.581    9.0260    4.7777    3.8526   2099.2837    3.1402    16302759928.7999
  1371.418    9.0652    4.7959    3.8639   2104.3692    3.1378    16506740504.3332
  1388.254    9.0795    4.8002    3.8685   2106.6783    3.1358    16710989330.7282
  1405.090    9.0973    4.8030    3.8765   2108.5118    3.1341    16915438323.5678
  1421.927    9.1135    4.8067    3.8830   2110.5253    3.1327    17120158019.7650
  1438.763    9.1306    4.8099    3.8905   2112.5097    3.1317    17325155795.9283
  1455.599    9.1476    4.8133    3.8980   2114.4614    3.1309    17530480396.2961
  1472.436    9.2049    4.8389    3.9238   2126.4952    3.1305    17736638492.8434
  1489.272    9.2519    4.8634    3.9418   2132.3855    3.1302    17943921811.7060
  1506.108    9.2806    4.8782    3.9515   2138.0147    3.1301    18151912855.8958
  1522.945    9.3050    4.8898    3.9599   2143.4312    3.1305    18360378353.0427
  1539.781    9.3315    4.9035    3.9688   2148.4720    3.1313    18569322919.5010
  1556.618    9.3557    4.9156    3.9768   2153.5203    3.1324    18778764464.2135
  1556.618    4.6671    0.0000    4.0192         nan    3.1324    18778764464.2135
  1569.648    4.6777    0.0000    4.0242         nan    3.1332    18942914309.8859
  1582.678    4.6882    0.0000    4.0292         nan    3.1342    19107307589.5521
  1595.708    4.6987    0.0000    4.0342         nan    3.1355    19271959075.5598
  1608.738    4.7093    0.0000    4.0392         nan    3.1371    19436884065.2289
  1621.768    4.7197    0.0000    4.0442         nan    3.1391    19602097688.7307
  1634.798    4.7297    0.0000    4.0490         nan    3.1413    19767611597.1779
  1647.828    4.7397    0.0000    4.0537         nan    3.1439    19933438798.3719
  1660.858    4.7498    0.0000    4.0585         nan    3.1468    20099597015.6401
  1673.888    4.7598    0.0000    4.0633         nan    3.1501    20266104604.1186
  1673.888    5.0978    0.0000    6.3221         nan    3.1501    20266104604.1186
  1733.047    5.1834    0.0000    6.3661         nan    3.0529    21448353376.1060
  1792.206    5.2641    0.0000    6.4077         nan    2.9545    22601874295.7981
  1851.365    5.3400    0.0000    6.4469         nan    2.8548    23725257113.2344
  1910.524    5.4115    0.0000    6.4840         nan    2.7539    24817179246.2989
  1969.683    5.4790    0.0000    6.5190         nan    2.6520    25876399146.8495
  2028.842    5.5425    0.0000    6.5521         nan    2.5490    26901750815.1426
  2088.001    5.6024    0.0000    6.5833         nan    2.4451    27892139262.8147
  2147.160    5.6587    0.0000    6.6127         nan    2.3403    28846536777.9495
  2206.319    5.7117    0.0000    6.6404         nan    2.2347    29763979882.5291
  2265.478    5.7614    0.0000    6.6664         nan    2.1283    30643566926.7284
  2324.637    5.8081    0.0000    6.6909         nan    2.0212    31484456296.0824
  2383.796    5.8517    0.0000    6.7138         nan    1.9135    32285865249.2816
  2442.955    5.8924    0.0000    6.7352         nan    1.8052    33047069456.8318
  2502.114    5.9303    0.0000    6.7551         nan    1.6964    33767403385.1909
  2561.274    5.9654    0.0000    6.7736         nan    1.5872    34446261779.7393
  2620.433    5.9978    0.0000    6.7907         nan    1.4778    35083102676.2885
  2679.592    6.0277    0.0000    6.8064         nan    1.3681    35677452666.8246
  2738.751    6.0549    0.0000    6.8208         nan    1.2584    36228915669.3730
  2797.910    6.0797    0.0000    6.8338         nan    1.1489    36737187415.8541
  2857.069    6.1019    0.0000    6.8456         nan    1.0400    37202079742.3857
  2916.228    6.1218    0.0000    6.8561         nan    0.9320    37623562597.3538
  2975.387    6.1392    0.0000    6.8653         nan    0.8260    38001840063.7742
  3034.546    6.1542    0.0000    6.8732         nan    0.7234    38337496536.6021
  3093.705    6.1669    0.0000    6.8799         nan    0.6278    38631800996.1527
  3152.864    6.1773    0.0000    6.8854         nan    0.5469    38887410479.0440
  3212.023    6.1853    0.0000    6.8897         nan    0.5039    39110248407.4496
  3271.182    6.1911    0.0000    6.8927         nan    0.5925    39315693915.5951
  3330.341    6.1945    0.0000    6.8945         nan    1.5719    39557324248.2336
  3389.500    6.1956    0.0000    6.8951         nan    0.0000    40198476700.6846
