# Depth[km]  Vp[km/s]  Vs[km/s] Rho[g/cm3]    T[K]     g[m/s2]         P[Pa]        
     0.000    3.3974    2.0523    1.5719    273.1500    3.7291              0.0000
     9.741    3.3974    2.0523    1.5719    313.3187    3.7377       57099707.8935
     9.741    4.8342    2.9202    2.2368    313.3187    3.7377       57099707.8935
    31.409    4.8342    2.9202    2.2368    402.6788    3.7452      238248800.5794
    31.409    5.2719    3.1846    2.4393    402.6788    3.7452      238248800.5794
    46.626    5.2719    3.1846    2.4393    465.4361    3.7481      377265340.8489
    46.626    7.9951    4.5414    3.5186    465.4361    3.7481      377265340.8489
    56.111    7.9868    4.5314    3.5182    504.5546    3.7414      502350376.4589
    65.596    7.9782    4.5213    3.5177    543.6730    3.7347      627195284.1053
    75.081    7.9693    4.5109    3.5171    582.7915    3.7281      751798676.3626
    84.567    7.9599    4.5005    3.5165    621.9099    3.7214      876158277.1812
    94.052    7.9508    4.4903    3.5159    661.0284    3.7148     1000274336.1099
   103.537    7.9416    4.4800    3.5152    700.1469    3.7083     1124148376.1949
   113.022    7.9324    4.4698    3.5146    739.2653    3.7017     1247780187.3370
   122.508    7.9227    4.4595    3.5138    778.3838    3.6952     1371169128.7168
   131.993    7.9130    4.4492    3.5130    817.5022    3.6887     1494313160.0698
   141.478    7.9036    4.4392    3.5122    856.6207    3.6823     1617213766.2420
   150.963    7.8937    4.4289    3.5114    895.7392    3.6759     1739871653.0036
   160.449    7.8839    4.4187    3.5105    934.8576    3.6695     1862285048.8032
   169.934    7.8743    4.4087    3.5096    973.9761    3.6631     1984455244.3867
   179.419    7.8644    4.3986    3.5087   1013.0945    3.6568     2106382953.1085
   188.904    7.8548    4.3886    3.5078   1052.2130    3.6505     2228068033.4346
   198.390    7.8449    4.3786    3.5068   1091.3315    3.6443     2349510639.6226
   207.875    7.8353    4.3687    3.5059   1130.4499    3.6380     2470712591.4711
   217.360    7.8253    4.3586    3.5048   1169.5684    3.6319     2591674504.2075
   226.845    7.8152    4.3485    3.5038   1208.6868    3.6257     2712395196.0654
   236.331    7.8054    4.3385    3.5027   1247.8053    3.6196     2832875645.7897
   245.816    7.7956    4.3285    3.5018   1286.9238    3.6135     2953118958.4625
   255.301    7.7859    4.3186    3.5008   1326.0422    3.6075     3073126498.7137
   264.786    7.7770    4.3090    3.4996   1365.1607    3.6015     3192896791.4930
   274.272    7.7672    4.2992    3.4985   1404.2791    3.5956     3312429799.5493
   283.757    7.7579    4.2896    3.4974   1443.3976    3.5896     3431727416.4651
   293.242    7.7486    4.2801    3.4963   1482.5161    3.5838     3550791068.3360
   302.727    7.7392    4.2704    3.4952   1521.6345    3.5779     3669622267.0414
   312.213    7.7293    4.2603    3.4941   1560.7530    3.5721     3788221683.1255
   321.698    7.7193    4.2505    3.4929   1599.8714    3.5664     3906589043.2544
   331.183    7.7102    4.2409    3.4918   1638.9899    3.5607     4024727643.4445
   340.669    7.7000    4.2308    3.4906   1678.1084    3.5550     4142638315.6801
   350.154    7.6900    4.2208    3.4894   1717.2268    3.5494     4260320279.1941
   359.639    7.6801    4.2109    3.4881   1756.3453    3.5438     4377774936.6529
   369.124    7.6699    4.2008    3.4869   1795.4637    3.5382     4495003008.2903
   378.610    7.6606    4.1911    3.4858   1834.5822    3.5327     4612007892.2216
   388.095    7.6509    4.1813    3.4845   1873.7007    3.5273     4728791528.9402
   397.580    7.6404    4.1710    3.4832   1912.8191    3.5219     4845352843.4251
   407.065    7.6303    4.1610    3.4820   1951.9376    3.5165     4961692838.8376
   416.551    7.6208    4.1511    3.4807   1991.0560    3.5112     5077814252.3410
   426.036    7.6105    4.1410    3.4794   2030.1745    3.5060     5193717462.3819
   449.734    7.6408    4.1505    3.4882   2035.2271    3.4929     5483169018.3642
   473.432    7.6702    4.1598    3.4969   2040.1473    3.4799     5772265666.0004
   497.130    7.6994    4.1691    3.5054   2044.9469    3.4670     6060997291.7779
   520.829    7.7268    4.1776    3.5137   2049.5956    3.4542     6349352328.5929
   544.527    7.7542    4.1862    3.5221   2054.2740    3.4415     6637324763.9512
   568.225    7.7809    4.1945    3.5303   2058.7254    3.4289     6924912600.5233
   591.923    7.8071    4.2027    3.5384   2063.1196    3.4164     7212108313.9064
   615.621    7.8324    4.2105    3.5463   2067.3463    3.4040     7498904808.3108
   639.320    7.8582    4.2186    3.5544   2071.6227    3.3917     7785307082.4092
   663.018    7.8837    4.2266    3.5624   2075.8300    3.3796     8071323570.4287
   686.716    7.9087    4.2344    3.5703   2079.8419    3.3676     8356952314.3967
   710.414    7.9339    4.2424    3.5783   2083.9222    3.3558     8642202745.4368
   734.113    7.9585    4.2501    3.5861   2087.7884    3.3441     8927081432.0655
   757.811    7.9832    4.2579    3.5940   2091.6045    3.3326     9211590121.4061
   781.509    8.0086    4.2661    3.6020   2095.4738    3.3213     9495747494.0480
   805.207    8.0328    4.2738    3.6099   2099.1974    3.3101     9779564078.4419
   828.905    8.0585    4.2823    3.6180   2102.8532    3.2992    10063057506.5455
   852.604    8.0838    4.2908    3.6261   2106.4042    3.2885    10346249280.8366
   876.302    8.1102    4.2998    3.6346   2110.0703    3.2779    10629163706.9520
   900.000    8.1366    4.3089    3.6431   2113.5688    3.2676    10911830150.1597
   917.092    8.1563    4.3159    3.6494   2116.0786    3.2603    11115466373.0033
   934.183    8.1765    4.3232    3.6559   2118.5755    3.2531    11319005433.5346
   951.275    8.1970    4.3307    3.6626   2121.0674    3.2461    11522464722.8327
   968.366    8.2180    4.3386    3.6694   2123.5480    3.2391    11725856976.7853
   985.458    8.2408    4.3476    3.6768   2126.0704    3.2323    11929206899.2079
  1002.550    8.2657    4.3578    3.6849   2128.5828    3.2257    12132558417.7545
  1019.641    8.2844    4.3640    3.6915   2131.3190    3.2191    12335895805.7713
  1036.733    8.3021    4.3700    3.6978   2133.8951    3.2127    12539175053.0884
  1053.824    8.3217    4.3768    3.7049   2136.7083    3.2064    12742416202.7601
  1070.916    8.3397    4.3830    3.7113   2139.2984    3.2003    12945630160.6006
  1088.008    8.3554    4.3879    3.7169   2141.7389    3.1944    13148785145.0508
  1105.099    8.3740    4.3948    3.7237   2143.5733    3.1886    13351903307.5828
  1122.191    8.3967    4.4046    3.7323   2144.9479    3.1831    13555076674.4615
  1139.282    8.4852    4.4581    3.7576   2153.4198    3.1775    13758815866.0721
  1156.374    8.6430    4.5578    3.7999   2169.7006    3.1717    13964033729.9064
  1173.466    8.8552    4.6942    3.8538   2188.2758    3.1656    14171487437.7545
  1190.557    8.8825    4.7071    3.8621   2190.4263    3.1592    14380221809.7398
  1207.649    8.8971    4.7113    3.8676   2192.4449    3.1531    14588910047.2115
  1224.740    8.9117    4.7158    3.8730   2194.6820    3.1472    14797484918.2979
  1241.832    8.9255    4.7197    3.8783   2196.5816    3.1414    15005956563.1691
  1258.924    8.9393    4.7237    3.8837   2198.5709    3.1360    15214336436.0113
  1276.015    8.9528    4.7275    3.8889   2200.4180    3.1307    15422636270.4294
  1293.107    8.9664    4.7315    3.8942   2202.1293    3.1258    15630871097.7756
  1310.199    8.9798    4.7354    3.8997   2203.9792    3.1210    15839063514.8837
  1327.290    8.9930    4.7392    3.9050   2205.4338    3.1166    16047229592.9067
  1344.382    9.0055    4.7424    3.9105   2206.9860    3.1124    16255384116.2516
  1361.473    9.0187    4.7464    3.9159   2208.5399    3.1085    16463548343.4520
  1378.565    9.0312    4.7497    3.9214   2209.8809    3.1049    16671744271.2233
  1395.657    9.0436    4.7533    3.9266   2211.0757    3.1016    16879982983.2201
  1412.748    9.0562    4.7569    3.9319   2212.1588    3.0987    17088279826.5588
  1429.840    9.0682    4.7597    3.9380   2213.5775    3.0961    17296680670.3169
  1446.931    9.0802    4.7630    3.9434   2214.4324    3.0938    17505210361.0098
  1464.023    9.1197    4.7836    3.9547   2219.1219    3.0919    17714029490.9196
  1481.115    9.1611    4.8060    3.9665   2223.4261    3.0902    17923327747.7761
  1498.206    9.2011    4.8276    3.9786   2228.1365    3.0889    18133144929.3570
  1515.298    9.2436    4.8513    3.9915   2232.5232    3.0878    18343527950.5188
  1532.389    9.2831    4.8731    4.0040   2237.4739    3.0871    18554509195.3349
  1549.481    9.3009    4.8811    4.0102   2239.7382    3.0867    18765933451.9338
  1566.573    9.3124    4.8848    4.0146   2241.6022    3.0868    18977613485.8095
  1566.573    5.0980    0.0000    4.0452         nan    3.0868    18977613485.8095
  1584.119    5.1109    0.0000    4.0508         nan    3.0869    19196867457.0779
  1601.666    5.1238    0.0000    4.0565         nan    3.0876    19416437970.5210
  1619.213    5.1367    0.0000    4.0622         nan    3.0888    19636361205.2132
  1636.760    5.1493    0.0000    4.0677         nan    3.0905    19856672194.2917
  1654.307    5.1616    0.0000    4.0731         nan    3.0928    20077403833.6540
  1671.854    5.1739    0.0000    4.0785         nan    3.0957    20298593891.6417
  1689.401    5.1862    0.0000    4.0839         nan    3.0993    20520286187.6527
  1706.947    5.1980    0.0000    4.0891         nan    3.1035    20742521071.1726
  1724.494    5.2097    0.0000    4.0943         nan    3.1084    20965340083.7376
  1724.494    5.2114    0.0000    6.4528         nan    3.1084    20965340083.7376
  1781.908    5.2880    0.0000    6.4941         nan    3.0114    22120609999.3492
  1839.322    5.3602    0.0000    6.5332         nan    2.9132    23246779489.1906
  1896.736    5.4285    0.0000    6.5702         nan    2.8138    24342584464.0064
  1954.150    5.4930    0.0000    6.6053         nan    2.7133    25406831397.1847
  2011.564    5.5540    0.0000    6.6385         nan    2.6118    26438392348.1680
  2068.978    5.6116    0.0000    6.6699         nan    2.5093    27436200639.8306
  2126.392    5.6659    0.0000    6.6996         nan    2.4058    28399247050.2446
  2183.806    5.7171    0.0000    6.7276         nan    2.3015    29326576392.5867
  2241.220    5.7654    0.0000    6.7541         nan    2.1963    30217284368.3101
  2298.634    5.8107    0.0000    6.7790         nan    2.0902    31070514591.3439
  2356.048    5.8533    0.0000    6.8024         nan    1.9834    31885455669.8746
  2413.462    5.8932    0.0000    6.8243         nan    1.8759    32661338209.8593
  2470.876    5.9305    0.0000    6.8448         nan    1.7676    33397431573.7916
  2528.290    5.9652    0.0000    6.8640         nan    1.6585    34093040161.6627
  2585.704    5.9974    0.0000    6.8817         nan    1.5488    34747498872.5282
  2643.118    6.0271    0.0000    6.8982         nan    1.4383    35360167224.7889
  2700.532    6.0545    0.0000    6.9133         nan    1.3269    35930421292.1359
  2757.946    6.0796    0.0000    6.9272         nan    1.2147    36457642043.8240
  2815.360    6.1023    0.0000    6.9397         nan    1.1014    36941197620.7563
  2872.774    6.1228    0.0000    6.9511         nan    0.9868    37380415021.7754
  2930.188    6.1411    0.0000    6.9612         nan    0.8704    37774532459.7981
  2987.602    6.1571    0.0000    6.9701         nan    0.7512    38122614415.2632
  3045.016    6.1710    0.0000    6.9777         nan    0.6275    38423389554.0853
  3102.430    6.1827    0.0000    6.9842         nan    0.4958    38674914609.1644
  3159.844    6.1922    0.0000    6.9895         nan    0.3471    38873798582.5429
  3217.258    6.1996    0.0000    6.9936         nan    0.1557    39013132677.8157
  3274.672    6.2049    0.0000    6.9965         nan   -0.1830    39075670722.6148
  3332.086    6.2081    0.0000    6.9983         nan   -1.5181    39002161904.0766
  3389.500    6.2091    0.0000    6.9989         nan    0.0000    38392157482.8447
