# Depth[km]  Vp[km/s]  Vs[km/s] Rho[g/cm3]    T[K]     g[m/s2]         P[Pa]        
     0.000    3.5230    2.1026    1.6471    273.1500    3.7291              0.0000
    10.820    3.5230    2.1026    1.6471    313.1765    3.7380       66457419.6847
    10.820    4.8910    2.9191    2.2867    313.1765    3.7380       66457419.6847
    27.655    4.8910    2.9191    2.2867    375.4613    3.7431      210358999.1519
    27.655    6.4244    3.8343    3.0035    375.4613    3.7431      210358999.1519
    41.970    6.4244    3.8343    3.0035    428.4195    3.7390      371289687.6782
    41.970    7.8435    4.4870    3.4772    428.4195    3.7390      371289687.6782
    52.047    7.8396    4.4803    3.4776    465.7029    3.7321      502316482.0182
    62.125    7.8354    4.4734    3.4780    502.9862    3.7252      633118957.7422
    72.202    7.8308    4.4663    3.4783    540.2696    3.7184      763694812.0853
    82.280    7.8259    4.4590    3.4786    577.5529    3.7116      894041759.4312
    92.358    7.8205    4.4516    3.4788    614.8363    3.7049     1024158441.4747
   102.435    7.8143    4.4436    3.4787    652.1196    3.6981     1154040867.7773
   112.513    7.8087    4.4360    3.4788    689.4030    3.6914     1283687990.0225
   122.590    7.8031    4.4283    3.4789    726.6863    3.6847     1413102519.5306
   132.668    7.7975    4.4206    3.4789    763.9696    3.6781     1542284506.0969
   142.745    7.7908    4.4124    3.4787    801.2530    3.6714     1671229861.7574
   152.823    7.7849    4.4046    3.4787    838.5363    3.6648     1799938103.8176
   162.901    7.7783    4.3965    3.4784    875.8197    3.6583     1928409537.4277
   172.978    7.7723    4.3886    3.4783    913.1030    3.6517     2056643732.7829
   183.056    7.7658    4.3805    3.4780    950.3864    3.6452     2184641067.4517
   193.133    7.7598    4.3725    3.4778    987.6697    3.6388     2312401240.7281
   203.211    7.7534    4.3645    3.4774   1024.9530    3.6323     2439924553.5939
   213.288    7.7464    4.3562    3.4769   1062.2364    3.6259     2567206608.5581
   223.366    7.7408    4.3484    3.4766   1099.5197    3.6196     2694250249.3485
   233.443    7.7339    4.3402    3.4762   1136.8031    3.6133     2821057999.0486
   243.521    7.7271    4.3319    3.4758   1174.0864    3.6070     2947628608.7105
   253.599    7.7205    4.3237    3.4754   1211.3698    3.6007     3073963804.9492
   263.676    7.7139    4.3156    3.4749   1248.6531    3.5945     3200064026.9250
   273.754    7.7072    4.3074    3.4744   1285.9364    3.5883     3325929937.8440
   283.831    7.7005    4.2993    3.4740   1323.2198    3.5822     3451562538.6363
   293.909    7.6920    4.2904    3.4734   1360.5031    3.5761     3576961185.5581
   303.986    7.6835    4.2813    3.4728   1397.7865    3.5701     3702125897.8137
   314.064    7.6757    4.2727    3.4724   1435.0698    3.5640     3827061179.9150
   324.141    7.6680    4.2640    3.4720   1472.3532    3.5581     3951770666.5084
   334.219    7.6594    4.2550    3.4714   1509.6365    3.5521     4076252586.5652
   344.297    7.6512    4.2461    3.4709   1546.9199    3.5463     4200507881.8731
   354.374    7.6434    4.2374    3.4704   1584.2032    3.5404     4324540407.1846
   364.452    7.6336    4.2279    3.4696   1621.4865    3.5346     4448345868.0579
   374.529    7.6254    4.2190    3.4691   1658.7699    3.5289     4571925963.1196
   384.607    7.6174    4.2102    3.4686   1696.0532    3.5231     4695287508.4512
   394.684    7.6083    4.2009    3.4680   1733.3366    3.5175     4818428802.8410
   404.762    7.5921    4.1889    3.4662   1770.6199    3.5119     4941328909.3682
   414.839    7.5916    4.1830    3.4669   1807.9033    3.5063     5064014035.5183
   424.917    7.5823    4.1736    3.4662   1845.1866    3.5008     5186504686.6362
   434.995    7.5687    4.1626    3.4648   1882.4699    3.4953     5308765323.0354
   445.072    7.5605    4.1536    3.4643   1919.7533    3.4899     5430802143.1843
   467.819    7.5886    4.1609    3.4722   1923.8179    3.4778     5706123957.7180
   490.565    7.6164    4.1681    3.4801   1927.8079    3.4657     5981111422.3022
   513.311    7.6565    4.1802    3.4898   1933.0554    3.4537     6255836292.5093
   536.058    7.6859    4.1883    3.4977   1937.2746    3.4418     6530306076.4799
   558.804    7.7141    4.1958    3.5056   1941.3078    3.4300     6804451820.0980
   581.550    7.7419    4.2034    3.5133   1945.1817    3.4183     7078265142.2042
   604.297    7.7689    4.2106    3.5210   1949.0599    3.4067     7351740983.0432
   627.043    7.7961    4.2181    3.5286   1952.8772    3.3953     7624879776.9271
   649.790    7.8220    4.2250    3.5360   1956.5617    3.3839     7897677953.6161
   672.536    7.8483    4.2321    3.5434   1960.2455    3.3727     8170136220.5827
   695.282    7.8737    4.2389    3.5507   1963.8273    3.3617     8442257352.9080
   718.029    7.8988    4.2456    3.5579   1967.3307    3.3508     8714041299.1475
   740.775    7.9237    4.2522    3.5651   1970.7950    3.3401     8985492221.8563
   763.522    7.9480    4.2587    3.5721   1974.1313    3.3295     9256613301.4668
   786.268    7.9726    4.2654    3.5791   1977.4623    3.3191     9527409721.5489
   809.014    7.9970    4.2720    3.5862   1980.7692    3.3090     9797893365.9360
   831.761    8.0205    4.2782    3.5931   1983.9567    3.2990    10068071717.0472
   854.507    8.0446    4.2846    3.6001   1987.2047    3.2892    10337956840.1405
   877.254    8.0681    4.2910    3.6070   1990.3252    3.2797    10607563245.9198
   900.000    8.0926    4.2980    3.6140   1993.5161    3.2704    10876906112.1313
   916.864    8.1106    4.3031    3.6192   1995.8544    3.2636    11076362498.3340
   933.727    8.1280    4.3079    3.6243   1998.0856    3.2570    11275693469.4010
   950.591    8.1456    4.3128    3.6295   2000.2903    3.2506    11474904137.1407
   967.455    8.1626    4.3175    3.6345   2002.4764    3.2443    11673999427.0085
   984.318    8.1819    4.3235    3.6402   2004.8017    3.2381    11873000508.5481
  1001.182    8.2000    4.3289    3.6456   2006.9698    3.2321    12071925258.5801
  1018.046    8.2164    4.3331    3.6505   2009.0483    3.2263    12270763143.9736
  1034.909    8.2336    4.3382    3.6556   2011.1384    3.2206    12469514691.7799
  1051.773    8.2494    4.3422    3.6603   2013.2228    3.2151    12668183432.9465
  1068.637    8.2920    4.3647    3.6720   2017.5808    3.2098    12866960020.9842
  1085.500    8.3968    4.4298    3.7000   2027.5635    3.2044    13066480098.4460
  1102.364    8.5200    4.5074    3.7326   2040.7715    3.1989    13267302840.9358
  1119.228    8.6043    4.5584    3.7548   2048.8456    3.1933    13469256870.9265
  1136.091    8.6202    4.5623    3.7597   2052.1505    3.1877    13671584096.1178
  1152.955    8.6358    4.5664    3.7645   2054.5223    3.1823    13873819167.5614
  1169.819    8.6514    4.5705    3.7693   2056.7010    3.1772    14075971359.6434
  1186.683    8.6980    4.6069    3.7753   2062.6374    3.1723    14278086343.2996
  1203.546    8.7598    4.6596    3.7821   2066.4036    3.1675    14480232151.5626
  1220.410    8.7763    4.6658    3.7867   2073.3264    3.1630    14682382853.0308
  1237.274    8.7911    4.6699    3.7915   2075.8311    3.1588    14884495922.6660
  1254.137    8.8059    4.6741    3.7962   2078.1792    3.1548    15086589420.5962
  1271.001    8.8247    4.6805    3.8019   2080.9902    3.1511    15288703756.6468
  1287.865    8.8629    4.6985    3.8110   2086.0720    3.1476    15490973485.5347
  1304.728    8.9016    4.7169    3.8204   2091.2718    3.1443    15693511264.2632
  1321.592    8.9399    4.7348    3.8302   2096.5181    3.1412    15896347143.1470
  1338.456    8.9801    4.7541    3.8407   2101.8202    3.1384    16099521805.1533
  1355.319    9.0178    4.7719    3.8508   2107.1668    3.1358    16303058573.9989
  1372.183    9.0593    4.7915    3.8627   2112.7494    3.1334    16507008971.6631
  1389.047    9.0765    4.7976    3.8680   2115.2277    3.1314    16711258971.3913
  1405.910    9.0944    4.8004    3.8761   2117.0184    3.1296    16915726986.5645
  1422.774    9.1110    4.8040    3.8829   2119.0511    3.1282    17120472871.4256
  1439.638    9.1279    4.8072    3.8902   2121.0550    3.1271    17325496521.7781
  1456.501    9.1450    4.8106    3.8978   2123.0358    3.1263    17530840028.3119
  1473.365    9.1863    4.8268    3.9169   2133.9805    3.1258    17736838475.0936
  1490.229    9.2462    4.8586    3.9406   2140.2536    3.1255    17943933167.5312
  1507.092    9.2725    4.8713    3.9497   2145.8706    3.1255    18151870702.2572
  1523.956    9.2996    4.8851    3.9587   2151.0096    3.1258    18360282567.7337
  1540.820    9.3249    4.8980    3.9672   2156.1430    3.1265    18569176851.2495
  1557.683    9.3501    4.9106    3.9757   2161.4321    3.1276    18778567744.0068
  1557.683    5.2364    0.0000    4.0052         nan    3.1276    18778567744.0068
  1573.510    5.2481    0.0000    4.0100         nan    3.1287    18976943609.3952
  1589.337    5.2598    0.0000    4.0147         nan    3.1303    19175624409.0645
  1605.163    5.2715    0.0000    4.0195         nan    3.1322    19374637957.8659
  1620.990    5.2832    0.0000    4.0243         nan    3.1347    19574013180.3669
  1636.816    5.2943    0.0000    4.0288         nan    3.1376    19773774978.3082
  1652.643    5.3054    0.0000    4.0334         nan    3.1411    19973949640.9870
  1668.470    5.3166    0.0000    4.0379         nan    3.1450    20174570096.5751
  1684.296    5.3277    0.0000    4.0424         nan    3.1496    20375670565.8903
  1700.123    5.3383    0.0000    4.0468         nan    3.1547    20577281666.2423
  1700.123    5.2672    0.0000    6.4464         nan    3.1547    20577281666.2423
  1758.377    5.3502    0.0000    6.4879         nan    3.0566    21765766799.4135
  1816.632    5.4285    0.0000    6.5271         nan    2.9574    22924499835.3595
  1874.886    5.5023    0.0000    6.5642         nan    2.8569    24052174749.5182
  1933.140    5.5719    0.0000    6.5992         nan    2.7555    25147565166.0570
  1991.395    5.6375    0.0000    6.6324         nan    2.6530    26209518730.6654
  2049.649    5.6994    0.0000    6.6637         nan    2.5495    27236952446.2779
  2107.904    5.7578    0.0000    6.6932         nan    2.4452    28228848811.5047
  2166.158    5.8128    0.0000    6.7211         nan    2.3401    29184252652.0539
  2224.412    5.8645    0.0000    6.7474         nan    2.2342    30102268575.8389
  2282.667    5.9131    0.0000    6.7721         nan    2.1276    30982059005.7266
  2340.921    5.9586    0.0000    6.7953         nan    2.0204    31822842795.0859
  2399.175    6.0013    0.0000    6.8171         nan    1.9125    32623894466.0907
  2457.430    6.0411    0.0000    6.8374         nan    1.8042    33384544164.1627
  2515.684    6.0781    0.0000    6.8563         nan    1.6955    34104178505.2109
  2573.939    6.1125    0.0000    6.8739         nan    1.5864    34782242612.2163
  2632.193    6.1443    0.0000    6.8901         nan    1.4771    35418243835.2355
  2690.447    6.1735    0.0000    6.9051         nan    1.3676    36011757983.0159
  2748.702    6.2002    0.0000    6.9188         nan    1.2583    36562439486.5214
  2806.956    6.2244    0.0000    6.9312         nan    1.1492    37070038004.6839
  2865.211    6.2462    0.0000    6.9424         nan    1.0408    37534426099.0306
  2923.465    6.2657    0.0000    6.9523         nan    0.9336    37955646939.9187
  2981.719    6.2828    0.0000    6.9611         nan    0.8286    38334000492.9359
  3039.974    6.2975    0.0000    6.9687         nan    0.7277    38670209096.1193
  3098.228    6.3099    0.0000    6.9751         nan    0.6346    38965761971.7873
  3156.482    6.3201    0.0000    6.9803         nan    0.5583    39223711581.5850
  3214.737    6.3280    0.0000    6.9843         nan    0.5250    39450799811.7053
  3272.991    6.3336    0.0000    6.9872         nan    0.6409    39664463849.8381
  3331.246    6.3370    0.0000    6.9889         nan    1.7670    39925370355.0857
  3389.500    6.3381    0.0000    6.9895         nan    0.0000    40644802578.8878
