# Depth[km]  Vp[km/s]  Vs[km/s] Rho[g/cm3]    T[K]     g[m/s2]         P[Pa]        
     0.000    3.7030    2.1905    1.6610    273.1500    3.7291              0.0000
    10.888    3.7030    2.1905    1.6610    314.1624    3.7379       67444257.9689
    10.888    4.9152    2.9076    2.2048    314.1624    3.7379       67444257.9689
    28.022    4.9152    2.9076    2.2048    378.7051    3.7443      208650392.4218
    28.022    6.5277    3.8615    2.9281    378.7051    3.7443      208650392.4218
    43.712    6.5277    3.8615    2.9281    437.8068    3.7408      380664616.8414
    43.712    7.9530    4.5337    3.4844    437.8068    3.7408      380664616.8414
    53.631    7.9478    4.5259    3.4845    475.1735    3.7340      509961246.6323
    63.551    7.9422    4.5179    3.4846    512.5401    3.7272      639027177.4639
    73.470    7.9362    4.5098    3.4846    549.9068    3.7205      767860655.0439
    83.390    7.9300    4.5014    3.4845    587.2735    3.7138      896459970.6659
    93.309    7.9229    4.4927    3.4843    624.6402    3.7071     1024821876.7538
   103.229    7.9165    4.4844    3.4842    662.0068    3.7004     1152946322.5926
   113.149    7.9099    4.4759    3.4840    699.3735    3.6938     1280835155.7447
   123.068    7.9033    4.4675    3.4839    736.7402    3.6872     1408488377.6953
   132.988    7.8959    4.4587    3.4835    774.1068    3.6806     1535903659.9585
   142.907    7.8892    4.4502    3.4833    811.4735    3.6740     1663080874.5820
   152.827    7.8819    4.4415    3.4828    848.8402    3.6675     1790019797.3570
   162.746    7.8749    4.4329    3.4825    886.2069    3.6610     1916719069.1396
   172.666    7.8676    4.4243    3.4820    923.5735    3.6546     2043180025.9106
   182.585    7.8610    4.4159    3.4817    960.9402    3.6482     2169404374.1765
   192.505    7.8537    4.4073    3.4812    998.3069    3.6418     2295391717.6191
   202.424    7.8465    4.3987    3.4807   1035.6735    3.6355     2421140287.8244
   212.344    7.8390    4.3901    3.4800   1073.0402    3.6292     2546648560.9856
   222.264    7.8317    4.3814    3.4795   1110.4069    3.6229     2671917511.0688
   232.183    7.8242    4.3726    3.4789   1147.7736    3.6166     2796950130.0855
   242.103    7.8173    4.3641    3.4784   1185.1402    3.6104     2921747465.6167
   252.022    7.8109    4.3560    3.4778   1222.5069    3.6043     3046310726.8502
   261.942    7.8032    4.3472    3.4771   1259.8736    3.5982     3170638766.7979
   271.861    7.7960    4.3386    3.4765   1297.2402    3.5921     3294733132.2899
   281.781    7.7892    4.3302    3.4759   1334.6069    3.5860     3418596629.6526
   291.700    7.7823    4.3219    3.4753   1371.9736    3.5800     3542229621.6494
   301.620    7.7747    4.3131    3.4745   1409.3403    3.5741     3665630416.7609
   311.540    7.7677    4.3046    3.4739   1446.7069    3.5681     3788800460.3632
   321.459    7.7610    4.2965    3.4731   1484.0736    3.5623     3911742312.4446
   331.379    7.7541    4.2881    3.4725   1521.4403    3.5564     4034457020.4972
   341.298    7.7463    4.2793    3.4717   1558.8069    3.5506     4156944459.6996
   351.218    7.7394    4.2709    3.4710   1596.1736    3.5449     4279205590.5571
   361.137    7.7315    4.2620    3.4700   1633.5403    3.5392     4401240421.7327
   371.057    7.7245    4.2536    3.4694   1670.9070    3.5335     4523050557.3579
   380.976    7.7181    4.2454    3.4687   1708.2736    3.5279     4644641371.9945
   390.896    7.7099    4.2364    3.4677   1745.6403    3.5223     4766009987.0398
   400.815    7.7027    4.2278    3.4670   1783.0070    3.5168     4887157304.4829
   410.735    7.6951    4.2191    3.4661   1820.3736    3.5113     5008086448.3833
   420.655    7.6879    4.2105    3.4653   1857.7403    3.5059     5128798187.3029
   430.574    7.6798    4.2014    3.4643   1895.1070    3.5005     5249293090.9306
   440.494    7.6722    4.1926    3.4636   1932.4737    3.4952     5369574091.7720
   463.469    7.7004    4.2012    3.4717   1936.8829    3.4829     5648036629.4320
   486.444    7.7279    4.2095    3.4798   1941.2557    3.4708     5926169962.0255
   509.420    7.7542    4.2175    3.4877   1945.5980    3.4587     6203969660.8595
   532.395    7.7796    4.2250    3.4954   1949.6696    3.4467     6481424676.2229
   555.370    7.8049    4.2324    3.5032   1953.8657    3.4349     6758531896.3267
   578.346    7.8289    4.2394    3.5107   1957.8658    3.4231     7035289479.8356
   601.321    7.8539    4.2468    3.5184   1961.9295    3.4115     7311698321.3085
   624.296    7.8776    4.2537    3.5258   1965.7670    3.4000     7587758691.3701
   647.272    7.9020    4.2609    3.5334   1969.8695    3.3886     7863475571.6692
   670.247    7.9255    4.2677    3.5408   1973.6244    3.3773     8138853229.0752
   693.222    7.9485    4.2744    3.5481   1977.3347    3.3663     8413886770.5158
   716.197    7.9716    4.2810    3.5554   1980.9899    3.3553     8688582374.7893
   739.173    7.9952    4.2880    3.5628   1984.7669    3.3446     8962953191.3597
   762.148    8.0177    4.2944    3.5700   1988.3550    3.3340     9237006062.8373
   785.123    8.0409    4.3013    3.5773   1991.8401    3.3236     9510746989.1548
   808.099    8.0635    4.3079    3.5845   1995.2788    3.3134     9784187930.5767
   831.074    8.0857    4.3143    3.5916   1998.6948    3.3034    10057334534.7156
   854.049    8.1090    4.3215    3.5989   2001.9951    3.2937    10330205055.9817
   877.025    8.1320    4.3284    3.6063   2005.3732    3.2841    10602825698.4188
   900.000    8.1553    4.3356    3.6137   2008.6024    3.2748    10875214489.1004
   916.720    8.1726    4.3410    3.6192   2011.0028    3.2682    11073234146.6235
   933.440    8.1891    4.3460    3.6245   2013.3483    3.2617    11271148397.5177
   950.160    8.2070    4.3519    3.6302   2015.6749    3.2554    11468969897.6077
   966.881    8.2260    4.3582    3.6363   2018.1925    3.2491    11666727910.7828
   983.601    8.2448    4.3648    3.6422   2020.4794    3.2431    11864435318.8159
  1000.321    8.2642    4.3716    3.6484   2022.8083    3.2371    12062101976.8608
  1017.041    8.2836    4.3785    3.6547   2025.1445    3.2314    12259746219.8054
  1033.761    8.3040    4.3859    3.6614   2027.4963    3.2257    12457386459.9634
  1050.481    8.3195    4.3905    3.6666   2029.7133    3.2203    12655002605.7775
  1067.201    8.3353    4.3953    3.6718   2031.8023    3.2150    12852564796.7872
  1083.921    8.3506    4.3997    3.6770   2033.9439    3.2099    13050081851.5257
  1100.642    8.4142    4.4371    3.6948   2040.5695    3.2049    13247901802.0644
  1117.362    8.5461    4.5211    3.7299   2053.9379    3.1998    13446830677.8174
  1134.082    8.7080    4.6252    3.7720   2070.8314    3.1944    13647507782.5004
  1150.802    8.8133    4.6908    3.7994   2078.0012    3.1888    13849702483.1233
  1167.522    8.8287    4.6951    3.8048   2080.4340    3.1833    14052417856.6503
  1184.242    8.8428    4.6989    3.8096   2082.7767    3.1779    14255052651.3940
  1200.962    8.8592    4.7035    3.8155   2085.1456    3.1728    14457632032.4517
  1217.683    8.8747    4.7078    3.8211   2087.5289    3.1679    14660189315.2609
  1234.403    8.8901    4.7121    3.8266   2089.8911    3.1632    14862727191.9453
  1251.123    8.9055    4.7164    3.8321   2092.2439    3.1587    15065256504.7140
  1267.843    8.9208    4.7207    3.8377   2094.6539    3.1545    15267793486.3203
  1284.563    8.9359    4.7251    3.8432   2097.0176    3.1505    15470352303.4023
  1301.283    8.9511    4.7293    3.8488   2099.4092    3.1468    15672947182.9826
  1318.003    8.9663    4.7337    3.8543   2101.7709    3.1434    15875596076.9655
  1334.724    8.9815    4.7381    3.8599   2104.1752    3.1402    16078315616.6795
  1351.444    8.9966    4.7425    3.8655   2106.5597    3.1373    16281124470.9058
  1368.164    9.0255    4.7557    3.8735   2110.8507    3.1347    16484105346.9701
  1384.884    9.0655    4.7760    3.8837   2116.3844    3.1324    16687394548.1168
  1401.604    9.1025    4.7946    3.8934   2122.0568    3.1303    16891050808.8685
  1418.324    9.1414    4.8146    3.9035   2127.5988    3.1285    17095090548.4540
  1435.044    9.1798    4.8346    3.9138   2133.4729    3.1270    17299548655.7071
  1451.764    9.2203    4.8563    3.9246   2139.2130    3.1257    17504458304.3849
  1468.485    9.2597    4.8775    3.9355   2145.2784    3.1248    17709852006.6571
  1485.205    9.2995    4.8993    3.9465   2151.7120    3.1241    17915756536.6728
  1501.925    9.3246    4.9112    3.9543   2155.3631    3.1238    18122109160.9299
  1518.645    9.3383    4.9156    3.9593   2157.5676    3.1239    18328775431.9498
  1535.365    9.3521    4.9200    3.9645   2159.8122    3.1245    18535715307.2982
  1552.085    9.3655    4.9243    3.9693   2161.9961    3.1255    18742952911.1801
  1552.085    4.7639    0.0000    4.0125         nan    3.1255    18742952911.1801
  1565.799    4.7749    0.0000    4.0175         nan    3.1261    18915044715.6708
  1579.513    4.7858    0.0000    4.0225         nan    3.1271    19087388638.5116
  1593.227    4.7968    0.0000    4.0276         nan    3.1284    19260001755.9637
  1606.941    4.8077    0.0000    4.0326         nan    3.1300    19432901778.5846
  1620.655    4.8185    0.0000    4.0376         nan    3.1319    19606105171.8275
  1634.369    4.8289    0.0000    4.0424         nan    3.1342    19779626001.7156
  1648.083    4.8393    0.0000    4.0472         nan    3.1369    19953481017.7126
  1661.797    4.8497    0.0000    4.0520         nan    3.1399    20127690863.3780
  1675.511    4.8601    0.0000    4.0568         nan    3.1434    20302276952.8556
  1675.511    5.0743    0.0000    6.3133         nan    3.1434    20302276952.8556
  1734.614    5.1595    0.0000    6.3575         nan    3.0465    21479283207.2375
  1793.717    5.2397    0.0000    6.3993         nan    2.9483    22627761147.8815
  1852.820    5.3153    0.0000    6.4387         nan    2.8489    23746298577.3267
  1911.923    5.3866    0.0000    6.4760         nan    2.7483    24833570837.5867
  1971.026    5.4537    0.0000    6.5112         nan    2.6466    25888334194.7266
  2030.129    5.5170    0.0000    6.5444         nan    2.5439    26909420366.8502
  2089.232    5.5766    0.0000    6.5758         nan    2.4402    27895731994.9112
  2148.335    5.6327    0.0000    6.6054         nan    2.3356    28846238905.9333
  2207.438    5.6854    0.0000    6.6332         nan    2.2302    29759975064.3589
  2266.542    5.7349    0.0000    6.6594         nan    2.1240    30636036151.1385
  2325.645    5.7813    0.0000    6.6840         nan    2.0172    31473577742.7907
  2384.748    5.8248    0.0000    6.7070         nan    1.9097    32271814108.4664
  2443.851    5.8653    0.0000    6.7285         nan    1.8016    33030017688.2759
  2502.954    5.9030    0.0000    6.7485         nan    1.6930    33747519389.6473
  2562.057    5.9380    0.0000    6.7671         nan    1.5840    34423709942.1809
  2621.160    5.9703    0.0000    6.7843         nan    1.4747    35058042719.4632
  2680.263    6.0000    0.0000    6.8001         nan    1.3652    35650038722.6601
  2739.366    6.0272    0.0000    6.8145         nan    1.2556    36199294916.9809
  2798.469    6.0518    0.0000    6.8277         nan    1.1462    36705498036.9348
  2857.572    6.0740    0.0000    6.8395         nan    1.0373    37168447761.9111
  2916.675    6.0938    0.0000    6.8500         nan    0.9294    37588096824.1948
  2975.778    6.1111    0.0000    6.8593         nan    0.8233    37964623620.0689
  3034.882    6.1261    0.0000    6.8673         nan    0.7205    38298571854.0617
  3093.985    6.1387    0.0000    6.8740         nan    0.6242    38591141240.1712
  3153.088    6.1491    0.0000    6.8795         nan    0.5422    38844859621.3105
  3212.191    6.1571    0.0000    6.8838         nan    0.4964    39065377616.1231
  3271.294    6.1628    0.0000    6.8869         nan    0.5765    39267382233.3437
  3330.397    6.1662    0.0000    6.8887         nan    1.5092    39502058937.7205
  3389.500    6.1673    0.0000    6.8893         nan    0.0000    40116556876.4773
