# Depth[km]  Vp[km/s]  Vs[km/s] Rho[g/cm3]    T[K]     g[m/s2]         P[Pa]        
     0.000    3.5593    2.1555    1.6242    273.1500    3.7291              0.0000
    12.225    3.5593    2.1555    1.6242    321.2608    3.7394       74042618.6552
    12.225    4.7858    2.8983    2.1838    321.2608    3.7394       74042618.6552
    30.443    4.7858    2.8983    2.1838    392.9613    3.7465      222812520.4071
    30.443    6.3642    3.8542    2.9041    392.9613    3.7465      222812520.4071
    48.278    6.3642    3.8542    2.9041    463.1555    3.7430      416860740.5850
    48.278    7.9577    4.5331    3.5036    463.1555    3.7430      416860740.5850
    57.995    7.9504    4.5238    3.5035    501.4002    3.7362      544288506.3405
    67.712    7.9427    4.5144    3.5032    539.6449    3.7295      671478904.1450
    77.429    7.9347    4.5047    3.5029    577.8896    3.7227      798430334.5007
    87.147    7.9260    4.4949    3.5025    616.1343    3.7160      925140159.1348
    96.864    7.9176    4.4851    3.5022    654.3790    3.7094     1051608326.4221
   106.581    7.9090    4.4754    3.5018    692.6237    3.7027     1177836597.0766
   116.298    7.9006    4.4658    3.5014    730.8684    3.6961     1303825248.7591
   126.016    7.8914    4.4558    3.5008    769.1131    3.6896     1429572386.0961
   135.733    7.8829    4.4462    3.5004    807.3577    3.6830     1555078244.2674
   145.450    7.8736    4.4364    3.4998    845.6024    3.6765     1680343189.8446
   155.167    7.8644    4.4265    3.4992    883.8471    3.6700     1805365730.7290
   164.885    7.8553    4.4168    3.4986    922.0918    3.6636     1930146442.0381
   174.602    7.8457    4.4069    3.4979    960.3365    3.6572     2054684220.2026
   184.319    7.8364    4.3971    3.4973    998.5812    3.6508     2178980043.5215
   194.036    7.8271    4.3873    3.4966   1036.8259    3.6444     2303035081.5178
   203.754    7.8174    4.3775    3.4958   1075.0706    3.6381     2426848148.8544
   213.471    7.8075    4.3675    3.4950   1113.3153    3.6318     2550418885.4954
   223.188    7.7980    4.3577    3.4943   1151.5600    3.6256     2673749378.8109
   232.905    7.7886    4.3480    3.4935   1189.8046    3.6194     2796841116.0892
   242.623    7.7792    4.3383    3.4927   1228.0493    3.6132     2919694755.9586
   252.340    7.7682    4.3278    3.4916   1266.2940    3.6071     3042306767.8862
   262.057    7.7601    4.3188    3.4910   1304.5387    3.6010     3164681230.1186
   271.774    7.7508    4.3093    3.4901   1342.7834    3.5949     3286822346.6249
   281.492    7.7414    4.2995    3.4892   1381.0281    3.5889     3408726846.0385
   291.209    7.7326    4.2903    3.4884   1419.2728    3.5829     3530397002.1425
   300.926    7.7234    4.2807    3.4875   1457.5175    3.5770     3651834744.2693
   310.643    7.7139    4.2712    3.4865   1495.7622    3.5711     3773039033.8578
   320.360    7.7045    4.2615    3.4856   1534.0068    3.5653     3894009967.7714
   330.078    7.6948    4.2518    3.4846   1572.2515    3.5594     4014749410.2529
   339.795    7.6852    4.2422    3.4837   1610.4962    3.5537     4135259055.6215
   349.512    7.6760    4.2326    3.4828   1648.7409    3.5480     4255542027.4969
   359.229    7.6659    4.2228    3.4817   1686.9856    3.5423     4375596891.8233
   368.947    7.6565    4.2131    3.4808   1725.2303    3.5366     4495425854.2703
   378.664    7.6467    4.2033    3.4797   1763.4750    3.5310     4615030380.0596
   388.381    7.6365    4.1934    3.4787   1801.7197    3.5255     4734409733.7330
   398.098    7.6266    4.1835    3.4777   1839.9644    3.5200     4853567369.1608
   407.816    7.6172    4.1739    3.4768   1878.2090    3.5146     4972505478.5435
   417.533    7.6073    4.1641    3.4758   1916.4537    3.5091     5091226605.7462
   427.250    7.5964    4.1537    3.4746   1954.6984    3.5038     5209727966.1029
   436.967    7.5868    4.1441    3.4736   1992.9431    3.4985     5328010217.5894
   460.119    7.6181    4.1533    3.4823   1997.7774    3.4859     5609707988.8461
   483.271    7.6493    4.1626    3.4910   2002.5765    3.4735     5891099151.0537
   506.422    7.6785    4.1711    3.4994   2007.2259    3.4610     6172168901.5373
   529.574    7.7074    4.1797    3.5077   2011.6574    3.4487     6452902357.5805
   552.726    7.7361    4.1883    3.5159   2016.0350    3.4365     6733294945.9109
   575.877    7.7639    4.1965    3.5240   2020.3467    3.4244     7013342899.9860
   599.029    7.7908    4.2044    3.5319   2024.4208    3.4124     7293038770.9116
   622.180    7.8173    4.2122    3.5398   2028.6151    3.4005     7572379330.6370
   645.332    7.8435    4.2199    3.5477   2032.6408    3.3887     7851365440.5940
   668.484    7.8693    4.2275    3.5555   2036.6454    3.3770     8129998107.2685
   691.635    7.8954    4.2353    3.5632   2040.4952    3.3655     8408282192.4428
   714.787    7.9205    4.2427    3.5709   2044.2249    3.3542     8686218707.2726
   737.939    7.9456    4.2502    3.5785   2047.9284    3.3430     8963812079.8917
   761.090    7.9711    4.2580    3.5862   2051.6478    3.3320     9241074052.8819
   784.242    7.9962    4.2656    3.5939   2055.2464    3.3211     9518015269.4867
   807.393    8.0208    4.2730    3.6015   2058.7284    3.3105     9794641535.5052
   830.545    8.0461    4.2808    3.6093   2062.2009    3.3000    10070968683.8418
   853.697    8.0723    4.2894    3.6172   2065.6575    3.2897    10347019663.6870
   876.848    8.0975    4.2972    3.6251   2069.0408    3.2797    10622812717.2474
   900.000    8.1236    4.3058    3.6332   2072.3403    3.2698    10898371964.4321
   916.979    8.1429    4.3121    3.6393   2074.7736    3.2627    11100249121.1310
   933.958    8.1627    4.3190    3.6454   2077.1549    3.2558    11302026636.1194
   950.937    8.1834    4.3262    3.6518   2079.5412    3.2490    11503721053.8041
   967.916    8.2043    4.3337    3.6585   2082.0074    3.2423    11705354527.9383
   984.895    8.2248    4.3410    3.6650   2084.3603    3.2357    11906934641.4490
  1001.874    8.2493    4.3506    3.6727   2086.7891    3.2293    12108496831.8864
  1018.853    8.2728    4.3598    3.6801   2089.2609    3.2230    12310074344.4995
  1035.832    8.2999    4.3710    3.6888   2091.8551    3.2168    12511699443.0008
  1052.811    8.3171    4.3765    3.6946   2094.0312    3.2107    12713332299.8187
  1069.790    8.3340    4.3818    3.7002   2096.1758    3.2049    12914897545.0954
  1086.769    8.3512    4.3874    3.7060   2098.3352    3.1992    13116406302.3521
  1103.748    8.3681    4.3929    3.7117   2100.4791    3.1937    13317869654.3658
  1120.727    8.4346    4.4315    3.7307   2107.4782    3.1883    13519653350.5392
  1137.706    8.5948    4.5328    3.7735   2122.5975    3.1827    13722767347.3404
  1154.685    8.7821    4.6523    3.8221   2143.4484    3.1767    13927997711.9962
  1171.664    8.8596    4.6988    3.8424   2145.9494    3.1706    14134703210.3599
  1188.643    8.8751    4.7038    3.8478   2148.2405    3.1645    14341697419.2019
  1205.622    8.8914    4.7081    3.8542   2151.0603    3.1586    14548609978.4731
  1222.601    8.9066    4.7126    3.8597   2153.5486    3.1530    14755458072.4883
  1239.580    8.9221    4.7173    3.8652   2155.9876    3.1475    14962232233.1338
  1256.559    8.9373    4.7220    3.8707   2158.4235    3.1423    15168944708.7843
  1273.538    8.9511    4.7265    3.8754   2160.7015    3.1374    15375586934.0377
  1290.517    8.9668    4.7311    3.8813   2163.2183    3.1326    15582183441.1222
  1307.496    8.9816    4.7358    3.8867   2165.6548    3.1282    15788768754.9114
  1324.476    8.9959    4.7405    3.8916   2167.8995    3.1240    15995335848.3359
  1341.455    9.0102    4.7449    3.8970   2170.4252    3.1201    16201898208.2697
  1358.434    9.0236    4.7497    3.9015   2172.5825    3.1165    16408464542.3493
  1375.413    9.0377    4.7542    3.9067   2174.9553    3.1132    16615048641.7868
  1392.392    9.0520    4.7588    3.9116   2177.1559    3.1102    16821680939.9928
  1409.371    9.0820    4.7740    3.9192   2181.4748    3.1075    17028446418.3786
  1426.350    9.1237    4.7959    3.9300   2187.7811    3.1051    17235519480.5906
  1443.329    9.1630    4.8174    3.9397   2193.3975    3.1030    17442972567.9685
  1460.308    9.2039    4.8403    3.9497   2199.2549    3.1012    17650803353.3488
  1477.287    9.2433    4.8614    3.9603   2205.5469    3.0997    17859057392.6898
  1494.266    9.2849    4.8850    3.9711   2211.5585    3.0985    18067771655.6287
  1511.245    9.3267    4.9090    3.9822   2218.0355    3.0976    18276980411.9916
  1528.224    9.3647    4.9305    3.9928   2224.1168    3.0971    18486702821.5450
  1545.203    9.3778    4.9353    3.9971   2225.9920    3.0970    18696782432.4423
  1562.182    9.3903    4.9397    4.0016   2228.0064    3.0973    18907084398.5894
  1562.182    5.2223    0.0000    4.0094         nan    3.0973    18907084398.5894
  1579.595    5.2346    0.0000    4.0147         nan    3.0980    19123477107.8572
  1597.009    5.2470    0.0000    4.0200         nan    3.0993    19340204604.9058
  1614.423    5.2593    0.0000    4.0252         nan    3.1011    19557303137.6645
  1631.836    5.2714    0.0000    4.0304         nan    3.1034    19774808238.9041
  1649.250    5.2832    0.0000    4.0354         nan    3.1063    19992753364.0601
  1666.664    5.2950    0.0000    4.0405         nan    3.1099    20211176312.3918
  1684.077    5.3067    0.0000    4.0455         nan    3.1140    20430120770.8553
  1701.491    5.3181    0.0000    4.0504         nan    3.1189    20649627805.2918
  1718.905    5.3293    0.0000    4.0552         nan    3.1244    20869739248.0295
  1718.905    5.2675    0.0000    6.4597         nan    3.1244    20869739248.0295
  1776.511    5.3411    0.0000    6.5005         nan    3.0272    22036091214.8625
  1834.118    5.4107    0.0000    6.5392         nan    2.9288    23173069096.1190
  1891.725    5.4765    0.0000    6.5759         nan    2.8292    24279432800.2245
  1949.331    5.5388    0.0000    6.6106         nan    2.7286    25354011517.6635
  2006.938    5.5977    0.0000    6.6436         nan    2.6270    26395699613.4004
  2064.545    5.6533    0.0000    6.6748         nan    2.5245    27403453168.1277
  2122.152    5.7059    0.0000    6.7043         nan    2.4211    28376287072.3784
  2179.758    5.7555    0.0000    6.7322         nan    2.3168    29313272599.3357
  2237.365    5.8022    0.0000    6.7585         nan    2.2118    30213535414.0461
  2294.972    5.8462    0.0000    6.7833         nan    2.1061    31076253993.3198
  2352.579    5.8874    0.0000    6.8066         nan    1.9998    31900658455.1583
  2410.185    5.9261    0.0000    6.8284         nan    1.8928    32686029824.6920
  2467.792    5.9623    0.0000    6.8489         nan    1.7853    33431699800.8629
  2525.399    5.9960    0.0000    6.8680         nan    1.6773    34137051138.3251
  2583.006    6.0273    0.0000    6.8857         nan    1.5689    34801518843.7451
  2640.612    6.0562    0.0000    6.9021         nan    1.4602    35424592517.1886
  2698.219    6.0828    0.0000    6.9172         nan    1.3513    36005820392.5471
  2755.826    6.1072    0.0000    6.9310         nan    1.2423    36544816028.2083
  2813.433    6.1293    0.0000    6.9436         nan    1.1333    37041269331.2870
  2871.039    6.1492    0.0000    6.9549         nan    1.0247    37494965017.1424
  2928.646    6.1670    0.0000    6.9650         nan    0.9168    37905814514.5564
  2986.253    6.1826    0.0000    6.9739         nan    0.8104    38273913689.2426
  3043.860    6.1961    0.0000    6.9816         nan    0.7066    38599653822.2932
  3101.466    6.2074    0.0000    6.9881         nan    0.6080    38883952604.7064
  3159.073    6.2167    0.0000    6.9934         nan    0.5207    39128788180.0169
  3216.680    6.2239    0.0000    6.9975         nan    0.4625    39338625077.1769
  3274.287    6.2291    0.0000    7.0004         nan    0.5053    39525112830.7882
  3331.893    6.2322    0.0000    7.0022         nan    1.2318    39728905752.1045
  3389.500    6.2332    0.0000    7.0027         nan    0.0000    40225819190.9411
