# Depth[km]  Vp[km/s]  Vs[km/s] Rho[g/cm3]    T[K]     g[m/s2]         P[Pa]        
     0.000    3.5024    2.1064    1.6469    273.1500    3.7291              0.0000
    11.201    3.5024    2.1064    1.6469    315.5233    3.7383       68787872.9057
    11.201    4.7820    2.8760    2.2486    315.5233    3.7383       68787872.9057
    27.665    4.7820    2.8760    2.2486    377.8162    3.7438      207189678.5199
    27.665    6.3687    3.8303    2.9947    377.8162    3.7438      207189678.5199
    42.831    6.3687    3.8303    2.9947    435.1962    3.7396      377227283.6567
    42.831    7.9531    4.5341    3.4843    435.1962    3.7396      377227283.6567
    52.681    7.9478    4.5264    3.4844    472.4623    3.7328      505569314.8631
    62.531    7.9422    4.5184    3.4845    509.7285    3.7261      633683007.2537
    72.380    7.9363    4.5103    3.4845    546.9946    3.7194      761566813.2106
    82.230    7.9301    4.5020    3.4844    584.2607    3.7127      889218939.0802
    92.080    7.9230    4.4933    3.4842    621.5269    3.7060     1016635906.4352
   101.930    7.9165    4.4850    3.4840    658.7930    3.6994     1143817842.0688
   111.779    7.9099    4.4765    3.4839    696.0591    3.6928     1270766608.1399
   121.629    7.9032    4.4680    3.4837    733.3253    3.6862     1397482033.8501
   131.479    7.8958    4.4593    3.4833    770.5914    3.6797     1523961807.9709
   141.329    7.8891    4.4508    3.4831    807.8575    3.6732     1650205924.5981
   151.178    7.8817    4.4421    3.4826    845.1237    3.6667     1776214439.8811
   161.028    7.8746    4.4335    3.4822    882.3898    3.6602     1901985608.3597
   170.878    7.8674    4.4249    3.4818    919.6560    3.6538     2027520468.8927
   180.728    7.8608    4.4165    3.4814    956.9221    3.6474     2152821276.1373
   190.577    7.8534    4.4079    3.4809    994.1882    3.6411     2277887224.5929
   200.427    7.8460    4.3992    3.4804   1031.4544    3.6348     2402716282.1940
   210.277    7.8386    4.3906    3.4797   1068.7205    3.6285     2527307318.3271
   220.127    7.8311    4.3819    3.4791   1105.9866    3.6222     2651660994.7179
   229.976    7.8239    4.3734    3.4786   1143.2528    3.6160     2775780368.4794
   239.826    7.8166    4.3648    3.4780   1180.5189    3.6099     2899666878.3217
   249.676    7.8100    4.3564    3.4774   1217.7850    3.6037     3023321729.5423
   259.526    7.8025    4.3478    3.4767   1255.0512    3.5976     3146743504.3762
   269.375    7.7953    4.3392    3.4761   1292.3173    3.5916     3269933538.5338
   279.225    7.7884    4.3308    3.4755   1329.5835    3.5855     3392894792.3216
   289.075    7.7817    4.3225    3.4749   1366.8496    3.5796     3515627912.7281
   298.925    7.7739    4.3137    3.4741   1404.1157    3.5736     3638130729.8498
   308.774    7.7671    4.3054    3.4734   1441.3819    3.5677     3760404014.8944
   318.624    7.7599    4.2970    3.4727   1478.6480    3.5619     3882451319.6002
   328.474    7.7523    4.2882    3.4720   1515.9141    3.5560     4004272822.6027
   338.324    7.7453    4.2798    3.4712   1553.1803    3.5503     4125868590.4759
   348.173    7.7386    4.2716    3.4705   1590.4464    3.5445     4247241007.8353
   358.023    7.7304    4.2627    3.4696   1627.7125    3.5388     4368389290.0141
   367.873    7.7237    4.2543    3.4688   1664.9787    3.5332     4489314433.0386
   377.723    7.7169    4.2459    3.4681   1702.2448    3.5276     4610021758.0565
   387.572    7.7085    4.2369    3.4672   1739.5109    3.5220     4730508821.8328
   397.422    7.7014    4.2284    3.4664   1776.7771    3.5165     4850775614.4512
   407.272    7.6936    4.2196    3.4655   1814.0432    3.5111     4970825808.7533
   417.122    7.6867    4.2112    3.4647   1851.3094    3.5057     5090661235.0980
   426.971    7.6790    4.2024    3.4638   1888.5755    3.5003     5210281538.3325
   436.821    7.6713    4.1935    3.4630   1925.8416    3.4950     5329689225.6120
   459.980    7.6997    4.2021    3.4712   1930.2706    3.4826     5610317273.6805
   483.139    7.7271    4.2104    3.4793   1934.7221    3.4703     5890605819.8724
   506.298    7.7537    4.2184    3.4873   1939.0587    3.4580     6170550435.0703
   529.457    7.7789    4.2257    3.4951   1943.2014    3.4459     6450140940.5859
   552.616    7.8046    4.2333    3.5029   1947.4085    3.4339     6729373616.1520
   575.775    7.8292    4.2406    3.5105   1951.3808    3.4220     7008245870.5640
   598.934    7.8545    4.2482    3.5183   1955.4810    3.4102     7286758595.5130
   622.093    7.8785    4.2551    3.5257   1959.2977    3.3985     7564911224.8034
   645.252    7.9031    4.2623    3.5334   1963.4399    3.3869     7842707763.6482
   668.411    7.9262    4.2689    3.5409   1967.2635    3.3756     8120154906.2461
   691.569    7.9497    4.2757    3.5482   1970.9558    3.3643     8397247786.3091
   714.728    7.9731    4.2826    3.5556   1974.6224    3.3532     8673990295.9889
   737.887    7.9968    4.2895    3.5630   1978.4383    3.3423     8950396439.5172
   761.046    8.0197    4.2962    3.5703   1981.9975    3.3316     9226473275.0696
   784.205    8.0429    4.3030    3.5776   1985.5153    3.3210     9502225891.4209
   807.364    8.0657    4.3096    3.5849   1988.9724    3.3107     9777666245.3831
   830.523    8.0880    4.3161    3.5920   1992.4124    3.3006    10052800625.6955
   853.682    8.1112    4.3231    3.5994   1995.7591    3.2906    10327648255.5378
   876.841    8.1349    4.3304    3.6069   1999.0959    3.2809    10602234927.8588
   900.000    8.1580    4.3373    3.6143   2002.3959    3.2715    10876578164.3452
   916.704    8.1753    4.3428    3.6198   2004.7914    3.2648    11074243025.8537
   933.409    8.1920    4.3480    3.6251   2007.0556    3.2583    11271799062.1337
   950.113    8.2100    4.3540    3.6308   2009.3465    3.2519    11469258995.6696
   966.818    8.2288    4.3603    3.6368   2011.8730    3.2456    11666650229.8297
   983.522    8.2475    4.3666    3.6428   2014.1657    3.2395    11863987603.5198
  1000.227    8.2668    4.3733    3.6490   2016.5071    3.2335    12061282421.6378
  1016.931    8.2863    4.3805    3.6553   2018.8222    3.2277    12258550745.6222
  1033.636    8.3067    4.3878    3.6620   2021.1437    3.2220    12455811394.3733
  1050.340    8.3223    4.3925    3.6672   2023.3231    3.2164    12653043153.9722
  1067.045    8.3377    4.3971    3.6723   2025.4407    3.2111    12850213767.1958
  1083.749    8.3531    4.4017    3.6775   2027.5627    3.2059    13047333606.3788
  1100.453    8.4250    4.4446    3.6974   2035.1748    3.2009    13244809550.0903
  1117.158    8.5612    4.5314    3.7337   2048.6112    3.1956    13443474761.1409
  1133.862    8.7230    4.6355    3.7756   2065.7746    3.1902    13643903877.1041
  1150.567    8.8160    4.6928    3.8000   2071.5302    3.1845    13845754485.8808
  1167.271    8.8313    4.6970    3.8053   2073.9543    3.1789    14048035108.0742
  1183.976    8.8454    4.7009    3.8102   2076.2937    3.1734    14250229832.4099
  1200.680    8.8620    4.7055    3.8162   2078.6559    3.1682    14452369430.9088
  1217.385    8.8773    4.7098    3.8217   2081.0085    3.1632    14654480975.4415
  1234.089    8.8926    4.7141    3.8272   2083.3733    3.1584    14856562965.4052
  1250.794    8.9082    4.7184    3.8328   2085.7469    3.1539    15058634076.0987
  1267.498    8.9232    4.7226    3.8382   2088.0915    3.1496    15260704808.2695
  1284.202    8.9385    4.7270    3.8438   2090.4593    3.1455    15462789414.9164
  1300.907    8.9538    4.7313    3.8494   2092.8295    3.1417    15664907165.6638
  1317.611    8.9690    4.7357    3.8550   2095.2203    3.1382    15867073941.0360
  1334.316    8.9840    4.7400    3.8605   2097.5851    3.1349    16069303614.5449
  1351.020    8.9990    4.7445    3.8660   2099.9335    3.1319    16271611043.5801
  1367.725    9.0328    4.7606    3.8750   2104.8429    3.1292    16474105192.3978
  1384.429    9.0728    4.7810    3.8851   2110.3820    3.1268    16676923685.6467
  1401.134    9.1104    4.8000    3.8950   2115.8602    3.1246    16880104730.8581
  1417.838    9.1492    4.8199    3.9052   2121.5287    3.1226    17083665080.4620
  1434.543    9.1875    4.8400    3.9155   2127.3814    3.1210    17287633776.5697
  1451.247    9.2250    4.8598    3.9256   2133.2607    3.1196    17492026269.9693
  1467.951    9.2671    4.8828    3.9371   2139.2794    3.1185    17696891612.4075
  1484.656    9.3067    4.9044    3.9482   2145.6987    3.1177    17902273252.2912
  1501.360    9.3266    4.9129    3.9546   2148.5575    3.1173    18108060208.7055
  1518.065    9.3406    4.9175    3.9598   2150.7501    3.1172    18314120121.1156
  1534.769    9.3545    4.9219    3.9650   2153.0023    3.1176    18520446484.5370
  1551.474    9.3680    4.9263    3.9699   2155.1854    3.1184    18727062907.5241
  1551.474    5.2092    0.0000    4.0142         nan    3.1184    18727062907.5241
  1568.584    5.2214    0.0000    4.0194         nan    3.1191    18941388159.8562
  1585.694    5.2336    0.0000    4.0247         nan    3.1203    19156041045.8698
  1602.804    5.2459    0.0000    4.0299         nan    3.1220    19371055675.3987
  1619.915    5.2579    0.0000    4.0351         nan    3.1243    19586465869.5467
  1637.025    5.2696    0.0000    4.0401         nan    3.1271    19802302734.8882
  1654.135    5.2813    0.0000    4.0451         nan    3.1304    20018601010.4205
  1671.245    5.2929    0.0000    4.0501         nan    3.1344    20235401658.0190
  1688.356    5.3043    0.0000    4.0550         nan    3.1391    20452743940.7648
  1705.466    5.3154    0.0000    4.0598         nan    3.1443    20670666671.6030
  1705.466    5.2274    0.0000    6.4440         nan    3.1443    20670666671.6030
  1763.536    5.3040    0.0000    6.4859         nan    3.0467    21851116293.4011
  1821.606    5.3764    0.0000    6.5256         nan    2.9478    23002124910.4432
  1879.676    5.4448    0.0000    6.5632         nan    2.8478    24122393557.7738
  1937.746    5.5094    0.0000    6.5988         nan    2.7467    25210697356.8425
  1995.817    5.5705    0.0000    6.6325         nan    2.6445    26265880773.2757
  2053.887    5.6281    0.0000    6.6644         nan    2.5413    27286853620.8032
  2111.957    5.6826    0.0000    6.6946         nan    2.4373    28272587685.7686
  2170.027    5.7339    0.0000    6.7231         nan    2.3324    29222113884.6710
  2228.097    5.7823    0.0000    6.7499         nan    2.2267    30134519888.5599
  2286.167    5.8277    0.0000    6.7752         nan    2.1202    31008948169.5850
  2344.237    5.8704    0.0000    6.7990         nan    2.0131    31844594451.9700
  2402.308    5.9104    0.0000    6.8213         nan    1.9053    32640706570.6248
  2460.378    5.9477    0.0000    6.8421         nan    1.7970    33396583770.1534
  2518.448    5.9825    0.0000    6.8616         nan    1.6881    34111576519.0008
  2576.518    6.0148    0.0000    6.8797         nan    1.5788    34785086975.7077
  2634.588    6.0447    0.0000    6.8964         nan    1.4690    35416570341.3186
  2692.658    6.0721    0.0000    6.9118         nan    1.3590    36005537498.1825
  2750.728    6.0972    0.0000    6.9258         nan    1.2488    36551559626.7260
  2808.799    6.1201    0.0000    6.9386         nan    1.1385    37054276028.1025
  2866.869    6.1406    0.0000    6.9502         nan    1.0284    37513407420.0784
  2924.939    6.1589    0.0000    6.9604         nan    0.9187    37928779103.4249
  2983.009    6.1750    0.0000    6.9695         nan    0.8100    38300363054.3181
  3041.079    6.1889    0.0000    6.9773         nan    0.7031    38628359027.8373
  3099.149    6.2006    0.0000    6.9839         nan    0.5999    38913363546.7013
  3157.219    6.2102    0.0000    6.9892         nan    0.5050    39156760773.6710
  3215.290    6.2176    0.0000    6.9934         nan    0.4311    39361766363.7008
  3273.360    6.2229    0.0000    6.9964         nan    0.4305    39536867299.9204
  3331.430    6.2261    0.0000    6.9982         nan    0.9268    39711796308.0015
  3389.500    6.2272    0.0000    6.9988         nan    0.0000    40088460801.8246
