# Depth[km]  Vp[km/s]  Vs[km/s] Rho[g/cm3]    T[K]     g[m/s2]         P[Pa]        
     0.000    3.2536    1.9626    1.4829    273.1500    3.7291              0.0000
    10.339    3.2536    1.9626    1.4829    314.6485    3.7390       57171216.9902
    10.339    4.8844    2.9463    2.2261    314.6485    3.7390       57171216.9902
    28.874    4.8844    2.9463    2.2261    389.0540    3.7456      211450737.8105
    28.874    5.5029    3.3194    2.5080    389.0540    3.7456      211450737.8105
    45.964    5.5029    3.3194    2.5080    457.6584    3.7479      371996618.4594
    45.964    7.9985    4.5439    3.5192    457.6584    3.7479      371996618.4594
    56.017    7.9903    4.5337    3.5189    498.0157    3.7407      504588840.6979
    66.071    7.9818    4.5234    3.5185    538.3731    3.7336      636915265.4583
    76.124    7.9730    4.5129    3.5180    578.7304    3.7266      768974576.1056
    86.177    7.9637    4.5023    3.5174    619.0878    3.7195      900764245.2556
    96.231    7.9545    4.4917    3.5169    659.4451    3.7125     1032284234.3626
   106.284    7.9455    4.4813    3.5163    699.8025    3.7056     1163536360.9638
   116.338    7.9363    4.4710    3.5157    740.1598    3.6986     1294520586.9663
   126.391    7.9267    4.4604    3.5150    780.5171    3.6917     1425235738.5569
   136.444    7.9173    4.4501    3.5144    820.8745    3.6848     1555681626.0860
   146.498    7.9076    4.4397    3.5136    861.2318    3.6780     1685858609.8222
   156.551    7.8978    4.4292    3.5129    901.5892    3.6712     1815765839.4037
   166.604    7.8882    4.4188    3.5121    941.9465    3.6644     1945403998.7607
   176.658    7.8785    4.4087    3.5112    982.3038    3.6577     2074773289.7430
   186.711    7.8687    4.3983    3.5104   1022.6612    3.6510     2203873460.7318
   196.765    7.8590    4.3881    3.5095   1063.0185    3.6443     2332705464.9053
   206.818    7.8491    4.3779    3.5086   1103.3759    3.6377     2461269576.6992
   216.871    7.8395    4.3677    3.5077   1143.7332    3.6311     2589567919.2012
   226.925    7.8297    4.3574    3.5068   1184.0906    3.6246     2717601849.5722
   236.978    7.8205    4.3476    3.5060   1224.4479    3.6181     2845372490.8629
   247.032    7.8098    4.3370    3.5049   1264.8052    3.6116     2972878254.5329
   257.085    7.8003    4.3270    3.5039   1305.1626    3.6052     3100119344.2842
   267.138    7.7916    4.3174    3.5030   1345.5199    3.5988     3227100326.3806
   277.192    7.7818    4.3071    3.5019   1385.8773    3.5925     3353820168.6906
   287.245    7.7727    4.2974    3.5010   1426.2346    3.5862     3480280415.8732
   297.299    7.7637    4.2877    3.5000   1466.5919    3.5799     3606483612.3733
   307.352    7.7540    4.2778    3.4989   1506.9493    3.5737     3732428247.8723
   317.405    7.7445    4.2676    3.4978   1547.3066    3.5675     3858116095.9804
   327.459    7.7350    4.2577    3.4968   1587.6640    3.5614     3983549934.5565
   337.512    7.7249    4.2476    3.4956   1628.0213    3.5553     4108729190.3772
   347.565    7.7160    4.2379    3.4946   1668.3786    3.5493     4233656442.5609
   357.619    7.7060    4.2277    3.4935   1708.7360    3.5433     4358333294.5004
   367.672    7.6963    4.2176    3.4924   1749.0933    3.5374     4482759660.1693
   377.726    7.6868    4.2077    3.4913   1789.4507    3.5315     4606939090.8895
   387.779    7.6770    4.1975    3.4901   1829.8080    3.5257     4730872072.4996
   397.832    7.6665    4.1871    3.4889   1870.1654    3.5199     4854557290.1118
   407.886    7.6566    4.1769    3.4878   1910.5227    3.5141     4977997857.2310
   417.939    7.6469    4.1669    3.4866   1950.8800    3.5085     5101196490.7461
   427.993    7.6374    4.1568    3.4854   1991.2374    3.5028     5224154035.0104
   438.046    7.6271    4.1464    3.4842   2031.5947    3.4972     5346871503.5347
   448.099    7.6176    4.1363    3.4830   2071.9521    3.4917     5469350571.1440
   470.694    7.6460    4.1453    3.4913   2076.7679    3.4794     5744468366.6516
   493.289    7.6735    4.1539    3.4995   2081.5424    3.4671     6019264778.5762
   515.884    7.7009    4.1625    3.5076   2086.1983    3.4550     6293733678.7254
   538.480    7.7273    4.1710    3.5156   2090.6641    3.4429     6567867471.9286
   561.075    7.7526    4.1787    3.5235   2095.0695    3.4309     6841658455.6513
   583.670    7.7773    4.1863    3.5312   2099.3624    3.4189     7115097525.1208
   606.265    7.8026    4.1943    3.5390   2103.6999    3.4071     7388185491.8630
   628.860    7.8273    4.2020    3.5467   2107.8953    3.3955     7660928474.6989
   651.455    7.8522    4.2099    3.5544   2112.0261    3.3839     7933327108.5951
   674.050    7.8763    4.2174    3.5620   2116.0006    3.3724     8205383320.5476
   696.645    7.9002    4.2248    3.5696   2119.9869    3.3611     8477098479.0401
   719.240    7.9237    4.2322    3.5771   2123.8344    3.3500     8748474194.1516
   741.835    7.9487    4.2404    3.5849   2127.7347    3.3389     9019526719.3428
   764.430    7.9718    4.2476    3.5923   2131.4299    3.3281     9290260069.0918
   787.025    7.9955    4.2552    3.5999   2135.1253    3.3174     9560675574.0227
   809.620    8.0194    4.2628    3.6075   2138.8523    3.3068     9830794615.2140
   832.215    8.0433    4.2706    3.6152   2142.3998    3.2965    10100627927.8619
   854.810    8.0680    4.2789    3.6230   2145.8475    3.2863    10370192333.9385
   877.405    8.0927    4.2873    3.6310   2149.3593    3.2763    10639513958.0690
   900.000    8.1168    4.2954    3.6388   2152.9130    3.2666    10908601134.2483
   917.347    8.1386    4.3034    3.6457   2155.4942    3.2592    11114990563.7161
   934.694    8.1590    4.3108    3.6522   2158.1299    3.2520    11321296046.5523
   952.042    8.1802    4.3186    3.6591   2160.7093    3.2449    11527523086.4038
   969.389    8.2013    4.3264    3.6660   2163.3078    3.2379    11733686149.7794
   986.736    8.2250    4.3357    3.6736   2165.8950    3.2310    11939811414.2130
  1004.083    8.2482    4.3449    3.6813   2168.5701    3.2243    12145928412.1693
  1021.430    8.2671    4.3512    3.6880   2171.3237    3.2177    12352019353.2333
  1038.778    8.2861    4.3576    3.6947   2174.1379    3.2113    12558064959.6801
  1056.125    8.3050    4.3641    3.7015   2176.9323    3.2050    12764074131.0785
  1073.472    8.3240    4.3707    3.7083   2179.7220    3.1989    12970056412.4107
  1090.819    8.3405    4.3762    3.7143   2182.0167    3.1929    13175999341.0557
  1108.166    8.3642    4.3863    3.7232   2183.4843    3.1871    13381973355.0583
  1125.514    8.3885    4.3971    3.7324   2184.5852    3.1815    13588075421.7673
  1142.861    8.4130    4.4076    3.7417   2185.9549    3.1760    13794322693.2837
  1160.208    8.5671    4.5050    3.7831   2200.6741    3.1705    14001613868.3287
  1177.555    8.7697    4.6346    3.8355   2218.2235    3.1646    14211124987.8645
  1194.902    8.8605    4.6897    3.8596   2227.4560    3.1584    14422343609.9574
  1212.250    8.8763    4.6946    3.8654   2229.9154    3.1523    14633965162.0757
  1229.597    8.8908    4.6988    3.8709   2232.0917    3.1464    14845483892.1207
  1246.944    8.9053    4.7030    3.8764   2234.1523    3.1407    15056908220.6543
  1264.291    8.9196    4.7072    3.8819   2236.1706    3.1353    15268251818.6944
  1281.638    8.9332    4.7109    3.8874   2237.9185    3.1301    15479528964.6659
  1298.986    8.9475    4.7152    3.8930   2239.9101    3.1252    15690760709.9019
  1316.333    8.9612    4.7190    3.8987   2241.5614    3.1206    15901968568.3844
  1333.680    8.9743    4.7224    3.9044   2243.1886    3.1162    16113170189.4171
  1351.027    8.9881    4.7266    3.9099   2244.5569    3.1121    16324379430.3773
  1368.374    9.0013    4.7304    3.9156   2245.8250    3.1084    16535615155.1569
  1385.722    9.0138    4.7334    3.9213   2247.3599    3.1049    16746902137.5742
  1403.069    9.0268    4.7371    3.9269   2248.6938    3.1018    16958260697.6769
  1420.416    9.0395    4.7405    3.9329   2249.8479    3.0990    17169718879.4548
  1437.763    9.0510    4.7435    3.9380   2250.4563    3.0966    17381283271.7493
  1455.110    9.0637    4.7466    3.9445   2251.7458    3.0945    17592993850.7409
  1472.458    9.0860    4.7561    3.9526   2253.5642    3.0928    17804955856.2206
  1489.805    9.1267    4.7777    3.9646   2257.7378    3.0914    18017339242.4159
  1507.152    9.1664    4.7989    3.9764   2262.5301    3.0903    18230266490.9750
  1524.499    9.2080    4.8216    3.9895   2267.0376    3.0896    18443788011.4024
  1541.846    9.2487    4.8438    4.0029   2271.6050    3.0892    18657966922.5984
  1559.194    9.2652    4.8510    4.0085   2273.5587    3.0892    18872627168.1411
  1576.541    9.2787    4.8560    4.0133   2275.7028    3.0897    19087568427.4824
  1576.541    5.1800    0.0000    4.0742         nan    3.0897    19087568427.4824
  1594.330    5.1928    0.0000    4.0798         nan    3.0898    19311649666.3646
  1612.119    5.2056    0.0000    4.0854         nan    3.0904    19536046503.7560
  1629.908    5.2183    0.0000    4.0910         nan    3.0916    19760797543.8977
  1647.697    5.2308    0.0000    4.0965         nan    3.0934    19985939940.1674
  1665.486    5.2430    0.0000    4.1018         nan    3.0958    20211509355.6414
  1683.276    5.2552    0.0000    4.1072         nan    3.0988    20437546932.9997
  1701.065    5.2673    0.0000    4.1125         nan    3.1024    20664099539.8056
  1718.854    5.2790    0.0000    4.1177         nan    3.1068    20891209876.7872
  1736.643    5.2906    0.0000    4.1228         nan    3.1119    21118922954.3601
  1736.643    5.1546    0.0000    6.4967         nan    3.1119    21118922954.3601
  1793.638    5.2207    0.0000    6.5389         nan    3.0153    22274938265.5085
  1850.633    5.2833    0.0000    6.5791         nan    2.9175    23402162542.3008
  1907.628    5.3426    0.0000    6.6173         nan    2.8186    24499343067.3919
  1964.623    5.3988    0.0000    6.6536         nan    2.7185    25565291334.4054
  2021.618    5.4521    0.0000    6.6881         nan    2.6174    26598879734.5491
  2078.613    5.5025    0.0000    6.7207         nan    2.5153    27599038708.3056
  2135.608    5.5502    0.0000    6.7517         nan    2.4123    28564754285.2359
  2192.604    5.5952    0.0000    6.7810         nan    2.3084    29495065954.5334
  2249.599    5.6377    0.0000    6.8087         nan    2.2037    30389064820.0621
  2306.594    5.6777    0.0000    6.8348         nan    2.0983    31245892002.0616
  2363.589    5.7153    0.0000    6.8594         nan    1.9920    32064737255.5329
  2420.584    5.7506    0.0000    6.8825         nan    1.8851    32844837793.1438
  2477.579    5.7836    0.0000    6.9041         nan    1.7776    33585477295.7179
  2534.574    5.8144    0.0000    6.9243         nan    1.6695    34285985108.1422
  2591.569    5.8430    0.0000    6.9431         nan    1.5608    34945735639.6273
  2648.564    5.8694    0.0000    6.9605         nan    1.4516    35564147995.7772
  2705.559    5.8938    0.0000    6.9765         nan    1.3420    36140685903.8492
  2762.554    5.9161    0.0000    6.9912         nan    1.2320    36674858046.8018
  2819.549    5.9363    0.0000    7.0045         nan    1.1216    37166219016.0647
  2876.544    5.9546    0.0000    7.0165         nan    1.0110    37614371276.6488
  2933.539    5.9709    0.0000    7.0273         nan    0.9001    38018968913.5637
  2990.535    5.9852    0.0000    7.0367         nan    0.7892    38379724749.3951
  3047.530    5.9975    0.0000    7.0449         nan    0.6784    38696424363.6324
  3104.525    6.0080    0.0000    7.0518         nan    0.5681    38968955610.6314
  3161.520    6.0165    0.0000    7.0574         nan    0.4591    39197377211.2872
  3218.515    6.0231    0.0000    7.0618         nan    0.3537    39382102269.1850
  3275.510    6.0278    0.0000    7.0649         nan    0.2613    39524503396.4615
  3332.505    6.0307    0.0000    7.0668         nan    0.2570    39629723364.7261
  3389.500    6.0316    0.0000    7.0674         nan    0.0000    39733231447.2730
