# Depth[km]  Vp[km/s]  Vs[km/s] Rho[g/cm3]    T[K]     g[m/s2]         P[Pa]        
     0.000    3.6216    2.1707    1.6676    273.1500    3.7291              0.0000
    11.500    3.6216    2.1707    1.6676    315.3768    3.7384       71514994.4290
    11.500    4.8347    2.8977    2.2261    315.3768    3.7384       71514994.4290
    29.176    4.8347    2.8977    2.2261    380.2843    3.7446      218614981.0590
    29.176    6.4492    3.8654    2.9695    380.2843    3.7446      218614981.0590
    43.224    6.4492    3.8654    2.9695    431.8696    3.7410      374825090.3283
    43.224    7.9551    4.5352    3.4847    431.8696    3.7410      374825090.3283
    53.356    7.9503    4.5277    3.4850    469.0749    3.7341      506913121.7656
    63.488    7.9450    4.5199    3.4851    506.2802    3.7271      638763983.7823
    73.620    7.9395    4.5119    3.4853    543.4854    3.7202      770376117.3003
    83.752    7.9337    4.5037    3.4853    580.6907    3.7134      901747744.4308
    93.884    7.9277    4.4955    3.4853    617.8960    3.7065     1032877706.6298
   104.016    7.9210    4.4869    3.4851    655.1013    3.6997     1163763451.8946
   114.148    7.9147    4.4786    3.4851    692.3065    3.6929     1294404437.2337
   124.280    7.9085    4.4703    3.4850    729.5118    3.6862     1424803424.1405
   134.412    7.9021    4.4619    3.4849    766.7171    3.6795     1554960087.6479
   144.544    7.8952    4.4534    3.4846    803.9224    3.6728     1684871693.3770
   154.676    7.8887    4.4450    3.4844    841.1276    3.6661     1814538530.7084
   164.808    7.8814    4.4362    3.4840    878.3329    3.6595     1943959169.5322
   174.940    7.8752    4.4281    3.4838    915.5382    3.6529     2073134587.9266
   185.072    7.8684    4.4196    3.4835    952.7435    3.6463     2202066946.2948
   195.204    7.8614    4.4110    3.4830    989.9487    3.6398     2330753588.6508
   205.336    7.8552    4.4029    3.4827   1027.1540    3.6333     2459196397.9513
   215.468    7.8484    4.3945    3.4823   1064.3593    3.6269     2587396467.9281
   225.600    7.8409    4.3857    3.4817   1101.5646    3.6204     2715350387.2207
   235.732    7.8339    4.3772    3.4813   1138.7699    3.6141     2843058816.3108
   245.864    7.8272    4.3688    3.4808   1175.9751    3.6077     2970525432.7200
   255.996    7.8208    4.3606    3.4803   1213.1804    3.6014     3097751507.1920
   266.128    7.8137    4.3520    3.4798   1250.3857    3.5951     3224736436.3206
   276.260    7.8069    4.3437    3.4793   1287.5910    3.5889     3351480715.1484
   286.392    7.8003    4.3354    3.4788   1324.7962    3.5827     3477987175.8897
   296.524    7.7940    4.3272    3.4782   1362.0015    3.5766     3604256873.6530
   306.656    7.7873    4.3188    3.4777   1399.2068    3.5705     3730289923.1446
   316.788    7.7802    4.3103    3.4770   1436.4121    3.5644     3856085340.9126
   326.920    7.7738    4.3023    3.4764   1473.6173    3.5584     3981645092.3932
   337.052    7.7672    4.2940    3.4759   1510.8226    3.5524     4106972990.6230
   347.184    7.7609    4.2859    3.4753   1548.0279    3.5465     4232070067.2267
   357.316    7.7529    4.2769    3.4745   1585.2332    3.5406     4356933297.6478
   367.448    7.7466    4.2688    3.4739   1622.4384    3.5348     4481564319.1579
   377.580    7.7398    4.2604    3.4733   1659.6437    3.5290     4605968601.1082
   387.711    7.7330    4.2521    3.4725   1696.8490    3.5232     4730144127.7931
   397.843    7.7262    4.2436    3.4719   1734.0543    3.5175     4854092519.8818
   407.975    7.7184    4.2349    3.4711   1771.2596    3.5119     4977814055.1010
   418.107    7.7121    4.2267    3.4704   1808.4648    3.5063     5101310417.7877
   428.239    7.7040    4.2177    3.4696   1845.6701    3.5007     5224584093.8770
   438.371    7.6976    4.2094    3.4689   1882.8754    3.4952     5347636088.8847
   448.503    7.6904    4.2008    3.4682   1920.0807    3.4897     5470469008.8787
   471.078    7.7172    4.2088    3.4761   1924.5009    3.4777     5744005991.2603
   493.653    7.7435    4.2168    3.4839   1928.5823    3.4657     6017215769.6533
   516.228    7.7691    4.2243    3.4917   1932.7977    3.4538     6290093731.1196
   538.803    7.7942    4.2318    3.4994   1936.9139    3.4420     6562638764.2615
   561.377    7.8182    4.2388    3.5068   1940.8224    3.4304     6834841402.3672
   583.952    7.8430    4.2462    3.5144   1944.8207    3.4188     7106700348.1020
   606.527    7.8665    4.2530    3.5217   1948.5810    3.4073     7378215367.4523
   629.102    7.8898    4.2598    3.5290   1952.4493    3.3960     7649384292.3236
   651.677    7.9139    4.2670    3.5365   1956.3322    3.3848     7920218356.1800
   674.252    7.9368    4.2736    3.5437   1959.9935    3.3737     8190719425.5085
   696.826    7.9593    4.2800    3.5509   1963.6069    3.3628     8460883969.2956
   719.401    7.9820    4.2867    3.5580   1967.1344    3.3520     8730715795.6656
   741.976    8.0054    4.2936    3.5653   1970.7986    3.3414     9000228616.5461
   764.551    8.0272    4.2998    3.5723   1974.2247    3.3310     9269428413.9799
   787.126    8.0498    4.3064    3.5795   1977.6675    3.3207     9538321135.6686
   809.701    8.0722    4.3131    3.5865   1981.0172    3.3107     9806920383.6184
   832.275    8.0945    4.3197    3.5936   1984.2887    3.3008    10075234420.3303
   854.850    8.1170    4.3264    3.6008   1987.5828    3.2911    10343279293.6630
   877.425    8.1394    4.3331    3.6079   1990.7851    3.2817    10611071596.3520
   900.000    8.1622    4.3402    3.6152   1993.9763    3.2725    10878629204.6383
   916.725    8.1795    4.3456    3.6207   1996.3267    3.2658    11076640164.7105
   933.449    8.1959    4.3506    3.6259   1998.6362    3.2592    11274540255.4583
   950.174    8.2139    4.3565    3.6317   2000.9836    3.2528    11472343799.4190
   966.898    8.2338    4.3635    3.6380   2003.3996    3.2466    11670085717.7768
   983.623    8.2517    4.3695    3.6437   2005.7197    3.2404    11867773412.8664
  1000.347    8.2705    4.3760    3.6498   2008.0529    3.2345    12065408081.6183
  1017.072    8.2903    4.3830    3.6562   2010.3142    3.2286    12263016054.0977
  1033.796    8.3108    4.3905    3.6628   2012.6166    3.2229    12460619904.3719
  1050.521    8.3260    4.3950    3.6680   2014.8178    3.2174    12658192977.1240
  1067.245    8.3416    4.3996    3.6732   2016.9249    3.2120    12855705765.2918
  1083.970    8.3572    4.4043    3.6784   2019.0050    3.2069    13053169101.5463
  1100.694    8.4494    4.4613    3.7036   2028.4073    3.2018    13251130240.2509
  1117.419    8.5885    4.5500    3.7405   2041.6521    3.1965    13450438963.8937
  1134.143    8.7512    4.6547    3.7826   2059.5806    3.1909    13651529215.0606
  1150.868    8.8202    4.6957    3.8010   2062.9319    3.1852    13853881888.3161
  1167.592    8.8354    4.6998    3.8063   2065.2967    3.1795    14056504133.9597
  1184.317    8.8497    4.7038    3.8113   2067.6443    3.1741    14259042744.2628
  1201.041    8.8661    4.7084    3.8172   2069.9649    3.1689    14461524556.0803
  1217.766    8.8816    4.7127    3.8227   2072.2837    3.1639    14663976480.7905
  1234.491    8.8970    4.7169    3.8283   2074.6710    3.1591    14866403423.1305
  1251.215    8.9122    4.7212    3.8338   2077.0243    3.1546    15068817508.7891
  1267.940    8.9276    4.7256    3.8394   2079.3556    3.1503    15271231505.8927
  1284.664    8.9430    4.7299    3.8450   2081.7152    3.1462    15473664172.8150
  1301.389    8.9581    4.7342    3.8505   2084.0865    3.1424    15676128547.2668
  1318.113    8.9733    4.7386    3.8561   2086.4676    3.1389    15878640146.1943
  1334.838    8.9883    4.7428    3.8616   2088.8206    3.1356    16081215528.6314
  1351.562    9.0059    4.7489    3.8676   2091.4756    3.1326    16283881850.7692
  1368.287    9.0446    4.7682    3.8774   2096.9801    3.1299    16486769789.7780
  1385.011    9.0828    4.7875    3.8873   2102.5737    3.1274    16689997730.3243
  1401.736    9.1223    4.8077    3.8976   2108.0608    3.1252    16893591591.9724
  1418.460    9.1610    4.8278    3.9077   2113.7408    3.1233    17097573714.7295
  1435.185    9.1996    4.8480    3.9182   2119.5413    3.1216    17301967310.8803
  1451.909    9.2395    4.8694    3.9290   2125.4279    3.1202    17506808144.5269
  1468.634    9.2788    4.8906    3.9398   2131.5484    3.1191    17712121917.5312
  1485.358    9.3171    4.9115    3.9506   2137.2884    3.1183    17917926233.4103
  1502.083    9.3313    4.9160    3.9559   2139.5500    3.1179    18124097911.8201
  1518.808    9.3450    4.9203    3.9609   2141.7401    3.1179    18330509440.6887
  1535.532    9.3586    4.9247    3.9660   2143.9146    3.1183    18537181556.7322
  1552.257    9.3722    4.9291    3.9710   2146.0842    3.1191    18744142762.4298
  1552.257    4.9316    0.0000    4.0107         nan    3.1191    18744142762.4298
  1567.663    4.9433    0.0000    4.0160         nan    3.1198    18937008421.2774
  1583.070    4.9550    0.0000    4.0213         nan    3.1209    19130169379.1605
  1598.477    4.9667    0.0000    4.0266         nan    3.1223    19323650104.8135
  1613.884    4.9784    0.0000    4.0318         nan    3.1242    19517476078.6315
  1629.291    4.9896    0.0000    4.0369         nan    3.1266    19711668734.0680
  1644.698    5.0007    0.0000    4.0419         nan    3.1294    19906250038.3906
  1660.104    5.0118    0.0000    4.0470         nan    3.1327    20101248304.9859
  1675.511    5.0229    0.0000    4.0520         nan    3.1364    20296693706.2174
  1690.918    5.0337    0.0000    4.0568         nan    3.1407    20492613341.3468
  1690.918    5.2990    0.0000    6.3813         nan    3.1407    20492613341.3468
  1749.490    5.3572    0.0000    6.4221         nan    3.0432    21670259153.0739
  1808.062    5.4126    0.0000    6.4611         nan    2.9445    22818452685.3112
  1866.634    5.4652    0.0000    6.4982         nan    2.8446    23935961837.9729
  1925.205    5.5152    0.0000    6.5336         nan    2.7437    25021611752.4925
  1983.777    5.5627    0.0000    6.5672         nan    2.6417    26074282662.6927
  2042.349    5.6076    0.0000    6.5992         nan    2.5388    27092908045.3426
  2100.921    5.6502    0.0000    6.6296         nan    2.4349    28076473026.6895
  2159.492    5.6905    0.0000    6.6584         nan    2.3301    29024013015.9858
  2218.064    5.7286    0.0000    6.6857         nan    2.2245    29934612539.4513
  2276.636    5.7645    0.0000    6.7115         nan    2.1181    30807404258.9803
  2335.208    5.7983    0.0000    6.7358         nan    2.0110    31641568167.2831
  2393.780    5.8300    0.0000    6.7587         nan    1.9033    32436330958.1046
  2452.351    5.8597    0.0000    6.7801         nan    1.7948    33190965584.1479
  2510.923    5.8874    0.0000    6.8002         nan    1.6858    33904791028.6730
  2569.495    5.9132    0.0000    6.8188         nan    1.5763    34577172341.2832
  2628.067    5.9371    0.0000    6.8362         nan    1.4662    35207521025.1103
  2686.639    5.9591    0.0000    6.8521         nan    1.3558    35795295925.9266
  2745.210    5.9792    0.0000    6.8667         nan    1.2450    36340004883.9570
  2803.782    5.9975    0.0000    6.8801         nan    1.1338    36841207612.6386
  2862.354    6.0140    0.0000    6.8921         nan    1.0225    37298520663.3117
  2920.926    6.0287    0.0000    6.9028         nan    0.9112    37711626141.8785
  2979.497    6.0417    0.0000    6.9122         nan    0.8000    38080287609.6455
  3038.069    6.0529    0.0000    6.9204         nan    0.6894    38404380782.5188
  3096.641    6.0623    0.0000    6.9273         nan    0.5800    38683957558.1504
  3155.213    6.0701    0.0000    6.9329         nan    0.4736    38919394173.5751
  3213.785    6.0760    0.0000    6.9373         nan    0.3751    39111786936.0382
  3272.356    6.0803    0.0000    6.9405         nan    0.3044    39264256358.4487
  3330.928    6.0829    0.0000    6.9423         nan    0.4218    39388003580.6688
  3389.500    6.0837    0.0000    6.9429         nan    0.0000    39559532559.5946
