# Depth[km]  Vp[km/s]  Vs[km/s] Rho[g/cm3]    T[K]     g[m/s2]         P[Pa]        
     0.000    3.7615    2.2795    1.7222    273.1500    3.7291              0.0000
    12.360    3.7615    2.2795    1.7222    323.4340    3.7385       79378035.2818
    12.360    4.7126    2.8558    2.1576    323.4340    3.7385       79378035.2818
    30.298    4.7126    2.8558    2.1576    396.4161    3.7459      224070604.3828
    30.298    5.5678    3.3741    2.5492    396.4161    3.7459      224070604.3828
    46.461    5.5678    3.3741    2.5492    462.1790    3.7475      378416061.7086
    46.461    7.9967    4.5425    3.5189    462.1790    3.7475      378416061.7086
    56.003    7.9886    4.5326    3.5185    501.0002    3.7407      504235182.0883
    65.544    7.9803    4.5227    3.5181    539.8214    3.7340      629812820.8434
    75.086    7.9717    4.5126    3.5176    578.6427    3.7273      755147796.4756
    84.628    7.9624    4.5021    3.5170    617.4639    3.7206      880237966.1256
    94.169    7.9536    4.4920    3.5164    656.2851    3.7140     1005083568.7496
   103.711    7.9447    4.4820    3.5158    695.1063    3.7074     1129686126.8048
   113.252    7.9357    4.4719    3.5153    733.9276    3.7008     1254045735.8076
   122.794    7.9263    4.4617    3.5145    772.7488    3.6942     1378161130.2312
   132.336    7.9171    4.4516    3.5139    811.5700    3.6877     1502031853.9750
   141.877    7.9076    4.4415    3.5131    850.3912    3.6812     1625658222.4323
   151.419    7.8979    4.4314    3.5123    889.2125    3.6747     1749038916.9597
   160.960    7.8886    4.4215    3.5115    928.0337    3.6683     1872174945.0920
   170.502    7.8790    4.4115    3.5106    966.8549    3.6619     1995066702.1767
   180.044    7.8699    4.4017    3.5099   1005.6761    3.6555     2117715915.0639
   189.585    7.8603    4.3918    3.5090   1044.4973    3.6492     2240122424.7264
   199.127    7.8509    4.3820    3.5081   1083.3186    3.6429     2362285697.9913
   208.668    7.8406    4.3718    3.5071   1122.1398    3.6366     2484205075.5196
   218.210    7.8310    4.3619    3.5062   1160.9610    3.6304     2605881084.0942
   227.752    7.8221    4.3523    3.5053   1199.7822    3.6242     2727317734.5377
   237.293    7.8124    4.3425    3.5043   1238.6035    3.6180     2848515248.8923
   246.835    7.8029    4.3327    3.5034   1277.4247    3.6119     2969474192.4001
   256.376    7.7933    4.3228    3.5024   1316.2459    3.6058     3090194698.5924
   265.918    7.7847    4.3135    3.5014   1355.0671    3.5998     3210677606.1375
   275.460    7.7747    4.3034    3.5002   1393.8884    3.5938     3330922104.8755
   285.001    7.7662    4.2943    3.4993   1432.7096    3.5878     3450929872.3869
   294.543    7.7571    4.2847    3.4983   1471.5308    3.5819     3570704700.0952
   304.085    7.7474    4.2749    3.4972   1510.3520    3.5760     3690245528.3630
   313.626    7.7376    4.2649    3.4960   1549.1733    3.5701     3809551210.3444
   323.168    7.7287    4.2556    3.4950   1587.9945    3.5643     3928625102.6379
   332.709    7.7190    4.2458    3.4939   1626.8157    3.5585     4047468750.6154
   342.251    7.7099    4.2363    3.4928   1665.6369    3.5528     4166082785.8594
   351.793    7.7004    4.2265    3.4917   1704.4582    3.5471     4284469244.6813
   361.334    7.6906    4.2167    3.4906   1743.2794    3.5415     4402628250.7749
   370.876    7.6808    4.2068    3.4894   1782.1006    3.5359     4520559857.3458
   380.417    7.6711    4.1970    3.4882   1820.9218    3.5304     4638264428.9901
   389.959    7.6619    4.1873    3.4871   1859.7431    3.5249     4755746315.2474
   399.501    7.6526    4.1777    3.4859   1898.5643    3.5194     4873007635.9635
   409.042    7.6422    4.1675    3.4847   1937.3855    3.5140     4990047639.2243
   418.584    7.6329    4.1579    3.4835   1976.2067    3.5086     5106867374.0039
   428.125    7.6226    4.1477    3.4823   2015.0280    3.5033     5223468105.7983
   451.719    7.6528    4.1572    3.4910   2019.9396    3.4902     5511660661.4797
   475.313    7.6820    4.1664    3.4996   2024.7602    3.4773     5799490902.8071
   498.907    7.7104    4.1754    3.5081   2029.5304    3.4644     6086951409.4546
   522.500    7.7379    4.1840    3.5163   2034.0531    3.4515     6374029636.1114
   546.094    7.7644    4.1922    3.5245   2038.5450    3.4388     6660714593.8458
   569.688    7.7910    4.2006    3.5326   2042.9211    3.4262     6947004037.3743
   593.282    7.8169    4.2086    3.5407   2047.2539    3.4137     7232897331.9149
   616.875    7.8426    4.2166    3.5488   2051.5275    3.4013     7518395581.7138
   640.469    7.8679    4.2246    3.5566   2055.6105    3.3890     7803494869.3406
   664.063    7.8932    4.2325    3.5646   2059.7470    3.3769     8088197185.6976
   687.656    7.9178    4.2401    3.5724   2063.7018    3.3649     8372508626.4149
   711.250    7.9428    4.2480    3.5804   2067.6792    3.3530     8656436128.9528
   734.844    7.9673    4.2557    3.5881   2071.5052    3.3413     8939984929.9591
   758.438    7.9925    4.2639    3.5960   2075.3587    3.3298     9223163053.3340
   782.031    8.0170    4.2717    3.6039   2079.0596    3.3184     9505982327.4024
   805.625    8.0416    4.2795    3.6118   2082.6818    3.3073     9788454552.1035
   829.219    8.0668    4.2878    3.6198   2086.2930    3.2963    10070599450.9323
   852.813    8.0923    4.2964    3.6279   2089.9289    3.2855    10352435711.2269
   876.406    8.1182    4.3052    3.6363   2093.4121    3.2749    10633988445.8055
   900.000    8.1447    4.3145    3.6448   2096.8748    3.2646    10915286082.2326
   917.262    8.1643    4.3214    3.6511   2099.3609    3.2571    11120861626.2812
   934.524    8.1847    4.3288    3.6577   2101.8846    3.2498    11326332125.8455
   951.786    8.2057    4.3366    3.6646   2104.3418    3.2426    11531718193.3611
   969.048    8.2276    4.3449    3.6716   2106.8377    3.2356    11737039227.6589
   986.311    8.2492    4.3531    3.6787   2109.3343    3.2286    11942307612.8806
  1003.573    8.2751    4.3639    3.6871   2111.8584    3.2218    12147566521.1532
  1020.835    8.2939    4.3703    3.6938   2114.5947    3.2151    12352810621.7684
  1038.097    8.3112    4.3758    3.7000   2117.0968    3.2086    12557985505.9150
  1055.359    8.3320    4.3834    3.7075   2120.0295    3.2022    12763121998.1687
  1072.621    8.3488    4.3889    3.7134   2122.4957    3.1960    12968222768.4858
  1089.883    8.3646    4.3938    3.7191   2124.9436    3.1899    13173245159.1381
  1107.145    8.3822    4.4002    3.7255   2126.9163    3.1840    13378210859.2284
  1124.407    8.4121    4.4146    3.7360   2128.6891    3.1783    13583265501.4803
  1141.670    8.5478    4.4995    3.7730   2143.8004    3.1726    13789256967.2898
  1158.932    8.7202    4.6090    3.8184   2162.1706    3.1665    13997131100.3818
  1176.194    8.8811    4.7111    3.8593   2173.0288    3.1600    14206965040.5296
  1193.456    8.8957    4.7155    3.8647   2175.0955    3.1536    14417633634.2938
  1210.718    8.9101    4.7197    3.8701   2177.1671    3.1473    14628163029.9614
  1227.980    8.9243    4.7238    3.8754   2179.2640    3.1412    14838564963.4540
  1245.242    8.9386    4.7281    3.8809   2181.2702    3.1354    15048855007.4642
  1262.504    8.9522    4.7321    3.8861   2183.2097    3.1298    15259046451.7400
  1279.766    8.9658    4.7359    3.8915   2184.9482    3.1245    15469151469.5556
  1297.028    8.9792    4.7400    3.8966   2186.8551    3.1194    15679180928.5708
  1314.291    8.9927    4.7437    3.9023   2188.4264    3.1146    15889158797.9247
  1331.553    9.0057    4.7473    3.9076   2190.0841    3.1101    16099107444.8086
  1348.815    9.0186    4.7510    3.9129   2191.6521    3.1058    16309033806.1029
  1366.077    9.0323    4.7553    3.9184   2193.0624    3.1019    16518962473.8879
  1383.339    9.0444    4.7584    3.9238   2194.2607    3.0982    16728915060.5949
  1400.601    9.0566    4.7618    3.9290   2195.5339    3.0949    16938904898.1961
  1417.863    9.0693    4.7652    3.9348   2196.9083    3.0919    17148964701.9851
  1435.125    9.0809    4.7680    3.9404   2198.1490    3.0892    17359124841.7587
  1452.387    9.1156    4.7857    3.9506   2201.9286    3.0869    17569523649.9408
  1469.650    9.1560    4.8073    3.9619   2206.8077    3.0849    17780337369.2187
  1486.912    9.1967    4.8294    3.9737   2211.2556    3.0831    17991627137.7527
  1504.174    9.2386    4.8524    3.9863   2215.7626    3.0817    18203447268.1878
  1521.436    9.2804    4.8759    3.9991   2220.8313    3.0806    18415845158.0112
  1538.698    9.3093    4.8910    4.0084   2223.8623    3.0798    18628751713.9861
  1555.960    9.3227    4.8960    4.0132   2226.2275    3.0794    18841980070.2026
  1573.222    9.3355    4.9007    4.0179   2228.3329    3.0796    19055437973.8954
  1573.222    4.8485    0.0000    4.0267         nan    3.0796    19055437973.8954
  1592.885    4.8635    0.0000    4.0336         nan    3.0801    19299473192.1394
  1612.548    4.8784    0.0000    4.0406         nan    3.0814    19543974864.0393
  1632.210    4.8934    0.0000    4.0475         nan    3.0833    19788994297.5343
  1651.873    4.9077    0.0000    4.0542         nan    3.0859    20034577808.2994
  1671.536    4.9220    0.0000    4.0608         nan    3.0892    20280773030.2009
  1691.198    4.9362    0.0000    4.0674         nan    3.0934    20527638662.6360
  1710.861    4.9500    0.0000    4.0739         nan    3.0984    20775232669.9593
  1730.523    4.9636    0.0000    4.0802         nan    3.1042    21023613165.8665
  1750.186    4.9771    0.0000    4.0865         nan    3.1110    21272847954.1821
  1750.186    5.1227    0.0000    6.5547         nan    3.1110    21272847954.1821
  1806.714    5.2041    0.0000    6.5974         nan    3.0141    22429295197.0717
  1863.242    5.2808    0.0000    6.6378         nan    2.9160    23556810786.6796
  1919.770    5.3532    0.0000    6.6760         nan    2.8167    24654096868.7146
  1976.298    5.4214    0.0000    6.7120         nan    2.7163    25719932761.2106
  2032.826    5.4857    0.0000    6.7461         nan    2.6149    26753169044.7931
  2089.355    5.5464    0.0000    6.7784         nan    2.5124    27752722533.6943
  2145.883    5.6036    0.0000    6.8088         nan    2.4091    28717571940.1222
  2202.411    5.6575    0.0000    6.8375         nan    2.3048    29646754092.3467
  2258.939    5.7082    0.0000    6.8645         nan    2.1998    30539360584.5639
  2315.467    5.7558    0.0000    6.8899         nan    2.0939    31394534748.5948
  2371.995    5.8004    0.0000    6.9138         nan    1.9873    32211468853.0370
  2428.523    5.8422    0.0000    6.9362         nan    1.8799    32989401430.6297
  2485.051    5.8812    0.0000    6.9571         nan    1.7719    33727614618.3440
  2541.579    5.9175    0.0000    6.9765         nan    1.6632    34425431371.4553
  2598.107    5.9512    0.0000    6.9946         nan    1.5539    35082212358.2176
  2654.635    5.9823    0.0000    7.0113         nan    1.4440    35697352248.7749
  2711.163    6.0109    0.0000    7.0267         nan    1.3334    36270274952.1300
  2767.691    6.0370    0.0000    7.0408         nan    1.2221    36800427059.7367
  2824.219    6.0608    0.0000    7.0536         nan    1.1101    37287268209.3708
  2880.747    6.0821    0.0000    7.0651         nan    0.9973    37730256018.7764
  2937.275    6.1012    0.0000    7.0753         nan    0.8833    38128821055.1196
  2993.804    6.1179    0.0000    7.0843         nan    0.7678    38482322525.8904
  3050.332    6.1323    0.0000    7.0921         nan    0.6499    38789964053.9581
  3106.860    6.1445    0.0000    7.0987         nan    0.5276    39050619337.8119
  3163.388    6.1545    0.0000    7.1040         nan    0.3966    39262430089.0772
  3219.916    6.1622    0.0000    7.1082         nan    0.2433    39421733560.4816
  3276.444    6.1677    0.0000    7.1112         nan    0.0138    39519529820.6182
  3332.972    6.1710    0.0000    7.1130         nan   -0.7316    39525077758.8073
  3389.500    6.1721    0.0000    7.1136         nan    0.0000    39230910519.3579
