# Depth[km]  Vp[km/s]  Vs[km/s] Rho[g/cm3]    T[K]     g[m/s2]         P[Pa]        
     0.000    3.6086    2.1781    1.6395    273.1500    3.7291              0.0000
    11.278    3.6086    2.1781    1.6395    317.5604    3.7385       68955341.6462
    11.278    4.3485    2.6247    1.9757    317.5604    3.7385       68955341.6462
    28.378    4.3485    2.6247    1.9757    384.8993    3.7481      195255563.2649
    28.378    5.8531    3.5328    2.6593    384.8993    3.7481      195255563.2649
    50.076    5.8531    3.5328    2.6593    470.3483    3.7483      411531049.2942
    50.076    7.9972    4.5411    3.5195    470.3483    3.7483      411531049.2942
    59.844    7.9895    4.5314    3.5192    508.8114    3.7414      540374093.4676
    69.611    7.9817    4.5217    3.5189    547.2746    3.7345      668969332.9674
    79.378    7.9734    4.5117    3.5185    585.7377    3.7277      797315469.5692
    89.145    7.9647    4.5016    3.5180    624.2009    3.7209      925410311.0754
    98.912    7.9564    4.4917    3.5176    662.6641    3.7141     1053254414.5978
   108.679    7.9478    4.4818    3.5171    701.1272    3.7073     1180849217.5310
   118.446    7.9394    4.4721    3.5166    739.5904    3.7006     1308194860.2264
   128.213    7.9304    4.4620    3.5160    778.0536    3.6939     1435289982.9875
   137.981    7.9216    4.4522    3.5154    816.5167    3.6873     1562133790.1220
   147.748    7.9126    4.4423    3.5148    854.9799    3.6806     1688727012.7270
   157.515    7.9035    4.4324    3.5141    893.4430    3.6740     1815069146.4561
   167.282    7.8950    4.4229    3.5136    931.9062    3.6675     1941162346.8127
   177.049    7.8859    4.4131    3.5128    970.3694    3.6609     2067006288.5983
   186.816    7.8769    4.4034    3.5121   1008.8325    3.6544     2192600024.2011
   196.583    7.8679    4.3938    3.5113   1047.2957    3.6480     2317944207.5135
   206.350    7.8588    4.3841    3.5105   1085.7588    3.6415     2443038972.8017
   216.118    7.8499    4.3745    3.5098   1124.2220    3.6351     2567886238.3646
   225.885    7.8406    4.3648    3.5090   1162.6852    3.6288     2692486809.5834
   235.652    7.8318    4.3552    3.5082   1201.1483    3.6225     2816841387.8107
   245.419    7.8227    4.3457    3.5074   1239.6115    3.6162     2940950347.1000
   255.186    7.8133    4.3359    3.5065   1278.0747    3.6099     3064813243.0292
   264.953    7.8044    4.3263    3.5056   1316.5378    3.6037     3188432084.0733
   274.720    7.7964    4.3173    3.5048   1355.0010    3.5976     3311809188.4151
   284.487    7.7878    4.3079    3.5039   1393.4641    3.5914     3434944807.3751
   294.254    7.7793    4.2987    3.5030   1431.9273    3.5853     3557839551.3534
   304.022    7.7705    4.2894    3.5021   1470.3905    3.5793     3680494129.4942
   313.789    7.7622    4.2802    3.5012   1508.8536    3.5733     3802910676.2143
   323.556    7.7530    4.2704    3.5003   1547.3168    3.5673     3925089858.4725
   333.323    7.7440    4.2610    3.4993   1585.7799    3.5614     4047031567.9701
   343.090    7.7354    4.2518    3.4984   1624.2431    3.5555     4168738339.8938
   352.857    7.7260    4.2421    3.4974   1662.7063    3.5497     4290210587.1804
   362.624    7.7176    4.2329    3.4965   1701.1694    3.5439     4411450165.7725
   372.391    7.7083    4.2233    3.4955   1739.6326    3.5381     4532458256.2598
   382.159    7.6994    4.2138    3.4944   1778.0958    3.5324     4653234718.6783
   391.926    7.6908    4.2044    3.4935   1816.5589    3.5268     4773783232.4624
   401.693    7.6813    4.1947    3.4925   1855.0221    3.5212     4894104862.2107
   411.460    7.6722    4.1851    3.4915   1893.4852    3.5156     5014199562.6900
   421.227    7.6631    4.1756    3.4904   1931.9484    3.5101     5134068470.7089
   430.994    7.6537    4.1659    3.4893   1970.4116    3.5046     5253712500.0779
   440.761    7.6448    4.1563    3.4883   2008.8747    3.4992     5373134217.2046
   463.723    7.6735    4.1654    3.4967   2013.6521    3.4865     5653749535.7188
   486.685    7.7010    4.1740    3.5049   2018.2102    3.4740     5934015777.2079
   509.647    7.7285    4.1827    3.5132   2022.7622    3.4615     6213927746.2874
   532.609    7.7549    4.1909    3.5211   2027.1160    3.4491     6493476266.4108
   555.571    7.7807    4.1990    3.5290   2031.4249    3.4367     6772651111.5491
   578.533    7.8066    4.2072    3.5369   2035.5710    3.4245     7051451863.2914
   601.495    7.8310    4.2147    3.5447   2039.7405    3.4124     7329876860.7078
   624.457    7.8558    4.2224    3.5524   2043.8067    3.4004     7607925139.1100
   647.419    7.8809    4.2303    3.5602   2047.8124    3.3885     7885601194.1012
   670.381    7.9047    4.2377    3.5677   2051.6885    3.3768     8162903347.4410
   693.343    7.9293    4.2454    3.5756   2055.6119    3.3652     8439839397.9928
   716.305    7.9530    4.2528    3.5831   2059.3450    3.3537     8716417111.5156
   739.266    7.9769    4.2604    3.5907   2063.0353    3.3424     8992636414.2917
   762.228    8.0013    4.2683    3.5984   2066.7990    3.3312     9268510343.3627
   785.190    8.0252    4.2758    3.6060   2070.3074    3.3202     9544047657.3470
   808.152    8.0484    4.2833    3.6135   2073.8457    3.3094     9819252621.0885
   831.114    8.0735    4.2917    3.6215   2077.2675    3.2988    10094150462.1581
   854.076    8.0986    4.3001    3.6295   2080.8354    3.2884    10368771728.5577
   877.038    8.1236    4.3086    3.6376   2084.1617    3.2781    10643131802.4167
   900.000    8.1492    4.3175    3.6458   2087.5230    3.2681    10917251013.5111
   916.878    8.1684    4.3242    3.6520   2089.9166    3.2609    11118524493.0397
   933.757    8.1881    4.3314    3.6584   2092.3534    3.2538    11319697532.9953
   950.635    8.2095    4.3395    3.6652   2094.7235    3.2467    11520794887.2553
   967.513    8.2303    4.3473    3.6720   2097.1892    3.2399    11721833979.3937
   984.391    8.2496    4.3544    3.6784   2099.5780    3.2331    11922806266.7134
  1001.270    8.2767    4.3660    3.6871   2102.0694    3.2265    12123769455.0076
  1018.148    8.2959    4.3726    3.6939   2104.6502    3.2199    12324741303.0291
  1035.026    8.3131    4.3782    3.7001   2107.0974    3.2136    12525659830.7122
  1051.904    8.3330    4.3855    3.7072   2109.9150    3.2073    12726540922.6900
  1068.783    8.3502    4.3912    3.7133   2112.5128    3.2012    12927391195.6558
  1085.661    8.3652    4.3958    3.7186   2114.7566    3.1953    13128170594.6317
  1102.539    8.3800    4.4002    3.7239   2117.0527    3.1896    13328865512.5345
  1119.417    8.4022    4.4097    3.7324   2118.4665    3.1840    13529570336.3410
  1136.296    8.5256    4.4866    3.7663   2132.0205    3.1784    13731063975.2890
  1153.174    8.6863    4.5885    3.8089   2148.9118    3.1726    13934255371.4838
  1170.052    8.8812    4.7134    3.8584   2163.5933    3.1663    14139537162.5994
  1186.931    8.8963    4.7183    3.8636   2165.1993    3.1600    14345877537.4596
  1203.809    8.9103    4.7224    3.8688   2167.4846    3.1538    14552079494.5928
  1220.687    8.9241    4.7265    3.8739   2169.5659    3.1478    14758153514.9713
  1237.565    8.9377    4.7304    3.8792   2171.4311    3.1421    14964115948.7402
  1254.444    8.9515    4.7345    3.8844   2173.3245    3.1366    15169981280.0000
  1271.322    8.9650    4.7384    3.8897   2175.1487    3.1313    15375764390.5715
  1288.200    8.9781    4.7422    3.8947   2176.9111    3.1263    15581473000.2143
  1305.078    8.9908    4.7457    3.9000   2178.6195    3.1215    15787120257.9988
  1321.957    9.0041    4.7498    3.9052   2180.2339    3.1170    15992729838.1601
  1338.835    9.0166    4.7531    3.9105   2181.7749    3.1127    16198318923.3822
  1355.713    9.0291    4.7566    3.9157   2183.2573    3.1087    16403902316.8265
  1372.592    9.0413    4.7600    3.9208   2184.6241    3.1051    16609493995.8477
  1389.470    9.0538    4.7637    3.9260   2185.9820    3.1017    16815113113.4193
  1406.348    9.0658    4.7668    3.9316   2187.2375    3.0986    17020789259.1830
  1423.226    9.0780    4.7703    3.9371   2188.4364    3.0959    17226550603.9962
  1440.105    9.0990    4.7793    3.9441   2190.6034    3.0934    17432457773.1086
  1456.983    9.1386    4.8003    3.9551   2195.3859    3.0913    17638674665.7471
  1473.861    9.1791    4.8222    3.9667   2199.6942    3.0894    17845338753.1679
  1490.739    9.2183    4.8437    3.9781   2204.1981    3.0879    18052476886.4202
  1507.618    9.2592    4.8662    3.9907   2209.0851    3.0866    18260135836.3591
  1524.496    9.2993    4.8887    4.0029   2213.8128    3.0856    18468357371.5394
  1541.374    9.3198    4.8984    4.0099   2216.2915    3.0850    18677011323.8515
  1558.252    9.3335    4.9039    4.0145   2218.4231    3.0848    18885924245.8206
  1558.252    5.0077    0.0000    4.0572         nan    3.0848    18885924245.8206
  1575.490    5.0217    0.0000    4.0631         nan    3.0845    19101821083.5573
  1592.727    5.0358    0.0000    4.0689         nan    3.0846    19318002897.9853
  1609.965    5.0499    0.0000    4.0747         nan    3.0852    19534502646.4994
  1627.202    5.0637    0.0000    4.0805         nan    3.0863    19751352405.1134
  1644.440    5.0771    0.0000    4.0860         nan    3.0880    19968581134.2365
  1661.677    5.0905    0.0000    4.0916         nan    3.0902    20186222053.7827
  1678.915    5.1039    0.0000    4.0971         nan    3.0930    20404315043.0864
  1696.152    5.1168    0.0000    4.1025         nan    3.0964    20622897170.7753
  1713.390    5.1296    0.0000    4.1078         nan    3.1004    20842005280.7850
  1713.390    5.1456    0.0000    6.3874         nan    3.1004    20842005280.7850
  1771.187    5.2214    0.0000    6.4295         nan    3.0040    21990383612.9290
  1828.984    5.2931    0.0000    6.4694         nan    2.9063    23110148807.0625
  1886.781    5.3608    0.0000    6.5072         nan    2.8073    24200008731.2819
  1944.577    5.4247    0.0000    6.5430         nan    2.7073    25258742676.2314
  2002.374    5.4852    0.0000    6.5769         nan    2.6062    26285196342.5238
  2060.171    5.5423    0.0000    6.6089         nan    2.5040    27278277482.2504
  2117.968    5.5962    0.0000    6.6392         nan    2.4009    28236952043.5184
  2175.765    5.6470    0.0000    6.6679         nan    2.2969    29160240695.8924
  2233.562    5.6948    0.0000    6.6949         nan    2.1920    30047215618.3004
  2291.359    5.7398    0.0000    6.7203         nan    2.0862    30896997437.8331
  2349.156    5.7820    0.0000    6.7442         nan    1.9797    31708752199.4441
  2406.953    5.8216    0.0000    6.7666         nan    1.8723    32481688218.7679
  2464.750    5.8585    0.0000    6.7875         nan    1.7642    33215052635.4564
  2522.546    5.8930    0.0000    6.8071         nan    1.6553    33908127408.0498
  2580.343    5.9249    0.0000    6.8252         nan    1.5456    34560224371.8214
  2638.140    5.9545    0.0000    6.8420         nan    1.4351    35170678774.0464
  2695.937    5.9817    0.0000    6.8575         nan    1.3238    35738840343.2478
  2753.734    6.0065    0.0000    6.8716         nan    1.2115    36264060310.8878
  2811.531    6.0291    0.0000    6.8845         nan    1.0981    36745671615.9320
  2869.328    6.0494    0.0000    6.8961         nan    0.9831    37182957216.4391
  2927.125    6.0675    0.0000    6.9064         nan    0.8662    37575096700.4386
  2984.922    6.0835    0.0000    6.9155         nan    0.7462    37921071030.1245
  3042.719    6.0972    0.0000    6.9233         nan    0.6212    38219480723.2322
  3100.515    6.1088    0.0000    6.9300         nan    0.4871    38468168738.4742
  3158.312    6.1183    0.0000    6.9354         nan    0.3340    38663349984.8949
  3216.109    6.1256    0.0000    6.9396         nan    0.1330    38797288511.1718
  3273.906    6.1309    0.0000    6.9426         nan   -0.2335    38850645217.1915
  3331.703    6.1340    0.0000    6.9444         nan   -1.7193    38756943741.3918
  3389.500    6.1351    0.0000    6.9450         nan    0.0000    38066843097.0654
