# Depth[km]  Vp[km/s]  Vs[km/s] Rho[g/cm3]    T[K]     g[m/s2]         P[Pa]        
     0.000    3.3463    2.0184    1.5180    273.1500    3.7291              0.0000
     9.884    3.3463    2.0184    1.5180    311.1831    3.7383       55951584.6630
     9.884    5.0121    3.0231    2.2736    311.1831    3.7383       55951584.6630
    30.402    5.0121    3.0231    2.2736    390.1392    3.7447      230338349.5782
    30.402    5.9321    3.5780    2.6909    390.1392    3.7447      230338349.5782
    45.521    5.9321    3.5780    2.6909    448.3225    3.7444      382695985.5953
    45.521    7.9617    4.5370    3.5040    448.3225    3.7444      382695985.5953
    55.493    7.9548    4.5278    3.5040    486.6979    3.7374      513534723.3928
    65.466    7.9477    4.5186    3.5038    525.0733    3.7305      644126717.9683
    75.438    7.9399    4.5090    3.5037    563.4486    3.7236      774471007.7108
    85.410    7.9320    4.4994    3.5034    601.8240    3.7167      904566576.4230
    95.382    7.9234    4.4896    3.5031    640.1994    3.7099     1034410419.6456
   105.355    7.9153    4.4800    3.5028    678.5748    3.7030     1164003132.4684
   115.327    7.9070    4.4703    3.5025    716.9501    3.6963     1293346842.4348
   125.299    7.8987    4.4606    3.5021    755.3255    3.6895     1422441120.4985
   135.271    7.8897    4.4508    3.5016    793.7009    3.6828     1551283920.1554
   145.243    7.8812    4.4412    3.5012    832.0763    3.6761     1679875395.5866
   155.216    7.8723    4.4314    3.5008    870.4517    3.6694     1808216683.9005
   165.188    7.8629    4.4215    3.5001    908.8270    3.6628     1936304931.9556
   175.160    7.8545    4.4120    3.4997    947.2024    3.6561     2064142254.6509
   185.132    7.8453    4.4022    3.4991    985.5778    3.6496     2191730150.3083
   195.104    7.8361    4.3925    3.4985   1023.9532    3.6430     2319066320.6785
   205.077    7.8268    4.3827    3.4978   1062.3285    3.6366     2446150678.7037
   215.049    7.8172    4.3728    3.4971   1100.7039    3.6301     2572983847.0650
   225.021    7.8081    4.3631    3.4964   1139.0793    3.6237     2699567469.0052
   234.993    7.7989    4.3534    3.4958   1177.4547    3.6173     2825902857.1670
   244.965    7.7898    4.3438    3.4951   1215.8301    3.6109     2951990785.0546
   254.938    7.7804    4.3341    3.4943   1254.2054    3.6046     3077831333.5053
   264.910    7.7714    4.3245    3.4936   1292.5808    3.5984     3203426124.8485
   274.882    7.7628    4.3151    3.4929   1330.9562    3.5921     3328776106.6759
   284.854    7.7539    4.3057    3.4921   1369.3316    3.5859     3453880735.6479
   294.827    7.7445    4.2960    3.4912   1407.7069    3.5798     3578739684.8506
   304.799    7.7360    4.2868    3.4904   1446.0823    3.5737     3703355337.7035
   314.771    7.7271    4.2774    3.4896   1484.4577    3.5676     3827730737.7408
   324.743    7.7174    4.2675    3.4887   1522.8331    3.5616     3951864964.3757
   334.715    7.7080    4.2578    3.4878   1561.2085    3.5556     4075757452.5661
   344.688    7.6995    4.2486    3.4871   1599.5838    3.5497     4199412527.4807
   354.660    7.6904    4.2390    3.4862   1637.9592    3.5438     4322833048.6114
   364.632    7.6806    4.2293    3.4853   1676.3346    3.5379     4446017023.3680
   374.604    7.6714    4.2197    3.4844   1714.7100    3.5321     4568965234.4171
   384.576    7.6623    4.2102    3.4835   1753.0854    3.5264     4691680640.7686
   394.549    7.6525    4.2003    3.4826   1791.4607    3.5207     4814164614.5683
   404.521    7.6436    4.1908    3.4818   1829.8361    3.5150     4936420064.5474
   414.493    7.6335    4.1809    3.4808   1868.2115    3.5094     5058447782.5374
   424.465    7.6243    4.1713    3.4799   1906.5869    3.5038     5180247650.8569
   434.438    7.6146    4.1614    3.4790   1944.9622    3.4983     5301822109.7706
   444.410    7.6050    4.1517    3.4780   1983.3376    3.4929     5423173062.8751
   467.189    7.6355    4.1607    3.4865   1987.9977    3.4805     5700243784.8382
   489.969    7.6653    4.1695    3.4950   1992.6068    3.4682     5977003245.6568
   512.748    7.6938    4.1779    3.5031   1997.0192    3.4559     6253439111.1378
   535.528    7.7219    4.1862    3.5112   2001.3461    3.4438     6529539623.1808
   558.307    7.7492    4.1942    3.5192   2005.5606    3.4317     6805298568.0902
   581.087    7.7764    4.2022    3.5272   2009.7951    3.4197     7080714504.6926
   603.866    7.8032    4.2102    3.5350   2013.8683    3.4079     7355787280.6923
   626.646    7.8285    4.2176    3.5426   2017.7512    3.3961     7630506665.4783
   649.425    7.8547    4.2254    3.5504   2021.7411    3.3845     7904875566.9088
   672.205    7.8797    4.2327    3.5580   2025.5308    3.3730     8178897671.5989
   694.984    7.9054    4.2405    3.5656   2029.2783    3.3617     8452573266.5516
   717.764    7.9297    4.2476    3.5731   2032.9610    3.3505     8725906883.7986
   740.543    7.9548    4.2551    3.5807   2036.6557    3.3394     8998904328.5078
   763.323    7.9795    4.2625    3.5882   2040.2055    3.3285     9271575627.6198
   786.102    8.0041    4.2700    3.5957   2043.7001    3.3178     9543926758.1369
   808.882    8.0289    4.2777    3.6033   2047.1484    3.3072     9815970268.3463
   831.661    8.0535    4.2855    3.6109   2050.4362    3.2969    10087718591.3679
   854.441    8.0789    4.2934    3.6186   2053.8839    3.2867    10359190341.0205
   877.220    8.1037    4.3012    3.6264   2057.1448    3.2767    10630407781.3666
   900.000    8.1295    4.3097    3.6344   2060.4194    3.2670    10901390947.7857
   916.896    8.1487    4.3162    3.6404   2062.7823    3.2599    11102168606.8293
   933.792    8.1698    4.3237    3.6469   2065.1479    3.2529    11302855647.7659
   950.687    8.1893    4.3304    3.6529   2067.4780    3.2460    11503457575.5358
   967.583    8.2099    4.3376    3.6596   2069.8885    3.2393    11703982406.2940
   984.479    8.2302    4.3448    3.6660   2072.1966    3.2327    11904450550.5550
  1001.375    8.2550    4.3546    3.6739   2074.6328    3.2263    12104901530.6636
  1018.271    8.2794    4.3643    3.6816   2077.1178    3.2199    12305375483.8842
  1035.166    8.3046    4.3745    3.6897   2079.6561    3.2137    12505886825.2249
  1052.062    8.3218    4.3800    3.6955   2081.7842    3.2076    12706386329.2507
  1068.958    8.3386    4.3854    3.7011   2083.9060    3.2017    12906813090.5557
  1085.854    8.3557    4.3910    3.7068   2085.9970    3.1960    13107178252.1007
  1102.749    8.3724    4.3964    3.7125   2088.1391    3.1904    13307493375.3843
  1119.645    8.4543    4.4453    3.7355   2096.8607    3.1849    13508232183.2306
  1136.541    8.6159    4.5475    3.7786   2111.7725    3.1792    13710403922.0371
  1153.437    8.8148    4.6749    3.8300   2130.9543    3.1731    13914751963.4551
  1170.333    8.8637    4.7026    3.8432   2133.3669    3.1668    14120439899.1960
  1187.228    8.8792    4.7072    3.8485   2135.6444    3.1607    14326217165.8449
  1204.124    8.8955    4.7116    3.8550   2138.4426    3.1548    14531910696.9067
  1221.020    8.9109    4.7162    3.8606   2140.8851    3.1490    14737538414.5618
  1237.916    8.9261    4.7207    3.8661   2143.3182    3.1435    14943086027.4937
  1254.812    8.9411    4.7254    3.8715   2145.7270    3.1382    15148562758.7190
  1271.707    8.9558    4.7298    3.8768   2148.1358    3.1331    15353976934.7931
  1288.603    8.9705    4.7345    3.8819   2150.4288    3.1283    15559336701.8544
  1305.499    8.9853    4.7392    3.8874   2152.8645    3.1237    15764660963.0255
  1322.395    8.9996    4.7438    3.8924   2155.1170    3.1194    15969962182.4186
  1339.290    9.0135    4.7481    3.8975   2157.5824    3.1154    16175248462.3371
  1356.186    9.0268    4.7527    3.9020   2159.6972    3.1117    16380522262.7862
  1373.082    9.0412    4.7575    3.9073   2162.0163    3.1082    16585806758.1455
  1389.978    9.0553    4.7620    3.9122   2164.1893    3.1051    16791132712.3750
  1406.874    9.0923    4.7817    3.9210   2169.3550    3.1023    16996610621.4403
  1423.769    9.1320    4.8024    3.9315   2175.4403    3.0997    17202406276.1764
  1440.665    9.1732    4.8251    3.9415   2181.1754    3.0974    17408570688.3074
  1457.561    9.2123    4.8469    3.9513   2186.8776    3.0954    17615101846.1012
  1474.457    9.2507    4.8683    3.9610   2193.0337    3.0937    17822007676.0243
  1491.353    9.2925    4.8912    3.9725   2199.0132    3.0924    18029353419.7262
  1508.248    9.3331    4.9144    3.9833   2205.8398    3.0913    18237189878.9710
  1525.144    9.3688    4.9344    3.9933   2210.7519    3.0905    18445496770.2838
  1542.040    9.3807    4.9385    3.9974   2212.7622    3.0902    18654120772.6986
  1558.936    9.3933    4.9430    4.0019   2214.8033    3.0903    18862944914.9124
  1558.936    5.0230    0.0000    4.0310         nan    3.0903    18862944914.9124
  1579.169    5.0373    0.0000    4.0377         nan    3.0905    19115201939.5536
  1599.403    5.0515    0.0000    4.0444         nan    3.0914    19367897897.8104
  1619.637    5.0658    0.0000    4.0511         nan    3.0930    19621087802.5945
  1639.871    5.0795    0.0000    4.0576         nan    3.0954    19874821553.3045
  1660.104    5.0931    0.0000    4.0640         nan    3.0985    20129151305.4197
  1680.338    5.1067    0.0000    4.0704         nan    3.1025    20384140930.5011
  1700.572    5.1198    0.0000    4.0766         nan    3.1073    20639852171.7052
  1720.806    5.1327    0.0000    4.0827         nan    3.1130    20896348545.8689
  1741.039    5.1457    0.0000    4.0889         nan    3.1197    21153704639.5490
  1741.039    5.1952    0.0000    6.5322         nan    3.1197    21153704639.5490
  1797.883    5.2666    0.0000    6.5740         nan    3.0228    22315797381.5670
  1854.726    5.3342    0.0000    6.6136         nan    2.9247    23448791138.3528
  1911.570    5.3982    0.0000    6.6512         nan    2.8255    24551440552.5287
  1968.413    5.4588    0.0000    6.6869         nan    2.7252    25622569111.8449
  2025.257    5.5160    0.0000    6.7207         nan    2.6240    26661065286.6320
  2082.100    5.5702    0.0000    6.7527         nan    2.5218    27665879300.2487
  2138.944    5.6213    0.0000    6.7830         nan    2.4187    28636020443.6093
  2195.787    5.6696    0.0000    6.8116         nan    2.3148    29570554876.0369
  2252.631    5.7151    0.0000    6.8387         nan    2.2101    30468603878.8775
  2309.474    5.7579    0.0000    6.8642         nan    2.1047    31329342552.3982
  2366.317    5.7981    0.0000    6.8881         nan    1.9987    32151998975.5433
  2423.161    5.8358    0.0000    6.9106         nan    1.8921    32935853880.7555
  2480.004    5.8711    0.0000    6.9317         nan    1.7850    33680240947.6456
  2536.848    5.9039    0.0000    6.9513         nan    1.6774    34384547889.5932
  2593.691    5.9344    0.0000    6.9695         nan    1.5695    35048218620.3111
  2650.535    5.9626    0.0000    6.9864         nan    1.4613    35670756971.4077
  2707.378    5.9886    0.0000    7.0020         nan    1.3530    36251732746.5383
  2764.222    6.0123    0.0000    7.0162         nan    1.2447    36790791452.7056
  2821.065    6.0339    0.0000    7.0291         nan    1.1367    37287670074.9494
  2877.909    6.0533    0.0000    7.0408         nan    1.0293    37742223253.2301
  2934.752    6.0707    0.0000    7.0512         nan    0.9230    38154468301.5688
  2991.596    6.0859    0.0000    7.0603         nan    0.8188    38524666439.2890
  3048.439    6.0990    0.0000    7.0683         nan    0.7185    38853478750.2647
  3105.283    6.1101    0.0000    7.0749         nan    0.6256    39142290584.9753
  3162.126    6.1192    0.0000    7.0804         nan    0.5486    39393961330.6982
  3218.970    6.1262    0.0000    7.0846         nan    0.5126    39614826113.5121
  3275.813    6.1312    0.0000    7.0876         nan    0.6184    39821291375.5142
  3332.657    6.1343    0.0000    7.0894         nan    1.6850    40070463512.7757
  3389.500    6.1353    0.0000    7.0900         nan    0.0000    40749531837.6447
