# Depth[km]  Vp[km/s]  Vs[km/s] Rho[g/cm3]    T[K]     g[m/s2]         P[Pa]        
     0.000    3.5240    2.1287    1.6371    273.1500    3.7291              0.0000
    10.548    3.5240    2.1287    1.6371    310.1471    3.7379       64394315.5689
    10.548    4.7646    2.8780    2.2134    310.1471    3.7379       64394315.5689
    27.966    4.7646    2.8780    2.2134    371.2452    3.7442      208499200.5551
    27.966    6.5382    3.9494    3.0373    371.2452    3.7442      208499200.5551
    44.715    6.5382    3.9494    3.0373    429.9935    3.7389      398963423.4343
    44.715    7.8468    4.4877    3.4781    429.9935    3.7389      398963423.4343
    55.017    7.8438    4.4814    3.4788    466.1332    3.7319      532957398.7695
    65.320    7.8404    4.4749    3.4793    502.2728    3.7249      666723858.0823
    75.623    7.8367    4.4683    3.4798    538.4124    3.7180      800260643.4811
    85.926    7.8325    4.4613    3.4802    574.5520    3.7110      933565380.2892
    96.229    7.8283    4.4544    3.4807    610.6916    3.7041     1066637060.3992
   106.532    7.8239    4.4474    3.4810    646.8313    3.6972     1199475593.7310
   116.834    7.8183    4.4397    3.4811    682.9709    3.6904     1332075459.0661
   127.137    7.8138    4.4326    3.4814    719.1105    3.6835     1464436618.8391
   137.440    7.8088    4.4252    3.4816    755.2501    3.6767     1596562873.7784
   147.743    7.8041    4.4180    3.4819    791.3897    3.6699     1728453501.3057
   158.046    7.7982    4.4102    3.4818    827.5294    3.6632     1860104107.2155
   168.349    7.7932    4.4028    3.4819    863.6690    3.6565     1991513898.0244
   178.651    7.7884    4.3955    3.4820    899.8086    3.6498     2122687369.2743
   188.954    7.7827    4.3878    3.4819    935.9482    3.6432     2253621340.8877
   199.257    7.7767    4.3800    3.4818    972.0878    3.6365     2384311927.6673
   209.560    7.7719    4.3726    3.4818   1008.2275    3.6300     2514762287.2250
   219.863    7.7664    4.3650    3.4816   1044.3671    3.6234     2644973502.3304
   230.166    7.7609    4.3574    3.4814   1080.5067    3.6169     2774943948.3021
   240.468    7.7555    4.3498    3.4812   1116.6463    3.6104     2904673369.5718
   250.771    7.7497    4.3420    3.4810   1152.7859    3.6040     3034162241.9168
   261.074    7.7443    4.3344    3.4810   1188.9256    3.5976     3163415509.7865
   271.377    7.7385    4.3267    3.4807   1225.0652    3.5912     3292433769.8356
   281.680    7.7327    4.3189    3.4805   1261.2048    3.5849     3421214470.0227
   291.983    7.7269    4.3112    3.4802   1297.3444    3.5786     3549758634.8772
   302.285    7.7211    4.3035    3.4799   1333.4840    3.5724     3678067940.1468
   312.588    7.7146    4.2955    3.4797   1369.6237    3.5662     3806144353.3430
   322.891    7.7077    4.2872    3.4795   1405.7633    3.5600     3933989948.6852
   333.194    7.6999    4.2786    3.4791   1441.9029    3.5539     4061603614.8745
   343.497    7.6932    4.2705    3.4789   1478.0425    3.5478     4188986222.7569
   353.800    7.6862    4.2622    3.4786   1514.1821    3.5417     4316141922.9181
   364.102    7.6790    4.2537    3.4784   1550.3218    3.5357     4443071934.0117
   374.405    7.6720    4.2455    3.4781   1586.4614    3.5298     4569777458.5790
   384.708    7.6649    4.2371    3.4778   1622.6010    3.5239     4696259614.2483
   395.011    7.6580    4.2289    3.4775   1658.7406    3.5180     4822519689.3449
   405.314    7.6500    4.2202    3.4771   1694.8802    3.5122     4948557189.1356
   415.617    7.6417    4.2113    3.4766   1731.0199    3.5064     5074370122.1511
   425.919    7.6344    4.2028    3.4763   1767.1595    3.5007     5199961800.6722
   436.222    7.6272    4.1944    3.4760   1803.2991    3.4950     5325336933.3982
   446.525    7.6196    4.1858    3.4757   1839.4387    3.4894     5450497107.0482
   456.828    7.6025    4.1734    3.4739   1875.5783    3.4838     5575417379.9117
   478.987    7.6407    4.1847    3.4832   1880.4879    3.4719     5843947665.1815
   501.145    7.6703    4.1930    3.4911   1884.5941    3.4601     6112226103.5506
   523.304    7.6989    4.2008    3.4989   1888.5014    3.4484     6380195581.5457
   545.462    7.7260    4.2081    3.5065   1892.2682    3.4367     6647843271.4056
   567.621    7.7530    4.2154    3.5141   1895.9883    3.4251     6915160759.6868
   589.780    7.7787    4.2222    3.5214   1899.5799    3.4137     7182142041.5697
   611.938    7.8061    4.2299    3.5289   1903.3064    3.4023     7448791393.1619
   634.097    7.8312    4.2365    3.5361   1906.7992    3.3911     7715108717.0174
   656.255    7.8563    4.2432    3.5433   1910.2532    3.3800     7981085797.4126
   678.414    7.8810    4.2498    3.5504   1913.6393    3.3690     8246724706.8807
   700.573    7.9056    4.2564    3.5574   1916.9725    3.3581     8512027800.5182
   722.731    7.9301    4.2631    3.5644   1920.2518    3.3475     8776998748.0107
   744.890    7.9542    4.2696    3.5713   1923.5017    3.3369     9041641222.2594
   767.048    7.9775    4.2757    3.5781   1926.6180    3.3265     9305957331.0441
   789.207    8.0013    4.2822    3.5849   1929.7639    3.3164     9569954379.9352
   811.366    8.0244    4.2883    3.5916   1932.8117    3.3063     9833640129.1583
   833.524    8.0478    4.2947    3.5984   1935.8999    3.2965    10097024839.1404
   855.683    8.0707    4.3009    3.6051   1938.8505    3.2869    10360119096.2424
   877.841    8.0949    4.3078    3.6120   1942.0087    3.2775    10622941545.6875
   900.000    8.1176    4.3139    3.6187   1944.8900    3.2683    10885506020.6277
   916.663    8.1349    4.3189    3.6237   1946.9999    3.2616    11082711561.5910
   933.325    8.1520    4.3235    3.6287   1949.1509    3.2549    11279782917.0009
   949.988    8.1695    4.3286    3.6339   1951.2458    3.2485    11476730419.7433
   966.651    8.1867    4.3334    3.6389   1953.4414    3.2421    11673561727.2938
   983.313    8.2052    4.3391    3.6444   1955.5525    3.2359    11870293816.6355
   999.976    8.2230    4.3444    3.6497   1957.6479    3.2299    12066942076.1877
  1016.639    8.2394    4.3489    3.6546   1959.6600    3.2240    12263496720.7013
  1033.301    8.2553    4.3531    3.6593   1961.6436    3.2183    12459951444.4916
  1049.964    8.2774    4.3616    3.6657   1964.2988    3.2128    12656357037.5806
  1066.626    8.3734    4.4209    3.6917   1975.2982    3.2073    12853290594.8334
  1083.289    8.5188    4.5238    3.7237   1987.3717    3.2016    13051434967.1554
  1099.952    8.6873    4.6473    3.7580   2002.0610    3.1957    13250998022.1234
  1116.614    8.7064    4.6565    3.7623   2009.3700    3.1898    13451221817.6592
  1133.277    8.7220    4.6610    3.7673   2011.7320    3.1841    13651322019.1289
  1149.940    8.7371    4.6653    3.7721   2014.1580    3.1785    13851323096.1758
  1166.602    8.7522    4.6697    3.7767   2016.5328    3.1732    14051226965.1622
  1183.265    8.7670    4.6739    3.7815   2018.8578    3.1681    14251044886.0313
  1199.928    8.7818    4.6782    3.7861   2021.1896    3.1632    14450789587.1466
  1216.590    8.7966    4.6824    3.7909   2023.5802    3.1586    14650474638.9336
  1233.253    8.8114    4.6866    3.7956   2025.8465    3.1542    14850115549.0290
  1249.916    8.8365    4.6970    3.8022   2029.2863    3.1500    15049774808.1185
  1266.578    8.8730    4.7140    3.8108   2034.2352    3.1460    15249568373.7187
  1283.241    8.9114    4.7325    3.8201   2039.2676    3.1422    15449578614.7021
  1299.903    8.9483    4.7498    3.8294   2044.1582    3.1387    15649833695.6034
  1316.566    8.9853    4.7673    3.8390   2049.1164    3.1353    15850355737.8784
  1333.229    9.0234    4.7857    3.8489   2054.1747    3.1322    16051175280.5209
  1349.891    9.0618    4.8038    3.8598   2059.5708    3.1293    16252336297.2924
  1366.554    9.0804    4.8095    3.8662   2061.7410    3.1266    16453759741.8423
  1383.217    9.0949    4.8133    3.8713   2063.7687    3.1242    16655311974.9294
  1399.879    9.1115    4.8165    3.8781   2065.6608    3.1222    16857022559.6635
  1416.542    9.1278    4.8200    3.8849   2067.5580    3.1204    17058952783.6977
  1433.205    9.1441    4.8233    3.8918   2069.4674    3.1190    17261124575.0888
  1449.867    9.1612    4.8264    3.8996   2071.3361    3.1179    17463588029.1729
  1466.530    9.2569    4.8770    3.9401   2087.2315    3.1169    17667235466.9861
  1483.193    9.2839    4.8903    3.9493   2093.1289    3.1160    17872108487.4536
  1499.855    9.3110    4.9041    3.9584   2098.2162    3.1155    18077397967.6862
  1516.518    9.3375    4.9178    3.9671   2103.4569    3.1153    18283114197.6368
  1533.180    9.3626    4.9306    3.9754   2108.5730    3.1155    18489259827.5795
  1549.843    9.3863    4.9426    3.9833   2113.5667    3.1161    18695838117.0771
  1549.843    4.9602    0.0000    3.9955         nan    3.1161    18695838117.0771
  1569.042    4.9792    0.0000    4.0019         nan    3.1171    18935067025.6874
  1588.242    4.9982    0.0000    4.0084         nan    3.1187    19174757415.8219
  1607.441    5.0172    0.0000    4.0148         nan    3.1209    19414957098.3115
  1626.641    5.0355    0.0000    4.0210         nan    3.1239    19655709552.3446
  1645.840    5.0535    0.0000    4.0271         nan    3.1275    19897058010.1446
  1665.039    5.0715    0.0000    4.0332         nan    3.1319    20139055434.5999
  1684.239    5.0891    0.0000    4.0392         nan    3.1371    20381757063.0382
  1703.438    5.1061    0.0000    4.0450         nan    3.1432    20625215571.2138
  1722.637    5.1232    0.0000    4.0508         nan    3.1500    20869490694.7788
  1722.637    5.3605    0.0000    6.5297         nan    3.1500    20869490694.7788
  1780.115    5.4328    0.0000    6.5697         nan    3.0519    22055375694.3606
  1837.593    5.5013    0.0000    6.6077         nan    2.9526    23211158827.5461
  1895.071    5.5662    0.0000    6.6438         nan    2.8523    24335624468.7248
  1952.549    5.6275    0.0000    6.6780         nan    2.7509    25427625183.1347
  2010.027    5.6856    0.0000    6.7104         nan    2.6486    26486078089.3641
  2067.505    5.7404    0.0000    6.7411         nan    2.5453    27509961861.8377
  2124.983    5.7923    0.0000    6.7701         nan    2.4413    28498314305.0536
  2182.461    5.8412    0.0000    6.7976         nan    2.3365    29450230458.2417
  2239.940    5.8874    0.0000    6.8235         nan    2.2310    30364861218.3164
  2297.418    5.9308    0.0000    6.8479         nan    2.1248    31241412501.7480
  2354.896    5.9716    0.0000    6.8709         nan    2.0180    32079145003.9798
  2412.374    6.0098    0.0000    6.8925         nan    1.9108    32877374669.0213
  2469.852    6.0456    0.0000    6.9126         nan    1.8031    33635474055.9193
  2527.330    6.0789    0.0000    6.9315         nan    1.6951    34352874903.6365
  2584.808    6.1098    0.0000    6.9489         nan    1.5869    35029072380.3669
  2642.286    6.1384    0.0000    6.9651         nan    1.4786    35663631803.0375
  2699.764    6.1647    0.0000    6.9800         nan    1.3703    36256199125.0369
  2757.242    6.1888    0.0000    6.9937         nan    1.2625    36806517402.1798
  2814.720    6.2107    0.0000    7.0061         nan    1.1553    37314453133.2246
  2872.198    6.2304    0.0000    7.0173         nan    1.0493    37780039640.4017
  2929.676    6.2480    0.0000    7.0272         nan    0.9454    38203551360.5944
  2987.154    6.2634    0.0000    7.0360         nan    0.8451    38585637589.5437
  3044.632    6.2768    0.0000    7.0436         nan    0.7511    38927578960.8065
  3102.110    6.2880    0.0000    7.0500         nan    0.6695    39231820629.2156
  3159.588    6.2972    0.0000    7.0552         nan    0.6140    39503204271.4505
  3217.066    6.3044    0.0000    7.0593         nan    0.6253    39752256891.9880
  3274.544    6.3095    0.0000    7.0622         nan    0.8680    40006027018.5516
  3332.022    6.3125    0.0000    7.0639         nan    2.6775    40358405545.2954
  3389.500    6.3135    0.0000    7.0645         nan    0.0000    41445562495.4002
