# Depth[km]  Vp[km/s]  Vs[km/s] Rho[g/cm3]    T[K]     g[m/s2]         P[Pa]        
     0.000    3.5570    2.1382    1.6108    273.1500    3.7291              0.0000
    12.277    3.5570    2.1382    1.6108    323.5979    3.7396       73742757.2738
    12.277    4.5705    2.7474    2.0697    323.5979    3.7396       73742757.2738
    28.734    4.5705    2.7474    2.0697    391.2302    3.7476      201121862.5634
    28.734    5.7992    3.4860    2.6261    391.2302    3.7476      201121862.5634
    45.581    5.7992    3.4860    2.6261    460.4601    3.7482      366915619.2692
    45.581    7.9966    4.5428    3.5188    460.4601    3.7482      366915619.2692
    55.052    7.9884    4.5329    3.5184    499.3824    3.7415      491824376.4426
    64.523    7.9799    4.5228    3.5179    538.3047    3.7348      616494137.7887
    73.994    7.9712    4.5127    3.5174    577.2271    3.7281      740923504.0374
    83.465    7.9619    4.5023    3.5167    616.1494    3.7215      865110199.9440
    92.937    7.9528    4.4921    3.5161    655.0717    3.7149      989054360.0580
   102.408    7.9438    4.4819    3.5155    693.9940    3.7083     1112757502.6521
   111.879    7.9347    4.4718    3.5149    732.9163    3.7018     1236219860.6605
   121.350    7.9251    4.4615    3.5141    771.8386    3.6953     1359440190.6817
   130.822    7.9157    4.4514    3.5134    810.7609    3.6888     1482417907.5385
   140.293    7.9060    4.4411    3.5126    849.6832    3.6823     1605153394.7252
   149.764    7.8963    4.4310    3.5118    888.6055    3.6759     1727645677.3469
   159.235    7.8868    4.4210    3.5109    927.5278    3.6695     1849895474.2160
   168.707    7.8771    4.4110    3.5101    966.4501    3.6632     1971903049.2918
   178.178    7.8674    4.4009    3.5092   1005.3725    3.6569     2093668714.7725
   187.649    7.8577    4.3909    3.5082   1044.2948    3.6506     2215192455.3772
   197.120    7.8479    4.3810    3.5073   1083.2171    3.6443     2336474357.2153
   206.592    7.8380    4.3709    3.5063   1122.1394    3.6381     2457515794.7977
   216.063    7.8283    4.3609    3.5054   1161.0617    3.6319     2578317857.7809
   225.534    7.8192    4.3513    3.5044   1199.9840    3.6258     2698882046.3621
   235.005    7.8090    4.3413    3.5034   1238.9063    3.6196     2819207387.6417
   244.477    7.7992    4.3312    3.5024   1277.8286    3.6136     2939295342.3325
   253.948    7.7901    4.3217    3.5014   1316.7509    3.6075     3059148948.2185
   263.419    7.7809    4.3122    3.5003   1355.6732    3.6015     3178766011.4974
   272.890    7.7711    4.3022    3.4992   1394.5955    3.5956     3298146029.3149
   282.362    7.7621    4.2928    3.4982   1433.5179    3.5896     3417292245.8927
   291.833    7.7524    4.2830    3.4971   1472.4402    3.5838     3536205482.6280
   301.304    7.7433    4.2735    3.4960   1511.3625    3.5779     3654886360.4952
   310.775    7.7334    4.2634    3.4948   1550.2848    3.5721     3773336176.3127
   320.246    7.7238    4.2537    3.4937   1589.2071    3.5663     3891555760.5873
   329.718    7.7145    4.2441    3.4926   1628.1294    3.5606     4009547024.0966
   339.189    7.7043    4.2340    3.4914   1667.0517    3.5549     4127309721.5561
   348.660    7.6949    4.2244    3.4903   1705.9740    3.5493     4244844862.3511
   358.131    7.6856    4.2147    3.4892   1744.8963    3.5437     4362156174.4629
   367.603    7.6756    4.2048    3.4879   1783.8186    3.5382     4479243246.7438
   377.074    7.6658    4.1949    3.4867   1822.7409    3.5327     4596106112.9836
   386.545    7.6558    4.1849    3.4855   1861.6633    3.5272     4712746202.5973
   396.016    7.6460    4.1750    3.4842   1900.5856    3.5218     4829163878.1220
   405.488    7.6354    4.1648    3.4830   1939.5079    3.5164     4945361060.6474
   414.959    7.6260    4.1550    3.4817   1978.4302    3.5111     5061339928.1608
   424.430    7.6161    4.1451    3.4804   2017.3525    3.5058     5177101249.6736
   448.209    7.6466    4.1547    3.4893   2022.4162    3.4927     5467611639.2522
   471.987    7.6761    4.1640    3.4980   2027.3428    3.4796     5757761703.7774
   495.766    7.7048    4.1731    3.5065   2032.0201    3.4666     6047534921.8669
   519.544    7.7326    4.1817    3.5149   2036.7572    3.4537     6336923494.4947
   543.323    7.7595    4.1901    3.5232   2041.3133    3.4408     6625919570.0094
   567.101    7.7864    4.1986    3.5314   2045.7102    3.4281     6914516158.0963
   590.880    7.8129    4.2069    3.5395   2050.0690    3.4155     7202710892.5461
   614.658    7.8387    4.2149    3.5476   2054.4242    3.4030     7490505260.2208
   638.437    7.8639    4.2227    3.5556   2058.5624    3.3907     7777897033.2055
   662.215    7.8897    4.2308    3.5636   2062.7254    3.3784     8064888639.0879
   685.994    7.9146    4.2386    3.5715   2066.7286    3.3664     8351484202.5471
   709.772    7.9396    4.2464    3.5795   2070.7742    3.3544     8637689811.2080
   733.551    7.9644    4.2542    3.5874   2074.6222    3.3426     8923514169.0873
   757.329    7.9897    4.2624    3.5953   2078.5324    3.3310     9208965233.8660
   781.108    8.0145    4.2703    3.6032   2082.2681    3.3196     9494053181.7407
   804.886    8.0393    4.2782    3.6112   2085.9213    3.3084     9778789526.4827
   828.665    8.0646    4.2865    3.6193   2089.5883    3.2973    10063194731.8088
   852.443    8.0902    4.2951    3.6275   2093.2629    3.2865    10347288083.0781
   876.222    8.1163    4.3039    3.6359   2096.7919    3.2758    10631094795.9702
   900.000    8.1431    4.3133    3.6445   2100.2588    3.2654    10914644209.6588
   917.220    8.1627    4.3202    3.6508   2102.7643    3.2580    11119757879.0154
   934.441    8.1830    4.3276    3.6573   2105.2661    3.2507    11324767736.8018
   951.661    8.2041    4.3355    3.6642   2107.7388    3.2436    11529694220.3637
   968.882    8.2259    4.3438    3.6712   2110.2319    3.2365    11734557548.8918
   986.102    8.2474    4.3520    3.6783   2112.7376    3.2296    11939370288.7428
  1003.323    8.2733    4.3627    3.6867   2115.2655    3.2228    12144175628.5067
  1020.543    8.2917    4.3689    3.6933   2117.9621    3.2162    12348965418.9842
  1037.764    8.3093    4.3746    3.6995   2120.5032    3.2097    12553687914.3496
  1054.984    8.3294    4.3819    3.7067   2123.3525    3.2033    12758367911.1772
  1072.205    8.3468    4.3877    3.7129   2125.8812    3.1971    12963011909.2018
  1089.425    8.3626    4.3926    3.7186   2128.3586    3.1911    13167587817.2009
  1106.646    8.3803    4.3990    3.7250   2130.2513    3.1853    13372111662.6233
  1123.866    8.4039    4.4091    3.7341   2131.6940    3.1796    13576685216.1143
  1141.087    8.5363    4.4919    3.7702   2145.3587    3.1739    13782130095.7460
  1158.307    8.6989    4.5948    3.8133   2163.6804    3.1679    13989371734.0375
  1175.528    8.8781    4.7093    3.8588   2176.0325    3.1615    14198638785.5276
  1192.748    8.8931    4.7138    3.8642   2178.1893    3.1551    14408870713.7839
  1209.969    8.9075    4.7181    3.8695   2180.3970    3.1488    14618964502.6620
  1227.189    8.9217    4.7222    3.8749   2182.2019    3.1428    14828932693.1373
  1244.410    8.9356    4.7263    3.8802   2184.4201    3.1370    15038788036.2088
  1261.630    8.9498    4.7306    3.8857   2186.3579    3.1315    15248547422.5403
  1278.851    8.9633    4.7344    3.8909   2188.2199    3.1262    15458224872.8986
  1296.071    8.9769    4.7384    3.8962   2189.9714    3.1211    15667830848.3200
  1313.292    8.9901    4.7421    3.9017   2191.6842    3.1163    15877386648.3143
  1330.512    9.0032    4.7459    3.9070   2193.2022    3.1118    16086908879.4592
  1347.733    9.0160    4.7493    3.9124   2194.7969    3.1076    16296415769.4683
  1364.953    9.0291    4.7531    3.9180   2196.2308    3.1036    16505932830.6509
  1382.174    9.0414    4.7565    3.9233   2197.5459    3.1000    16715473833.1627
  1399.394    9.0538    4.7600    3.9285   2198.7740    3.0967    16925050854.5287
  1416.615    9.0666    4.7634    3.9344   2200.1599    3.0937    17134699809.8184
  1433.835    9.0785    4.7666    3.9398   2201.3000    3.0910    17344446891.1832
  1451.056    9.1071    4.7803    3.9488   2204.6053    3.0887    17554399398.3267
  1468.276    9.1478    4.8021    3.9603   2209.1033    3.0867    17764739633.0593
  1485.497    9.1892    4.8246    3.9722   2213.6352    3.0850    17975564302.4909
  1502.717    9.2293    4.8464    3.9842   2218.2884    3.0836    18186906691.8435
  1519.938    9.2703    4.8692    3.9969   2223.0901    3.0825    18398808227.3606
  1537.158    9.3041    4.8876    4.0075   2226.9996    3.0817    18611253961.3730
  1554.379    9.3183    4.8931    4.0126   2229.1141    3.0814    18824062485.1075
  1571.599    9.3306    4.8974    4.0172   2231.0259    3.0815    19037101405.5926
  1571.599    4.9246    0.0000    4.0652         nan    3.0815    19037101405.5926
  1591.383    4.9415    0.0000    4.0721         nan    3.0814    19285136209.4824
  1611.166    4.9584    0.0000    4.0790         nan    3.0820    19533584971.4674
  1630.950    4.9753    0.0000    4.0859         nan    3.0832    19782499123.9338
  1650.733    4.9916    0.0000    4.0925         nan    3.0851    20031924612.1462
  1670.517    5.0077    0.0000    4.0990         nan    3.0878    20281908833.2805
  1690.300    5.0237    0.0000    4.1056         nan    3.0913    20532510821.0601
  1710.084    5.0393    0.0000    4.1120         nan    3.0955    20783788277.9711
  1729.867    5.0546    0.0000    4.1182         nan    3.1007    21035799298.5213
  1749.651    5.0699    0.0000    4.1245         nan    3.1067    21288612271.1956
  1749.651    5.1851    0.0000    6.5438         nan    3.1067    21288612271.1956
  1806.197    5.2612    0.0000    6.5854         nan    3.0100    22441850751.6665
  1862.744    5.3330    0.0000    6.6248         nan    2.9121    23566080322.5339
  1919.290    5.4009    0.0000    6.6621         nan    2.8131    24660057273.3933
  1975.837    5.4650    0.0000    6.6974         nan    2.7130    25722609413.0075
  2032.384    5.5256    0.0000    6.7309         nan    2.6119    26752631422.3021
  2088.930    5.5828    0.0000    6.7625         nan    2.5099    27749080931.7736
  2145.477    5.6368    0.0000    6.7925         nan    2.4070    28710975207.7029
  2202.023    5.6877    0.0000    6.8207         nan    2.3032    29637388360.4310
  2258.570    5.7356    0.0000    6.8473         nan    2.1987    30527449001.4407
  2315.116    5.7807    0.0000    6.8724         nan    2.0935    31380338314.2533
  2371.663    5.8230    0.0000    6.8960         nan    1.9876    32195288514.3040
  2428.209    5.8626    0.0000    6.9181         nan    1.8811    32971581699.9488
  2484.756    5.8996    0.0000    6.9387         nan    1.7740    33708549124.3448
  2541.302    5.9341    0.0000    6.9580         nan    1.6664    34405570956.4752
  2597.849    5.9661    0.0000    6.9759         nan    1.5584    35062076657.8992
  2654.395    5.9957    0.0000    6.9925         nan    1.4500    35677546192.7460
  2710.942    6.0229    0.0000    7.0077         nan    1.3413    36251512443.2338
  2767.488    6.0478    0.0000    7.0217         nan    1.2325    36783565475.6643
  2824.035    6.0704    0.0000    7.0343         nan    1.1235    37273359801.8626
  2880.581    6.0908    0.0000    7.0457         nan    1.0147    37720626750.7235
  2937.128    6.1089    0.0000    7.0559         nan    0.9063    38125196051.8894
  2993.674    6.1249    0.0000    7.0649         nan    0.7988    38487035079.0333
  3050.221    6.1386    0.0000    7.0726         nan    0.6930    38806324489.9747
  3106.767    6.1502    0.0000    7.0791         nan    0.5908    39083615858.7894
  3163.314    6.1597    0.0000    7.0845         nan    0.4963    39320196307.8251
  3219.860    6.1671    0.0000    7.0886         nan    0.4217    39519062312.7665
  3276.407    6.1723    0.0000    7.0915         nan    0.4164    39688128745.2773
  3332.953    6.1755    0.0000    7.0933         nan    0.8808    39855131544.1369
  3389.500    6.1765    0.0000    7.0939         nan    0.0000    40208430795.4825
