# Depth[km]  Vp[km/s]  Vs[km/s] Rho[g/cm3]    T[K]     g[m/s2]         P[Pa]        
     0.000    3.9817    2.3652    1.8408    273.1500    3.7291              0.0000
    12.252    3.9817    2.3652    1.8408    317.9573    3.7372       84104280.5068
    12.252    4.8050    2.8543    2.2214    317.9573    3.7372       84104280.5068
    28.625    4.8050    2.8543    2.2214    377.8406    3.7430      220032811.0819
    28.625    6.1947    3.6798    2.8640    377.8406    3.7430      220032811.0819
    45.689    6.1947    3.6798    2.8640    440.2499    3.7402      402953274.3421
    45.689    7.8431    4.4851    3.4775    440.2499    3.7402      402953274.3421
    55.371    7.8396    4.4788    3.4780    475.6614    3.7336      528891176.0599
    65.053    7.8356    4.4722    3.4784    511.0729    3.7270      654623480.7746
    74.735    7.8313    4.4655    3.4787    546.4843    3.7205      780148336.9179
    84.417    7.8266    4.4585    3.4790    581.8958    3.7140      905463511.0743
    94.099    7.8218    4.4515    3.4792    617.3073    3.7075     1030568212.1951
   103.781    7.8159    4.4440    3.4792    652.7188    3.7011     1155458817.7869
   113.463    7.8108    4.4368    3.4793    688.1302    3.6946     1280133921.4281
   123.145    7.8057    4.4295    3.4794    723.5417    3.6882     1404596460.8110
   132.827    7.8004    4.4223    3.4795    758.9532    3.6819     1528847126.4944
   142.509    7.7953    4.4150    3.4796    794.3647    3.6755     1652885974.3229
   152.191    7.7887    4.4071    3.4793    829.7761    3.6692     1776707263.1276
   161.873    7.7835    4.3998    3.4793    865.1876    3.6629     1900310624.7015
   171.555    7.7772    4.3921    3.4791    900.5991    3.6566     2023698226.8045
   181.237    7.7719    4.3847    3.4790    936.0106    3.6504     2146869922.9352
   190.919    7.7654    4.3768    3.4787    971.4220    3.6442     2269824058.4854
   200.601    7.7594    4.3692    3.4784   1006.8335    3.6380     2392558027.5735
   210.283    7.7542    4.3619    3.4782   1042.2450    3.6319     2515076506.8995
   219.965    7.7475    4.3539    3.4778   1077.6565    3.6258     2637377264.0452
   229.647    7.7415    4.3463    3.4774   1113.0679    3.6197     2759457142.5946
   239.329    7.7360    4.3388    3.4772   1148.4794    3.6137     2881321753.4181
   249.011    7.7295    4.3309    3.4768   1183.8909    3.6077     3002972737.0067
   258.693    7.7233    4.3232    3.4764   1219.3024    3.6017     3124408799.3525
   268.375    7.7171    4.3155    3.4760   1254.7138    3.5958     3245630659.3572
   278.057    7.7109    4.3078    3.4756   1290.1253    3.5899     3366638638.9651
   287.739    7.7046    4.3000    3.4752   1325.5368    3.5840     3487433347.2692
   297.421    7.6977    4.2920    3.4748   1360.9483    3.5782     3608016963.8685
   307.103    7.6895    4.2834    3.4743   1396.3597    3.5724     3728389459.3113
   316.785    7.6822    4.2751    3.4739   1431.7712    3.5666     3848551836.1882
   326.467    7.6741    4.2666    3.4734   1467.1827    3.5609     3968505013.8305
   336.149    7.6668    4.2584    3.4730   1502.5942    3.5552     4088250303.2093
   345.831    7.6596    4.2502    3.4726   1538.0056    3.5496     4207791097.8692
   355.513    7.6521    4.2419    3.4722   1573.4171    3.5440     4327128349.2162
   365.195    7.6447    4.2336    3.4718   1608.8286    3.5384     4446263146.6514
   374.877    7.6352    4.2244    3.4710   1644.2401    3.5329     4565191146.8338
   384.559    7.6275    4.2160    3.4706   1679.6515    3.5275     4683913491.6581
   394.241    7.6202    4.2078    3.4702   1715.0630    3.5220     4802436874.8032
   403.923    7.6121    4.1991    3.4697   1750.4745    3.5166     4920762369.7636
   413.605    7.6046    4.1908    3.4692   1785.8860    3.5113     5038891103.6489
   423.287    7.5960    4.1820    3.4686   1821.2974    3.5060     5156822200.6685
   432.969    7.5871    4.1730    3.4680   1856.7089    3.5007     5274553563.5681
   456.321    7.6198    4.1820    3.4767   1861.1453    3.4882     5558406881.5457
   479.672    7.6508    4.1904    3.4851   1865.4164    3.4756     5841939207.3198
   503.024    7.6812    4.1988    3.4934   1869.5715    3.4632     6125133809.3711
   526.375    7.7110    4.2069    3.5016   1873.6204    3.4509     6407980581.6073
   549.727    7.7393    4.2145    3.5095   1877.5467    3.4386     6690469235.4971
   573.078    7.7677    4.2223    3.5174   1881.3613    3.4265     6972591670.2155
   596.430    7.7954    4.2297    3.5253   1885.2916    3.4145     7254348862.9509
   619.782    7.8232    4.2373    3.5330   1888.9852    3.4026     7535739983.1581
   643.133    7.8498    4.2445    3.5406   1892.5999    3.3909     7816758264.6695
   666.485    7.8758    4.2514    3.5480   1896.1633    3.3793     8097401887.4391
   689.836    7.9018    4.2584    3.5555   1899.6493    3.3678     8377672880.9029
   713.188    7.9275    4.2653    3.5628   1903.1288    3.3565     8657575617.6159
   736.539    7.9530    4.2721    3.5702   1906.5264    3.3454     8937115982.9775
   759.891    7.9776    4.2787    3.5773   1909.7752    3.3345     9216294989.8834
   783.242    8.0027    4.2854    3.5845   1913.0966    3.3237     9495120643.3654
   806.594    8.0270    4.2920    3.5916   1916.2562    3.3132     9773602239.5598
   829.945    8.0518    4.2987    3.5988   1919.4769    3.3028    10051751270.1090
   853.297    8.0768    4.3058    3.6059   1922.6852    3.2927    10329585409.3024
   876.648    8.1015    4.3126    3.6130   1925.8469    3.2829    10607119169.1990
   900.000    8.1254    4.3192    3.6200   1928.8329    3.2732    10884363487.6416
   916.829    8.1427    4.3239    3.6251   1930.9753    3.2665    11083909790.1340
   933.657    8.1598    4.3286    3.6302   1933.0923    3.2598    11283321347.7579
   950.486    8.1782    4.3341    3.6355   1935.3338    3.2533    11482613568.2528
   967.314    8.1949    4.3386    3.6405   1937.3828    3.2470    11681790506.2103
   984.143    8.2138    4.3446    3.6461   1939.5110    3.2408    11880866123.9982
  1000.971    8.2318    4.3499    3.6514   1941.5919    3.2348    12079861921.9083
  1017.800    8.2478    4.3542    3.6562   1943.6012    3.2289    12278763277.0548
  1034.628    8.2640    4.3584    3.6610   1945.5741    3.2232    12477564481.6483
  1051.457    8.3239    4.3958    3.6755   1952.0777    3.2176    12676539709.8781
  1068.285    8.4640    4.4985    3.7042   1967.7568    3.2120    12876339044.6440
  1085.114    8.6138    4.6055    3.7367   1983.5291    3.2062    13077440816.7127
  1101.942    8.7014    4.6585    3.7603   1991.0388    3.2002    13279691058.6966
  1118.771    8.7161    4.6629    3.7647   1993.5951    3.1943    13482319477.1692
  1135.599    8.7319    4.6673    3.7697   1995.9674    3.1887    13684829347.2226
  1152.428    8.7471    4.6717    3.7745   1998.3703    3.1832    13887242347.3310
  1169.256    8.7623    4.6761    3.7793   2000.7633    3.1779    14089562575.2142
  1186.085    8.7774    4.6804    3.7840   2003.1336    3.1728    14291801277.8962
  1202.914    8.7924    4.6849    3.7887   2005.5066    3.1680    14493970690.3029
  1219.742    8.8071    4.6889    3.7935   2007.7448    3.1634    14696085075.3696
  1236.571    8.8250    4.6949    3.7988   2010.6153    3.1591    14898174682.1928
  1253.399    8.8624    4.7128    3.8073   2015.4006    3.1549    15100354900.5426
  1270.228    8.9014    4.7313    3.8167   2020.4269    3.1510    15302746824.1208
  1287.056    8.9383    4.7486    3.8260   2025.3966    3.1473    15505380462.7791
  1303.885    8.9761    4.7667    3.8355   2030.2792    3.1438    15708272064.8883
  1320.713    9.0137    4.7845    3.8455   2035.3552    3.1405    15911454168.5790
  1337.542    9.0525    4.8030    3.8560   2040.5983    3.1374    16114965095.1587
  1354.370    9.0770    4.8125    3.8637   2043.6924    3.1346    16318755954.2558
  1371.199    9.0927    4.8164    3.8694   2045.7816    3.1320    16522715385.1802
  1388.027    9.1082    4.8198    3.8755   2047.6685    3.1298    16726820374.2155
  1404.856    9.1242    4.8234    3.8817   2049.6384    3.1279    16931105365.5565
  1421.684    9.1408    4.8267    3.8888   2051.5134    3.1263    17135617833.9017
  1438.513    9.1572    4.8301    3.8957   2053.4129    3.1251    17340395278.6062
  1455.342    9.2286    4.8652    3.9268   2068.9028    3.1240    17546088797.8399
  1472.170    9.2836    4.8948    3.9477   2074.8678    3.1230    17753076390.6558
  1488.999    9.3108    4.9082    3.9570   2080.2210    3.1223    17960792310.1492
  1505.827    9.3369    4.9214    3.9657   2085.6760    3.1219    18168932691.0272
  1522.656    9.3632    4.9349    3.9744   2090.8073    3.1219    18377506842.9918
  1539.484    9.3883    4.9479    3.9826   2095.7760    3.1223    18586526993.0648
  1556.313    9.4121    4.9600    3.9905   2100.7254    3.1231    18795995832.8976
  1556.313    4.6545    0.0000    3.9595         nan    3.1231    18795995832.8976
  1569.785    4.6647    0.0000    3.9646         nan    3.1244    18962699943.4166
  1583.257    4.6749    0.0000    3.9696         nan    3.1260    19129686673.5211
  1596.730    4.6851    0.0000    3.9747         nan    3.1280    19296972641.4599
  1610.202    4.6952    0.0000    3.9797         nan    3.1302    19464575070.9168
  1623.674    4.7053    0.0000    3.9847         nan    3.1328    19632510324.9222
  1637.147    4.7150    0.0000    3.9895         nan    3.1358    19800792087.1109
  1650.619    4.7247    0.0000    3.9943         nan    3.1391    19969436268.6744
  1664.091    4.7344    0.0000    3.9991         nan    3.1428    20138462881.5294
  1677.564    4.7441    0.0000    4.0040         nan    3.1469    20307892670.7752
  1677.564    5.1846    0.0000    6.3301         nan    3.1469    20307892670.7752
  1736.596    5.2484    0.0000    6.3727         nan    3.0499    21487781796.4124
  1795.628    5.3089    0.0000    6.4133         nan    2.9516    22638781873.8566
  1854.661    5.3663    0.0000    6.4520         nan    2.8521    23759588289.9636
  1913.693    5.4208    0.0000    6.4887         nan    2.7515    24848961825.5609
  1972.725    5.4724    0.0000    6.5236         nan    2.6498    25905725894.1593
  2031.757    5.5213    0.0000    6.5568         nan    2.5471    26928764251.4863
  2090.790    5.5675    0.0000    6.5882         nan    2.4435    27917019126.1701
  2149.822    5.6113    0.0000    6.6180         nan    2.3390    28869489743.9588
  2208.854    5.6525    0.0000    6.6462         nan    2.2337    29785231236.7252
  2267.887    5.6914    0.0000    6.6728         nan    2.1276    30663353948.1284
  2326.919    5.7280    0.0000    6.6978         nan    2.0209    31503023176.7911
  2385.951    5.7623    0.0000    6.7213         nan    1.9135    32303459437.6479
  2444.983    5.7943    0.0000    6.7434         nan    1.8056    33063939371.8640
  2504.016    5.8243    0.0000    6.7640         nan    1.6972    33783797519.9003
  2563.048    5.8521    0.0000    6.7831         nan    1.5884    34462429303.0344
  2622.080    5.8779    0.0000    6.8009         nan    1.4794    35099295772.6090
  2681.113    5.9016    0.0000    6.8173         nan    1.3702    35693931050.9142
  2740.145    5.9233    0.0000    6.8323         nan    1.2611    36245954038.9327
  2799.177    5.9430    0.0000    6.8459         nan    1.1523    36755087166.3287
  2858.209    5.9608    0.0000    6.8582         nan    1.0443    37221187291.6492
  2917.242    5.9766    0.0000    6.8692         nan    0.9376    37644298637.8341
  2976.274    5.9906    0.0000    6.8789         nan    0.8333    38024748106.6102
  3035.306    6.0026    0.0000    6.8872         nan    0.7334    38363328076.6222
  3094.339    6.0128    0.0000    6.8943         nan    0.6422    38661676428.0250
  3153.371    6.0211    0.0000    6.9000         nan    0.5695    38923154659.7761
  3212.403    6.0276    0.0000    6.9045         nan    0.5441    39155192016.2943
  3271.435    6.0322    0.0000    6.9077         nan    0.6828    39377009082.2236
  3330.468    6.0349    0.0000    6.9096         nan    1.9331    39655484346.1494
  3389.500    6.0358    0.0000    6.9103         nan    0.0000    40444024504.0062
