# Depth[km]  Vp[km/s]  Vs[km/s] Rho[g/cm3]    T[K]     g[m/s2]         P[Pa]        
     0.000    4.0454    2.4196    1.8201    273.1500    3.7291              0.0000
    13.210    4.0454    2.4196    1.8201    328.1877    3.7381       89660375.6710
    13.210    4.2703    2.5541    1.9213    328.1877    3.7381       89660375.6710
    29.712    4.2703    2.5541    1.9213    396.9487    3.7482      208180882.4637
    29.712    5.3405    3.1943    2.4029    396.9487    3.7482      208180882.4637
    44.782    5.3405    3.1943    2.4029    459.7393    3.7515      343901489.5161
    44.782    7.9958    4.5427    3.5185    459.7393    3.7515      343901489.5161
    53.893    7.9877    4.5330    3.5181    497.7043    3.7451      464163617.9229
    63.005    7.9793    4.5231    3.5176    535.6694    3.7387      584203223.2544
    72.116    7.9706    4.5131    3.5170    573.6345    3.7323      704019136.3081
    81.228    7.9614    4.5029    3.5163    611.5996    3.7259      823609132.1699
    90.339    7.9525    4.4930    3.5157    649.5646    3.7196      942973183.4410
    99.451    7.9434    4.4829    3.5151    687.5297    3.7133     1062112989.1515
   108.562    7.9344    4.4730    3.5144    725.4948    3.7070     1181028830.8791
   117.674    7.9248    4.4629    3.5136    763.4599    3.7007     1299719148.7386
   126.785    7.9155    4.4530    3.5129    801.4250    3.6945     1418183329.0975
   135.897    7.9061    4.4431    3.5121    839.3900    3.6883     1536422272.2782
   145.008    7.8963    4.4330    3.5112    877.3551    3.6821     1654434431.6631
   154.120    7.8868    4.4232    3.5104    915.3202    3.6760     1772220478.0735
   163.231    7.8776    4.4134    3.5095    953.2853    3.6699     1889782253.6231
   172.343    7.8674    4.4034    3.5085    991.2503    3.6638     2007117688.1515
   181.454    7.8581    4.3937    3.5076   1029.2154    3.6578     2124227557.1615
   190.566    7.8490    4.3842    3.5067   1067.1805    3.6518     2241114772.3438
   199.677    7.8384    4.3739    3.5056   1105.1456    3.6458     2357776183.1635
   208.789    7.8290    4.3643    3.5047   1143.1106    3.6398     2474212471.9262
   217.900    7.8194    4.3546    3.5037   1181.0757    3.6339     2590427153.2756
   227.012    7.8097    4.3449    3.5027   1219.0408    3.6281     2706419414.6997
   236.123    7.8001    4.3353    3.5016   1257.0059    3.6222     2822189217.1062
   245.235    7.7902    4.3253    3.5006   1294.9709    3.6164     2937738540.8570
   254.346    7.7807    4.3157    3.4996   1332.9360    3.6106     3053068786.6123
   263.458    7.7721    4.3064    3.4985   1370.9011    3.6049     3168180394.1368
   272.569    7.7625    4.2969    3.4973   1408.8662    3.5992     3283072374.1370
   281.681    7.7527    4.2873    3.4962   1446.8313    3.5935     3397744961.6061
   290.792    7.7439    4.2780    3.4951   1484.7963    3.5879     3512200402.5944
   299.904    7.7344    4.2685    3.4939   1522.7614    3.5823     3626439523.2711
   309.015    7.7250    4.2589    3.4928   1560.7265    3.5767     3740463758.9151
   318.127    7.7152    4.2493    3.4917   1598.6916    3.5712     3854274125.3968
   327.238    7.7055    4.2397    3.4904   1636.6566    3.5658     3967869951.1344
   336.350    7.6962    4.2302    3.4893   1674.6217    3.5603     4081253828.2280
   345.461    7.6864    4.2204    3.4881   1712.5868    3.5549     4194427851.4481
   354.573    7.6766    4.2107    3.4869   1750.5519    3.5496     4307390228.0483
   363.684    7.6665    4.2009    3.4856   1788.5169    3.5443     4420141730.6727
   372.796    7.6572    4.1913    3.4844   1826.4820    3.5390     4532685077.6948
   381.907    7.6466    4.1812    3.4831   1864.4471    3.5338     4645020474.2820
   391.019    7.6369    4.1716    3.4818   1902.4122    3.5286     4757148478.9194
   400.130    7.6274    4.1620    3.4806   1940.3772    3.5234     4869072106.4456
   409.242    7.6170    4.1520    3.4793   1978.3423    3.5183     4980791730.3343
   433.779    7.6492    4.1622    3.4885   1983.4875    3.5047     5281566102.1686
   458.317    7.6797    4.1717    3.4974   1988.4537    3.4911     5581955095.7853
   482.855    7.7097    4.1812    3.5063   1993.3319    3.4776     5881942661.7493
   507.393    7.7380    4.1900    3.5149   1997.9868    3.4642     6181515768.8832
   531.931    7.7661    4.1988    3.5234   2002.5860    3.4509     6480662467.0888
   556.469    7.7940    4.2076    3.5318   2007.0505    3.4378     6779378665.5931
   581.007    7.8208    4.2160    3.5403   2011.5810    3.4247     7077665777.4694
   605.545    7.8475    4.2242    3.5486   2015.9312    3.4117     7375523138.9431
   630.083    7.8743    4.2327    3.5569   2020.2037    3.3989     7672949538.8181
   654.621    7.9000    4.2407    3.5650   2024.3029    3.3862     7969942695.7804
   679.159    7.9262    4.2489    3.5733   2028.4621    3.3737     8266506156.6004
   703.697    7.9516    4.2568    3.5814   2032.4409    3.3613     8562650585.3697
   728.235    7.9771    4.2648    3.5895   2036.3395    3.3491     8858377490.2498
   752.772    8.0029    4.2731    3.5977   2040.2759    3.3371     9153698050.8074
   777.310    8.0285    4.2812    3.6058   2044.0517    3.3253     9448626891.1397
   801.848    8.0541    4.2896    3.6140   2047.7626    3.3136     9743176072.4983
   826.386    8.0803    4.2982    3.6224   2051.5100    3.3022    10037368041.7028
   850.924    8.1063    4.3067    3.6307   2055.0906    3.2910    10331223778.0056
   875.462    8.1330    4.3159    3.6393   2058.6578    3.2800    10624765245.3567
   900.000    8.1605    4.3254    3.6482   2062.1626    3.2692    10918028920.1457
   917.897    8.1807    4.3326    3.6547   2064.6743    3.2616    11131673698.0608
   935.794    8.2023    4.3405    3.6616   2067.2072    3.2540    11345208116.5501
   953.691    8.2240    4.3486    3.6687   2069.7336    3.2466    11558656899.1201
   971.588    8.2469    4.3575    3.6761   2072.2568    3.2393    11772040186.8830
   989.485    8.2654    4.3640    3.6822   2074.7876    3.2321    11985335582.3114
  1007.383    8.2965    4.3775    3.6924   2077.3825    3.2251    12198630357.9058
  1025.280    8.3160    4.3840    3.6994   2080.1979    3.2182    12411956651.0491
  1043.177    8.3355    4.3908    3.7063   2083.0177    3.2115    12625226590.1753
  1061.074    8.3545    4.3972    3.7131   2085.7116    3.2049    12838445814.8211
  1078.971    8.3704    4.4021    3.7187   2088.0406    3.1986    13051587745.3495
  1096.868    8.3864    4.4069    3.7246   2090.4410    3.1924    13264635402.0923
  1114.765    8.4251    4.4272    3.7364   2094.6717    3.1864    13477778318.2145
  1132.662    8.5663    4.5156    3.7748   2109.6826    3.1803    13691952033.8847
  1150.559    8.7410    4.6265    3.8208   2128.3583    3.1739    13908117589.6851
  1168.456    8.8961    4.7246    3.8604   2139.6797    3.1671    14126276895.7565
  1186.354    8.9112    4.7292    3.8658   2141.2927    3.1603    14345247080.8415
  1204.251    8.9266    4.7341    3.8714   2143.5718    3.1538    14564058971.3598
  1222.148    8.9411    4.7383    3.8768   2145.5987    3.1474    14782726115.2195
  1240.045    8.9554    4.7424    3.8823   2147.7016    3.1414    15001260435.9201
  1257.942    8.9698    4.7467    3.8878   2149.7537    3.1355    15219681383.2179
  1275.839    8.9835    4.7507    3.8931   2151.5167    3.1299    15438000161.9512
  1293.736    8.9973    4.7546    3.8986   2153.4245    3.1247    15656232278.9894
  1311.633    9.0111    4.7587    3.9041   2155.2263    3.1196    15874403344.6720
  1329.530    9.0246    4.7626    3.9094   2156.8151    3.1149    16092528445.4493
  1347.427    9.0380    4.7665    3.9150   2158.6120    3.1105    16310627640.1717
  1365.324    9.0509    4.7700    3.9205   2160.0461    3.1064    16528726215.2781
  1383.222    9.0642    4.7739    3.9261   2161.5322    3.1027    16746848339.7984
  1401.119    9.0770    4.7774    3.9315   2162.7827    3.0993    16965014059.2152
  1419.016    9.0893    4.7811    3.9365   2163.8185    3.0963    17183227203.8789
  1436.913    9.1312    4.8027    3.9488   2168.7429    3.0936    17401705765.8325
  1454.810    9.1712    4.8240    3.9599   2173.7846    3.0911    17620642241.6473
  1472.707    9.2136    4.8472    3.9720   2178.5011    3.0891    17840047908.5550
  1490.604    9.2568    4.8712    3.9844   2183.3955    3.0873    18059982749.5340
  1508.501    9.3000    4.8954    3.9974   2188.4841    3.0858    18280493451.8520
  1526.398    9.3360    4.9151    4.0087   2192.6503    3.0847    18501571410.0148
  1544.295    9.3493    4.9200    4.0135   2195.0980    3.0841    18723015217.9009
  1562.192    9.3630    4.9247    4.0190   2197.6517    3.0839    18944695446.0177
  1580.090    9.3754    4.9291    4.0234   2199.3821    3.0842    19166636520.6684
  1597.987    9.3890    4.9345    4.0280   2201.6481    3.0851    19388850337.6396
  1597.987    4.3929    0.0000    4.0007         nan    3.0851    19388850337.6396
  1610.453    4.4053    0.0000    4.0059         nan    3.0864    19542822257.5208
  1622.920    4.4176    0.0000    4.0111         nan    3.0879    19697056964.6450
  1635.386    4.4300    0.0000    4.0164         nan    3.0897    19851568014.8619
  1647.853    4.4423    0.0000    4.0216         nan    3.0917    20006369438.0171
  1660.320    4.4547    0.0000    4.0268         nan    3.0941    20161475524.1683
  1672.786    4.4663    0.0000    4.0318         nan    3.0967    20316896126.0427
  1685.253    4.4780    0.0000    4.0367         nan    3.0997    20472641914.0268
  1697.719    4.4897    0.0000    4.0417         nan    3.1030    20628729118.6111
  1710.186    4.5014    0.0000    4.0466         nan    3.1067    20785174538.4748
  1710.186    5.2894    0.0000    6.3916         nan    3.1067    20785174538.4748
  1768.093    5.3593    0.0000    6.4316         nan    3.0099    21938624135.0112
  1826.001    5.4254    0.0000    6.4697         nan    2.9119    23062941669.6407
  1883.908    5.4880    0.0000    6.5058         nan    2.8129    24156916819.2411
  1941.815    5.5473    0.0000    6.5400         nan    2.7128    25219403978.5160
  1999.723    5.6035    0.0000    6.5725         nan    2.6116    26249318708.3651
  2057.630    5.6566    0.0000    6.6033         nan    2.5096    27245634709.4626
  2115.538    5.7068    0.0000    6.6325         nan    2.4067    28207381241.2674
  2173.445    5.7542    0.0000    6.6601         nan    2.3029    29133640928.5238
  2231.352    5.7989    0.0000    6.6861         nan    2.1984    30023547910.7707
  2289.260    5.8409    0.0000    6.7107         nan    2.0932    30876286309.8885
  2347.167    5.8805    0.0000    6.7338         nan    1.9873    31691088999.4328
  2405.075    5.9175    0.0000    6.7554         nan    1.8807    32467236682.0879
  2462.982    5.9522    0.0000    6.7757         nan    1.7736    33204057304.0718
  2520.889    5.9845    0.0000    6.7947         nan    1.6660    33900925861.9966
  2578.797    6.0145    0.0000    6.8123         nan    1.5579    34557264707.5353
  2636.704    6.0423    0.0000    6.8286         nan    1.4494    35172544528.2985
  2694.611    6.0678    0.0000    6.8436         nan    1.3405    35746286309.9250
  2752.519    6.0912    0.0000    6.8573         nan    1.2315    36278064804.2570
  2810.426    6.1125    0.0000    6.8698         nan    1.1223    36767514437.1469
  2868.334    6.1316    0.0000    6.8811         nan    1.0131    37214339379.6286
  2926.241    6.1487    0.0000    6.8911         nan    0.9042    37618331123.8612
  2984.148    6.1637    0.0000    6.9000         nan    0.7960    37979400446.7000
  3042.056    6.1766    0.0000    6.9076         nan    0.6892    38297639025.3156
  3099.963    6.1876    0.0000    6.9141         nan    0.5852    38573447850.4918
  3157.870    6.1965    0.0000    6.9193         nan    0.4875    38807834279.0286
  3215.778    6.2034    0.0000    6.9234         nan    0.4059    39003205366.8108
  3273.685    6.2084    0.0000    6.9263         nan    0.3808    39165982201.2962
  3331.593    6.2113    0.0000    6.9281         nan    0.7382    39318740773.8484
  3389.500    6.2123    0.0000    6.9287         nan    0.0000    39614921096.3236
