# Depth[km]  Vp[km/s]  Vs[km/s] Rho[g/cm3]    T[K]     g[m/s2]         P[Pa]        
     0.000    4.0477    2.4151    1.8199    273.1500    3.7291              0.0000
    12.980    4.0477    2.4151    1.8199    324.7064    3.7379       88089753.0653
    12.980    4.5209    2.6975    2.0327    324.7064    3.7379       88089753.0653
    28.163    4.5209    2.6975    2.0327    385.0194    3.7458      203451540.5794
    28.163    5.8821    3.5097    2.6447    385.0194    3.7458      203451540.5794
    45.528    5.8821    3.5097    2.6447    454.0006    3.7460      375480153.3072
    45.528    7.9590    4.5352    3.5035    454.0006    3.7460      375480153.3072
    55.166    7.9516    4.5259    3.5033    492.2856    3.7393      501967024.2231
    64.804    7.9440    4.5165    3.5031    530.5706    3.7326      628219384.1427
    74.442    7.9357    4.5067    3.5028    568.8557    3.7260      754236043.2804
    84.080    7.9276    4.4971    3.5025    607.1407    3.7193      880016470.8368
    93.717    7.9185    4.4871    3.5020    645.4257    3.7127     1005557973.8626
   103.355    7.9099    4.4773    3.5015    683.7107    3.7062     1130860087.6481
   112.993    7.9013    4.4676    3.5011    721.9958    3.6996     1255925767.3728
   122.631    7.8920    4.4576    3.5005    760.2808    3.6931     1380752651.7109
   132.269    7.8832    4.4478    3.5001    798.5658    3.6866     1505340631.8828
   141.907    7.8738    4.4380    3.4994    836.8509    3.6801     1629689836.8127
   151.545    7.8647    4.4282    3.4989    875.1359    3.6737     1753799319.6207
   161.182    7.8554    4.4184    3.4982    913.4209    3.6673     1877670721.9120
   170.820    7.8457    4.4085    3.4975    951.7059    3.6609     2001302513.8321
   180.458    7.8364    4.3986    3.4968    989.9910    3.6546     2124695221.8916
   190.096    7.8269    4.3888    3.4961   1028.2760    3.6483     2247849705.7416
   199.734    7.8170    4.3788    3.4953   1066.5610    3.6421     2370764273.3353
   209.372    7.8070    4.3689    3.4944   1104.8460    3.6358     2493438651.2491
   219.009    7.7975    4.3591    3.4937   1143.1311    3.6296     2615875773.6513
   228.647    7.7877    4.3492    3.4928   1181.4161    3.6235     2738076690.3024
   238.285    7.7784    4.3396    3.4921   1219.7011    3.6174     2860042379.3574
   247.923    7.7674    4.3291    3.4909   1257.9862    3.6113     2981769043.9668
   257.561    7.7588    4.3198    3.4903   1296.2712    3.6052     3103260083.6200
   267.199    7.7491    4.3101    3.4893   1334.5562    3.5992     3224519300.8141
   276.837    7.7399    4.3005    3.4884   1372.8412    3.5933     3345544249.5190
   286.474    7.7309    4.2911    3.4876   1411.1263    3.5873     3466338254.3257
   296.112    7.7208    4.2812    3.4865   1449.4113    3.5814     3586900167.2690
   305.750    7.7117    4.2717    3.4856   1487.6963    3.5756     3707230620.0507
   315.388    7.7024    4.2623    3.4846   1525.9813    3.5698     3827331813.2264
   325.026    7.6923    4.2524    3.4837   1564.2664    3.5640     3947204451.6290
   334.664    7.6828    4.2427    3.4827   1602.5514    3.5583     4066849517.0862
   344.301    7.6730    4.2330    3.4816   1640.8364    3.5526     4186268063.3524
   353.939    7.6632    4.2232    3.4806   1679.1215    3.5470     4305461185.3846
   363.577    7.6529    4.2133    3.4795   1717.4065    3.5414     4424429048.7003
   373.215    7.6440    4.2039    3.4785   1755.6915    3.5359     4543174071.3056
   382.853    7.6332    4.1937    3.4775   1793.9765    3.5304     4661698123.9948
   392.491    7.6231    4.1837    3.4764   1832.2616    3.5249     4780001857.9747
   402.128    7.6133    4.1740    3.4754   1870.5466    3.5195     4898088230.8965
   411.766    7.6035    4.1642    3.4744   1908.8316    3.5141     5015958390.2070
   421.404    7.5925    4.1538    3.4732   1947.1167    3.5088     5133610966.9231
   431.042    7.5824    4.1439    3.4721   1985.4017    3.5036     5251047495.8483
   454.490    7.6149    4.1536    3.4810   1990.3344    3.4909     5536652913.2544
   477.938    7.6461    4.1629    3.4898   1995.1522    3.4782     5821945441.6760
   501.386    7.6762    4.1718    3.4983   1999.7952    3.4656     6106908969.8084
   524.834    7.7056    4.1804    3.5068   2004.3870    3.4532     6391532412.4943
   548.282    7.7341    4.1888    3.5151   2008.8297    3.4408     6675809082.5121
   571.729    7.7622    4.1971    3.5232   2013.1616    3.4285     6959729390.6006
   595.177    7.7893    4.2050    3.5313   2017.3534    3.4163     7243289379.4164
   618.625    7.8168    4.2133    3.5393   2021.4889    3.4043     7526488992.2332
   642.073    7.8432    4.2210    3.5473   2025.5822    3.3923     7809325934.8599
   665.521    7.8696    4.2288    3.5551   2029.6095    3.3806     8091801208.3387
   688.969    7.8959    4.2368    3.5630   2033.5058    3.3689     8373919242.8119
   712.417    7.9214    4.2443    3.5708   2037.2908    3.3574     8655682929.4815
   735.865    7.9467    4.2518    3.5785   2041.0034    3.3461     8937094980.1306
   759.313    7.9725    4.2596    3.5863   2044.7901    3.3349     9218166516.9094
   782.761    7.9979    4.2673    3.5941   2048.4118    3.3240     9498910040.9416
   806.208    8.0233    4.2751    3.6019   2051.9877    3.3132     9779335621.2176
   829.656    8.0482    4.2827    3.6096   2055.4171    3.3026    10059452971.8543
   853.104    8.0741    4.2908    3.6175   2058.9765    3.2922    10339282395.0769
   876.552    8.1002    4.2992    3.6256   2062.3435    3.2821    10618851743.7580
   900.000    8.1267    4.3079    3.6338   2065.6609    3.2721    10898184125.6671
   917.306    8.1465    4.3145    3.6400   2068.1465    3.2649    11104132646.2107
   934.612    8.1679    4.3221    3.6467   2070.5812    3.2579    11309991804.0746
   951.918    8.1880    4.3291    3.6528   2072.9807    3.2509    11515768027.4172
   969.224    8.2092    4.3365    3.6597   2075.4441    3.2441    11721472752.7826
   986.530    8.2293    4.3435    3.6661   2077.8420    3.2375    11927118330.4989
  1003.837    8.2552    4.3538    3.6743   2080.3132    3.2310    12132750702.6851
  1021.143    8.2809    4.3642    3.6824   2082.8710    3.2246    12338424736.0251
  1038.449    8.3057    4.3740    3.6904   2085.4270    3.2183    12544142983.2626
  1055.755    8.3229    4.3795    3.6961   2087.6107    3.2122    12749845639.9178
  1073.061    8.3403    4.3850    3.7020   2089.7957    3.2063    12955480406.1001
  1090.367    8.3574    4.3905    3.7078   2091.9901    3.2006    13161059224.1546
  1107.673    8.3750    4.3963    3.7137   2094.1579    3.1950    13366593753.7830
  1124.979    8.4874    4.4655    3.7446   2105.6383    3.1895    13572791943.9637
  1142.285    8.6611    4.5757    3.7907   2122.4223    3.1837    13780759395.0263
  1159.591    8.8498    4.6963    3.8391   2137.3580    3.1775    13990951254.5529
  1176.898    8.8672    4.7025    3.8447   2139.7448    3.1712    14202219060.0764
  1194.204    8.8828    4.7074    3.8500   2142.0670    3.1651    14413367478.5838
  1211.510    8.8998    4.7118    3.8568   2145.0327    3.1593    14624443354.7811
  1228.816    8.9152    4.7164    3.8624   2147.4972    3.1536    14835464876.5298
  1246.122    8.9306    4.7211    3.8679   2149.9795    3.1482    15046409920.0969
  1263.428    8.9461    4.7260    3.8734   2152.3876    3.1430    15257294316.7494
  1280.734    8.9617    4.7308    3.8791   2154.8627    3.1381    15468137058.0591
  1298.040    8.9762    4.7355    3.8842   2157.1913    3.1334    15678940855.2119
  1315.346    8.9910    4.7400    3.8896   2159.7873    3.1290    15889715542.0383
  1332.652    9.0061    4.7448    3.8952   2162.2338    3.1249    16100493742.9728
  1349.958    9.0197    4.7494    3.8999   2164.4945    3.1211    16311274025.5452
  1367.265    9.0343    4.7541    3.9052   2166.8978    3.1176    16522066928.8125
  1384.571    9.0475    4.7587    3.9097   2169.0798    3.1145    16732887928.0517
  1401.877    9.0719    4.7695    3.9166   2172.6586    3.1117    16943803267.0815
  1419.183    9.1156    4.7927    3.9279   2178.9522    3.1091    17155017469.0107
  1436.489    9.1544    4.8137    3.9372   2184.8183    3.1069    17366614766.6260
  1453.795    9.1968    4.8374    3.9476   2190.7298    3.1050    17578590615.0454
  1471.101    9.2365    4.8595    3.9576   2196.6088    3.1033    17790983874.7282
  1488.407    9.2800    4.8833    3.9695   2203.1067    3.1020    18003854290.0656
  1505.713    9.3211    4.9067    3.9804   2209.5341    3.1011    18217245943.6267
  1523.019    9.3632    4.9311    3.9917   2216.1617    3.1005    18431166012.2274
  1540.326    9.3774    4.9365    3.9965   2218.3144    3.1002    18645475624.4936
  1557.632    9.3902    4.9410    4.0010   2220.3940    3.1005    18860019939.7506
  1574.938    9.4028    4.9454    4.0054   2222.4816    3.1013    19074821597.4879
  1574.938    4.2881    0.0000    4.0445         nan    3.1013    19074821597.4879
  1588.490    4.3001    0.0000    4.0507         nan    3.1018    19244938950.7483
  1602.042    4.3121    0.0000    4.0569         nan    3.1025    19415344145.1721
  1615.594    4.3240    0.0000    4.0631         nan    3.1036    19586053240.8961
  1629.146    4.3360    0.0000    4.0693         nan    3.1050    19757082921.7312
  1642.699    4.3477    0.0000    4.0754         nan    3.1067    19928448090.0644
  1656.251    4.3590    0.0000    4.0813         nan    3.1088    20100160437.7102
  1669.803    4.3703    0.0000    4.0872         nan    3.1112    20272234873.3870
  1683.355    4.3817    0.0000    4.0931         nan    3.1140    20444691008.0062
  1696.907    4.3930    0.0000    4.0990         nan    3.1171    20617549211.3043
  1696.907    5.3338    0.0000    6.3621         nan    3.1171    20617549211.3043
  1755.273    5.4004    0.0000    6.4017         nan    3.0200    21778608916.0381
  1813.638    5.4635    0.0000    6.4395         nan    2.9218    22910329170.7758
  1872.003    5.5233    0.0000    6.4753         nan    2.8224    24011507476.6879
  1930.368    5.5800    0.0000    6.5094         nan    2.7221    25081003483.6064
  1988.734    5.6337    0.0000    6.5417         nan    2.6207    26117735963.3465
  2047.099    5.6846    0.0000    6.5724         nan    2.5184    27120680239.4653
  2105.464    5.7327    0.0000    6.6015         nan    2.4152    28088866013.7876
  2163.829    5.7782    0.0000    6.6290         nan    2.3112    29021375545.4483
  2222.195    5.8210    0.0000    6.6550         nan    2.2064    29917342153.8023
  2280.560    5.8614    0.0000    6.6795         nan    2.1010    30775949036.8670
  2338.925    5.8994    0.0000    6.7026         nan    1.9948    31596428408.7072
  2397.291    5.9351    0.0000    6.7243         nan    1.8881    32378060981.4742
  2455.656    5.9684    0.0000    6.7446         nan    1.7807    33120175852.6264
  2514.021    5.9995    0.0000    6.7636         nan    1.6729    33822150896.0949
  2572.386    6.0284    0.0000    6.7812         nan    1.5647    34483413826.7748
  2630.752    6.0551    0.0000    6.7975         nan    1.4561    35103444217.3812
  2689.117    6.0797    0.0000    6.8126         nan    1.3472    35681776934.4924
  2747.482    6.1022    0.0000    6.8264         nan    1.2382    36218007793.7436
  2805.847    6.1227    0.0000    6.8389         nan    1.1292    36711802848.8942
  2864.213    6.1412    0.0000    6.8502         nan    1.0204    37162913919.7387
  2922.578    6.1576    0.0000    6.8603         nan    0.9122    37571205406.1614
  2980.943    6.1721    0.0000    6.8692         nan    0.8052    37936702778.0336
  3039.308    6.1846    0.0000    6.8769         nan    0.7003    38259685779.3056
  3097.674    6.1951    0.0000    6.8833         nan    0.5997    38540882404.5887
  3156.039    6.2037    0.0000    6.8886         nan    0.5087    38781917336.9810
  3214.404    6.2104    0.0000    6.8927         nan    0.4421    38986509286.2845
  3272.769    6.2152    0.0000    6.8957         nan    0.4605    39164416335.1733
  3331.135    6.2181    0.0000    6.8974         nan    1.0541    39349757567.2904
  3389.500    6.2190    0.0000    6.8980         nan    0.0000    39774118273.2582
