# Depth[km]  Vp[km/s]  Vs[km/s] Rho[g/cm3]    T[K]     g[m/s2]         P[Pa]        
     0.000    3.8109    2.2769    1.7554    273.1500    3.7291              0.0000
    11.994    3.8109    2.2769    1.7554    317.7179    3.7379       78514012.5676
    11.994    4.8912    2.9223    2.2530    317.7179    3.7379       78514012.5676
    29.123    4.8912    2.9223    2.2530    381.3690    3.7436      222760570.8040
    29.123    6.3061    3.7677    2.9047    381.3690    3.7436      222760570.8040
    45.404    6.3061    3.7677    2.9047    441.8718    3.7402      399805164.8568
    45.404    7.9532    4.5330    3.4846    441.8718    3.7402      399805164.8568
    55.362    7.9481    4.5253    3.4848    478.8742    3.7334      529586724.0359
    65.319    7.9427    4.5175    3.4849    515.8766    3.7266      659137382.8282
    75.277    7.9370    4.5095    3.4850    552.8790    3.7199      788455499.3784
    85.234    7.9310    4.5013    3.4849    589.8814    3.7131      917539696.1413
    95.192    7.9242    4.4928    3.4848    626.8838    3.7064     1046386675.8883
   105.149    7.9180    4.4845    3.4847    663.8861    3.6997     1174996217.8899
   115.107    7.9116    4.4762    3.4846    700.8885    3.6931     1303370227.1478
   125.064    7.9052    4.4678    3.4845    737.8909    3.6865     1431508840.4641
   135.021    7.8981    4.4592    3.4841    774.8933    3.6799     1559409689.7003
   144.979    7.8917    4.4509    3.4840    811.8957    3.6733     1687072681.8764
   154.936    7.8851    4.4425    3.4837    848.8981    3.6668     1814499742.6933
   164.894    7.8777    4.4339    3.4833    885.9004    3.6603     1941687276.9674
   174.851    7.8708    4.4254    3.4829    922.9028    3.6538     2068634586.3688
   184.809    7.8644    4.4171    3.4826    959.9052    3.6474     2195345467.5956
   194.766    7.8574    4.4087    3.4821    996.9076    3.6410     2321819472.3625
   204.724    7.8504    4.4002    3.4817   1033.9100    3.6346     2448055017.8230
   214.681    7.8431    4.3917    3.4811   1070.9124    3.6283     2574051207.1920
   224.638    7.8365    4.3833    3.4807   1107.9148    3.6220     2699810009.4810
   234.596    7.8294    4.3748    3.4802   1144.9171    3.6157     2825334363.2826
   244.553    7.8224    4.3664    3.4797   1181.9195    3.6095     2950623580.8344
   254.511    7.8164    4.3583    3.4792   1218.9219    3.6033     3075678535.8033
   264.468    7.8089    4.3496    3.4785   1255.9243    3.5972     3200498616.4939
   274.426    7.8018    4.3412    3.4780   1292.9267    3.5910     3325084882.8446
   284.383    7.7950    4.3328    3.4775   1329.9291    3.5850     3449440498.6475
   294.341    7.7887    4.3248    3.4769   1366.9314    3.5789     3573565898.2902
   304.298    7.7819    4.3164    3.4762   1403.9338    3.5730     3697460808.5508
   314.255    7.7745    4.3079    3.4755   1440.9362    3.5670     3821123671.2661
   324.213    7.7678    4.2996    3.4749   1477.9386    3.5611     3944557147.5789
   334.170    7.7609    4.2912    3.4743   1514.9410    3.5552     4067765382.4923
   344.128    7.7538    4.2828    3.4735   1551.9434    3.5494     4190746113.6651
   354.085    7.7471    4.2745    3.4729   1588.9457    3.5436     4313500474.0330
   364.043    7.7401    4.2661    3.4722   1625.9481    3.5379     4436031833.2495
   374.000    7.7330    4.2577    3.4714   1662.9505    3.5322     4558338582.1616
   383.957    7.7262    4.2493    3.4708   1699.9529    3.5266     4680423179.4237
   393.915    7.7196    4.2411    3.4701   1736.9553    3.5210     4802290090.1772
   403.872    7.7115    4.2322    3.4692   1773.9577    3.5154     4923936484.0093
   413.830    7.7050    4.2239    3.4686   1810.9601    3.5099     5045363963.5112
   423.787    7.6976    4.2153    3.4677   1847.9624    3.5045     5166574620.5724
   433.745    7.6903    4.2067    3.4670   1884.9648    3.4991     5287569347.1264
   443.702    7.6827    4.1979    3.4661   1921.9672    3.4937     5408350034.4009
   466.517    7.7104    4.2063    3.4741   1926.3059    3.4816     5684949675.7378
   489.332    7.7368    4.2142    3.4821   1930.6172    3.4695     5961220391.7775
   512.147    7.7630    4.2220    3.4899   1934.8820    3.4575     6237158016.9696
   534.962    7.7886    4.2296    3.4978   1939.0980    3.4456     6512760134.3552
   557.777    7.8129    4.2367    3.5053   1943.0372    3.4338     6788015789.3351
   580.591    7.8381    4.2443    3.5129   1947.0519    3.4221     7062921287.3422
   603.406    7.8616    4.2510    3.5204   1950.9471    3.4105     7337479766.9097
   626.221    7.8852    4.2579    3.5278   1954.8506    3.3991     7611690190.1946
   649.036    7.9094    4.2650    3.5353   1958.7619    3.3878     7885559618.6329
   671.851    7.9331    4.2721    3.5426   1962.4544    3.3766     8159091170.4503
   694.666    7.9559    4.2786    3.5498   1966.1084    3.3656     8432281940.4493
   717.481    7.9787    4.2852    3.5570   1969.7126    3.3547     8705134665.2487
   740.296    8.0021    4.2921    3.5644   1973.4478    3.3440     8977663528.0397
   763.111    8.0244    4.2985    3.5715   1976.9228    3.3335     9249875642.1395
   785.926    8.0472    4.3051    3.5788   1980.3710    3.3232     9521778344.0704
   808.740    8.0700    4.3120    3.5859   1983.7732    3.3130     9793383455.5122
   831.555    8.0916    4.3181    3.5929   1987.1324    3.3031    10064694725.5638
   854.370    8.1149    4.3252    3.6002   1990.4175    3.2934    10335732097.2255
   877.185    8.1379    4.3322    3.6075   1993.6735    3.2839    10606520861.1596
   900.000    8.1607    4.3392    3.6149   1996.9104    3.2746    10877077137.3904
   916.677    8.1779    4.3446    3.6203   1999.2768    3.2680    11074638977.4865
   933.354    8.1944    4.3496    3.6256   2001.5668    3.2615    11272092780.1345
   950.032    8.2124    4.3555    3.6313   2003.8480    3.2551    11469453357.9134
   966.709    8.2312    4.3620    3.6373   2006.3501    3.2489    11666748532.8808
   983.386    8.2500    4.3684    3.6433   2008.6715    3.2428    11863992353.0571
  1000.063    8.2688    4.3749    3.6494   2011.0153    3.2369    12061193428.3592
  1016.740    8.2885    4.3819    3.6558   2013.2704    3.2311    12258369038.0292
  1033.418    8.3089    4.3895    3.6624   2015.5603    3.2255    12455541467.6282
  1050.095    8.3244    4.3941    3.6676   2017.7347    3.2200    12652687075.2344
  1066.772    8.3399    4.3986    3.6728   2019.8717    3.2147    12849777103.2506
  1083.449    8.3554    4.4033    3.6780   2021.9340    3.2096    13046820831.1823
  1100.126    8.4350    4.4516    3.6999   2030.5464    3.2045    13244277273.7802
  1116.804    8.5724    4.5392    3.7364   2043.7048    3.1993    13442985781.8811
  1133.481    8.7326    4.6424    3.7779   2061.2373    3.1939    13643452831.3334
  1150.158    8.8182    4.6945    3.8004   2065.8234    3.1882    13845281822.1269
  1166.835    8.8335    4.6987    3.8058   2068.2529    3.1827    14047496644.7947
  1183.512    8.8475    4.7026    3.8106   2070.5403    3.1773    14249628683.8919
  1200.190    8.8641    4.7072    3.8167   2072.9203    3.1721    14451707389.1478
  1216.867    8.8794    4.7115    3.8221   2075.2300    3.1672    14653761132.1585
  1233.544    8.8946    4.7157    3.8276   2077.6005    3.1625    14855788317.9995
  1250.221    8.9102    4.7200    3.8332   2079.9490    3.1580    15057808372.4011
  1266.898    8.9251    4.7242    3.8386   2082.2993    3.1537    15259830974.9097
  1283.575    8.9405    4.7286    3.8442   2084.6570    3.1497    15461869914.2908
  1300.253    8.9555    4.7329    3.8497   2087.0174    3.1459    15663943123.1171
  1316.930    8.9706    4.7372    3.8552   2089.3687    3.1424    15866064324.1562
  1333.607    8.9858    4.7415    3.8609   2091.7472    3.1392    16068253991.8234
  1350.284    9.0010    4.7461    3.8665   2094.0756    3.1363    16270531020.4235
  1366.961    9.0377    4.7641    3.8760   2099.2923    3.1336    16473014679.6173
  1383.639    9.0772    4.7842    3.8860   2104.7899    3.1312    16675835855.3226
  1400.316    9.1146    4.8032    3.8958   2110.4565    3.1291    16879016982.7947
  1416.993    9.1533    4.8231    3.9060   2115.9625    3.1272    17082580100.3759
  1433.670    9.1912    4.8428    3.9162   2121.8742    3.1256    17286553568.9596
  1450.347    9.2321    4.8648    3.9272   2127.6264    3.1242    17490973643.0945
  1467.025    9.2712    4.8860    3.9379   2133.7016    3.1232    17695871045.1054
  1483.702    9.3109    4.9076    3.9491   2140.0680    3.1224    17901270351.6030
  1500.379    9.3282    4.9144    3.9549   2142.5246    3.1220    18107063548.4875
  1517.056    9.3422    4.9190    3.9600   2144.6641    3.1221    18313115904.3572
  1533.733    9.3560    4.9233    3.9652   2146.9119    3.1225    18519437568.2656
  1550.411    9.3695    4.9277    3.9701   2149.0699    3.1234    18726051836.3006
  1550.411    4.8271    0.0000    4.0304         nan    3.1234    18726051836.3006
  1564.507    4.8394    0.0000    4.0354         nan    3.1238    18903614631.3270
  1578.604    4.8516    0.0000    4.0405         nan    3.1245    19081423468.9404
  1592.700    4.8638    0.0000    4.0456         nan    3.1255    19259496702.3643
  1606.796    4.8761    0.0000    4.0507         nan    3.1269    19437853385.1497
  1620.893    4.8880    0.0000    4.0557         nan    3.1286    19616510605.4185
  1634.989    4.8996    0.0000    4.0605         nan    3.1307    19795483564.2861
  1649.086    4.9112    0.0000    4.0654         nan    3.1332    19974791021.7201
  1663.182    4.9228    0.0000    4.0702         nan    3.1361    20154455280.6132
  1677.279    4.9344    0.0000    4.0750         nan    3.1394    20334499486.6280
  1677.279    5.0917    0.0000    6.3149         nan    3.1394    20334499486.6280
  1736.321    5.1749    0.0000    6.3588         nan    3.0425    21509094528.6627
  1795.363    5.2533    0.0000    6.4003         nan    2.9443    22655102120.5709
  1854.405    5.3273    0.0000    6.4394         nan    2.8449    23771126711.1651
  1913.447    5.3970    0.0000    6.4765         nan    2.7443    24855857133.0075
  1972.489    5.4627    0.0000    6.5115         nan    2.6426    25908060355.7354
  2031.531    5.5247    0.0000    6.5445         nan    2.5398    26926576269.1308
  2090.574    5.5832    0.0000    6.5758         nan    2.4361    27910313310.5556
  2149.616    5.6382    0.0000    6.6052         nan    2.3315    28858244794.2428
  2208.658    5.6899    0.0000    6.6329         nan    2.2260    29769405835.0845
  2267.700    5.7385    0.0000    6.6590         nan    2.1198    30642890798.3019
  2326.742    5.7841    0.0000    6.6835         nan    2.0128    31477851229.1712
  2385.784    5.8267    0.0000    6.7065         nan    1.9052    32273494244.5157
  2444.826    5.8665    0.0000    6.7279         nan    1.7969    33029081399.6015
  2503.868    5.9036    0.0000    6.7479         nan    1.6881    33743928084.8814
  2562.910    5.9380    0.0000    6.7664         nan    1.5788    34417403562.8647
  2621.953    5.9697    0.0000    6.7836         nan    1.4690    35048931846.3109
  2680.995    5.9989    0.0000    6.7993         nan    1.3590    35637993768.5930
  2740.037    6.0256    0.0000    6.8138         nan    1.2487    36184130858.6348
  2799.079    6.0498    0.0000    6.8269         nan    1.1382    36686952113.1349
  2858.121    6.0717    0.0000    6.8387         nan    1.0279    37146145688.3443
  2917.163    6.0911    0.0000    6.8492         nan    0.9179    37561499438.5607
  2976.205    6.1081    0.0000    6.8585         nan    0.8087    37932938392.0094
  3035.247    6.1229    0.0000    6.8664         nan    0.7011    38260597112.3734
  3094.289    6.1353    0.0000    6.8732         nan    0.5968    38544970625.4955
  3153.332    6.1455    0.0000    6.8787         nan    0.4998    38787263669.8825
  3212.374    6.1533    0.0000    6.8830         nan    0.4217    38990323558.8961
  3271.416    6.1590    0.0000    6.8860         nan    0.4089    39161714450.7825
  3330.458    6.1623    0.0000    6.8878         nan    0.8400    39327994315.6487
  3389.500    6.1635    0.0000    6.8884         nan    0.0000    39669606409.9262
