# Depth[km]  Vp[km/s]  Vs[km/s] Rho[g/cm3]    T[K]     g[m/s2]         P[Pa]        
     0.000    3.4329    2.0111    1.5166    273.1500    3.7291              0.0000
    10.271    3.4329    2.0111    1.5166    310.8457    3.7387       58088400.0312
    10.271    4.9026    2.8721    2.1659    310.8457    3.7387       58088400.0312
    26.088    4.9026    2.8721    2.1659    368.8975    3.7451      186160949.6151
    26.088    6.6202    3.8783    2.9247    368.8975    3.7451      186160949.6151
    41.426    6.6202    3.8783    2.9247    425.1967    3.7417      354167743.6426
    41.426    7.9558    4.5364    3.4848    425.1967    3.7417      354167743.6426
    51.439    7.9515    4.5292    3.4850    461.9484    3.7348      484729348.6852
    61.452    7.9464    4.5215    3.4852    498.7000    3.7279      615059105.5063
    71.465    7.9411    4.5137    3.4853    535.4516    3.7211      745155609.1797
    81.478    7.9353    4.5056    3.4854    572.2032    3.7143      875017276.3167
    91.491    7.9295    4.4976    3.4854    608.9548    3.7075     1004643232.3625
   101.504    7.9229    4.4891    3.4852    645.7064    3.7008     1134030717.4159
   111.517    7.9168    4.4809    3.4852    682.4581    3.6941     1263179574.1730
   121.531    7.9105    4.4727    3.4851    719.2097    3.6874     1392091756.9545
   131.544    7.9043    4.4644    3.4850    755.9613    3.6807     1520766518.3873
   141.557    7.8974    4.4559    3.4847    792.7129    3.6741     1649201850.4929
   151.570    7.8911    4.4477    3.4846    829.4645    3.6675     1777398389.1018
   161.583    7.8842    4.4393    3.4842    866.2161    3.6609     1905355795.6303
   171.596    7.8776    4.4309    3.4840    902.9678    3.6544     2033072975.4217
   181.609    7.8710    4.4226    3.4836    939.7194    3.6479     2160551143.0055
   191.622    7.8647    4.4145    3.4834    976.4710    3.6415     2287792006.1872
   201.635    7.8577    4.4059    3.4829   1013.2226    3.6350     2414794314.4765
   211.648    7.8512    4.3978    3.4825   1049.9742    3.6286     2541556525.5530
   221.661    7.8440    4.3892    3.4819   1086.7259    3.6223     2668077813.1720
   231.674    7.8369    4.3807    3.4815   1123.4775    3.6159     2794358991.9638
   241.687    7.8305    4.3725    3.4812   1160.2291    3.6096     2920405561.5691
   251.700    7.8239    4.3642    3.4807   1196.9807    3.6034     3046218165.1757
   261.713    7.8176    4.3561    3.4802   1233.7323    3.5972     3171795693.1674
   271.726    7.8108    4.3478    3.4796   1270.4839    3.5910     3297136860.9953
   281.739    7.8038    4.3394    3.4791   1307.2356    3.5849     3422243247.2289
   291.752    7.7977    4.3314    3.4786   1343.9872    3.5788     3547117982.7088
   301.765    7.7912    4.3232    3.4781   1380.7388    3.5727     3671762044.0781
   311.778    7.7849    4.3151    3.4775   1417.4904    3.5667     3796176160.5657
   321.791    7.7774    4.3065    3.4768   1454.2420    3.5607     3920358429.8386
   331.804    7.7713    4.2986    3.4763   1490.9937    3.5548     4044311109.6132
   341.817    7.7645    4.2903    3.4757   1527.7453    3.5489     4168036774.4580
   351.830    7.7571    4.2818    3.4750   1564.4969    3.5430     4291533044.8908
   361.843    7.7508    4.2737    3.4744   1601.2485    3.5372     4414802466.3641
   371.856    7.7442    4.2655    3.4738   1638.0001    3.5315     4537849376.9725
   381.869    7.7368    4.2569    3.4730   1674.7517    3.5258     4660672004.8119
   391.882    7.7304    4.2488    3.4724   1711.5034    3.5201     4783270707.7897
   401.895    7.7240    4.2406    3.4718   1748.2550    3.5145     4905649829.2945
   411.908    7.7164    4.2319    3.4710   1785.0066    3.5089     5027808917.9404
   421.921    7.7098    4.2236    3.4704   1821.7582    3.5034     5149749749.7765
   431.934    7.7023    4.2150    3.4695   1858.5098    3.4979     5271473090.3766
   441.947    7.6960    4.2068    3.4689   1895.2614    3.4925     5392979929.7089
   464.850    7.7230    4.2149    3.4769   1899.5943    3.4801     5670763962.9730
   487.753    7.7494    4.2227    3.4849   1903.8932    3.4679     5948206932.4203
   510.655    7.7749    4.2303    3.4926   1907.8762    3.4558     6225296949.5657
   533.558    7.8011    4.2382    3.5004   1911.9509    3.4437     6502027938.9593
   556.460    7.8258    4.2455    3.5080   1915.9122    3.4317     6778401502.1981
   579.363    7.8501    4.2526    3.5156   1919.8529    3.4199     7054412874.9353
   602.266    7.8742    4.2596    3.5231   1923.8058    3.4082     7330063580.2508
   625.168    7.8985    4.2668    3.5306   1927.7220    3.3966     7605358028.6002
   648.071    7.9220    4.2736    3.5380   1931.4003    3.3851     7880293684.3342
   670.974    7.9452    4.2804    3.5453   1935.0237    3.3738     8154867894.8899
   693.876    7.9682    4.2870    3.5525   1938.6310    3.3626     8429085999.8200
   716.779    7.9918    4.2939    3.5599   1942.3535    3.3516     8702960276.9960
   739.682    8.0148    4.3008    3.5671   1945.8208    3.3407     8976496315.5225
   762.584    8.0369    4.3069    3.5743   1949.2553    3.3300     9249693956.2926
   785.487    8.0598    4.3137    3.5815   1952.6882    3.3195     9522564751.2150
   808.389    8.0831    4.3208    3.5887   1955.9975    3.3092     9795125050.6824
   831.292    8.1050    4.3271    3.5958   1959.3158    3.2991    10067382423.4741
   854.195    8.1279    4.3340    3.6030   1962.5431    3.2892    10339349521.2058
   877.097    8.1507    4.3409    3.6103   1965.7683    3.2796    10611046374.1717
   900.000    8.1732    4.3476    3.6175   1968.9687    3.2701    10882486730.1359
   916.882    8.1909    4.3533    3.6231   1971.2950    3.2633    11082347315.9075
   933.764    8.2075    4.3583    3.6284   1973.5767    3.2567    11282093671.8308
   950.645    8.2273    4.3652    3.6347   1976.0319    3.2501    11481748398.5572
   967.527    8.2456    4.3714    3.6405   1978.3175    3.2437    11681334825.8298
   984.409    8.2635    4.3772    3.6463   1980.6059    3.2375    11880846708.6854
  1001.291    8.2827    4.3840    3.6524   1982.8401    3.2314    12080299063.0480
  1018.172    8.3024    4.3909    3.6589   1985.1257    3.2254    12279718845.3682
  1035.054    8.3227    4.3985    3.6655   1987.4139    3.2196    12479125375.0783
  1051.936    8.3386    4.4032    3.6708   1989.5430    3.2140    12678495694.3907
  1068.818    8.3543    4.4079    3.6760   1991.6272    3.2085    12877801700.3605
  1085.699    8.3961    4.4303    3.6881   1996.2955    3.2032    13077239581.3594
  1102.581    8.5207    4.5093    3.7217   2008.5112    3.1978    13277582642.8572
  1119.463    8.6750    4.6083    3.7622   2022.9621    3.1922    13479589655.4028
  1136.345    8.8174    4.6993    3.7989   2035.1807    3.1862    13683320261.5311
  1153.226    8.8339    4.7046    3.8044   2037.4539    3.1803    13887807435.7176
  1170.108    8.8491    4.7087    3.8098   2039.7546    3.1745    14092206531.2400
  1186.990    8.8647    4.7130    3.8153   2042.0768    3.1690    14296528091.7681
  1203.872    8.8802    4.7173    3.8209   2044.4227    3.1637    14500789981.0527
  1220.753    8.8958    4.7216    3.8265   2046.7606    3.1585    14705006672.9857
  1237.635    8.9110    4.7258    3.8320   2049.0873    3.1536    14909187746.9238
  1254.517    8.9267    4.7302    3.8377   2051.4170    3.1490    15113350760.1119
  1271.399    8.9422    4.7346    3.8433   2053.7596    3.1446    15317513811.6068
  1288.280    8.9573    4.7389    3.8488   2056.1117    3.1404    15521685752.8652
  1305.162    8.9725    4.7432    3.8544   2058.4548    3.1365    15725881086.9085
  1322.044    8.9881    4.7476    3.8602   2060.8219    3.1329    15930123917.7136
  1338.926    9.0081    4.7551    3.8667   2063.6860    3.1295    16134455091.3109
  1355.807    9.0468    4.7743    3.8765   2069.1489    3.1264    16338998127.9393
  1372.689    9.0867    4.7945    3.8867   2074.6395    3.1235    16543867780.5691
  1389.571    9.1262    4.8148    3.8970   2080.2445    3.1209    16749090373.0377
  1406.453    9.1635    4.8337    3.9070   2085.7795    3.1186    16954674555.7380
  1423.334    9.2030    4.8544    3.9177   2091.6122    3.1165    17160647006.4512
  1440.216    9.2426    4.8755    3.9284   2097.3843    3.1147    17367044896.9888
  1457.098    9.2828    4.8973    3.9395   2103.4838    3.1131    17573897876.5862
  1473.980    9.3183    4.9163    3.9495   2108.8445    3.1119    17781202894.1051
  1490.861    9.3329    4.9209    3.9549   2111.0563    3.1110    17988830740.8326
  1507.743    9.3472    4.9255    3.9603   2113.2590    3.1106    18196684128.3520
  1524.625    9.3611    4.9299    3.9655   2115.4616    3.1105    18404781956.6779
  1541.507    9.3745    4.9342    3.9704   2117.5963    3.1109    18613141152.9082
  1558.388    9.3882    4.9387    3.9754   2119.7558    3.1118    18821789071.9643
  1558.388    5.2060    0.0000    4.0063         nan    3.1118    18821789071.9643
  1575.104    5.2169    0.0000    4.0114         nan    3.1126    19030314560.4542
  1591.821    5.2278    0.0000    4.0165         nan    3.1140    19239164022.8459
  1608.537    5.2387    0.0000    4.0216         nan    3.1159    19448369691.7924
  1625.253    5.2495    0.0000    4.0266         nan    3.1182    19657963959.7657
  1641.969    5.2599    0.0000    4.0315         nan    3.1211    19867976315.0180
  1658.685    5.2704    0.0000    4.0364         nan    3.1246    20078439166.1706
  1675.401    5.2808    0.0000    4.0413         nan    3.1287    20289391056.3819
  1692.117    5.2910    0.0000    4.0460         nan    3.1333    20500869774.5608
  1708.833    5.3009    0.0000    4.0507         nan    3.1387    20712911863.4807
  1708.833    5.1680    0.0000    6.4428         nan    3.1387    20712911863.4807
  1766.787    5.2398    0.0000    6.4856         nan    3.0413    21888737816.9105
  1824.741    5.3076    0.0000    6.5261         nan    2.9427    23035429362.5614
  1882.695    5.3719    0.0000    6.5646         nan    2.8428    24151672335.4558
  1940.649    5.4327    0.0000    6.6011         nan    2.7419    25236222840.6502
  1998.603    5.4902    0.0000    6.6358         nan    2.6398    26287902989.0340
  2056.557    5.5446    0.0000    6.6685         nan    2.5367    27305597214.4995
  2114.511    5.5959    0.0000    6.6996         nan    2.4327    28288249059.2443
  2172.465    5.6444    0.0000    6.7289         nan    2.3278    29234858344.0262
  2230.419    5.6901    0.0000    6.7566         nan    2.2220    30144478637.7482
  2288.373    5.7331    0.0000    6.7827         nan    2.1153    31016214959.3391
  2346.327    5.7735    0.0000    6.8072         nan    2.0079    31849221644.7053
  2404.281    5.8113    0.0000    6.8303         nan    1.8998    32642700308.2128
  2462.235    5.8467    0.0000    6.8518         nan    1.7909    33395897819.1318
  2520.189    5.8797    0.0000    6.8719         nan    1.6814    34108104193.3627
  2578.143    5.9103    0.0000    6.8906         nan    1.5713    34778650259.1804
  2636.097    5.9386    0.0000    6.9079         nan    1.4605    35406904892.6024
  2694.051    5.9647    0.0000    6.9239         nan    1.3491    35992271499.5713
  2752.006    5.9886    0.0000    6.9384         nan    1.2371    36534183207.9858
  2809.960    6.0102    0.0000    6.9517         nan    1.1244    37032095840.1231
  2867.914    6.0297    0.0000    6.9637         nan    1.0110    37485476966.1936
  2925.868    6.0471    0.0000    6.9743         nan    0.8967    37893787761.8942
  2983.822    6.0624    0.0000    6.9837         nan    0.7811    38256450937.3844
  3041.776    6.0756    0.0000    6.9918         nan    0.6638    38572789820.8915
  3099.730    6.0868    0.0000    6.9986         nan    0.5433    38841902313.6059
  3157.684    6.0959    0.0000    7.0042         nan    0.4165    39062370254.4036
  3215.638    6.1030    0.0000    7.0086         nan    0.2737    39231484226.2734
  3273.592    6.1080    0.0000    7.0117         nan    0.0764    39342690130.4974
  3331.546    6.1110    0.0000    7.0135         nan   -0.4898    39373732599.4978
  3389.500    6.1120    0.0000    7.0141         nan    0.0000    39174634514.6503
