# Depth[km]  Vp[km/s]  Vs[km/s] Rho[g/cm3]    T[K]     g[m/s2]         P[Pa]        
     0.000    3.7901    2.2611    1.7151    273.1500    3.7291              0.0000
    11.669    3.7901    2.2611    1.7151    316.4565    3.7380       74632127.4210
    11.669    4.6565    2.7779    2.1071    316.4565    3.7380       74632127.4210
    27.997    4.6565    2.7779    2.1071    377.0584    3.7455      203240934.8714
    27.997    6.4005    3.8184    2.8963    377.0584    3.7455      203240934.8714
    43.219    6.4005    3.8184    2.8963    433.5550    3.7425      368371318.2874
    43.219    7.9544    4.5348    3.4846    433.5550    3.7425      368371318.2874
    53.118    7.9495    4.5272    3.4848    470.2935    3.7357      497461306.7849
    63.017    7.9441    4.5194    3.4849    507.0320    3.7289      626323815.8100
    72.915    7.9385    4.5115    3.4850    543.7704    3.7222      754957215.4154
    82.814    7.9327    4.5034    3.4850    580.5089    3.7155      883359966.1244
    92.712    7.9267    4.4953    3.4850    617.2474    3.7088     1011531017.9277
   102.611    7.9199    4.4868    3.4848    653.9858    3.7022     1139467965.4109
   112.509    7.9136    4.4785    3.4847    690.7243    3.6956     1267170268.7609
   122.408    7.9073    4.4703    3.4846    727.4628    3.6890     1394640371.9672
   132.307    7.9007    4.4619    3.4844    764.2012    3.6824     1521877778.9690
   142.205    7.8938    4.4534    3.4841    800.9397    3.6759     1648880031.9869
   152.104    7.8873    4.4452    3.4839    837.6782    3.6694     1775647668.8049
   162.002    7.8801    4.4365    3.4834    874.4167    3.6629     1902179628.2575
   171.901    7.8737    4.4283    3.4832    911.1551    3.6565     2028476381.9141
   181.799    7.8668    4.4199    3.4828    947.8936    3.6501     2154539351.5792
   191.698    7.8598    4.4115    3.4824    984.6321    3.6437     2280366437.9991
   201.597    7.8534    4.4033    3.4820   1021.3705    3.6374     2405959783.1126
   211.495    7.8467    4.3950    3.4815   1058.1090    3.6311     2531320084.9600
   221.394    7.8392    4.3864    3.4809   1094.8475    3.6248     2656443744.4200
   231.292    7.8321    4.3778    3.4805   1131.5859    3.6186     2781332169.2457
   241.191    7.8251    4.3694    3.4799   1168.3244    3.6124     2905988227.6230
   251.089    7.8188    4.3613    3.4795   1205.0629    3.6062     3030413043.7994
   260.988    7.8122    4.3532    3.4789   1241.8014    3.6001     3154607677.0914
   270.887    7.8053    4.3448    3.4783   1278.5398    3.5940     3278570510.5642
   280.785    7.7981    4.3363    3.4778   1315.2783    3.5880     3402303363.2648
   290.684    7.7916    4.3281    3.4772   1352.0168    3.5820     3525809209.6011
   300.582    7.7850    4.3198    3.4766   1388.7552    3.5760     3649088443.4550
   310.481    7.7774    4.3111    3.4759   1425.4937    3.5701     3772139398.1302
   320.379    7.7713    4.3033    3.4753   1462.2322    3.5642     3894963647.3247
   330.278    7.7649    4.2952    3.4748   1498.9706    3.5584     4017565047.0963
   340.177    7.7581    4.2869    3.4741   1535.7091    3.5526     4139944055.7635
   350.075    7.7504    4.2783    3.4733   1572.4476    3.5468     4262098436.2933
   359.974    7.7442    4.2703    3.4727   1609.1861    3.5411     4384029785.3565
   369.872    7.7374    4.2620    3.4721   1645.9245    3.5354     4505742942.6285
   379.771    7.7297    4.2533    3.4713   1682.6630    3.5298     4627236168.4675
   389.669    7.7230    4.2450    3.4706   1719.4015    3.5242     4748509836.2374
   399.568    7.7155    4.2364    3.4697   1756.1399    3.5187     4869564997.8454
   409.467    7.7088    4.2281    3.4691   1792.8784    3.5132     4990404222.1614
   419.365    7.7013    4.2195    3.4682   1829.6169    3.5078     5111029377.7685
   429.264    7.6945    4.2111    3.4676   1866.3553    3.5024     5231441430.8535
   439.162    7.6872    4.2026    3.4666   1903.0938    3.4970     5351640270.2770
   462.204    7.7151    4.2110    3.4748   1907.6661    3.4847     5631306017.4117
   485.246    7.7418    4.2190    3.4828   1911.8159    3.4724     5910635376.3335
   508.288    7.7679    4.2268    3.4907   1916.0991    3.4603     6189618492.2950
   531.330    7.7936    4.2344    3.4986   1920.2639    3.4482     6468253634.6744
   554.372    7.8184    4.2417    3.5062   1924.1920    3.4363     6746530940.2545
   577.414    7.8436    4.2491    3.5139   1928.2681    3.4244     7024450137.6267
   600.455    7.8676    4.2562    3.5214   1932.0900    3.4127     7302010673.7365
   623.497    7.8926    4.2635    3.5291   1936.1885    3.4011     7579217197.5658
   646.539    7.9162    4.2704    3.5365   1939.9231    3.3896     7856072885.8134
   669.581    7.9394    4.2771    3.5439   1943.6345    3.3783     8132571313.7543
   692.623    7.9624    4.2837    3.5512   1947.2939    3.3671     8408718000.2611
   715.665    7.9864    4.2908    3.5586   1951.0007    3.3561     8684522557.7793
   738.707    8.0093    4.2975    3.5659   1954.5829    3.3453     8959993025.9500
   761.749    8.0320    4.3040    3.5731   1958.0846    3.3346     9235131700.4340
   784.791    8.0550    4.3109    3.5803   1961.4692    3.3241     9509946486.2625
   807.832    8.0782    4.3178    3.5876   1964.8971    3.3138     9784456298.6061
   830.874    8.1004    4.3242    3.5948   1968.2109    3.3038    10058670121.6243
   853.916    8.1235    4.3312    3.6020   1971.5005    3.2939    10332597589.8584
   876.958    8.1463    4.3380    3.6093   1974.7906    3.2843    10606261548.6699
   900.000    8.1698    4.3453    3.6168   1977.9999    3.2749    10879683997.6806
   916.845    8.1868    4.3506    3.6222   1980.3177    3.2682    11079355024.2741
   933.690    8.2034    4.3556    3.6275   1982.5971    3.2616    11278913059.7043
   950.535    8.2229    4.3624    3.6337   1985.0821    3.2552    11478383925.2590
   967.380    8.2413    4.3686    3.6396   1987.3791    3.2489    11677791274.4839
   984.225    8.2594    4.3746    3.6454   1989.6543    3.2427    11877132405.9171
  1001.070    8.2784    4.3811    3.6515   1991.9615    3.2367    12076420830.2643
  1017.915    8.2981    4.3881    3.6579   1994.2294    3.2308    12275682104.2268
  1034.759    8.3184    4.3956    3.6645   1996.5429    3.2251    12474936323.0894
  1051.604    8.3342    4.4002    3.6698   1998.6865    3.2196    12674161319.4106
  1068.449    8.3497    4.4048    3.6750   2000.8090    3.2142    12873329501.1630
  1085.294    8.3732    4.4149    3.6823   2003.5153    3.2090    13072504193.2034
  1102.139    8.4968    4.4931    3.7157   2015.7068    3.2038    13272457475.2406
  1118.984    8.6440    4.5874    3.7545   2030.0223    3.1984    13474034761.5785
  1135.829    8.8128    4.6962    3.7977   2044.0177    3.1926    13677477832.3688
  1152.674    8.8292    4.7013    3.8034   2046.7074    3.1868    13881868300.9381
  1169.519    8.8446    4.7056    3.8087   2049.0244    3.1812    14086181234.0475
  1186.364    8.8600    4.7099    3.8142   2051.3735    3.1757    14290422877.4337
  1203.209    8.8755    4.7141    3.8197   2053.6956    3.1705    14494608609.6899
  1220.054    8.8910    4.7185    3.8252   2056.0475    3.1655    14698754572.0174
  1236.899    8.9063    4.7228    3.8307   2058.3563    3.1607    14902872533.8462
  1253.744    8.9218    4.7270    3.8364   2060.7478    3.1562    15106979764.7624
  1270.589    8.9374    4.7314    3.8421   2063.0768    3.1519    15311096615.7430
  1287.433    8.9528    4.7358    3.8477   2065.4466    3.1479    15515236100.1625
  1304.278    8.9679    4.7400    3.8532   2067.8161    3.1441    15719410146.8338
  1321.123    8.9832    4.7445    3.8589   2070.1486    3.1406    15923634341.3690
  1337.968    8.9983    4.7488    3.8644   2072.5000    3.1374    16127926148.0146
  1354.813    9.0338    4.7660    3.8737   2077.5352    3.1344    16332399821.3050
  1371.658    9.0732    4.7859    3.8837   2083.0290    3.1317    16537189140.3772
  1388.503    9.1108    4.8049    3.8936   2088.3775    3.1293    16742327044.1861
  1405.348    9.1500    4.8251    3.9039   2094.1529    3.1271    16947838772.7436
  1422.193    9.1894    4.8456    3.9145   2099.8808    3.1251    17153757365.7148
  1439.038    9.2288    4.8665    3.9252   2105.5589    3.1235    17360107829.4071
  1455.883    9.2671    4.8869    3.9357   2111.8298    3.1221    17566907476.4049
  1472.728    9.3073    4.9089    3.9469   2118.1312    3.1211    17774190324.8643
  1489.573    9.3282    4.9179    3.9538   2120.6726    3.1204    17981878301.7418
  1506.418    9.3419    4.9221    3.9588   2122.8473    3.1200    18189829977.1683
  1523.262    9.3558    4.9265    3.9640   2125.0394    3.1201    18398027636.5320
  1540.107    9.3696    4.9311    3.9691   2127.2163    3.1207    18606503048.5140
  1556.952    9.3833    4.9356    3.9742   2129.4255    3.1217    18815283852.9906
  1556.952    4.7958    0.0000    4.0170         nan    3.1217    18815283852.9906
  1570.396    4.8072    0.0000    4.0218         nan    3.1223    18983970240.7323
  1583.840    4.8186    0.0000    4.0267         nan    3.1233    19152896346.5573
  1597.284    4.8300    0.0000    4.0316         nan    3.1246    19322078402.2435
  1610.729    4.8413    0.0000    4.0364         nan    3.1261    19491533229.7888
  1624.173    4.8526    0.0000    4.0412         nan    3.1280    19661276809.0215
  1637.617    4.8634    0.0000    4.0459         nan    3.1303    19831322372.6885
  1651.061    4.8742    0.0000    4.0505         nan    3.1329    20001685333.2288
  1664.505    4.8850    0.0000    4.0551         nan    3.1359    20172385239.9956
  1677.949    4.8958    0.0000    4.0598         nan    3.1392    20343442356.8360
  1677.949    5.1175    0.0000    6.3171         nan    3.1392    20343442356.8360
  1736.968    5.2027    0.0000    6.3605         nan    3.0423    21517855466.7757
  1795.987    5.2828    0.0000    6.4015         nan    2.9442    22663598106.3258
  1855.006    5.3584    0.0000    6.4402         nan    2.8448    23779290843.7488
  1914.025    5.4296    0.0000    6.4767         nan    2.7443    24863640224.3852
  1973.044    5.4967    0.0000    6.5113         nan    2.6427    25915432403.8030
  2032.063    5.5599    0.0000    6.5439         nan    2.5401    26933527906.8123
  2091.082    5.6195    0.0000    6.5747         nan    2.4366    27916857327.7188
  2150.101    5.6755    0.0000    6.6037         nan    2.3322    28864417831.8785
  2209.120    5.7283    0.0000    6.6310         nan    2.2271    29775270371.3682
  2268.139    5.7778    0.0000    6.6567         nan    2.1212    30648537571.8060
  2327.158    5.8242    0.0000    6.6808         nan    2.0146    31483402287.0167
  2386.177    5.8676    0.0000    6.7034         nan    1.9075    32279106873.1087
  2445.196    5.9081    0.0000    6.7245         nan    1.7998    33034953292.8931
  2504.215    5.9459    0.0000    6.7442         nan    1.6917    33750304258.7507
  2563.234    5.9808    0.0000    6.7624         nan    1.5833    34424585765.0601
  2622.253    6.0132    0.0000    6.7793         nan    1.4747    35057291593.7286
  2681.272    6.0429    0.0000    6.7948         nan    1.3660    35647990770.1922
  2740.291    6.0700    0.0000    6.8090         nan    1.2574    36196339644.9510
  2799.310    6.0946    0.0000    6.8219         nan    1.1492    36702101562.1557
  2858.329    6.1168    0.0000    6.8335         nan    1.0418    37165179570.6663
  2917.348    6.1366    0.0000    6.8438         nan    0.9360    37585672746.6210
  2976.367    6.1539    0.0000    6.8529         nan    0.8328    37963977882.0233
  3035.386    6.1689    0.0000    6.8608         nan    0.7344    38300984778.6038
  3094.405    6.1815    0.0000    6.8674         nan    0.6452    38598482523.6791
  3153.424    6.1919    0.0000    6.8728         nan    0.5760    38860098545.7347
  3212.443    6.1999    0.0000    6.8770         nan    0.5576    39093805718.5688
  3271.462    6.2056    0.0000    6.8800         nan    0.7156    39320183291.0248
  3330.481    6.2090    0.0000    6.8818         nan    2.0675    39610779175.6049
  3389.500    6.2101    0.0000    6.8824         nan    0.0000    40450561311.7798
