# Depth[km]  Vp[km/s]  Vs[km/s] Rho[g/cm3]    T[K]     g[m/s2]         P[Pa]        
     0.000    3.8181    2.2877    1.7396    273.1500    3.7291              0.0000
    12.076    3.8181    2.2877    1.7396    317.5695    3.7381       78337204.0490
    12.076    4.8365    2.8980    2.2036    317.5695    3.7381       78337204.0490
    29.955    4.8365    2.8980    2.2036    383.3397    3.7448      225612107.6761
    29.955    6.3891    3.8282    2.9110    383.3397    3.7448      225612107.6761
    45.834    6.3891    3.8282    2.9110    441.7531    3.7415      398710301.6791
    45.834    7.9537    4.5332    3.4848    441.7531    3.7415      398710301.6791
    55.651    7.9489    4.5258    3.4850    477.8674    3.7348      526713915.4312
    65.469    7.9438    4.5182    3.4851    513.9817    3.7281      654494855.4655
    75.286    7.9384    4.5104    3.4852    550.0960    3.7214      782051570.1737
    85.103    7.9326    4.5024    3.4852    586.2103    3.7148      909382304.9993
    94.921    7.9268    4.4944    3.4852    622.3246    3.7082     1036486288.2636
   104.738    7.9202    4.4861    3.4851    658.4389    3.7016     1163361289.0979
   114.555    7.9142    4.4780    3.4850    694.5532    3.6950     1290006756.9987
   124.372    7.9081    4.4700    3.4849    730.6675    3.6885     1416425267.3777
   134.190    7.9018    4.4618    3.4848    766.7818    3.6820     1542616450.0621
   144.007    7.8950    4.4535    3.4845    802.8961    3.6755     1668577716.0212
   153.824    7.8887    4.4453    3.4843    839.0104    3.6691     1794309273.6225
   163.642    7.8816    4.4369    3.4839    875.1247    3.6627     1919809739.8633
   173.459    7.8756    4.4289    3.4837    911.2390    3.6563     2045080196.9942
   183.276    7.8689    4.4206    3.4834    947.3533    3.6500     2170122489.3729
   193.094    7.8622    4.4124    3.4830    983.4676    3.6437     2294934158.8633
   202.911    7.8559    4.4043    3.4827   1019.5819    3.6374     2419517269.0797
   212.728    7.8494    4.3962    3.4822   1055.6962    3.6311     2543872494.4902
   222.546    7.8424    4.3879    3.4817   1091.8105    3.6249     2667996572.0645
   232.363    7.8355    4.3796    3.4812   1127.9248    3.6187     2791890743.4080
   242.180    7.8290    4.3714    3.4809   1164.0391    3.6126     2915559434.1613
   251.997    7.8226    4.3633    3.4804   1200.1534    3.6065     3039003498.1255
   261.815    7.8163    4.3554    3.4799   1236.2676    3.6004     3162221894.2420
   271.632    7.8093    4.3470    3.4793   1272.3819    3.5944     3285213600.2322
   281.449    7.8029    4.3390    3.4788   1308.4962    3.5884     3407980315.9728
   291.267    7.7965    4.3309    3.4783   1344.6105    3.5824     3530524525.5204
   301.084    7.7902    4.3229    3.4778   1380.7248    3.5765     3652847445.3186
   310.901    7.7833    4.3146    3.4772   1416.8391    3.5706     3774948029.3964
   320.719    7.7766    4.3065    3.4766   1452.9534    3.5648     3896826030.7973
   330.536    7.7704    4.2986    3.4760   1489.0677    3.5590     4018485340.8377
   340.353    7.7636    4.2904    3.4754   1525.1820    3.5533     4139926811.8057
   350.171    7.7567    4.2822    3.4747   1561.2963    3.5475     4261148152.4426
   359.988    7.7500    4.2740    3.4741   1597.4106    3.5419     4382151768.2059
   369.805    7.7440    4.2662    3.4735   1633.5249    3.5362     4502941501.8485
   379.622    7.7366    4.2576    3.4728   1669.6392    3.5307     4623515747.5549
   389.440    7.7298    4.2494    3.4721   1705.7535    3.5251     4743875212.9618
   399.257    7.7234    4.2414    3.4715   1741.8678    3.5196     4864023945.9713
   409.074    7.7161    4.2330    3.4707   1777.9821    3.5142     4983961013.3298
   418.892    7.7099    4.2250    3.4701   1814.0964    3.5088     5103688364.1283
   428.709    7.7028    4.2166    3.4693   1850.2107    3.5034     5223207014.7756
   438.526    7.6958    4.2082    3.4686   1886.3250    3.4981     5342517842.1042
   461.600    7.7237    4.2167    3.4767   1890.6361    3.4857     5622811848.9468
   484.674    7.7503    4.2246    3.4848   1894.9318    3.4734     5902763203.1088
   507.747    7.7761    4.2323    3.4925   1898.9077    3.4612     6182357343.6787
   530.821    7.8021    4.2400    3.5004   1903.0550    3.4491     6461591306.2986
   553.895    7.8277    4.2477    3.5082   1907.1076    3.4371     6740471729.5152
   576.968    7.8517    4.2546    3.5157   1910.9392    3.4252     7018987112.1673
   600.042    7.8760    4.2617    3.5233   1914.9022    3.4134     7297135110.4028
   623.116    7.9007    4.2690    3.5309   1918.8174    3.4018     7574926000.8492
   646.189    7.9242    4.2759    3.5382   1922.5223    3.3902     7852355842.3412
   669.263    7.9474    4.2825    3.5457   1926.2436    3.3789     8129425019.8870
   692.337    7.9707    4.2893    3.5529   1929.7880    3.3677     8406137975.5643
   715.411    7.9945    4.2963    3.5604   1933.5012    3.3566     8682503450.0361
   738.484    8.0174    4.3029    3.5676   1937.0332    3.3457     8958530896.5631
   761.558    8.0397    4.3093    3.5747   1940.5130    3.3350     9234215157.1411
   784.632    8.0631    4.3163    3.5820   1943.8645    3.3245     9509572208.6216
   807.705    8.0863    4.3232    3.5894   1947.2068    3.3141     9784625950.1141
   830.779    8.1087    4.3298    3.5965   1950.5038    3.3040    10059376978.0303
   853.853    8.1315    4.3365    3.6038   1953.7735    3.2941    10333837381.3227
   876.926    8.1545    4.3435    3.6111   1956.9706    3.2845    10608029155.3338
   900.000    8.1773    4.3504    3.6183   1960.1694    3.2750    10881966686.3647
   916.699    8.1948    4.3561    3.6239   1962.4377    3.2683    11080008268.5273
   933.399    8.2131    4.3621    3.6297   1964.8852    3.2618    11277955233.0563
   950.098    8.2307    4.3678    3.6353   1967.1280    3.2554    11475815759.8616
   966.798    8.2482    4.3735    3.6409   1969.3753    3.2491    11673592215.9056
   983.497    8.2667    4.3799    3.6468   1971.6029    3.2430    11871300610.3081
  1000.196    8.2856    4.3864    3.6529   1973.8378    3.2370    12068962389.6911
  1016.896    8.3049    4.3933    3.6592   1976.1154    3.2311    12266593902.8653
  1033.595    8.3251    4.4007    3.6658   1978.3542    3.2254    12464215075.8368
  1050.295    8.3407    4.4053    3.6709   1980.4570    3.2199    12661804336.8907
  1066.994    8.3563    4.4100    3.6762   1982.4967    3.2146    12859334402.5354
  1083.693    8.4015    4.4349    3.6892   1987.3940    3.2093    13057025908.6988
  1100.393    8.5232    4.5119    3.7220   1999.3396    3.2041    13255624733.1009
  1117.092    8.6701    4.6059    3.7607   2014.8344    3.1985    13455810056.8555
  1133.792    8.8184    4.7009    3.7988   2025.8743    3.1927    13657701555.3938
  1150.491    8.8360    4.7073    3.8045   2028.2083    3.1869    13860394315.1021
  1167.191    8.8506    4.7108    3.8099   2030.3401    3.1812    14063010010.0378
  1183.890    8.8648    4.7149    3.8147   2032.6498    3.1758    14265537525.9728
  1200.589    8.8814    4.7194    3.8209   2034.8791    3.1706    14468010068.9061
  1217.289    8.8967    4.7236    3.8263   2037.1809    3.1655    14670456445.9590
  1233.988    8.9119    4.7278    3.8318   2039.4951    3.1607    14872871464.2373
  1250.688    8.9272    4.7321    3.8374   2041.7773    3.1561    15075269972.4775
  1267.387    8.9423    4.7363    3.8429   2044.0918    3.1518    15277665901.7013
  1284.086    8.9577    4.7407    3.8485   2046.3796    3.1477    15480076769.9360
  1300.786    8.9726    4.7450    3.8540   2048.6962    3.1439    15682516005.3232
  1317.485    8.9882    4.7494    3.8598   2051.0240    3.1403    15885004491.0653
  1334.185    9.0073    4.7564    3.8659   2054.0687    3.1370    16087576280.3912
  1350.884    9.0465    4.7759    3.8759   2059.2988    3.1339    16290356766.3223
  1367.583    9.0856    4.7956    3.8859   2064.7290    3.1311    16493462192.4600
  1384.283    9.1240    4.8151    3.8959   2070.1912    3.1285    16696907115.6216
  1400.982    9.1626    4.8350    3.9063   2075.6615    3.1262    16900716198.3397
  1417.682    9.2018    4.8556    3.9168   2081.3189    3.1241    17104917735.4064
  1434.381    9.2400    4.8756    3.9272   2086.9318    3.1223    17309530539.7781
  1451.080    9.2784    4.8963    3.9379   2093.1529    3.1208    17514575080.3263
  1467.780    9.3177    4.9177    3.9489   2098.6316    3.1195    17720084206.0830
  1484.479    9.3317    4.9219    3.9541   2100.8503    3.1186    17925934229.0410
  1501.179    9.3457    4.9264    3.9592   2102.9888    3.1181    18131994334.7505
  1517.878    9.3594    4.9308    3.9643   2105.1386    3.1180    18338287950.9171
  1534.578    9.3731    4.9353    3.9693   2107.2572    3.1184    18544837849.0690
  1551.277    9.3864    4.9397    3.9742   2109.3299    3.1191    18751667961.0816
  1551.277    4.7661    0.0000    4.0373         nan    3.1191    18751667961.0816
  1565.112    4.7768    0.0000    4.0424         nan    3.1194    18926006461.0499
  1578.948    4.7876    0.0000    4.0476         nan    3.1200    19100581360.3079
  1592.783    4.7984    0.0000    4.0527         nan    3.1208    19275409797.5793
  1606.619    4.8092    0.0000    4.0579         nan    3.1220    19450509558.1366
  1620.454    4.8198    0.0000    4.0629         nan    3.1236    19625896966.3405
  1634.290    4.8301    0.0000    4.0678         nan    3.1255    19801586109.6963
  1648.125    4.8404    0.0000    4.0727         nan    3.1277    19977594006.6588
  1661.961    4.8506    0.0000    4.0777         nan    3.1303    20153941439.9248
  1675.796    4.8609    0.0000    4.0826         nan    3.1334    20330649979.1597
  1675.796    4.9818    0.0000    6.2865         nan    3.1334    20330649979.1597
  1734.889    5.0689    0.0000    6.3320         nan    3.0372    21498880907.8012
  1793.983    5.1508    0.0000    6.3750         nan    2.9396    22639182916.5538
  1853.076    5.2279    0.0000    6.4155         nan    2.8408    23750103928.4482
  1912.169    5.3005    0.0000    6.4537         nan    2.7407    24830283894.1128
  1971.262    5.3689    0.0000    6.4899         nan    2.6396    25878447546.4597
  2030.356    5.4332    0.0000    6.5239         nan    2.5374    26893398443.8759
  2089.449    5.4939    0.0000    6.5561         nan    2.4342    27874014071.3569
  2148.542    5.5509    0.0000    6.5863         nan    2.3301    28819241829.9787
  2207.635    5.6045    0.0000    6.6148         nan    2.2252    29728095791.4902
  2266.728    5.6548    0.0000    6.6416         nan    2.1194    30599654156.0302
  2325.822    5.7019    0.0000    6.6668         nan    2.0130    31433057382.7947
  2384.915    5.7460    0.0000    6.6903         nan    1.9060    32227507015.4208
  2444.008    5.7871    0.0000    6.7123         nan    1.7983    32982265281.9882
  2503.101    5.8254    0.0000    6.7328         nan    1.6902    33696655631.9778
  2562.195    5.8609    0.0000    6.7517         nan    1.5817    34370064494.5589
  2621.288    5.8936    0.0000    6.7693         nan    1.4729    35001944738.2266
  2680.381    5.9237    0.0000    6.7854         nan    1.3639    35591821647.7452
  2739.474    5.9513    0.0000    6.8002         nan    1.2549    36139302817.2830
  2798.568    5.9762    0.0000    6.8136         nan    1.1463    36644094440.0206
  2857.661    5.9987    0.0000    6.8257         nan    1.0382    37106028568.4709
  2916.754    6.0187    0.0000    6.8364         nan    0.9313    37525110210.6040
  2975.847    6.0363    0.0000    6.8459         nan    0.8266    37901602512.5912
  3034.941    6.0515    0.0000    6.8541         nan    0.7258    38236190501.8131
  3094.034    6.0643    0.0000    6.8609         nan    0.6328    38530321875.4934
  3153.127    6.0747    0.0000    6.8666         nan    0.5565    38786994842.4616
  3212.220    6.0828    0.0000    6.8709         nan    0.5228    39012861674.3825
  3271.314    6.0886    0.0000    6.8740         nan    0.6369    39225160100.9223
  3330.407    6.0921    0.0000    6.8759         nan    1.7525    39483901678.1314
  3389.500    6.0932    0.0000    6.8765         nan    0.0000    40195991368.1150
