# Depth[km]  Vp[km/s]  Vs[km/s] Rho[g/cm3]    T[K]     g[m/s2]         P[Pa]        
     0.000    3.5916    2.1765    1.6363    273.1500    3.7291              0.0000
    11.325    3.5916    2.1765    1.6363    317.9659    3.7385       69105657.4069
    11.325    4.9555    3.0031    2.2576    317.9659    3.7385       69105657.4069
    30.395    4.9555    3.0031    2.2576    393.4341    3.7448      230060507.9198
    30.395    6.1001    3.6967    2.7791    393.4341    3.7448      230060507.9198
    47.485    6.1001    3.6967    2.7791    461.0666    3.7431      407915819.0527
    47.485    7.9577    4.5334    3.5035    461.0666    3.7431      407915819.0527
    57.166    7.9503    4.5242    3.5033    499.3795    3.7364      534872684.5578
    66.847    7.9426    4.5147    3.5031    537.6924    3.7297      661593127.4342
    76.529    7.9345    4.5050    3.5028    576.0053    3.7230      788075762.8801
    86.210    7.9258    4.4951    3.5023    614.3181    3.7163      914317786.6106
    95.891    7.9172    4.4854    3.5020    652.6310    3.7097     1040319150.8674
   105.572    7.9086    4.4755    3.5016    690.9439    3.7031     1166081473.3553
   115.253    7.9001    4.4659    3.5012    729.2568    3.6965     1291605189.8911
   124.935    7.8908    4.4559    3.5006    767.5697    3.6899     1416888363.0289
   134.616    7.8822    4.4463    3.5001    805.8826    3.6834     1541931051.3565
   144.297    7.8727    4.4364    3.4995    844.1954    3.6769     1666733729.6329
   153.978    7.8636    4.4265    3.4989    882.5083    3.6704     1791294961.7913
   163.659    7.8542    4.4166    3.4983    920.8212    3.6640     1915615357.2281
   173.340    7.8447    4.4068    3.4976    959.1341    3.6576     2039693761.3481
   183.022    7.8353    4.3970    3.4969    997.4470    3.6512     2163531070.3736
   192.703    7.8258    4.3871    3.4962   1035.7598    3.6449     2287127787.1569
   202.384    7.8162    4.3773    3.4954   1074.0727    3.6386     2410483451.0661
   212.065    7.8061    4.3673    3.4946   1112.3856    3.6324     2533598382.0460
   221.746    7.7966    4.3575    3.4938   1150.6985    3.6261     2656473888.4477
   231.427    7.7869    4.3476    3.4930   1189.0114    3.6200     2779111099.6384
   241.109    7.7776    4.3379    3.4922   1227.3243    3.6138     2901511210.9764
   250.790    7.7665    4.3275    3.4912   1265.6371    3.6077     3023671213.8193
   260.471    7.7577    4.3181    3.4904   1303.9500    3.6016     3145592396.6472
   270.152    7.7487    4.3087    3.4895   1342.2629    3.5956     3267279695.3227
   279.833    7.7395    4.2990    3.4887   1380.5758    3.5896     3388733258.9063
   289.514    7.7306    4.2897    3.4878   1418.8887    3.5836     3509954402.2240
   299.196    7.7206    4.2799    3.4868   1457.2016    3.5777     3630941511.2359
   308.877    7.7117    4.2705    3.4859   1495.5144    3.5718     3751695604.8219
   318.558    7.7013    4.2604    3.4848   1533.8273    3.5660     3872217120.0046
   328.239    7.6922    4.2511    3.4839   1572.1402    3.5602     3992507800.0244
   337.920    7.6825    4.2413    3.4829   1610.4531    3.5545     4112570893.0969
   347.602    7.6728    4.2316    3.4819   1648.7660    3.5488     4232406348.9854
   357.283    7.6632    4.2219    3.4809   1687.0789    3.5431     4352015395.6521
   366.964    7.6526    4.2118    3.4798   1725.3917    3.5375     4471397623.7167
   376.645    7.6437    4.2024    3.4789   1763.7046    3.5319     4590555559.4072
   386.326    7.6330    4.1922    3.4778   1802.0175    3.5264     4709491226.8394
   396.007    7.6234    4.1825    3.4768   1840.3304    3.5209     4828204908.7078
   405.689    7.6135    4.1727    3.4758   1878.6433    3.5155     4946700025.4524
   415.370    7.6034    4.1627    3.4748   1916.9561    3.5101     5064977545.5868
   425.051    7.5925    4.1524    3.4736   1955.2690    3.5047     5183035753.3705
   434.732    7.5828    4.1426    3.4725   1993.5819    3.4995     5300876373.2313
   457.996    7.6149    4.1522    3.4814   1998.4739    3.4868     5583933495.6806
   481.259    7.6456    4.1613    3.4901   2003.2660    3.4743     5866681438.1431
   504.522    7.6754    4.1700    3.4985   2007.9336    3.4618     6149103367.6037
   527.786    7.7051    4.1789    3.5069   2012.4354    3.4494     6431190325.9277
   551.049    7.7334    4.1872    3.5151   2016.8792    3.4371     6712934257.9303
   574.312    7.7609    4.1953    3.5232   2021.1653    3.4249     6994326307.1747
   597.576    7.7883    4.2035    3.5312   2025.3319    3.4129     7275361647.0828
   620.839    7.8148    4.2112    3.5392   2029.4623    3.4009     7556039233.9901
   644.103    7.8415    4.2191    3.5471   2033.5881    3.3891     7836361470.1583
   667.366    7.8675    4.2268    3.5550   2037.6272    3.3773     8116329927.1842
   690.629    7.8935    4.2345    3.5628   2041.5028    3.3658     8395944698.0079
   713.893    7.9190    4.2421    3.5704   2045.2139    3.3544     8675207517.3695
   737.156    7.9440    4.2495    3.5781   2048.9809    3.3431     8954123383.5205
   760.420    7.9698    4.2573    3.5859   2052.7141    3.3320     9232704705.0790
   783.683    7.9949    4.2649    3.5936   2056.3303    3.3211     9510961349.0531
   806.946    8.0197    4.2725    3.6012   2059.8370    3.3104     9788899450.7011
   830.210    8.0452    4.2803    3.6091   2063.3212    3.2999    10066536485.6421
   853.473    8.0714    4.2889    3.6170   2066.8060    3.2895    10343893980.9114
   876.737    8.0967    4.2968    3.6249   2070.2078    3.2794    10620990407.5442
   900.000    8.1230    4.3054    3.6331   2073.5166    3.2695    10897849782.2254
   917.164    8.1422    4.3116    3.6391   2075.9808    3.2624    11101906174.5604
   934.329    8.1626    4.3188    3.6454   2078.3948    3.2554    11305861796.1615
   951.493    8.1835    4.3260    3.6519   2080.8088    3.2485    11509735069.0401
   968.657    8.2049    4.3338    3.6587   2083.2910    3.2417    11713545327.5161
   985.822    8.2250    4.3408    3.6651   2085.6683    3.2351    11917298005.2635
  1002.986    8.2506    4.3510    3.6732   2088.1379    3.2286    12121036600.6434
  1020.151    8.2733    4.3597    3.6804   2090.6380    3.2222    12324789288.0888
  1037.315    8.3009    4.3712    3.6892   2093.2330    3.2160    12528584290.3551
  1054.479    8.3179    4.3765    3.6949   2095.4587    3.2099    12732386254.2584
  1071.644    8.3352    4.3820    3.7007   2097.6068    3.2039    12936119477.7733
  1088.808    8.3527    4.3877    3.7066   2099.7885    3.1982    13139798490.7654
  1105.972    8.3697    4.3932    3.7124   2101.9783    3.1927    13343431711.6977
  1123.137    8.4502    4.4412    3.7349   2110.5879    3.1872    13547487926.7000
  1140.301    8.6201    4.5488    3.7802   2126.1413    3.1815    13753050681.9789
  1157.466    8.8300    4.6836    3.8341   2145.0928    3.1754    13960954732.7004
  1174.630    8.8619    4.6994    3.8433   2147.5832    3.1691    14170178123.6180
  1191.794    8.8774    4.7043    3.8486   2149.9011    3.1630    14379381699.5516
  1208.959    8.8939    4.7086    3.8551   2152.7762    3.1571    14588503338.1912
  1226.123    8.9092    4.7132    3.8607   2155.2932    3.1514    14797562498.6886
  1243.287    8.9245    4.7178    3.8661   2157.7335    3.1460    15006542677.5286
  1260.452    8.9401    4.7226    3.8717   2160.2027    3.1408    15215460563.8166
  1277.616    8.9537    4.7271    3.8764   2162.6842    3.1358    15424308717.9590
  1294.781    8.9700    4.7320    3.8824   2165.0086    3.1311    15633114522.0847
  1311.945    8.9850    4.7366    3.8879   2167.5126    3.1267    15841917633.8140
  1329.109    8.9989    4.7412    3.8927   2169.7556    3.1225    16050700255.6748
  1346.274    9.0137    4.7461    3.8983   2172.2805    3.1186    16259481743.0756
  1363.438    9.0280    4.7505    3.9034   2174.6995    3.1151    16468289882.2076
  1380.602    9.0410    4.7551    3.9078   2176.8797    3.1118    16677114342.0658
  1397.767    9.0557    4.7598    3.9129   2179.1019    3.1089    16885975981.9329
  1414.931    9.0914    4.7786    3.9215   2185.1798    3.1063    17095008420.2182
  1432.096    9.1346    4.8015    3.9328   2190.7911    3.1040    17304396376.9503
  1449.260    9.1761    4.8244    3.9428   2196.5838    3.1020    17514195146.0022
  1466.424    9.2160    4.8467    3.9527   2202.5666    3.1002    17724386718.2965
  1483.589    9.2570    4.8689    3.9639   2208.9388    3.0988    17935023674.8021
  1500.753    9.2981    4.8922    3.9747   2215.2467    3.0977    18146149121.7309
  1517.917    9.3396    4.9160    3.9857   2221.9543    3.0970    18357779484.2274
  1535.082    9.3690    4.9318    3.9944   2226.2133    3.0966    18569883122.8633
  1552.246    9.3820    4.9364    3.9989   2227.9880    3.0967    18782310405.2954
  1569.411    9.3942    4.9405    4.0033   2229.8967    3.0972    18994976879.5522
  1569.411    5.3193    0.0000    4.0076         nan    3.0972    18994976879.5522
  1586.195    5.3317    0.0000    4.0124         nan    3.0981    19203440331.8246
  1602.980    5.3441    0.0000    4.0173         nan    3.0996    19412220261.5917
  1619.765    5.3565    0.0000    4.0221         nan    3.1015    19621349922.3428
  1636.550    5.3688    0.0000    4.0270         nan    3.1040    19830862565.0589
  1653.335    5.3806    0.0000    4.0316         nan    3.1070    20040788826.6730
  1670.119    5.3924    0.0000    4.0362         nan    3.1107    20251162527.0992
  1686.904    5.4042    0.0000    4.0409         nan    3.1149    20462023436.7737
  1703.689    5.4158    0.0000    4.0454         nan    3.1197    20673410236.5437
  1720.474    5.4270    0.0000    4.0499         nan    3.1252    20885360881.2473
  1720.474    5.2797    0.0000    6.4703         nan    3.1252    20885360881.2473
  1778.027    5.3566    0.0000    6.5109         nan    3.0278    22052795025.2126
  1835.579    5.4293    0.0000    6.5494         nan    2.9292    23190732323.8346
  1893.132    5.4980    0.0000    6.5858         nan    2.8295    24297929421.1523
  1950.684    5.5628    0.0000    6.6203         nan    2.7288    25373214467.3033
  2008.237    5.6241    0.0000    6.6530         nan    2.6270    26415482495.7568
  2065.790    5.6820    0.0000    6.6839         nan    2.5243    27423691522.6559
  2123.342    5.7367    0.0000    6.7131         nan    2.4208    28396859255.7647
  2180.895    5.7882    0.0000    6.7407         nan    2.3164    29334060320.4875
  2238.448    5.8367    0.0000    6.7667         nan    2.2112    30234423940.4722
  2296.000    5.8823    0.0000    6.7912         nan    2.1054    31097132033.4875
  2353.553    5.9251    0.0000    6.8142         nan    1.9989    31921417702.2254
  2411.105    5.9652    0.0000    6.8358         nan    1.8917    32706564127.4332
  2468.658    6.0027    0.0000    6.8560         nan    1.7840    33451903896.1066
  2526.211    6.0376    0.0000    6.8748         nan    1.6759    34156818839.3382
  2583.763    6.0700    0.0000    6.8923         nan    1.5672    34820740517.7129
  2641.316    6.1000    0.0000    6.9085         nan    1.4583    35443151589.4457
  2698.869    6.1275    0.0000    6.9234         nan    1.3490    36023588460.1710
  2756.421    6.1527    0.0000    6.9370         nan    1.2396    36561645905.3704
  2813.974    6.1756    0.0000    6.9494         nan    1.1301    37056984891.9112
  2871.526    6.1962    0.0000    6.9605         nan    1.0208    37509345863.4684
  2929.079    6.2145    0.0000    6.9705         nan    0.9120    37918571880.0236
  2986.632    6.2307    0.0000    6.9792         nan    0.8041    38284650654.0017
  3044.184    6.2446    0.0000    6.9868         nan    0.6981    38607795537.6919
  3101.737    6.2564    0.0000    6.9931         nan    0.5958    38888614263.5438
  3159.290    6.2660    0.0000    6.9983         nan    0.5018    39128499235.0476
  3216.842    6.2734    0.0000    7.0024         nan    0.4290    39330669819.0311
  3274.395    6.2787    0.0000    7.0053         nan    0.4300    39503607035.7493
  3331.947    6.2819    0.0000    7.0070         nan    0.9310    39677004076.3517
  3389.500    6.2830    0.0000    7.0076         nan    0.0000    40052469558.1565
