# Depth[km]  Vp[km/s]  Vs[km/s] Rho[g/cm3]    T[K]     g[m/s2]         P[Pa]        
     0.000    3.7799    2.2880    1.7269    273.1500    3.7291              0.0000
    12.563    3.7799    2.2880    1.7269    324.4625    3.7386       80906929.3117
    12.563    4.6317    2.8036    2.1161    324.4625    3.7386       80906929.3117
    30.087    4.6317    2.8036    2.1161    396.0394    3.7465      219538875.4658
    30.087    5.5770    3.3758    2.5480    396.0394    3.7465      219538875.4658
    46.065    5.5770    3.3758    2.5480    461.3048    3.7480      372065934.2945
    46.065    7.9966    4.5426    3.5188    461.3048    3.7480      372065934.2945
    55.568    7.9885    4.5327    3.5185    500.1219    3.7413      497394741.1286
    65.072    7.9802    4.5228    3.5180    538.9389    3.7346      622483644.4937
    74.575    7.9715    4.5126    3.5175    577.7560    3.7279      747331411.1130
    84.078    7.9622    4.5023    3.5169    616.5731    3.7213      871935857.8270
    93.581    7.9534    4.4922    3.5163    655.3901    3.7147      996297112.7223
   103.084    7.9444    4.4820    3.5157    694.2072    3.7081     1120416706.6070
   112.588    7.9353    4.4719    3.5151    733.0242    3.7015     1244294888.5031
   122.091    7.9259    4.4617    3.5144    771.8413    3.6950     1367930314.6405
   131.594    7.9166    4.4517    3.5137    810.6584    3.6885     1491322523.5626
   141.097    7.9071    4.4415    3.5129    849.4754    3.6820     1614471824.0185
   150.600    7.8973    4.4313    3.5121    888.2925    3.6756     1737377066.7458
   160.104    7.8880    4.4215    3.5113    927.1096    3.6692     1860039073.9756
   169.607    7.8784    4.4115    3.5104    965.9266    3.6628     1982458069.7980
   179.110    7.8692    4.4016    3.5096   1004.7437    3.6564     2104635943.6740
   188.613    7.8596    4.3917    3.5087   1043.5607    3.6501     2226572849.3670
   198.117    7.8498    4.3817    3.5078   1082.3778    3.6439     2348266497.2182
   207.620    7.8398    4.3716    3.5068   1121.1949    3.6376     2469717342.1119
   217.123    7.8301    4.3617    3.5059   1160.0119    3.6314     2590927701.6977
   226.626    7.8211    4.3522    3.5049   1198.8290    3.6252     2711899596.3555
   236.129    7.8114    4.3423    3.5040   1237.6460    3.6191     2832633409.4029
   245.633    7.8013    4.3323    3.5030   1276.4631    3.6130     2953129486.8116
   255.136    7.7922    4.3226    3.5020   1315.2802    3.6070     3073388798.0028
   264.639    7.7836    4.3133    3.5010   1354.0972    3.6009     3193412903.7381
   274.142    7.7735    4.3032    3.4999   1392.9143    3.5949     3313199931.6653
   283.645    7.7649    4.2940    3.4989   1431.7313    3.5890     3432751291.1872
   293.149    7.7554    4.2843    3.4978   1470.5484    3.5831     3552069479.3801
   302.652    7.7458    4.2745    3.4968   1509.3655    3.5772     3671155296.6975
   312.155    7.7362    4.2647    3.4956   1548.1825    3.5714     3790008340.9177
   321.658    7.7273    4.2553    3.4946   1586.9996    3.5656     3908630822.4114
   331.161    7.7175    4.2455    3.4934   1625.8166    3.5599     4027024578.7556
   340.665    7.7074    4.2354    3.4922   1664.6337    3.5542     4145187311.9816
   350.168    7.6989    4.2262    3.4912   1703.4508    3.5485     4263124009.9310
   359.671    7.6890    4.2163    3.4900   1742.2678    3.5429     4380836304.2827
   369.174    7.6790    4.2064    3.4888   1781.0849    3.5373     4498322475.6802
   378.678    7.6695    4.1966    3.4876   1819.9019    3.5318     4615583753.9451
   388.181    7.6596    4.1867    3.4864   1858.7190    3.5263     4732621084.9336
   397.684    7.6501    4.1769    3.4853   1897.5361    3.5209     4849437288.6744
   407.187    7.6399    4.1669    3.4841   1936.3531    3.5155     4966034202.0538
   416.690    7.6300    4.1570    3.4828   1975.1702    3.5102     5082411522.7412
   426.194    7.6201    4.1470    3.4816   2013.9872    3.5049     5198570580.8733
   449.884    7.6509    4.1567    3.4904   2019.0098    3.4918     5488019674.0055
   473.574    7.6800    4.1659    3.4990   2023.8615    3.4787     5777106324.8918
   497.265    7.7086    4.1749    3.5075   2028.6537    3.4658     6065818041.8336
   520.955    7.7365    4.1837    3.5159   2033.1947    3.4529     6354147911.3224
   544.645    7.7630    4.1919    3.5241   2037.7194    3.4401     6642083804.9688
   568.336    7.7899    4.2004    3.5323   2042.1054    3.4275     6929621731.1732
   592.026    7.8161    4.2085    3.5404   2046.4377    3.4149     7216762218.1312
   615.716    7.8416    4.2164    3.5484   2050.7637    3.4024     7503503374.1206
   639.406    7.8671    4.2244    3.5563   2054.8504    3.3901     7789843242.6476
   663.097    7.8926    4.2324    3.5643   2059.0040    3.3779     8075785127.6311
   686.787    7.9171    4.2400    3.5722   2062.9877    3.3659     8361331806.4312
   710.477    7.9422    4.2479    3.5801   2066.9824    3.3540     8646490248.4588
   734.168    7.9670    4.2557    3.5880   2070.8120    3.3423     8931269093.9067
   757.858    7.9922    4.2639    3.5959   2074.6809    3.3307     9215676429.3692
   781.548    8.0169    4.2717    3.6038   2078.3970    3.3193     9499722461.3183
   805.239    8.0412    4.2795    3.6116   2082.0543    3.3081     9783415120.0839
   828.929    8.0668    4.2879    3.6198   2085.6599    3.2971    10066778341.4521
   852.619    8.0924    4.2965    3.6279   2089.3116    3.2863    10349834961.3145
   876.310    8.1186    4.3055    3.6363   2092.8057    3.2757    10632606954.9841
   900.000    8.1450    4.3147    3.6449   2096.2898    3.2653    10915123208.6250
   917.254    8.1645    4.3216    3.6512   2098.7757    3.2578    11120645834.4147
   934.508    8.1850    4.3290    3.6578   2101.2886    3.2505    11326063463.0544
   951.761    8.2060    4.3367    3.6646   2103.7520    3.2434    11531398152.2795
   969.015    8.2278    4.3451    3.6717   2106.2468    3.2363    11736668664.8193
   986.269    8.2494    4.3533    3.6788   2108.7343    3.2294    11941887229.6080
  1003.523    8.2750    4.3640    3.6870   2111.2868    3.2226    12147094475.6330
  1020.776    8.2941    4.3704    3.6938   2113.9900    3.2159    12352287765.1024
  1038.030    8.3114    4.3760    3.7000   2116.4899    3.2094    12557415285.1103
  1055.284    8.3322    4.3836    3.7075   2119.4205    3.2030    12762505240.9735
  1072.538    8.3490    4.3891    3.7135   2121.8850    3.1968    12967560306.9232
  1089.791    8.3648    4.3940    3.7191   2124.3322    3.1907    13172537482.7666
  1107.045    8.3824    4.4003    3.7255   2126.3022    3.1849    13377458820.0334
  1124.299    8.4125    4.4149    3.7361   2128.1218    3.1792    13582472170.6012
  1141.553    8.5516    4.5021    3.7740   2143.1938    3.1734    13788448611.2204
  1158.806    8.7202    4.6090    3.8184   2161.9960    3.1673    13996304802.5430
  1176.060    8.8812    4.7113    3.8594   2172.4376    3.1609    14206095417.4530
  1193.314    8.8959    4.7157    3.8647   2174.4917    3.1545    14416722980.2836
  1210.568    8.9102    4.7198    3.8701   2176.5419    3.1482    14627212387.5620
  1227.821    8.9242    4.7239    3.8754   2178.6352    3.1422    14837574210.3658
  1245.075    8.9387    4.7283    3.8809   2180.6499    3.1364    15047824753.7298
  1262.329    8.9524    4.7322    3.8862   2182.5790    3.1308    15257978460.6206
  1279.583    8.9660    4.7362    3.8914   2184.4842    3.1255    15468043222.8509
  1296.836    8.9793    4.7401    3.8966   2186.2369    3.1204    15678033412.5937
  1314.090    8.9929    4.7441    3.9022   2187.7917    3.1156    15887972405.6769
  1331.344    9.0059    4.7475    3.9076   2189.4484    3.1111    16097883729.1037
  1348.598    9.0187    4.7511    3.9129   2191.0586    3.1068    16307778120.8581
  1365.851    9.0323    4.7554    3.9184   2192.5645    3.1029    16517674908.7988
  1383.105    9.0444    4.7584    3.9238   2193.8649    3.0993    16727596053.9045
  1400.359    9.0566    4.7619    3.9290   2195.0327    3.0959    16937555384.9138
  1417.613    9.0693    4.7652    3.9348   2196.4848    3.0930    17147585666.5930
  1434.867    9.0812    4.7683    3.9404   2197.5130    3.0903    17357717726.1932
  1452.120    9.1156    4.7859    3.9503   2201.2804    3.0880    17568082818.2040
  1469.374    9.1566    4.8077    3.9622   2206.1607    3.0860    17778870673.9305
  1486.628    9.1977    4.8302    3.9739   2210.5521    3.0843    17990147933.1003
  1503.882    9.2394    4.8532    3.9863   2215.2680    3.0828    18201947944.4406
  1521.135    9.2805    4.8760    3.9991   2220.2016    3.0817    18414320843.2240
  1538.389    9.3093    4.8911    4.0083   2223.5606    3.0810    18627203497.1019
  1555.643    9.3228    4.8961    4.0132   2225.6423    3.0806    18840408649.4328
  1572.897    9.3357    4.9010    4.0178   2227.8647    3.0808    19053841524.2102
  1572.897    4.8735    0.0000    4.0291         nan    3.0808    19053841524.2102
  1592.683    4.8881    0.0000    4.0360         nan    3.0813    19299655704.4287
  1612.470    4.9026    0.0000    4.0429         nan    3.0825    19545936836.2345
  1632.256    4.9172    0.0000    4.0498         nan    3.0844    19792737280.2525
  1652.043    4.9311    0.0000    4.0565         nan    3.0871    20040104366.8003
  1671.830    4.9450    0.0000    4.0631         nan    3.0904    20288087023.5402
  1691.616    4.9589    0.0000    4.0697         nan    3.0946    20536745433.6284
  1711.403    4.9723    0.0000    4.0761         nan    3.0996    20786138617.5154
  1731.190    4.9854    0.0000    4.0825         nan    3.1055    21036326228.0161
  1750.976    4.9986    0.0000    4.0888         nan    3.1124    21287378021.0186
  1750.976    5.1208    0.0000    6.5548         nan    3.1124    21287378021.0186
  1807.477    5.2012    0.0000    6.5975         nan    3.0157    22443795941.9677
  1863.978    5.2770    0.0000    6.6379         nan    2.9179    23571395881.6616
  1920.479    5.3485    0.0000    6.6761         nan    2.8189    24668892467.3727
  1976.979    5.4160    0.0000    6.7122         nan    2.7189    25735078033.4681
  2033.480    5.4796    0.0000    6.7463         nan    2.6178    26768817170.9594
  2089.981    5.5397    0.0000    6.7786         nan    2.5158    27769042198.6272
  2146.482    5.5963    0.0000    6.8091         nan    2.4129    28734749400.5153
  2202.983    5.6496    0.0000    6.8378         nan    2.3092    29664995925.8171
  2259.484    5.6997    0.0000    6.8649         nan    2.2047    30558897277.2270
  2315.984    5.7469    0.0000    6.8904         nan    2.0995    31415625344.2024
  2372.485    5.7911    0.0000    6.9143         nan    1.9937    32234406978.2641
  2428.986    5.8325    0.0000    6.9367         nan    1.8872    33014523139.8491
  2485.487    5.8711    0.0000    6.9577         nan    1.7803    33755308696.4883
  2541.988    5.9071    0.0000    6.9772         nan    1.6729    34456153024.7250
  2598.488    5.9404    0.0000    6.9953         nan    1.5652    35116501672.5310
  2654.989    5.9713    0.0000    7.0121         nan    1.4571    35735859513.5164
  2711.490    5.9996    0.0000    7.0275         nan    1.3490    36313796119.6945
  2767.991    6.0255    0.0000    7.0416         nan    1.2408    36849954596.9225
  2824.492    6.0491    0.0000    7.0544         nan    1.1329    37344066085.8560
  2880.993    6.0702    0.0000    7.0660         nan    1.0255    37795973988.8765
  2937.493    6.0891    0.0000    7.0763         nan    0.9191    38205675790.1510
  2993.994    6.1057    0.0000    7.0853         nan    0.8148    38573398663.3950
  3050.495    6.1200    0.0000    7.0931         nan    0.7139    38899744780.2141
  3106.996    6.1321    0.0000    7.0997         nan    0.6200    39185993703.8901
  3163.497    6.1419    0.0000    7.1051         nan    0.5411    39434801442.8648
  3219.998    6.1496    0.0000    7.1093         nan    0.5003    39652066910.5808
  3276.498    6.1550    0.0000    7.1123         nan    0.5922    39853082061.8119
  3332.999    6.1583    0.0000    7.1140         nan    1.5823    40091092218.3369
  3389.500    6.1594    0.0000    7.1146         nan    0.0000    40727137860.8264
