# Depth[km]  Vp[km/s]  Vs[km/s] Rho[g/cm3]    T[K]     g[m/s2]         P[Pa]        
     0.000    3.6230    2.1576    1.6667    273.1500    3.7291              0.0000
    10.690    3.6230    2.1576    1.6667    312.6391    3.7377       66444204.9632
    10.690    5.1805    3.0851    2.3832    312.6391    3.7377       66444204.9632
    27.761    5.1805    3.0851    2.3832    375.7019    3.7415      218504979.6957
    27.761    6.3029    3.7535    2.8996    375.7019    3.7415      218504979.6957
    46.618    6.3029    3.7535    2.8996    445.3652    3.7377      423080727.7662
    46.618    7.8421    4.4840    3.4775    445.3652    3.7377      423080727.7662
    56.459    7.8382    4.4775    3.4779    481.7204    3.7310      550998627.2734
    66.300    7.8339    4.4707    3.4783    518.0757    3.7243      678702207.0114
    76.141    7.8291    4.4635    3.4785    554.4310    3.7177      806188565.8957
    85.982    7.8242    4.4564    3.4787    590.7862    3.7111      933456505.0805
    95.823    7.8193    4.4492    3.4789    627.1415    3.7045     1060506153.0100
   105.663    7.8130    4.4414    3.4789    663.4967    3.6979     1187332826.5043
   115.504    7.8076    4.4340    3.4790    699.8520    3.6914     1313935293.7836
   125.345    7.8021    4.4264    3.4790    736.2072    3.6849     1440316460.8503
   135.186    7.7966    4.4189    3.4791    772.5625    3.6784     1566476492.8275
   145.027    7.7901    4.4110    3.4788    808.9177    3.6720     1692411276.0949
   154.868    7.7844    4.4034    3.4788    845.2730    3.6655     1818120220.7494
   164.709    7.7779    4.3954    3.4785    881.6282    3.6591     1943603191.2606
   174.550    7.7721    4.3877    3.4784    917.9835    3.6528     2068860265.2814
   184.391    7.7658    4.3799    3.4781    954.3387    3.6464     2193892611.9066
   194.232    7.7601    4.3722    3.4779    990.6940    3.6401     2318699512.0264
   204.073    7.7536    4.3642    3.4776   1027.0492    3.6339     2443281059.1893
   213.914    7.7467    4.3561    3.4771   1063.4045    3.6276     2567632960.4855
   223.755    7.7413    4.3486    3.4768   1099.7597    3.6214     2691757891.5562
   233.596    7.7347    4.3405    3.4764   1136.1150    3.6153     2815658267.2650
   243.437    7.7280    4.3324    3.4760   1172.4703    3.6092     2939332961.1157
   253.278    7.7215    4.3244    3.4756   1208.8255    3.6031     3062783593.3182
   263.119    7.7150    4.3164    3.4751   1245.1808    3.5970     3186010576.5964
   272.960    7.7085    4.3085    3.4747   1281.5360    3.5910     3309014584.0052
   282.801    7.7020    4.3005    3.4742   1317.8913    3.5850     3431796544.4698
   292.642    7.6937    4.2918    3.4736   1354.2465    3.5791     3554356005.7429
   302.483    7.6862    4.2834    3.4732   1390.6018    3.5732     3676694998.3681
   312.324    7.6782    4.2748    3.4727   1426.9570    3.5673     3798814969.8112
   322.165    7.6705    4.2663    3.4722   1463.3123    3.5615     3920717324.4860
   332.006    7.6628    4.2578    3.4718   1499.6675    3.5557     4042405651.4444
   341.847    7.6553    4.2493    3.4714   1536.0228    3.5499     4163880730.1210
   351.687    7.6465    4.2403    3.4708   1572.3780    3.5442     4285141026.5095
   361.528    7.6385    4.2317    3.4702   1608.7333    3.5386     4406186651.0707
   371.369    7.6298    4.2227    3.4696   1645.0885    3.5329     4527019545.0371
   381.210    7.6212    4.2138    3.4690   1681.4438    3.5274     4647639726.1969
   391.051    7.6131    4.2051    3.4685   1717.7990    3.5218     4768050319.9806
   400.892    7.6053    4.1965    3.4680   1754.1543    3.5163     4888254764.1973
   410.733    7.5974    4.1879    3.4675   1790.5095    3.5109     5008254148.8604
   420.574    7.5871    4.1782    3.4667   1826.8648    3.5055     5128044558.6946
   430.415    7.5738    4.1675    3.4653   1863.2201    3.5002     5247613124.0895
   440.256    7.5660    4.1588    3.4649   1899.5753    3.4949     5366967872.1610
   463.243    7.5943    4.1660    3.4729   1903.6654    3.4826     5645646087.6598
   486.231    7.6224    4.1734    3.4808   1907.6689    3.4704     5923982492.1625
   509.218    7.6630    4.1856    3.4906   1912.9816    3.4582     6202051989.7377
   532.205    7.6928    4.1939    3.4987   1917.1244    3.4462     6479861895.2804
   555.192    7.7209    4.2014    3.5066   1921.0783    3.4342     6757334568.6214
   578.179    7.7489    4.2090    3.5143   1924.9812    3.4224     7034462018.1827
   601.166    7.7761    4.2163    3.5220   1928.8308    3.4107     7311243074.8231
   624.154    7.8041    4.2240    3.5298   1932.7718    3.3991     7587682862.8913
   647.141    7.8305    4.2311    3.5373   1936.4249    3.3876     7863777199.3629
   670.128    7.8563    4.2380    3.5447   1940.0213    3.3763     8139517819.6671
   693.115    7.8819    4.2448    3.5520   1943.5634    3.3651     8414907176.0692
   716.102    7.9072    4.2516    3.5593   1947.0607    3.3540     8689949225.6319
   739.090    7.9324    4.2583    3.5665   1950.5357    3.3432     8964649761.1561
   762.077    7.9575    4.2651    3.5737   1953.9190    3.3325     9239015947.5650
   785.064    7.9818    4.2717    3.5807   1957.1585    3.3220     9513048779.4901
   808.051    8.0061    4.2781    3.5878   1960.5090    3.3117     9786757144.2114
   831.038    8.0300    4.2845    3.5948   1963.6589    3.3016    10060152350.3046
   854.026    8.0544    4.2911    3.6018   1966.8843    3.2918    10333245958.3965
   877.013    8.0790    4.2981    3.6089   1970.1271    3.2821    10606058407.3309
   900.000    8.1033    4.3048    3.6160   1973.2646    3.2727    10878606216.4310
   917.061    8.1210    4.3098    3.6211   1975.5083    3.2659    11080653776.7275
   934.122    8.1384    4.3145    3.6263   1977.7453    3.2592    11282567764.0004
   951.183    8.1562    4.3196    3.6315   1979.9367    3.2527    11484358281.9599
   968.244    8.1741    4.3247    3.6367   1982.2011    3.2463    11686034924.0316
   985.306    8.1930    4.3304    3.6424   1984.4091    3.2401    11887616377.0451
  1002.367    8.2114    4.3358    3.6479   1986.6064    3.2341    12089119228.6537
  1019.428    8.2282    4.3405    3.6528   1988.7038    3.2282    12290534353.6834
  1036.489    8.2449    4.3450    3.6578   1990.7452    3.2225    12491857759.6135
  1053.550    8.2607    4.3491    3.6626   1992.8190    3.2170    12693093433.6465
  1070.611    8.3432    4.3990    3.6847   2000.5428    3.2115    12894721916.8117
  1087.672    8.4574    4.4704    3.7152   2011.7032    3.2060    13097452396.9070
  1104.733    8.5917    4.5555    3.7505   2025.1639    3.2002    13301631440.9076
  1121.794    8.6156    4.5649    3.7574   2029.2797    3.1944    13506594334.9699
  1138.856    8.6736    4.6115    3.7644   2032.9317    3.1888    13711565499.2405
  1155.917    8.6883    4.6158    3.7686   2043.4778    3.1834    13916482073.1086
  1172.978    8.7436    4.6610    3.7754   2046.0426    3.1782    14121349197.5349
  1190.039    8.7588    4.6652    3.7802   2048.4775    3.1733    14326196034.5987
  1207.100    8.7741    4.6696    3.7851   2050.9001    3.1685    14530984765.5029
  1224.161    8.7894    4.6741    3.7899   2053.3554    3.1640    14735730074.4763
  1241.222    8.8046    4.6784    3.7948   2055.7624    3.1598    14940448202.8262
  1258.283    8.8192    4.6826    3.7994   2058.1553    3.1558    15145147920.6068
  1275.344    8.8589    4.7011    3.8090   2063.3644    3.1521    15349970215.4556
  1292.405    8.8971    4.7193    3.8182   2068.5275    3.1485    15555055330.6723
  1309.467    8.9363    4.7377    3.8280   2073.7295    3.1452    15760423412.8953
  1326.528    8.9756    4.7565    3.8382   2078.9529    3.1422    15966112282.1469
  1343.589    9.0142    4.7747    3.8485   2084.2315    3.1393    16172150391.5696
  1360.650    9.0539    4.7934    3.8597   2089.9258    3.1367    16378579428.4657
  1377.711    9.0766    4.8019    3.8669   2092.5732    3.1344    16585328492.8120
  1394.772    9.0932    4.8053    3.8736   2094.5493    3.1324    16792294508.3611
  1411.833    9.1098    4.8089    3.8803   2096.5772    3.1307    16999487242.7102
  1428.894    9.1264    4.8124    3.8873   2098.5891    3.1294    17206935489.5330
  1445.955    9.1436    4.8157    3.8947   2100.5509    3.1284    17414680664.3980
  1463.017    9.1702    4.8240    3.9068   2104.9334    3.1278    17622881031.0093
  1480.078    9.2495    4.8656    3.9400   2118.0885    3.1273    17832245383.5247
  1497.139    9.2778    4.8796    3.9497   2123.8139    3.1269    18042720274.2872
  1514.200    9.3050    4.8935    3.9587   2129.3422    3.1270    18253673731.0262
  1531.261    9.3306    4.9062    3.9673   2134.4654    3.1275    18465102745.5333
  1548.322    9.3548    4.9185    3.9754   2139.4778    3.1283    18677007644.6991
  1565.383    9.3798    4.9311    3.9838   2144.6830    3.1296    18889410527.0367
  1565.383    4.7987    0.0000    4.0036         nan    3.1296    18889410527.0367
  1578.176    4.8081    0.0000    4.0081         nan    3.1307    19049787071.3673
  1590.968    4.8175    0.0000    4.0127         nan    3.1321    19210402311.6487
  1603.760    4.8270    0.0000    4.0173         nan    3.1337    19371270774.7204
  1616.553    4.8364    0.0000    4.0219         nan    3.1357    19532407487.6319
  1629.345    4.8458    0.0000    4.0265         nan    3.1379    19693827654.2157
  1642.138    4.8548    0.0000    4.0308         nan    3.1405    19855543239.2052
  1654.930    4.8638    0.0000    4.0352         nan    3.1434    20017567154.6881
  1667.722    4.8728    0.0000    4.0396         nan    3.1466    20179916720.9405
  1680.515    4.8818    0.0000    4.0440         nan    3.1502    20342609858.4213
  1680.515    5.0775    0.0000    6.3459         nan    3.1502    20342609858.4213
  1739.445    5.1595    0.0000    6.3903         nan    3.0531    21524820257.2358
  1798.376    5.2368    0.0000    6.4323         nan    2.9547    22678365018.2355
  1857.306    5.3097    0.0000    6.4720         nan    2.8550    23801834382.6362
  1916.237    5.3785    0.0000    6.5095         nan    2.7542    24893903048.6075
  1975.167    5.4433    0.0000    6.5450         nan    2.6523    25953324113.3528
  2034.098    5.5045    0.0000    6.5786         nan    2.5493    26978924023.3606
  2093.028    5.5622    0.0000    6.6102         nan    2.4453    27969598357.4638
  2151.959    5.6165    0.0000    6.6401         nan    2.3405    28924308309.3111
  2210.889    5.6676    0.0000    6.6682         nan    2.2347    29842077772.2108
  2269.820    5.7156    0.0000    6.6947         nan    2.1282    30721990969.9059
  2328.751    5.7606    0.0000    6.7196         nan    2.0210    31563190601.3200
  2387.681    5.8027    0.0000    6.7429         nan    1.9131    32364876496.7504
  2446.612    5.8421    0.0000    6.7647         nan    1.8046    33126304827.3871
  2505.542    5.8787    0.0000    6.7849         nan    1.6956    33846787960.2491
  2564.473    5.9127    0.0000    6.8038         nan    1.5861    34525695127.2817
  2623.403    5.9441    0.0000    6.8212         nan    1.4762    35162454204.0928
  2682.334    5.9730    0.0000    6.8372         nan    1.3660    35756555099.0951
  2741.264    5.9994    0.0000    6.8519         nan    1.2557    36307555621.7006
  2800.195    6.0233    0.0000    6.8652         nan    1.1454    36815091372.0321
  2859.125    6.0449    0.0000    6.8772         nan    1.0353    37278892499.4037
  2918.056    6.0641    0.0000    6.8879         nan    0.9259    37698812853.3300
  2976.986    6.0810    0.0000    6.8973         nan    0.8176    38074882901.2240
  3035.917    6.0956    0.0000    6.9054         nan    0.7118    38407411639.6661
  3094.847    6.1079    0.0000    6.9123         nan    0.6106    38697198887.7902
  3153.778    6.1179    0.0000    6.9179         nan    0.5197    38946026269.2125
  3212.708    6.1257    0.0000    6.9222         nan    0.4552    39157968353.7017
  3271.639    6.1313    0.0000    6.9253         nan    0.4824    39343713228.8830
  3330.569    6.1346    0.0000    6.9272         nan    1.1309    39540626898.6624
  3389.500    6.1357    0.0000    6.9278         nan    0.0000    40002324723.4584
