# Depth[km]  Vp[km/s]  Vs[km/s] Rho[g/cm3]    T[K]     g[m/s2]         P[Pa]        
     0.000    3.7240    2.2437    1.6995    273.1500    3.7291              0.0000
    10.841    3.7240    2.2437    1.6995    316.6562    3.7375       68707961.2699
    10.841    4.7094    2.8374    2.1492    316.6562    3.7375       68707961.2699
    29.057    4.7094    2.8374    2.1492    389.7629    3.7452      215031503.3450
    29.057    6.1618    3.7125    2.8121    389.7629    3.7452      215031503.3450
    47.819    6.1618    3.7125    2.8121    465.0602    3.7428      412620591.1966
    47.819    7.9562    4.5323    3.5033    465.0602    3.7428      412620591.1966
    57.481    7.9486    4.5228    3.5030    503.8390    3.7361      539311575.2397
    67.143    7.9405    4.5132    3.5027    542.6178    3.7294      665764938.4430
    76.806    7.9321    4.5033    3.5024    581.3966    3.7227      791979243.4105
    86.468    7.9229    4.4931    3.5019    620.1754    3.7161      917951482.0621
    96.131    7.9142    4.4833    3.5014    658.9542    3.7094     1043681841.2034
   105.793    7.9053    4.4732    3.5010    697.7331    3.7028     1169172526.0906
   115.455    7.8965    4.4635    3.5005    736.5119    3.6963     1294423725.0183
   125.118    7.8869    4.4534    3.4999    775.2907    3.6897     1419433393.3279
   134.780    7.8778    4.4434    3.4993    814.0695    3.6832     1544200910.1133
   144.442    7.8682    4.4334    3.4987    852.8483    3.6768     1668726831.7632
   154.105    7.8582    4.4232    3.4979    891.6271    3.6703     1793008667.9827
   163.767    7.8485    4.4131    3.4972    930.4060    3.6639     1917046978.1914
   173.430    7.8394    4.4034    3.4966    969.1848    3.6575     2040844825.8757
   183.092    7.8297    4.3934    3.4958   1007.9636    3.6512     2164402546.0599
   192.754    7.8196    4.3833    3.4950   1046.7424    3.6449     2287717769.0472
   202.417    7.8097    4.3732    3.4942   1085.5212    3.6386     2410790604.5370
   212.079    7.7997    4.3632    3.4933   1124.3000    3.6324     2533622091.9719
   221.742    7.7889    4.3528    3.4923   1163.0788    3.6262     2656211140.2375
   231.404    7.7793    4.3430    3.4915   1201.8577    3.6200     2778559468.6515
   241.066    7.7694    4.3330    3.4906   1240.6365    3.6139     2900669150.3153
   250.729    7.7584    4.3225    3.4895   1279.4153    3.6078     3022537924.5661
   260.391    7.7490    4.3129    3.4886   1318.1941    3.6018     3144167361.8019
   270.054    7.7397    4.3033    3.4877   1356.9729    3.5958     3265561518.5801
   279.716    7.7302    4.2935    3.4868   1395.7517    3.5898     3386720696.6012
   289.378    7.7201    4.2837    3.4857   1434.5306    3.5839     3507643607.7393
   299.041    7.7107    4.2739    3.4848   1473.3094    3.5780     3628332326.0088
   308.703    7.7010    4.2642    3.4837   1512.0882    3.5721     3748788538.1939
   318.365    7.6910    4.2543    3.4827   1550.8670    3.5663     3869011663.8449
   328.028    7.6807    4.2443    3.4815   1589.6458    3.5606     3989002003.6500
   337.690    7.6713    4.2346    3.4806   1628.4246    3.5548     4108762814.9293
   347.353    7.6608    4.2245    3.4795   1667.2035    3.5492     4228296141.6707
   357.015    7.6503    4.2144    3.4784   1705.9823    3.5435     4347600832.5844
   366.677    7.6405    4.2046    3.4772   1744.7611    3.5380     4466677570.9985
   376.340    7.6302    4.1945    3.4762   1783.5399    3.5324     4585529303.0330
   386.002    7.6194    4.1843    3.4750   1822.3187    3.5269     4704156989.7357
   395.665    7.6093    4.1743    3.4739   1861.0975    3.5215     4822561474.5933
   405.327    7.5989    4.1642    3.4728   1899.8764    3.5161     4940745955.7950
   414.989    7.5879    4.1539    3.4716   1938.6552    3.5107     5058710193.6762
   424.652    7.5779    4.1439    3.4705   1977.4340    3.5054     5176455402.1466
   434.314    7.5672    4.1337    3.4693   2016.2128    3.5002     5293983496.7502
   457.598    7.5998    4.1434    3.4783   2021.2644    3.4876     5577093432.8590
   480.883    7.6310    4.1526    3.4870   2026.1310    3.4751     5859903758.7405
   504.167    7.6613    4.1616    3.4955   2030.9112    3.4627     6142399788.5540
   527.451    7.6908    4.1703    3.5039   2035.5027    3.4504     6424571538.4635
   550.736    7.7193    4.1786    3.5122   2040.0083    3.4381     6706409033.2679
   574.020    7.7473    4.1869    3.5204   2044.3629    3.4260     6987903360.7793
   597.304    7.7746    4.1949    3.5285   2048.7414    3.4140     7269052350.7916
   620.588    7.8014    4.2028    3.5364   2052.9291    3.4021     7549853815.5847
   643.873    7.8278    4.2106    3.5443   2057.0097    3.3903     7830303482.7081
   667.157    7.8544    4.2185    3.5523   2061.1218    3.3786     8110406722.6628
   690.441    7.8803    4.2262    3.5600   2065.1017    3.3671     8390164682.2669
   713.726    7.9060    4.2338    3.5678   2069.0295    3.3558     8669579794.5057
   737.010    7.9314    4.2414    3.5755   2072.7441    3.3446     8948658351.8663
   760.294    7.9567    4.2489    3.5833   2076.4521    3.3336     9227407788.0199
   783.579    7.9824    4.2568    3.5910   2080.2488    3.3227     9505841161.4997
   806.863    8.0078    4.2646    3.5988   2083.8306    3.3121     9783968806.8764
   830.147    8.0327    4.2721    3.6065   2087.4219    3.3016    10061801296.3896
   853.431    8.0584    4.2803    3.6144   2090.8423    3.2913    10339357145.5705
   876.716    8.0851    4.2890    3.6225   2094.3645    3.2813    10616662791.5180
   900.000    8.1111    4.2973    3.6307   2097.8313    3.2715    10893745293.9400
   916.957    8.1305    4.3038    3.6367   2100.2494    3.2645    11095320312.2710
   933.913    8.1489    4.3097    3.6425   2102.6829    3.2576    11296790504.6096
   950.870    8.1705    4.3175    3.6492   2105.0894    3.2508    11498179427.6832
   967.827    8.1919    4.3252    3.6560   2107.5806    3.2442    11699521495.1875
   984.783    8.2113    4.3319    3.6621   2109.9574    3.2377    11900808395.7749
  1001.740    8.2367    4.3420    3.6701   2112.4107    3.2314    12102079047.6241
  1018.697    8.2595    4.3507    3.6773   2114.8945    3.2251    12303371080.2555
  1035.653    8.2862    4.3617    3.6859   2117.4521    3.2190    12504707452.4391
  1052.610    8.3051    4.3682    3.6921   2119.8388    3.2131    12706065397.4796
  1069.566    8.3227    4.3739    3.6980   2121.9951    3.2073    12907379975.8066
  1086.523    8.3397    4.3794    3.7036   2124.1350    3.2017    13108646537.9507
  1103.480    8.3563    4.3847    3.7092   2126.3793    3.1962    13309866007.5194
  1120.436    8.3734    4.3903    3.7151   2128.5836    3.1910    13511055564.6893
  1137.393    8.5191    4.4819    3.7545   2143.1645    3.1857    13713139082.1164
  1154.350    8.6990    4.5963    3.8016   2162.0117    3.1801    13917224316.6178
  1171.306    8.8477    4.6904    3.8398   2172.2770    3.1741    14123250183.0977
  1188.263    8.8629    4.6952    3.8449   2174.5576    3.1682    14330053747.3416
  1205.220    8.8782    4.6999    3.8501   2176.9095    3.1624    14536744443.9090
  1222.176    8.8946    4.7043    3.8567   2179.8316    3.1568    14743375895.2610
  1239.133    8.9102    4.7090    3.8623   2182.3149    3.1515    14949971108.7794
  1256.090    8.9253    4.7136    3.8677   2184.7936    3.1464    15156512495.4050
  1273.046    8.9396    4.7182    3.8727   2187.1792    3.1415    15362997139.2725
  1290.003    8.9534    4.7229    3.8774   2189.4201    3.1369    15569418889.7712
  1306.959    8.9688    4.7275    3.8828   2191.7392    3.1326    15775806661.7905
  1323.916    8.9841    4.7321    3.8888   2194.5100    3.1285    15982213431.4243
  1340.873    8.9985    4.7367    3.8941   2197.0054    3.1247    16188650339.0475
  1357.829    9.0121    4.7412    3.8987   2199.2328    3.1212    16395098769.2595
  1374.786    9.0264    4.7459    3.9040   2201.6878    3.1180    16601577574.7661
  1391.743    9.0403    4.7504    3.9088   2203.9168    3.1151    16808111671.0470
  1408.699    9.0537    4.7551    3.9134   2206.1029    3.1126    17014704215.5896
  1425.656    9.0882    4.7724    3.9228   2211.7852    3.1104    17221496533.4377
  1442.613    9.1291    4.7947    3.9326   2217.3009    3.1084    17428647584.9923
  1459.569    9.1688    4.8165    3.9422   2223.0711    3.1068    17636181665.8897
  1476.526    9.2085    4.8387    3.9521   2228.9139    3.1055    17844120025.3642
  1493.483    9.2498    4.8610    3.9633   2235.5975    3.1045    18052527224.6307
  1510.439    9.2888    4.8822    3.9750   2240.7608    3.1038    18261469905.5508
  1527.396    9.3289    4.9047    3.9869   2245.5068    3.1035    18470988381.7317
  1544.352    9.3515    4.9155    3.9944   2248.3963    3.1035    18680994970.4011
  1561.309    9.3644    4.9202    3.9988   2250.3486    3.1040    18891316688.6121
  1561.309    4.9070    0.0000    4.0123         nan    3.1040    18891316688.6121
  1577.008    4.9198    0.0000    4.0177         nan    3.1046    19086958743.2184
  1592.706    4.9327    0.0000    4.0231         nan    3.1057    19282906662.9797
  1608.405    4.9455    0.0000    4.0285         nan    3.1073    19479186477.8276
  1624.103    4.9584    0.0000    4.0339         nan    3.1092    19675825320.4806
  1639.802    4.9706    0.0000    4.0390         nan    3.1116    19872845421.1098
  1655.501    4.9828    0.0000    4.0442         nan    3.1145    20070270209.0576
  1671.199    4.9950    0.0000    4.0493         nan    3.1179    20268130529.1952
  1686.898    5.0072    0.0000    4.0545         nan    3.1218    20466458643.4485
  1702.596    5.0188    0.0000    4.0594         nan    3.1263    20665282427.7923
  1702.596    5.1040    0.0000    6.3796         nan    3.1263    20665282427.7923
  1760.765    5.1675    0.0000    6.4230         nan    3.0300    21829384931.8933
  1818.934    5.2276    0.0000    6.4643         nan    2.9325    22965099039.0267
  1877.104    5.2847    0.0000    6.5036         nan    2.8337    24071124686.3567
  1935.273    5.3388    0.0000    6.5410         nan    2.7338    25146227195.6994
  1993.442    5.3901    0.0000    6.5766         nan    2.6329    26189234483.4395
  2051.611    5.4387    0.0000    6.6103         nan    2.5309    27199034750.3185
  2109.780    5.4846    0.0000    6.6423         nan    2.4281    28174574600.4826
  2167.949    5.5281    0.0000    6.6726         nan    2.3243    29114857559.8568
  2226.118    5.5690    0.0000    6.7012         nan    2.2197    30018942984.4872
  2284.287    5.6076    0.0000    6.7282         nan    2.1144    30885945372.5115
  2342.456    5.6439    0.0000    6.7537         nan    2.0084    31715034121.4935
  2400.625    5.6780    0.0000    6.7776         nan    1.9017    32505433811.8678
  2458.794    5.7099    0.0000    6.8001         nan    1.7945    33256425151.1710
  2516.964    5.7396    0.0000    6.8210         nan    1.6869    33967346797.0660
  2575.133    5.7672    0.0000    6.8405         nan    1.5788    34637598412.8826
  2633.302    5.7928    0.0000    6.8586         nan    1.4705    35266645524.5050
  2691.471    5.8163    0.0000    6.8752         nan    1.3621    35854027122.4752
  2749.640    5.8379    0.0000    6.8905         nan    1.2538    36399367616.1861
  2807.809    5.8575    0.0000    6.9043         nan    1.1458    36902395971.5962
  2865.978    5.8751    0.0000    6.9168         nan    1.0385    37362977243.4459
  2924.147    5.8909    0.0000    6.9280         nan    0.9327    37781166587.2499
  2982.316    5.9047    0.0000    6.9378         nan    0.8294    38157306505.5393
  3040.485    5.9167    0.0000    6.9463         nan    0.7306    38492213343.5162
  3098.655    5.9268    0.0000    6.9535         nan    0.6406    38787564995.6734
  3156.824    5.9350    0.0000    6.9593         nan    0.5697    39046796763.6166
  3214.993    5.9414    0.0000    6.9639         nan    0.5473    39277492834.6555
  3273.162    5.9460    0.0000    6.9671         nan    0.6935    39499265887.3646
  3331.331    5.9487    0.0000    6.9691         nan    1.9806    39780348111.5351
  3389.500    5.9496    0.0000    6.9697         nan    0.0000    40583306154.2774
