# Depth[km]  Vp[km/s]  Vs[km/s] Rho[g/cm3]    T[K]     g[m/s2]         P[Pa]        
     0.000    3.7536    2.2214    1.7191    273.1500    3.7291              0.0000
    11.149    3.7536    2.2214    1.7191    317.4635    3.7376       71473883.0887
    11.149    4.7082    2.7863    2.1563    317.4635    3.7376       71473883.0887
    28.243    4.7082    2.7863    2.1563    385.4121    3.7446      209240711.4622
    28.243    5.9445    3.5180    2.7225    385.4121    3.7446      209240711.4622
    46.517    5.9445    3.5180    2.7225    458.0497    3.7437      395538781.7401
    46.517    7.9583    4.5342    3.5035    458.0497    3.7437      395538781.7401
    56.253    7.9507    4.5247    3.5033    496.7533    3.7370      523243829.9437
    65.990    7.9429    4.5152    3.5030    535.4569    3.7302      650709248.1718
    75.727    7.9346    4.5054    3.5027    574.1605    3.7234      777933380.2980
    85.463    7.9258    4.4954    3.5023    612.8642    3.7167      904913432.8950
    95.200    7.9172    4.4856    3.5019    651.5678    3.7101     1031649369.6104
   104.937    7.9083    4.4756    3.5014    690.2714    3.7034     1158142929.0890
   114.674    7.8997    4.4658    3.5010    728.9750    3.6968     1284394446.2850
   124.410    7.8902    4.4557    3.5004    767.6786    3.6902     1410401962.6162
   134.147    7.8815    4.4460    3.5000    806.3823    3.6836     1536165620.3102
   143.884    7.8718    4.4359    3.4993    845.0859    3.6771     1661685809.5907
   153.621    7.8620    4.4257    3.4986    883.7895    3.6706     1786958785.5129
   163.357    7.8531    4.4160    3.4980    922.4931    3.6641     1911987509.8261
   173.094    7.8433    4.4060    3.4973    961.1967    3.6577     2036773238.2807
   182.831    7.8339    4.3961    3.4966    999.9003    3.6513     2161314604.1163
   192.567    7.8240    4.3861    3.4958   1038.6040    3.6449     2285611195.0774
   202.304    7.8142    4.3760    3.4950   1077.3076    3.6386     2409662703.2265
   212.041    7.8042    4.3660    3.4942   1116.0112    3.6323     2533470476.7866
   221.778    7.7944    4.3560    3.4934   1154.7148    3.6261     2657035968.2215
   231.514    7.7849    4.3462    3.4926   1193.4184    3.6198     2780360762.1438
   241.251    7.7753    4.3364    3.4918   1232.1221    3.6137     2903445325.4228
   250.988    7.7640    4.3258    3.4907   1270.8257    3.6075     3026285837.6995
   260.725    7.7553    4.3165    3.4899   1309.5293    3.6014     3148884757.7609
   270.461    7.7461    4.3069    3.4890   1348.2329    3.5954     3271247375.6261
   280.198    7.7367    4.2971    3.4881   1386.9365    3.5893     3393372191.8827
   289.935    7.7265    4.2872    3.4870   1425.6401    3.5833     3515257262.3043
   299.672    7.7175    4.2777    3.4862   1464.3438    3.5774     3636905745.0990
   309.408    7.7074    4.2678    3.4851   1503.0474    3.5715     3758319443.9480
   319.145    7.6979    4.2580    3.4841   1541.7510    3.5656     3879496817.2708
   328.882    7.6887    4.2485    3.4832   1580.4546    3.5598     4000442505.9664
   338.618    7.6781    4.2384    3.4822   1619.1582    3.5541     4121156602.1494
   348.355    7.6684    4.2286    3.4811   1657.8619    3.5483     4241638196.6477
   358.092    7.6583    4.2186    3.4801   1696.5655    3.5426     4361889438.0267
   367.829    7.6485    4.2088    3.4790   1735.2691    3.5370     4481912004.9068
   377.565    7.6382    4.1988    3.4779   1773.9727    3.5314     4601706736.4731
   387.302    7.6278    4.1887    3.4769   1812.6763    3.5259     4721275116.1101
   397.039    7.6182    4.1789    3.4758   1851.3799    3.5204     4840619409.1235
   406.776    7.6073    4.1686    3.4747   1890.0836    3.5149     4959739539.2898
   416.512    7.5972    4.1587    3.4736   1928.7872    3.5095     5078637869.3081
   426.249    7.5864    4.1483    3.4725   1967.4908    3.5041     5197315618.7419
   435.986    7.5768    4.1385    3.4715   2006.1944    3.4988     5315775530.5372
   459.186    7.6088    4.1480    3.4803   2011.1519    3.4863     5597933093.0472
   482.387    7.6398    4.1572    3.4889   2015.8960    3.4738     5879784166.1448
   505.588    7.6697    4.1661    3.4974   2020.5305    3.4614     6161314317.8055
   528.789    7.6981    4.1744    3.5057   2025.0679    3.4491     6442511863.6265
   551.989    7.7265    4.1827    3.5139   2029.5195    3.4369     6723369725.0469
   575.190    7.7546    4.1910    3.5221   2033.9080    3.4247     7003885167.5772
   598.391    7.7820    4.1992    3.5301   2038.0993    3.4127     7284055029.5321
   621.591    7.8087    4.2070    3.5381   2042.3227    3.4008     7563876324.0622
   644.792    7.8354    4.2150    3.5459   2046.3620    3.3891     7843346641.9083
   667.993    7.8611    4.2225    3.5537   2050.3686    3.3774     8122464547.8853
   691.194    7.8868    4.2302    3.5615   2054.2649    3.3659     8401232468.6539
   714.394    7.9129    4.2380    3.5693   2058.1791    3.3546     8679659423.6735
   737.595    7.9379    4.2453    3.5770   2061.9188    3.3434     8957752075.3931
   760.796    7.9636    4.2531    3.5847   2065.6883    3.3324     9235515798.5488
   783.996    7.9888    4.2608    3.5924   2069.3361    3.3215     9512961205.3996
   807.197    8.0137    4.2684    3.6000   2072.8301    3.3109     9790093527.5804
   830.398    8.0387    4.2760    3.6077   2076.3163    3.3004    10066924937.8362
   853.599    8.0651    4.2845    3.6158   2079.9233    3.2902    10343486449.1870
   876.799    8.0905    4.2927    3.6235   2083.1898    3.2801    10619791266.6794
   900.000    8.1168    4.3012    3.6318   2086.6763    3.2703    10895862820.0893
   916.668    8.1356    4.3073    3.6377   2089.0184    3.2634    11093995709.3366
   933.337    8.1540    4.3134    3.6435   2091.3644    3.2566    11292025595.6030
   950.005    8.1753    4.3210    3.6501   2093.7932    3.2499    11489977728.5315
   966.673    8.1960    4.3284    3.6566   2096.1792    3.2433    11687879714.5080
   983.341    8.2165    4.3358    3.6631   2098.5246    3.2369    11885735621.7474
  1000.010    8.2397    4.3448    3.6704   2100.9309    3.2306    12083572416.1810
  1016.678    8.2632    4.3540    3.6778   2103.3582    3.2244    12281420125.2924
  1033.346    8.2892    4.3647    3.6862   2105.8231    3.2184    12479313912.4770
  1050.014    8.3079    4.3711    3.6923   2108.1427    3.2125    12677224330.3166
  1066.683    8.3246    4.3764    3.6979   2110.2777    3.2067    12875082755.5509
  1083.351    8.3412    4.3817    3.7035   2112.3883    3.2011    13072884800.2639
  1100.019    8.3579    4.3872    3.7091   2114.5479    3.1957    13270641421.1818
  1116.687    8.3748    4.3927    3.7149   2116.6455    3.1905    13468367766.8210
  1133.356    8.5095    4.4771    3.7515   2130.2092    3.1852    13666896606.9335
  1150.024    8.6865    4.5897    3.7980   2147.8752    3.1796    13867303984.9563
  1166.692    8.8480    4.6923    3.8394   2160.0776    3.1737    14069691244.2986
  1183.360    8.8636    4.6975    3.8445   2162.3214    3.1677    14272931834.6988
  1200.029    8.8786    4.7021    3.8496   2164.5979    3.1620    14476059395.1143
  1216.697    8.8949    4.7065    3.8562   2167.4461    3.1564    14679124814.7671
  1233.365    8.9101    4.7111    3.8617   2169.9005    3.1510    14882150450.7964
  1250.033    8.9250    4.7156    3.8671   2172.3122    3.1458    15085115828.2089
  1266.702    8.9394    4.7201    3.8722   2174.6852    3.1409    15288023098.3452
  1283.370    8.9528    4.7247    3.8767   2176.8797    3.1362    15490864332.9971
  1300.038    8.9678    4.7291    3.8819   2179.1358    3.1318    15693656692.2033
  1316.706    8.9829    4.7336    3.8879   2181.8504    3.1276    15896453977.6454
  1333.375    8.9972    4.7382    3.8930   2184.2222    3.1237    16099271225.5167
  1350.043    9.0109    4.7428    3.8978   2186.4617    3.1201    16302093603.8735
  1366.711    9.0250    4.7473    3.9030   2188.8733    3.1167    16504938796.8017
  1383.379    9.0376    4.7517    3.9073   2191.0177    3.1137    16707811498.0764
  1400.048    9.0518    4.7563    3.9122   2193.1941    3.1110    16910725842.7035
  1416.716    9.0812    4.7711    3.9196   2197.3340    3.1085    17113781910.3869
  1433.384    9.1223    4.7929    3.9304   2203.5850    3.1064    17317151511.2922
  1450.052    9.1602    4.8136    3.9396   2209.1279    3.1045    17520900388.3286
  1466.721    9.1999    4.8357    3.9493   2215.0168    3.1030    17725017119.6605
  1483.389    9.2413    4.8582    3.9605   2221.1924    3.1017    17929570933.9809
  1500.057    9.2804    4.8802    3.9707   2227.2462    3.1008    18134592434.3656
  1516.725    9.3198    4.9023    3.9819   2233.5060    3.1001    18340102228.1010
  1533.394    9.3550    4.9216    3.9927   2237.2617    3.0998    18546139605.7572
  1550.062    9.3669    4.9255    3.9970   2239.0290    3.0999    18752547879.2956
  1550.062    5.0895    0.0000    4.0320         nan    3.0999    18752547879.2956
  1568.420    5.1037    0.0000    4.0380         nan    3.0999    18982163697.6502
  1586.777    5.1179    0.0000    4.0439         nan    3.1005    19212122799.3942
  1605.135    5.1321    0.0000    4.0499         nan    3.1017    19442465685.1930
  1623.492    5.1460    0.0000    4.0557         nan    3.1035    19673230643.3938
  1641.850    5.1595    0.0000    4.0614         nan    3.1059    19904454624.9874
  1660.208    5.1730    0.0000    4.0670         nan    3.1089    20136181150.8168
  1678.565    5.1865    0.0000    4.0727         nan    3.1127    20368458990.6767
  1696.923    5.1994    0.0000    4.0781         nan    3.1171    20601332559.4752
  1715.281    5.2123    0.0000    4.0836         nan    3.1223    20834849663.0074
  1715.281    5.3145    0.0000    6.4424         nan    3.1223    20834849663.0074
  1773.012    5.3775    0.0000    6.4825         nan    3.0251    21999745054.1541
  1830.744    5.4373    0.0000    6.5207         nan    2.9267    23135205401.7998
  1888.476    5.4941    0.0000    6.5570         nan    2.8272    24240033047.9308
  1946.208    5.5479    0.0000    6.5915         nan    2.7267    25313090050.4113
  2003.939    5.5990    0.0000    6.6244         nan    2.6252    26353295549.1032
  2061.671    5.6474    0.0000    6.6556         nan    2.5227    27359623522.9611
  2119.403    5.6931    0.0000    6.6851         nan    2.4194    28331100888.7444
  2177.134    5.7364    0.0000    6.7131         nan    2.3152    29266805906.7323
  2234.866    5.7773    0.0000    6.7396         nan    2.2103    30165866871.7351
  2292.598    5.8158    0.0000    6.7646         nan    2.1046    31027461079.3657
  2350.329    5.8520    0.0000    6.7882         nan    1.9983    31850814076.0136
  2408.061    5.8860    0.0000    6.8103         nan    1.8913    32635199219.0913
  2465.793    5.9178    0.0000    6.8310         nan    1.7838    33379937597.4961
  2523.525    5.9475    0.0000    6.8504         nan    1.6757    34084398406.9168
  2581.256    5.9751    0.0000    6.8684         nan    1.5673    34747999932.7265
  2638.988    6.0006    0.0000    6.8851         nan    1.4584    35370211393.3995
  2696.720    6.0241    0.0000    6.9005         nan    1.3492    35950556070.7456
  2754.451    6.0456    0.0000    6.9146         nan    1.2399    36488616449.2104
  2812.183    6.0652    0.0000    6.9274         nan    1.1306    36984042646.9608
  2869.915    6.0828    0.0000    6.9390         nan    1.0214    37436566503.6927
  2927.646    6.0986    0.0000    6.9493         nan    0.9126    37846025898.8294
  2985.378    6.1124    0.0000    6.9584         nan    0.8049    38212408719.9708
  3043.110    6.1243    0.0000    6.9663         nan    0.6991    38535937368.5080
  3100.842    6.1344    0.0000    6.9729         nan    0.5973    38817244624.8768
  3158.573    6.1427    0.0000    6.9783         nan    0.5040    39057780207.8587
  3216.305    6.1491    0.0000    6.9825         nan    0.4329    39260896286.9360
  3274.037    6.1536    0.0000    6.9855         nan    0.4385    39435424340.4588
  3331.768    6.1564    0.0000    6.9873         nan    0.9646    39612285561.0716
  3389.500    6.1573    0.0000    6.9879         nan    0.0000    40001428141.8524
