# Depth[km]  Vp[km/s]  Vs[km/s] Rho[g/cm3]    T[K]     g[m/s2]         P[Pa]        
     0.000    3.5907    2.1733    1.6476    273.1500    3.7291              0.0000
    11.559    3.5907    2.1733    1.6476    317.5284    3.7386       71017997.9719
    11.559    4.5162    2.7335    2.0722    317.5284    3.7386       71017997.9719
    30.126    4.5162    2.7335    2.0722    388.8168    3.7476      214856183.3782
    30.126    5.8081    3.5155    2.6650    388.8168    3.7476      214856183.3782
    45.494    5.8081    3.5155    2.6650    447.8274    3.7476      368351506.2864
    45.494    7.9620    4.5372    3.5041    447.8274    3.7476      368351506.2864
    55.429    7.9551    4.5281    3.5040    485.9735    3.7407      498814114.8426
    65.364    7.9481    4.5190    3.5039    524.1196    3.7338      629032793.7326
    75.299    7.9403    4.5093    3.5037    562.2657    3.7270      759006716.3425
    85.234    7.9325    4.4998    3.5035    600.4118    3.7201      888734983.1533
    95.169    7.9240    4.4900    3.5032    638.5579    3.7133     1018214314.7290
   105.104    7.9160    4.4805    3.5029    676.7040    3.7065     1147445087.6504
   115.038    7.9078    4.4709    3.5026    714.8501    3.6998     1276429566.0870
   124.973    7.8996    4.4613    3.5023    752.9962    3.6931     1405168036.0952
   134.908    7.8907    4.4516    3.5018    791.1423    3.6864     1533658005.9852
   144.843    7.8823    4.4420    3.5014    829.2884    3.6797     1661898908.6900
   154.778    7.8733    4.4322    3.5009    867.4345    3.6731     1789892203.5048
   164.713    7.8642    4.4225    3.5003    905.5806    3.6665     1917635434.7806
   174.648    7.8558    4.4130    3.4999    943.7267    3.6599     2045130762.8507
   184.582    7.8467    4.4033    3.4993    981.8728    3.6534     2172379183.4735
   194.517    7.8377    4.3937    3.4987   1020.0189    3.6469     2299379243.1654
   204.452    7.8284    4.3839    3.4980   1058.1650    3.6405     2426130757.9785
   214.387    7.8192    4.3742    3.4974   1096.3111    3.6340     2552633796.0576
   224.322    7.8100    4.3646    3.4967   1134.4572    3.6277     2678890245.6582
   234.257    7.8007    4.3549    3.4960   1172.6033    3.6213     2804900923.7248
   244.192    7.7919    4.3454    3.4954   1210.7494    3.6150     2930668158.5512
   254.126    7.7824    4.3356    3.4946   1248.8955    3.6087     3056190878.3246
   264.061    7.7734    4.3260    3.4940   1287.0416    3.6025     3181469435.7465
   273.996    7.7647    4.3167    3.4932   1325.1877    3.5963     3306506331.0036
   283.931    7.7562    4.3075    3.4925   1363.3338    3.5902     3431301631.8272
   293.866    7.7466    4.2977    3.4915   1401.4799    3.5841     3555853641.3233
   303.801    7.7380    4.2884    3.4908   1439.6260    3.5780     3680164289.2056
   313.736    7.7293    4.2791    3.4900   1477.7721    3.5720     3804237650.4809
   323.670    7.7205    4.2697    3.4892   1515.9182    3.5660     3928074041.3916
   333.605    7.7117    4.2603    3.4884   1554.0643    3.5600     4051674700.7604
   343.540    7.7020    4.2506    3.4875   1592.2104    3.5541     4175038515.9261
   353.475    7.6934    4.2413    3.4867   1630.3565    3.5483     4298167659.8906
   363.410    7.6842    4.2318    3.4859   1668.5026    3.5425     4421065501.9704
   373.345    7.6748    4.2222    3.4850   1706.6487    3.5367     4543731660.8169
   383.280    7.6656    4.2126    3.4841   1744.7948    3.5310     4666166936.8012
   393.214    7.6560    4.2029    3.4832   1782.9409    3.5253     4788372962.2471
   403.149    7.6467    4.1933    3.4823   1821.0870    3.5197     4910351890.0019
   413.084    7.6374    4.1837    3.4814   1859.2331    3.5141     5032105212.8177
   423.019    7.6280    4.1741    3.4805   1897.3792    3.5086     5153634155.5428
   432.954    7.6188    4.1645    3.4797   1935.5253    3.5031     5274942750.7291
   442.889    7.6088    4.1545    3.4787   1973.6714    3.4977     5396030595.5962
   465.744    7.6394    4.1636    3.4872   1978.3195    3.4853     5674466863.5420
   488.600    7.6691    4.1724    3.4956   1982.8290    3.4730     5952589512.8059
   511.455    7.6979    4.1809    3.5038   1987.2680    3.4608     6230386924.2790
   534.311    7.7263    4.1893    3.5120   1991.6726    3.4486     6507854646.9071
   557.167    7.7533    4.1972    3.5199   1995.8490    3.4365     6784983126.9060
   580.022    7.7806    4.2053    3.5279   1999.9638    3.4246     7061765126.8229
   602.878    7.8070    4.2131    3.5358   2004.0355    3.4127     7338203079.3360
   625.733    7.8332    4.2208    3.5435   2008.1003    3.4010     7614295306.1370
   648.589    7.8588    4.2283    3.5512   2011.9005    3.3894     7890036984.3441
   671.444    7.8844    4.2360    3.5588   2015.7432    3.3779     8165429611.9481
   694.300    7.9098    4.2436    3.5665   2019.5066    3.3666     8440479748.3033
   717.156    7.9345    4.2509    3.5740   2023.1350    3.3554     8715189309.1280
   740.011    7.9599    4.2586    3.5817   2026.8369    3.3443     8989568933.0735
   762.867    7.9841    4.2658    3.5891   2030.2911    3.3334     9263622923.4584
   785.722    8.0087    4.2732    3.5966   2033.8057    3.3227     9537355739.9864
   808.578    8.0335    4.2809    3.6042   2037.2142    3.3122     9810783950.6465
   831.433    8.0584    4.2885    3.6119   2040.6122    3.3019    10083922845.7500
   854.289    8.0835    4.2965    3.6196   2043.9438    3.2918    10356790796.5922
   877.144    8.1089    4.3047    3.6275   2047.2748    3.2818    10629407539.2714
   900.000    8.1344    4.3130    3.6353   2050.4329    3.2721    10901791193.2843
   916.520    8.1529    4.3191    3.6412   2052.7151    3.2652    11098462671.2050
   933.041    8.1743    4.3270    3.6477   2055.0522    3.2585    11295054679.7538
   949.561    8.1924    4.3329    3.6535   2057.3460    3.2518    11491569585.2708
   966.081    8.2113    4.3393    3.6595   2059.6579    3.2453    11687998673.0941
   982.601    8.2329    4.3474    3.6664   2061.9187    3.2389    11884378174.8498
   999.122    8.2561    4.3564    3.6737   2064.2423    3.2326    12080750588.7357
  1015.642    8.2805    4.3662    3.6815   2066.6777    3.2264    12277145511.5843
  1032.162    8.3061    4.3768    3.6897   2069.1686    3.2204    12473592962.5261
  1048.683    8.3230    4.3822    3.6953   2071.2289    3.2145    12670039465.5519
  1065.203    8.3395    4.3874    3.7008   2073.2931    3.2087    12866419545.0457
  1081.723    8.3558    4.3926    3.7063   2075.3617    3.2032    13062741476.4554
  1098.243    8.3722    4.3979    3.7119   2077.4278    3.1978    13259015753.2850
  1114.764    8.4393    4.4370    3.7309   2084.3656    3.1924    13455607166.0437
  1131.284    8.5902    4.5323    3.7714   2098.8603    3.1870    13653442066.3189
  1147.804    8.7679    4.6454    3.8178   2118.6881    3.1811    13853227193.9772
  1164.325    8.8619    4.7030    3.8425   2122.4560    3.1751    14054515287.9213
  1180.845    8.8778    4.7087    3.8475   2124.4682    3.1691    14256198207.8613
  1197.365    8.8936    4.7129    3.8537   2127.1635    3.1633    14457794153.2975
  1213.886    8.9090    4.7174    3.8593   2129.5458    3.1576    14659329481.8838
  1230.406    8.9238    4.7219    3.8646   2131.8925    3.1522    14860790998.9209
  1246.926    8.9387    4.7264    3.8701   2134.2603    3.1470    15062187259.8758
  1263.446    8.9535    4.7310    3.8755   2136.5831    3.1420    15263532021.3816
  1279.967    8.9678    4.7354    3.8806   2138.9176    3.1373    15464831432.5612
  1296.487    8.9819    4.7398    3.8857   2141.2285    3.1328    15666092096.3735
  1313.007    8.9959    4.7442    3.8907   2143.5303    3.1285    15867325287.0453
  1329.528    9.0100    4.7488    3.8959   2145.8226    3.1245    16068547358.1386
  1346.048    9.0233    4.7533    3.9004   2147.9539    3.1208    16269762698.3370
  1362.568    9.0373    4.7577    3.9055   2150.2148    3.1174    16470986032.2436
  1379.088    9.0498    4.7621    3.9097   2152.2815    3.1142    16672226750.8643
  1395.609    9.0777    4.7753    3.9172   2155.9416    3.1114    16873565874.6297
  1412.129    9.1179    4.7965    3.9276   2162.3262    3.1088    17075178752.2333
  1428.649    9.1571    4.8178    3.9371   2167.8437    3.1064    17277135859.9573
  1445.170    9.1957    4.8392    3.9466   2173.2990    3.1044    17479430325.6114
  1461.690    9.2347    4.8610    3.9564   2178.7763    3.1026    17682083855.3428
  1478.210    9.2734    4.8819    3.9671   2185.0131    3.1011    17885144331.2505
  1494.730    9.3134    4.9046    3.9776   2191.1511    3.0999    18088649784.6218
  1511.251    9.3534    4.9276    3.9883   2197.7415    3.0989    18292619146.9472
  1527.771    9.3746    4.9380    3.9948   2200.2698    3.0984    18496967941.6730
  1544.291    9.3868    4.9423    3.9990   2202.2357    3.0982    18701554369.8239
  1544.291    4.9186    0.0000    4.0139         nan    3.0982    18701554369.8239
  1561.235    4.9345    0.0000    4.0197         nan    3.0983    18912412329.5274
  1578.178    4.9504    0.0000    4.0256         nan    3.0989    19123582728.1807
  1595.121    4.9663    0.0000    4.0314         nan    3.0999    19335096622.9704
  1612.064    4.9820    0.0000    4.0372         nan    3.1014    19546984631.1542
  1629.007    4.9970    0.0000    4.0428         nan    3.1034    19759273139.8965
  1645.950    5.0121    0.0000    4.0483         nan    3.1059    19971992093.7300
  1662.894    5.0272    0.0000    4.0539         nan    3.1091    20185178935.3294
  1679.837    5.0419    0.0000    4.0593         nan    3.1128    20398869259.9943
  1696.780    5.0562    0.0000    4.0646         nan    3.1171    20613096795.5162
  1696.780    5.3722    0.0000    6.3612         nan    3.1171    20613096795.5162
  1755.150    5.4276    0.0000    6.4003         nan    3.0201    21774035426.9648
  1813.519    5.4803    0.0000    6.4377         nan    2.9219    22905582243.3149
  1871.889    5.5304    0.0000    6.4734         nan    2.8226    24006575516.7309
  1930.258    5.5781    0.0000    6.5074         nan    2.7223    25075906665.6223
  1988.628    5.6233    0.0000    6.5398         nan    2.6210    26112518577.9904
  2046.998    5.6662    0.0000    6.5707         nan    2.5188    27115404200.7904
  2105.367    5.7069    0.0000    6.6000         nan    2.4158    28083605370.7494
  2163.737    5.7454    0.0000    6.6278         nan    2.3119    29016211875.1298
  2222.107    5.7818    0.0000    6.6541         nan    2.2072    29912360733.0839
  2280.476    5.8161    0.0000    6.6790         nan    2.1018    30771235709.4090
  2338.846    5.8484    0.0000    6.7025         nan    1.9957    31592067083.2116
  2397.216    5.8788    0.0000    6.7246         nan    1.8891    32374131712.9753
  2455.585    5.9072    0.0000    6.7453         nan    1.7818    33116753474.2994
  2513.955    5.9338    0.0000    6.7647         nan    1.6741    33819304188.7950
  2572.325    5.9585    0.0000    6.7828         nan    1.5659    34481205236.8396
  2630.694    5.9813    0.0000    6.7995         nan    1.4574    35101930167.4985
  2689.064    6.0024    0.0000    6.8150         nan    1.3486    35681008823.4884
  2747.434    6.0217    0.0000    6.8291         nan    1.2397    36218033862.5957
  2805.803    6.0392    0.0000    6.8420         nan    1.1308    36712671231.6898
  2864.173    6.0551    0.0000    6.8537         nan    1.0222    37164677455.2707
  2922.543    6.0692    0.0000    6.8640         nan    0.9143    37573929279.3254
  2980.912    6.0816    0.0000    6.8732         nan    0.8076    37940477073.1877
  3039.282    6.0923    0.0000    6.8811         nan    0.7033    38264647270.8265
  3097.652    6.1014    0.0000    6.8878         nan    0.6038    38547255364.5583
  3156.021    6.1088    0.0000    6.8933         nan    0.5147    38790098091.7988
  3214.391    6.1146    0.0000    6.8975         nan    0.4525    38997267352.4193
  3272.761    6.1187    0.0000    6.9005         nan    0.4833    39179479430.7330
  3331.130    6.1211    0.0000    6.9023         nan    1.1449    39374178944.7672
  3389.500    6.1219    0.0000    6.9030         nan    0.0000    39835482945.1860
