# Depth[km]  Vp[km/s]  Vs[km/s] Rho[g/cm3]    T[K]     g[m/s2]         P[Pa]        
     0.000    3.5054    2.0786    1.6466    273.1500    3.7291              0.0000
    10.574    3.5054    2.0786    1.6466    313.4409    3.7378       64929299.8428
    10.574    5.0845    3.0150    2.3884    313.4409    3.7378       64929299.8428
    27.980    5.0845    3.0150    2.3884    379.7691    3.7416      220319273.3321
    27.980    6.5397    3.8779    3.0720    379.7691    3.7416      220319273.3321
    42.817    6.5397    3.8779    3.0720    436.3082    3.7364      390857357.2879
    42.817    7.8410    4.4851    3.4768    436.3082    3.7364      390857357.2879
    52.685    7.8365    4.4782    3.4771    473.9123    3.7297      519057040.7167
    62.553    7.8317    4.4711    3.4774    511.5165    3.7230      647036857.9240
    72.421    7.8265    4.4638    3.4776    549.1206    3.7163      774794931.1636
    82.289    7.8210    4.4562    3.4777    586.7247    3.7096      902328960.2300
    92.157    7.8152    4.4485    3.4778    624.3288    3.7030     1029638003.7970
   102.025    7.8086    4.4404    3.4776    661.9329    3.6964     1156718268.2787
   111.893    7.8026    4.4326    3.4776    699.5370    3.6898     1283568350.2361
   121.761    7.7965    4.4247    3.4775    737.1411    3.6833     1410191154.3769
   131.629    7.7902    4.4168    3.4774    774.7452    3.6768     1536586509.9484
   141.497    7.7830    4.4084    3.4771    812.3494    3.6703     1662749895.1575
   151.366    7.7768    4.4005    3.4769    849.9535    3.6638     1788681572.8061
   161.234    7.7696    4.3920    3.4765    887.5576    3.6574     1914381767.1828
   171.102    7.7631    4.3840    3.4763    925.1617    3.6510     2039848837.0523
   180.970    7.7559    4.3756    3.4758    962.7658    3.6446     2165083577.3534
   190.838    7.7492    4.3674    3.4754   1000.3699    3.6383     2290084358.0473
   200.706    7.7417    4.3589    3.4748   1037.9740    3.6320     2414849262.8334
   210.574    7.7350    4.3507    3.4743   1075.5781    3.6257     2539379611.6751
   220.442    7.7285    4.3426    3.4739   1113.1823    3.6195     2663678764.6266
   230.310    7.7213    4.3341    3.4733   1150.7864    3.6133     2787745805.1865
   240.178    7.7138    4.3256    3.4728   1188.3905    3.6071     2911581360.5443
   250.046    7.7068    4.3173    3.4722   1225.9946    3.6010     3035186871.9648
   259.914    7.6998    4.3090    3.4717   1263.5987    3.5949     3158562689.7907
   269.782    7.6920    4.3004    3.4709   1301.2028    3.5889     3281707108.2008
   279.650    7.6836    4.2915    3.4702   1338.8069    3.5829     3404619082.2730
   289.518    7.6753    4.2826    3.4697   1376.4110    3.5769     3527303501.5756
   299.386    7.6666    4.2736    3.4690   1414.0152    3.5710     3649762788.0709
   309.254    7.6582    4.2647    3.4685   1451.6193    3.5651     3771997764.6935
   319.122    7.6499    4.2557    3.4679   1489.2234    3.5593     3894011456.1606
   328.991    7.6408    4.2466    3.4672   1526.8275    3.5535     4015802942.8556
   338.859    7.6310    4.2370    3.4664   1564.4316    3.5477     4137370256.7807
   348.727    7.6120    4.2240    3.4640   1602.0357    3.5420     4258685224.4215
   358.595    7.6132    4.2187    3.4651   1639.6398    3.5363     4379781469.5236
   368.463    7.6042    4.2095    3.4644   1677.2439    3.5307     4500689443.4892
   378.331    7.5877    4.1974    3.4625   1714.8481    3.5251     4621359802.2491
   388.199    7.5797    4.1886    3.4620   1752.4522    3.5196     4741797710.4586
   398.067    7.5759    4.1813    3.4621   1790.0563    3.5141     4862040074.7721
   407.935    7.5670    4.1721    3.4615   1827.6604    3.5087     4982086239.2004
   417.803    7.5546    4.1615    3.4602   1865.2645    3.5033     5101913638.8369
   427.671    7.5461    4.1524    3.4597   1902.8686    3.4979     5221525467.9533
   437.539    7.5392    4.1439    3.4593   1940.4727    3.4926     5340937671.0976
   460.662    7.5665    4.1508    3.4672   1944.5684    3.4803     5620625696.5568
   483.785    7.5950    4.1583    3.4752   1948.6917    3.4680     5899965864.0836
   506.908    7.6232    4.1656    3.4831   1952.7838    3.4559     6178961416.9193
   530.031    7.6637    4.1779    3.4929   1958.1561    3.4438     6457686910.7993
   553.154    7.6938    4.1862    3.5010   1962.4738    3.4318     6736154104.4393
   576.277    7.7218    4.1936    3.5089   1966.5358    3.4199     7014288000.6482
   599.400    7.7495    4.2011    3.5167   1970.5173    3.4082     7292077685.5991
   622.523    7.7770    4.2085    3.5244   1974.4296    3.3965     7569522030.7386
   645.647    7.8048    4.2161    3.5322   1978.4235    3.3850     7846625420.8902
   668.770    7.8312    4.2231    3.5397   1982.2014    3.3736     8123387427.5420
   691.893    7.8570    4.2300    3.5471   1985.8974    3.3624     8399802594.1300
   715.016    7.8824    4.2366    3.5545   1989.5585    3.3513     8675873328.0336
   738.139    7.9083    4.2438    3.5618   1993.0877    3.3404     8951602981.5982
   761.262    7.9333    4.2504    3.5690   1996.6112    3.3297     9226997339.0634
   784.385    7.9584    4.2571    3.5763   2000.1083    3.3192     9502065336.0070
   807.508    7.9826    4.2635    3.5833   2003.4579    3.3088     9776811208.6040
   830.631    8.0075    4.2704    3.5905   2006.8346    3.2987    10051244776.2757
   853.754    8.0315    4.2768    3.5974   2010.0543    3.2888    10325377453.3399
   876.877    8.0558    4.2833    3.6046   2013.3854    3.2791    10599224085.8994
   900.000    8.0803    4.2902    3.6116   2016.5905    3.2697    10872803857.8354
   916.636    8.0985    4.2954    3.6170   2019.0537    3.2631    11069406249.2623
   933.273    8.1159    4.3002    3.6220   2021.2704    3.2566    11265891427.9812
   949.909    8.1331    4.3050    3.6271   2023.4913    3.2502    11462260830.5573
   966.545    8.1505    4.3101    3.6322   2025.6409    3.2440    11658521716.9859
   983.181    8.1683    4.3152    3.6375   2027.8876    3.2380    11854687270.0849
   999.818    8.1870    4.3209    3.6430   2030.1923    3.2321    12050777828.9578
  1016.454    8.2025    4.3248    3.6476   2032.3486    3.2263    12246783403.6324
  1033.090    8.2205    4.3302    3.6530   2034.3954    3.2207    12442709114.7933
  1049.727    8.2362    4.3343    3.6577   2036.4749    3.2153    12638565497.9067
  1066.363    8.2521    4.3385    3.6624   2038.5273    3.2101    12834345163.8864
  1082.999    8.3298    4.3852    3.6832   2047.0643    3.2050    13030488468.3900
  1099.635    8.4476    4.4591    3.7144   2057.5389    3.1997    13227702133.5510
  1116.272    8.5811    4.5437    3.7492   2071.0253    3.1943    13426350054.4322
  1132.908    8.6059    4.5542    3.7563   2075.1673    3.1888    13625773701.1869
  1149.544    8.6219    4.5582    3.7612   2077.7343    3.1835    13825173573.3047
  1166.181    8.6372    4.5622    3.7660   2079.9967    3.1784    14024499662.9887
  1182.817    8.6527    4.5663    3.7707   2082.1721    3.1735    14223758164.3793
  1199.453    8.6683    4.5704    3.7755   2084.3345    3.1689    14422963469.5423
  1216.090    8.6838    4.5746    3.7804   2086.4845    3.1645    14622131551.1012
  1232.726    8.7004    4.5801    3.7851   2090.4288    3.1603    14821273918.6160
  1249.362    8.7601    4.6316    3.7916   2093.2068    3.1563    15020448193.0859
  1265.998    8.7998    4.6617    3.7977   2097.7430    3.1526    15219702646.0011
  1282.635    8.8067    4.6581    3.8017   2106.0253    3.1492    15418988723.0434
  1299.271    8.8610    4.6924    3.8119   2111.2835    3.1460    15618429996.2384
  1315.907    8.9008    4.7115    3.8216   2116.5062    3.1430    15818187211.3169
  1332.544    8.9387    4.7292    3.8313   2121.8132    3.1402    16018260875.2742
  1349.180    8.9781    4.7479    3.8417   2127.0785    3.1376    16218683764.7304
  1365.816    9.0172    4.7662    3.8525   2132.5379    3.1353    16419497363.0642
  1382.452    9.0526    4.7833    3.8620   2137.8444    3.1332    16620691687.2508
  1399.089    9.0767    4.7907    3.8711   2140.2898    3.1314    16822238039.6475
  1415.725    9.0929    4.7942    3.8778   2142.3410    3.1299    17024077906.9645
  1432.361    9.1094    4.7977    3.8845   2144.3799    3.1287    17226168877.8156
  1448.998    9.1264    4.8009    3.8921   2146.3547    3.1279    17428558039.1530
  1465.634    9.1447    4.8043    3.9006   2148.3997    3.1274    17631310449.1545
  1482.270    9.2046    4.8318    3.9275   2158.8027    3.1271    17834950880.0792
  1498.906    9.2373    4.8479    3.9395   2164.4486    3.1270    18039583617.5720
  1515.543    9.2635    4.8606    3.9485   2169.9093    3.1272    18244754847.1392
  1532.179    9.2897    4.8739    3.9573   2175.2781    3.1279    18450406791.1017
  1548.815    9.3133    4.8853    3.9654   2180.7195    3.1289    18656541283.6196
  1548.815    5.0755    0.0000    4.0109         nan    3.1289    18656541283.6196
  1566.571    5.0885    0.0000    4.0166         nan    3.1298    18879530669.8957
  1584.327    5.1015    0.0000    4.0224         nan    3.1312    19102902597.8305
  1602.083    5.1146    0.0000    4.0281         nan    3.1332    19326695195.8630
  1619.839    5.1273    0.0000    4.0338         nan    3.1357    19550945361.0734
  1637.595    5.1397    0.0000    4.0392         nan    3.1389    19775687833.8861
  1655.351    5.1521    0.0000    4.0447         nan    3.1427    20000962502.0038
  1673.107    5.1646    0.0000    4.0502         nan    3.1471    20226815523.6466
  1690.862    5.1765    0.0000    4.0555         nan    3.1523    20453289351.7104
  1708.618    5.1883    0.0000    4.0607         nan    3.1582    20680427806.5345
  1708.618    5.2025    0.0000    6.4785         nan    3.1582    20680427806.5345
  1766.580    5.2704    0.0000    6.5212         nan    3.0604    21870240548.7844
  1824.541    5.3348    0.0000    6.5618         nan    2.9613    23030597567.2197
  1882.503    5.3958    0.0000    6.6004         nan    2.8611    24160195446.0084
  1940.464    5.4536    0.0000    6.6370         nan    2.7598    25257798897.3101
  1998.426    5.5083    0.0000    6.6717         nan    2.6574    26322237291.3098
  2056.387    5.5601    0.0000    6.7047         nan    2.5540    27352401722.8289
  2114.348    5.6090    0.0000    6.7359         nan    2.4497    28347242538.3359
  2172.310    5.6553    0.0000    6.7654         nan    2.3445    29305767271.9429
  2230.271    5.6989    0.0000    6.7933         nan    2.2385    30227038952.5940
  2288.233    5.7399    0.0000    6.8196         nan    2.1318    31110174768.0647
  2346.194    5.7785    0.0000    6.8444         nan    2.0243    31954345093.0306
  2404.156    5.8147    0.0000    6.8677         nan    1.9162    32758772901.4991
  2462.117    5.8486    0.0000    6.8894         nan    1.8075    33522733627.1099
  2520.078    5.8802    0.0000    6.9098         nan    1.6982    34245555584.5984
  2578.040    5.9095    0.0000    6.9287         nan    1.5885    34926621132.7565
  2636.001    5.9366    0.0000    6.9462         nan    1.4784    35565368886.5273
  2693.963    5.9616    0.0000    6.9623         nan    1.3681    36161297490.2035
  2751.924    5.9845    0.0000    6.9771         nan    1.2576    36713971829.4197
  2809.886    6.0052    0.0000    6.9905         nan    1.1471    37223033235.6941
  2867.847    6.0239    0.0000    7.0026         nan    1.0368    37688216544.5722
  2925.809    6.0406    0.0000    7.0134         nan    0.9272    38109379551.4030
  2983.770    6.0553    0.0000    7.0229         nan    0.8188    38486556276.4308
  3041.731    6.0680    0.0000    7.0312         nan    0.7128    38820059345.1025
  3099.693    6.0787    0.0000    7.0381         nan    0.6115    39110693059.0928
  3157.654    6.0874    0.0000    7.0438         nan    0.5205    39360245972.6220
  3215.616    6.0942    0.0000    7.0482         nan    0.4559    39572806075.6775
  3273.577    6.0990    0.0000    7.0513         nan    0.4832    39759094441.5691
  3331.539    6.1019    0.0000    7.0532         nan    1.1327    39956590045.6099
  3389.500    6.1029    0.0000    7.0538         nan    0.0000    40419671551.2523
