# Depth[km]  Vp[km/s]  Vs[km/s] Rho[g/cm3]    T[K]     g[m/s2]         P[Pa]        
     0.000    3.4604    2.0851    1.5858    273.1500    3.7291              0.0000
    10.879    3.4604    2.0851    1.5858    318.8114    3.7386       64336422.8260
    10.879    4.5519    2.7429    2.0861    318.8114    3.7386       64336422.8260
    27.948    4.5519    2.7429    2.0861    390.4594    3.7467      197459342.6990
    27.948    6.5146    3.9255    2.9855    390.4594    3.7467      197459342.6990
    43.341    6.5146    3.9255    2.9855    455.0714    3.7425      369641740.0981
    43.341    7.9556    4.5340    3.5026    455.0714    3.7425      369641740.0981
    52.912    7.9471    4.5240    3.5022    495.2435    3.7358      495087357.9076
    62.482    7.9382    4.5138    3.5017    535.4156    3.7291      620293343.8982
    72.052    7.9290    4.5034    3.5012    575.5876    3.7225      745258070.7695
    81.623    7.9190    4.4928    3.5005    615.7597    3.7159      869978486.6842
    91.193    7.9094    4.4823    3.4999    655.9317    3.7093      994454758.3610
   100.764    7.8996    4.4719    3.4993    696.1038    3.7027     1118688816.4487
   110.334    7.8893    4.4612    3.4985    736.2759    3.6962     1242678510.7502
   119.904    7.8794    4.4508    3.4978    776.4479    3.6897     1366424129.5166
   129.475    7.8687    4.4401    3.4969    816.6200    3.6833     1489924512.2194
   139.045    7.8589    4.4298    3.4963    856.7920    3.6768     1613180893.1026
   148.616    7.8479    4.4190    3.4953    896.9641    3.6705     1736193213.6777
   158.186    7.8373    4.4084    3.4944    937.1361    3.6641     1858958336.9960
   167.756    7.8265    4.3979    3.4934    977.3082    3.6578     1981477977.3177
   177.327    7.8157    4.3873    3.4924   1017.4803    3.6515     2103751876.0865
   186.897    7.8049    4.3767    3.4914   1057.6523    3.6452     2225780517.2874
   196.468    7.7933    4.3659    3.4902   1097.8244    3.6390     2347562403.1246
   206.038    7.7823    4.3552    3.4892   1137.9964    3.6328     2469097829.6260
   215.609    7.7716    4.3448    3.4882   1178.1685    3.6267     2590391089.5390
   225.179    7.7599    4.3340    3.4869   1218.3406    3.6206     2711439938.4365
   234.749    7.7481    4.3230    3.4857   1258.5126    3.6145     2832241206.6796
   244.320    7.7376    4.3127    3.4846   1298.6847    3.6085     2952799606.5949
   253.890    7.7273    4.3026    3.4835   1338.8567    3.6025     3073118813.3517
   263.461    7.7160    4.2919    3.4823   1379.0288    3.5965     3193197731.4371
   273.031    7.7061    4.2819    3.4811   1419.2009    3.5906     3313037590.1349
   282.601    7.6947    4.2713    3.4798   1459.3729    3.5847     3432637534.0563
   292.172    7.6835    4.2608    3.4785   1499.5450    3.5789     3551997000.8252
   301.742    7.6727    4.2504    3.4772   1539.7170    3.5731     3671119128.4237
   311.313    7.6618    4.2400    3.4760   1579.8891    3.5674     3790005749.6949
   320.883    7.6502    4.2293    3.4746   1620.0612    3.5617     3908657095.7738
   330.453    7.6388    4.2187    3.4733   1660.2332    3.5560     4027073631.2269
   340.024    7.6279    4.2082    3.4720   1700.4053    3.5504     4145258060.4027
   349.594    7.6154    4.1971    3.4705   1740.5773    3.5449     4263209397.9682
   359.165    7.6045    4.1868    3.4693   1780.7494    3.5394     4380929024.0668
   368.735    7.5926    4.1759    3.4679   1820.9214    3.5339     4498419825.0358
   378.305    7.5812    4.1652    3.4665   1861.0935    3.5285     4615681862.4026
   387.876    7.5696    4.1545    3.4651   1901.2656    3.5231     4732717914.8184
   397.446    7.5577    4.1437    3.4636   1941.4376    3.5178     4849527839.8667
   407.017    7.5454    4.1327    3.4622   1981.6097    3.5125     4966111831.8170
   416.587    7.5333    4.1217    3.4607   2021.7817    3.5073     5082472034.8466
   426.158    7.5224    4.1113    3.4594   2061.9538    3.5021     5198612048.0865
   449.850    7.5570    4.1215    3.4687   2067.3521    3.4894     5486031838.9947
   473.542    7.5897    4.1312    3.4777   2072.5086    3.4767     5773166763.8043
   497.234    7.6214    4.1405    3.4866   2077.6386    3.4642     6059998277.5510
   520.926    7.6524    4.1497    3.4953   2082.5815    3.4517     6346516324.4161
   544.618    7.6821    4.1583    3.5039   2087.3989    3.4393     6632709434.9632
   568.310    7.7114    4.1670    3.5124   2092.1939    3.4270     6918571289.4396
   592.002    7.7396    4.1753    3.5207   2096.7151    3.4148     7204092998.6412
   615.695    7.7677    4.1836    3.5289   2101.1751    3.4028     7489267868.5609
   639.387    7.7950    4.1917    3.5370   2105.5247    3.3909     7774094458.3706
   663.079    7.8225    4.1999    3.5452   2109.8401    3.3791     8058574919.5961
   686.771    7.8492    4.2077    3.5532   2114.0662    3.3674     8342712846.8357
   710.463    7.8755    4.2154    3.5612   2118.2039    3.3559     8626510952.5893
   734.155    7.9018    4.2233    3.5692   2122.4064    3.3446     8909977588.6339
   757.847    7.9280    4.2312    3.5771   2126.2650    3.3334     9193117466.3112
   781.539    7.9538    4.2389    3.5850   2130.0841    3.3225     9475935166.7365
   805.232    7.9801    4.2469    3.5930   2134.0059    3.3117     9758447936.8959
   828.924    8.0057    4.2547    3.6009   2137.7535    3.3011    10040669589.3544
   852.616    8.0323    4.2632    3.6090   2141.4316    3.2908    10322617337.8718
   876.308    8.0585    4.2715    3.6171   2145.0110    3.2806    10604312263.5174
   900.000    8.0858    4.2804    3.6256   2148.7005    3.2707    10885781500.4962
   916.567    8.1047    4.2865    3.6314   2151.1668    3.2640    11082396061.4488
   933.134    8.1231    4.2925    3.6371   2153.6764    3.2573    11278916053.2645
   949.701    8.1444    4.3002    3.6437   2156.1197    3.2507    11475366502.7574
   966.268    8.1650    4.3075    3.6503   2158.5770    3.2443    11671775890.1423
   982.835    8.1862    4.3152    3.6569   2161.0649    3.2380    11868150818.1111
   999.402    8.2090    4.3239    3.6640   2163.4920    3.2319    12064512372.1965
  1015.969    8.2314    4.3324    3.6711   2165.9720    3.2258    12260880580.8056
  1032.536    8.2565    4.3426    3.6791   2168.5298    3.2199    12457285431.5262
  1049.103    8.2778    4.3505    3.6859   2170.9762    3.2141    12653725589.2014
  1065.670    8.2948    4.3560    3.6916   2173.1933    3.2085    12850147103.0078
  1082.237    8.3119    4.3616    3.6973   2175.5281    3.2030    13046527148.1056
  1098.804    8.3287    4.3670    3.7029   2177.7664    3.1977    13242872196.3706
  1115.371    8.3458    4.3727    3.7087   2179.9350    3.1926    13439195909.5805
  1131.938    8.3622    4.3780    3.7143   2182.1573    3.1877    13635506468.1978
  1148.505    8.4876    4.4561    3.7482   2194.9372    3.1828    13832555586.1172
  1165.072    8.6648    4.5688    3.7946   2214.2138    3.1776    14031417810.3214
  1181.639    8.8340    4.6767    3.8376   2226.3122    3.1720    14232308306.3943
  1198.206    8.8487    4.6811    3.8426   2228.8207    3.1664    14434107911.2834
  1214.773    8.8651    4.6858    3.8483   2231.1659    3.1610    14635831646.9059
  1231.340    8.8797    4.6902    3.8541   2234.0548    3.1558    14837510828.8691
  1247.907    8.8942    4.6948    3.8590   2236.4041    3.1508    15039136635.2304
  1264.474    8.9097    4.6995    3.8648   2239.0384    3.1460    15240725096.1862
  1281.041    8.9240    4.7039    3.8698   2241.4279    3.1415    15442289846.9201
  1297.608    8.9374    4.7085    3.8743   2243.7106    3.1372    15643810971.2341
  1314.175    8.9524    4.7131    3.8797   2246.1381    3.1332    15845315951.6413
  1330.743    8.9663    4.7176    3.8845   2248.4396    3.1295    16046826587.8495
  1347.310    8.9811    4.7223    3.8897   2250.7180    3.1260    16248354176.2101
  1363.877    8.9953    4.7266    3.8955   2253.7516    3.1228    16449945137.6447
  1380.444    9.0091    4.7312    3.9004   2256.1453    3.1199    16651608898.3926
  1397.011    9.0229    4.7358    3.9053   2258.4293    3.1173    16853338347.2773
  1413.578    9.0357    4.7401    3.9096   2260.6626    3.1151    17055138378.2253
  1430.145    9.0498    4.7448    3.9151   2263.2821    3.1131    17257045152.8582
  1446.712    9.0728    4.7552    3.9222   2265.8959    3.1115    17459150278.2646
  1463.279    9.1090    4.7736    3.9320   2270.5279    3.1103    17661588053.4856
  1479.846    9.1473    4.7938    3.9426   2274.8632    3.1093    17864467857.5743
  1496.413    9.1876    4.8151    3.9549   2279.5008    3.1086    18067871114.1787
  1512.980    9.2257    4.8354    3.9663   2284.0570    3.1082    18271839912.2962
  1529.547    9.2632    4.8556    3.9778   2288.3515    3.1081    18476375271.2330
  1546.114    9.3010    4.8762    3.9898   2292.5578    3.1084    18681512091.6551
  1546.114    5.0787    0.0000    4.0166         nan    3.1084    18681512091.6551
  1564.701    5.0901    0.0000    4.0227         nan    3.1087    18913752296.2527
  1583.288    5.1014    0.0000    4.0287         nan    3.1096    19146367023.3744
  1601.876    5.1128    0.0000    4.0347         nan    3.1111    19379398588.8766
  1620.463    5.1238    0.0000    4.0406         nan    3.1132    19612887180.1523
  1639.050    5.1347    0.0000    4.0464         nan    3.1160    19846872215.4200
  1657.637    5.1455    0.0000    4.0522         nan    3.1194    20081399822.8639
  1676.225    5.1563    0.0000    4.0579         nan    3.1236    20316520573.5672
  1694.812    5.1666    0.0000    4.0635         nan    3.1285    20552281642.2331
  1713.399    5.1770    0.0000    4.0690         nan    3.1342    20788734214.0770
  1713.399    5.1623    0.0000    6.4463         nan    3.1342    20788734214.0770
  1771.196    5.2359    0.0000    6.4889         nan    3.0372    21960292718.8722
  1828.992    5.3055    0.0000    6.5293         nan    2.9390    23102889406.4731
  1886.789    5.3713    0.0000    6.5676         nan    2.8396    24215225070.0003
  1944.586    5.4335    0.0000    6.6040         nan    2.7391    25296073559.5067
  2002.382    5.4923    0.0000    6.6384         nan    2.6376    26344277551.4504
  2060.179    5.5479    0.0000    6.6710         nan    2.5351    27358745035.9159
  2117.975    5.6004    0.0000    6.7018         nan    2.4317    28338446419.4668
  2175.772    5.6500    0.0000    6.7310         nan    2.3275    29282412181.2881
  2233.568    5.6966    0.0000    6.7585         nan    2.2225    30189731043.7005
  2291.365    5.7405    0.0000    6.7844         nan    2.1168    31059548653.2681
  2349.162    5.7818    0.0000    6.8087         nan    2.0104    31891066799.3859
  2406.958    5.8204    0.0000    6.8316         nan    1.9035    32683543235.8215
  2464.755    5.8565    0.0000    6.8529         nan    1.7960    33436292236.1115
  2522.551    5.8901    0.0000    6.8729         nan    1.6881    34148686098.3822
  2580.348    5.9214    0.0000    6.8914         nan    1.5799    34820157951.6087
  2638.144    5.9503    0.0000    6.9085         nan    1.4714    35450206442.2525
  2695.941    5.9769    0.0000    6.9243         nan    1.3629    36038403262.1913
  2753.738    6.0012    0.0000    6.9388         nan    1.2545    36584405158.1490
  2811.534    6.0232    0.0000    6.9519         nan    1.1465    37087973317.2626
  2869.331    6.0431    0.0000    6.9637         nan    1.0392    37549005457.5068
  2927.127    6.0609    0.0000    6.9743         nan    0.9335    37967590941.5028
  2984.924    6.0764    0.0000    6.9836         nan    0.8303    38344110148.8634
  3042.721    6.0899    0.0000    6.9916         nan    0.7318    38679425191.4258
  3100.517    6.1013    0.0000    6.9984         nan    0.6424    38975276534.3275
  3158.314    6.1105    0.0000    7.0039         nan    0.5724    39235199603.7180
  3216.110    6.1177    0.0000    7.0082         nan    0.5522    39466971819.4544
  3273.907    6.1229    0.0000    7.0113         nan    0.7044    39690675432.3358
  3331.703    6.1259    0.0000    7.0131         nan    2.0243    39976139707.8566
  3389.500    6.1270    0.0000    7.0137         nan    0.0000    40796698660.7568
